-1.459518318027362760e+00
3.227092325212705393e-01
4.046582201453691185e-01
1.525188764628140570e+00
-6.541955325393066234e-01
4.416611775566742226e-01
-7.476682273607820894e-01
2.177680172694157701e+00
-1.708346245439702926e+00
2.919256195834993295e-02
-2.097649890702184550e+00
1.060610080448989745e+00
3.580785685036245169e-01
-1.556623072805547459e-01
1.461728995279323040e-01
1.210986086462782774e-01
-1.126224100910118819e+00
-7.372641737400446038e-01
1.325916563447972818e+00
-9.218118263904893084e-01
-2.829606721094976018e-01
-1.479617280834581716e-01
-3.395318376421787576e-01
-7.690470984689687928e-01
1.804977180830150463e+00
-6.181335877215277108e-01
2.907239537362649173e-02
-1.276721173226734174e-01
-7.683420169957621004e-01
1.622590219773573539e+00
4.471336334775727339e-01
-1.924667455726158938e-01
4.988887406863686813e-01
-5.424078057499266414e-01
2.078627641387573277e+00
-7.860099053624586274e-01
7.674271899893754245e-01
-1.091754355694909417e+00
-2.218105097221022282e-02
-8.735258269426126043e-01
-5.829598440401073667e-01
-1.528447621521413780e-01
6.800196812059643436e-01
5.729413844182923432e-01
1.056035932128772004e+00
1.622503509324442206e-01
-1.020611222752534575e+00
-6.995302347408005605e-02
1.936740612780218251e+00
1.595217411678418573e+00
1.291655277573065197e+00
-8.133388364141111992e-01
3.747036598820790987e-01
-2.396465164941052883e-02
-2.719296947418629040e-01
-1.171680523967488563e+00
4.380144799730291694e-01
1.101255988666027807e+00
6.678628993174983153e-01
9.446856348001237969e-01
2.708109568646449805e+00
1.021455878730622935e+00
-1.778110801328951496e+00
5.332326434379499602e-01
1.884995320915199057e+00
7.385724325704010607e-01
-1.160255508749166165e+00
-1.426747344057495148e+00
-1.337288435834348699e-01
8.465260982352798558e-02
2.691306708648169010e-01
-6.336654088916633398e-01
2.657027656978897756e+00
-6.752879749773383899e-01
1.378761251185772752e-04
-1.003946291497120891e+00
-1.031226411762540263e+00
1.123445169407129463e+00
-1.125269964660258193e+00
-3.192197137270118279e-02
-4.292844236323377638e-01
-1.022224811144768930e+00
-7.968542572101915411e-01
-8.260970578324897673e-01
1.405129749174254039e+00
-1.230120071199035520e-01
-7.139664265953792333e-01
6.249047335189496233e-02
-1.504274320331693282e+00
-1.427077586445932578e-01
-6.411540174520555802e-01
3.543498257439706700e-01
1.355549893732916233e+00
-3.767346291072254383e-01
-4.279566635892092519e-01
9.274433627108286116e-02
-5.161186158217774267e-01
-1.406208171351618907e-01
-8.657759573384005147e-02
1.483523914711228020e+00
-2.376738931253793985e-01
9.446393409234398186e-01
6.856757988330278719e-01
-3.509003117568436192e+00
-5.621395935513525677e-01
-1.048970337162522082e+00
-5.829130979431292880e-01
1.000279553094811202e+00
7.530260745882951801e-01
1.959945236342545583e+00
7.329797837398992211e-02
-4.954818607985819190e-01
7.751965716523039340e-01
-8.005493401133696452e-01
1.264759631210624902e-01
1.120759857991856734e+00
1.320227445047619907e+00
4.886143764812221901e-01
-7.835054323634562667e-01
-5.155045478378645907e-01
3.050946035040937865e-01
4.100258137977860762e-02
1.265861645330380592e-01
-2.464103204948226711e-01
6.265761677345262903e-01
-8.578676109702942920e-02
8.794622116942678591e-01
-1.258883123526580716e+00
-1.063838519606347538e-01
1.743750616589665015e+00
-2.214443826038703378e-01
-1.049001897495745572e+00
-1.474988462660636435e+00
3.121408597052647838e-01
-6.207256886503625948e-01
-4.197957599680304241e-01
-6.827449197288101290e-01
-2.052651168881541588e-01
3.889609921142550553e-01
1.493681957568051777e+00
2.835031595237941238e-01
3.888412102007887672e-02
-2.426539045110123749e-01
-5.292015161633359943e-01
-1.873543101570703140e+00
-6.752539908673166336e-01
6.877842098966875373e-01
-5.708940463156677581e-01
-6.750721978229023978e-01
8.377945550595760071e-01
1.187520853937156007e+00
-1.513964275253196989e+00
2.577932824624129537e-02
5.615395766621174012e-01
-1.897585802216767981e-01
-6.545046244934747959e-01
-8.472690666699429496e-01
-1.791749205173107429e+00
-3.458882774860020382e-01
8.707982973195568244e-01
-1.058761533313373526e+00
-5.665542377000769569e-01
-4.699460208561548336e-01
6.707717223870069967e-01
3.306048437991077060e-02
1.072708964418930266e+00
-9.215794506813763665e-01
1.699212081199835689e+00
4.467814017173660224e-01
-8.998981677755857334e-01
1.785289181758038524e+00
4.202044466431400505e-01
6.892079160825099748e-01
9.021357137457357567e-01
7.987993316256118970e-01
1.005179197377473965e+00
1.779800918312411939e-01
1.129694856083464649e-01
4.299330891918144437e-01
4.182812591538825897e-01
6.487914503426724933e-01
-1.879301837711666034e-01
-6.237581762712220979e-01
2.171887542464899568e+00
-1.103529502242110993e+00
9.925415512133836105e-01
4.672074517785048120e-01
-5.508315568202108992e-01
5.710161181692612331e-01
6.160064045501586483e-01
6.132021193589352048e-01
1.123977101255642791e-01
-3.597347156634888021e-01
1.639404978765350018e-01
-1.550830722203899725e-01
-1.068562059222434524e+00
3.569590057176300069e-02
-3.521308387748334767e-01
-4.202126438082068871e-01
-5.269932388083173880e-01
-2.035927324592937460e+00
-6.847536315531914386e-02
-5.630753685979282830e-01
2.137525332453271254e+00
2.564344719077748525e-01
-1.210292449299474327e-01
1.084322863741472132e+00
-1.071938421708015787e-01
-5.723942049501693496e-01
-3.277169052719215991e-01
-3.276196426035453135e-01
-7.159304411985286665e-01
4.367367283328850158e-01
5.035931966040178009e-01
-6.429697950005381912e-01
-2.393558870104103564e-01
-2.232767179698811055e-01
-1.082829622127404468e-01
-6.519236474593647079e-01
7.435694205570923809e-02
2.807134429263414277e-01
-2.773949900674685942e-01
-9.668440234686734858e-01
1.763913695356890132e-01
2.150169873593781034e-01
-5.265758838540300912e-01
1.743093695506515051e+00
1.433904264975676357e+00
-9.773146339133914617e-01
-8.791720836950028817e-01
4.595106340818910784e-02
-1.277398508981494762e+00
-1.027538209419780468e+00
8.807206551355293289e-01
-2.824316223576788243e-01
-1.369403321989690170e+00
7.709807629201215207e-01
8.198380978869346247e-01
5.665841336841805909e-01
2.762129813798525069e-01
-3.565074691486716518e-01
-1.193071959783403579e-01
3.414130156614134104e-01
-6.033490955710919534e-01
1.820945746072364813e+00
6.708396916113754660e-01
4.760010606628996555e-01
-5.986196485294035252e-01
-1.113180356544067051e-01
3.416129759172421565e-01
-1.020050556973666200e+00
-5.808258795443070888e-01
-2.436341126383988476e-01
-8.971729998341779200e-02
3.343008375990891290e-01
-1.792807870678923554e-01
-9.274053354124620618e-01
-8.200315511005804026e-02
1.009604170053961525e+00
5.277252069584798200e+00
-4.613147383818895220e-01
-4.110535526223774161e-02
-7.570132708957826306e-01
6.396442432077642515e-01
-1.406401986886172129e-01
