2.343350630363361942e-01
9.317361277204366798e-01
3.410278037279896868e-01
1.109060700852912307e+00
-8.855290009358591785e-01
-6.904723922358305122e-02
6.109170229988092338e-02
-2.183759886121271199e-01
3.428619641413335195e-01
5.750036505219080496e-01
-1.848819010354077197e-01
3.300577250019782749e-01
-1.417517613957585132e-01
9.272411243090352695e-01
1.838530355754390277e-01
6.811502511574725194e-01
-3.340305368269307351e-01
-2.669496220360614847e-01
4.038209707340185695e+00
-5.797004879866369809e-01
-1.344369483858308678e+00
-3.091183093134570181e-01
-1.074617172760833572e+00
-2.833623568050732677e-01
4.109562995670457131e-01
4.699434504635882637e-01
9.215712491248597704e-01
-2.141461590782500757e-01
-5.818495513845722833e-03
-3.561845929813034495e-01
-5.897776447758809049e-01
8.279054979647786361e-01
1.129581474715028566e+00
9.755574849952585170e-01
-4.943214904017134703e-01
5.580909010550012539e-01
-4.286714773335154050e-01
6.397929576936249862e-01
-3.175922799380027639e-01
-1.884591488545681592e-01
3.720655701643801883e-01
1.083324101998905720e+00
1.853555532989772936e-01
7.777474637094949905e-01
-6.894760336921883503e-01
-7.763954355135807006e-01
-1.616325551273707917e-01
-6.521793117506485826e-01
1.380222978179846294e+00
1.777441777719073607e-02
8.972738228168858354e-01
-8.153116688035755288e-01
1.147997261370638178e+00
-3.650783839664034081e-01
1.418635161241874387e+00
9.896824298298034783e-01
9.414896553070091212e-01
2.374105074509543223e-01
4.617925700272193512e-02
-1.556201819198143266e+00
4.546026898595274118e-02
3.070890917888455807e-01
-2.144102465667300783e-01
-5.029920863027367295e-01
7.235962515301503917e-01
-8.919169408329482573e-01
7.953920550492384889e-01
9.527807830596318750e-01
-8.008640847462922263e-01
3.904983536660830978e-01
6.351564721938092184e-01
-3.562168229959086219e-01
-1.824974282194729083e-02
2.439376570390887178e+00
-7.393450111625419208e-01
-6.916459290543526262e-01
1.404378004701234417e+00
1.004623382070897408e+00
3.612685132305721303e-01
5.436003204395714050e-01
-2.576216493382686989e-01
1.614113407208937478e-01
5.915238866668783846e-01
2.498923507425641954e+00
2.655839661154253406e-01
2.475699744992188034e-02
1.381121634600889880e+00
-5.419648368718475995e-01
1.417152835151212376e+00
1.209738630375929991e-01
-9.039406001914467303e-01
-3.566093749771341859e-01
1.123658293316693868e+00
2.205862156047397327e-02
-1.608201292765044227e-02
-1.476627587369401251e-01
-8.227775166933699591e-01
-9.990696233984666108e-01
-2.282139704601955810e+00
-2.755287579481033311e-01
-1.942996348214506841e-01
-2.455267459830643428e+00
1.475363673738150361e-01
-4.633562577664749327e-01
2.164106135937958197e-01
-6.007836102344346063e-01
4.071232013967865382e-01
5.991043318432033304e-01
-2.996048377663204088e-01
-3.226316265080816925e-01
-9.048859225605396794e-01
1.938756093218621801e-01
-8.996638137733500296e-01
1.467360963951901853e+00
-1.711208724232803069e-02
1.994684768854776635e+00
6.328432025035484187e-01
1.473512377781525107e+00
3.923089637935139873e-01
-4.849819836629624681e-01
-6.741583785310415466e-01
1.345464064538763216e+00
4.630851083018750480e-01
-5.454272773736650315e-01
-3.324548568695807615e-01
-3.623648538373852590e-01
1.988496730130233647e-01
1.241967747855802440e+00
-1.209733158105632672e-01
5.751438096219263496e-01
-9.424758152395776856e-01
-8.536716947110407627e-01
2.876585243938971637e-01
-1.395452142345234292e-01
1.086893726358415746e+00
1.465013463800649840e-01
1.189691895487524853e+00
-6.902898196197626568e-01
-3.053488014695429631e-01
-2.494046522096280416e-01
-1.751174674473081339e-01
-2.859980866106886371e-02
2.531266118173086666e-01
2.059902538955012297e+00
4.212065439531806343e-02
-1.249722398144120783e-02
-1.510833107651440743e+00
-6.243980749696418364e-01
-2.401152530571370569e+00
-4.057251973088845665e-01
-6.170443414576785857e-02
1.140720349071259188e+00
-1.054437027047008812e-01
5.606747112965887458e-01
1.308865239753691068e+00
2.683721867700908925e-01
1.327243392928163512e+00
1.652865984064094906e+00
3.370041603901332561e-01
3.103725170706903569e-01
1.187247955689257228e+00
1.007913415815476554e+00
7.612600836062294318e-01
-7.148392067603248634e-01
3.956824088307595577e-01
-6.900430002754271985e-01
-9.064228951156783065e-01
6.930738968921605903e-01
1.386252758821957531e+00
2.964566666615047197e-01
1.917639658003008174e+00
8.639550365780223062e-01
-1.198444514906781944e+00
-2.122778198610942441e-02
-4.794871941821290950e-01
8.365319997289649701e-02
-9.503017114204577176e-01
-1.916898173045356479e+00
9.041199757173301599e-01
8.683919243013669131e-01
1.763811349439305953e+00
3.907282087098776779e-01
4.475934253781901351e-01
4.552107106073339793e-01
-4.394010278109235224e-02
1.019553679622550169e+00
-1.041788031799234737e+00
-9.703360766957089822e-01
-5.825772066596985876e-01
1.228769207370613348e+00
-3.912592008716112568e-01
1.308080512948478269e+00
9.461168407154429971e-02
-1.181687189849379926e+00
2.274298596543302242e+00
1.374182255446029455e+00
4.088548359810010441e-02
4.537486177723457775e-03
-3.639295604571381126e+00
-1.089913165378599280e-01
3.154077594553165720e-01
-3.560427649942298212e-01
1.058975555721019202e+00
-7.175141524075633326e-01
1.207994974319191311e-01
-8.469550774686843697e-01
-1.134116298025258596e+00
-2.193345720742299054e-01
-1.013099546618524860e+00
8.347372801576463663e-01
5.688800152770984858e-02
1.347990387765894083e+00
3.433481878725935799e-01
7.317540002093200213e-01
2.197901531338493919e-01
-2.098817301369645172e+00
9.993118177647093425e-01
-7.978386305675810863e-01
-3.833073165795583548e-02
3.241663717336387696e-01
4.407459862751686996e-01
1.949914801841204359e-01
6.295301124432352013e-01
4.414267284045491069e-01
1.281863744592056653e-01
-8.589775405962750687e-01
-6.727865057834024887e-01
-2.180861719711743585e-02
-2.841107277058848579e-01
-1.345721596426499689e+00
-1.393159669273706380e-01
-7.466418860423279513e-01
2.596698143143607584e-01
5.454286961889875940e-01
-1.385340542877275816e+00
-3.066230027993265272e-01
-7.183634737048982810e-01
3.863394997488409088e-01
2.547532049419016786e-01
4.220255634101121034e-01
-6.876087990379310400e-01
4.456511509112581759e-02
4.658042168130427374e-01
-3.094167869333641629e-01
-5.227782870260742065e-01
-2.112827240433395315e-01
-6.841849146433052198e-01
-1.524223632033402942e-01
-1.879826354688439727e-01
-1.083150156559769872e+00
-1.281719124895055462e+00
9.264454679404954263e-01
8.535113141650934043e-01
5.510749234169999289e-01
6.416458881332871567e-01
-2.952896592962466205e-01
-7.286231135351163291e-01
2.032859529659922782e-01
-9.434865450057758895e-01
4.804459640803773746e-01
2.713627960409324413e-01
-8.906617835417056650e-01
-1.675749883699767240e-01
-7.441583756117473580e-01
8.706839417037052220e-01
