-8.095215356833349585e-01
-3.347779306882575634e-02
1.300695153075421384e+00
-3.243958976238582315e-01
2.906842913301638243e-01
1.456032016717708211e-01
-8.411845859630067146e-01
-3.415240055886241688e-01
-6.570957446252740919e-01
-1.521631347244233545e+00
-4.305278908236171431e-01
-1.340224590912806324e-01
2.754702831469152957e-01
4.769342368246415331e-03
7.180283463544118172e-02
1.586974490923056313e+00
8.091437734267655779e-01
2.204913499823349721e+00
3.434266615334678752e-02
-1.656575170086206361e+00
1.589669553279571712e+00
-4.043970052306788410e-01
1.202374239016110513e+00
-7.271884274723131592e-01
2.317233389833416535e+00
-1.981809333293528708e+00
-7.896756799123214599e-01
8.487419724998961357e-01
1.314153222159904599e+00
6.068732588916301296e-01
-1.344856146149601972e-01
8.036286112621208177e-01
2.875217871569646366e-01
-1.095866000844078370e+00
-4.654875128272492613e-01
4.945628146884628040e-01
1.097811764513582089e-01
7.602583078019652385e-01
2.794425094544514820e+00
3.975727286251099502e-01
-2.439153178739842387e-01
-8.019672044039335423e-01
5.545462598745713734e-02
-4.461635199923348893e-01
-1.343494372049063079e+00
1.741409295892955844e-01
8.537790563390004195e-01
-4.858633507103199412e-01
2.765270779386124755e-01
-7.253693389855998819e-02
3.323464990337290925e-01
-1.348672819525877642e-01
-2.711959365642218622e-01
2.236988318254568842e-01
-7.393572427091796850e-01
7.360081650720239343e-01
1.682804802098414765e+00
1.199287595360367886e+00
7.249850782311727526e-01
-7.167022756850676135e-01
-5.122040262226681406e-01
1.034828854036240919e+00
2.195051976203216126e-01
1.915732180858221723e+00
-2.991536354729974478e-01
8.284759430316330775e-01
1.139474197061069172e-01
4.833478826594446165e-01
-1.468017447195470782e+00
-1.468453681228552687e+00
-4.943847222011503173e-01
-1.564461050600209235e+00
5.609823284123917342e-02
2.431041733269679872e-01
1.317365596718556686e+00
1.293924341155745061e+00
1.452557560810045389e+00
-7.319720653349810480e-01
-1.805458974926001936e+00
1.317982093294239432e+00
-1.677479334312093062e+00
-1.316025416304537898e-01
1.928845027207463647e-01
-3.793401658861252912e-01
1.263116601145183981e+00
-4.226453057665385815e-01
6.534403192006165151e-01
5.327305053416231395e-01
1.904595868733927277e+00
2.946279172490984255e-01
1.563376497012195498e+00
1.084710462497611827e+00
-7.603379138124366499e-01
-2.708437118898165963e-01
2.142044902514983473e+00
-1.452805475973134586e-01
-7.419986066098585020e-01
-1.032542764997730345e-01
-1.074184614450829356e-01
1.025382997707363630e+00
-5.435371627441722975e-01
-9.811842758632914885e-01
1.205003310810128125e+00
-1.354091812315192378e+00
-1.033283275611323937e+00
-1.018263658100330815e+00
8.570352917598978992e-01
-1.241949583178619143e+00
4.698667605901487576e-01
-5.500502283818695659e-01
6.396219799583577337e-02
5.742665843202889864e-01
-2.703384882003287082e+00
3.886548052919616136e-01
1.574102772078651347e+00
8.197146337914726910e-01
4.657252207793440291e-01
-9.303809033958807539e-01
7.462860527248892373e-01
-7.700120683847061498e-02
9.673068768496743131e-01
-1.113299872970161752e+00
-2.435686720313851250e+00
1.562252105055387696e+00
-8.186170244819795938e-01
6.757135985434001846e-01
2.776380739715654800e-01
1.578388615030798636e+00
-3.593920384397460144e-02
-8.632076036094069593e-01
-4.416064827367545131e-01
-3.119149801107677922e-01
1.669410401845346170e+00
6.377097006670275903e-01
1.167906853380015209e-01
1.801894653182943395e+00
-6.390040342407762308e-01
-1.138702465502705818e+00
2.208041018310885062e-01
3.194634063473794638e-02
-1.894222609665169532e+00
-4.329301597431436388e-01
-3.883451209464945930e-01
-1.200724417904983077e-02
5.651998339247940040e-01
-1.101475081331233064e+00
-1.073911336420485529e-01
-1.292598518905829552e+00
-1.276743750693578150e+00
2.122667048264156975e+00
1.488487437527355794e+00
-2.169432615595567881e-02
-4.162185786620021255e-01
3.249509330345394797e-01
-4.449426597759740809e-01
6.115112268954253638e-03
-1.508528439990382441e+00
-4.091016492220170830e-01
-6.092214518834265791e-01
-1.528074016821234782e+00
-5.715972861179408060e-01
-1.432918569867766667e+00
-7.477500255083346925e-01
2.184277876572631172e+00
-3.488897763568896693e-01
-1.883616387350836030e+00
-1.172980635674602867e+00
-1.614740812040043272e+00
-8.250083123425092091e-02
1.957713905656775832e+00
-1.414555920238153686e+00
2.548194838290774200e+00
-2.669511229834533039e-01
2.346975791627282870e+00
1.843458777094731493e+00
6.171026154223591131e-01
-1.162836456783770345e+00
1.394754584616115789e-01
-1.064489914309603824e+00
-1.170176193302112200e+00
3.138907071127307047e-01
9.403316416561509072e-01
2.135649452540761217e+00
1.578124650375187121e+00
-1.986849987791638350e+00
5.434658857417139499e-01
-6.575294625479386479e-01
-5.548583766554202601e-01
-1.916929075584852482e+00
2.049650454576601721e-01
1.278954220729573210e+00
1.515434544610385181e+00
7.571535590427942441e-01
8.375237440400373767e-01
3.813805801899287085e-01
-2.373850002104596901e-01
-5.245117274849979694e-01
-1.023606519719409302e+00
5.314560069890597038e-01
5.329591978477374870e-01
1.399876567978751929e+00
-9.501181346376917913e-01
-2.792774228489384725e-01
-3.939279669315773891e-01
-5.923333009844798658e-02
-6.572922771225489513e-02
-6.662200539666638388e-01
1.476204700555220573e+00
-6.699777598869834094e-02
-4.640701975721969047e-03
8.624210443562689843e-01
-1.528344353017421220e+00
-2.812867924425976884e-01
5.227142812673121752e-02
1.603337532372785201e+00
-9.199608267992481769e-02
3.995927436226843210e-01
-6.181724974765178127e-01
1.939937979907243593e+00
1.701360360470604904e+00
1.643031270591475579e+00
1.239064271046016241e+00
-7.101107300889678564e-01
-1.050463670102294023e-01
9.610118805991173518e-01
1.566512295535108956e+00
-4.727897822360581093e-01
-1.947372845406561415e-01
-2.052460154960597194e+00
-5.416124397767327348e-02
-1.420067741804650785e+00
2.331206915965255089e+00
1.507527265792642235e-01
-3.516695369103808866e-02
-9.519814851919847776e-01
-2.047382363098928959e+00
9.014965653590341355e-03
-1.951135405675839651e+00
5.574141309744976569e-01
-3.980329434431032487e-01
7.683749779915989286e-01
1.075874676905924421e+00
1.003045734015060308e-01
5.634961220945304550e-02
7.939662380883372172e-01
-1.832656362064368327e+00
6.048899059540493450e-01
-9.520214810755301960e-01
-1.053952135834278714e+00
1.367960263695982892e+00
-1.420927327811773166e-02
-8.993724045848519033e-01
-8.039095429298980244e-01
-8.689760159981074761e-01
8.235501780896443691e-01
9.434952515211738611e-01
2.183600167134651215e+00
-3.801388600887609104e-01
-1.473268496688377338e+00
1.071985267074057335e-01
-1.745374066840477356e+00
-4.886978540887220168e-01
1.163588485632422787e+00
-1.655812047597513326e+00
8.554612717721647996e-01
4.210582571416560671e-01
-1.991688011180548779e-01
-7.029919621268173602e-01
2.477308512774101801e-01
-4.400390530324061467e-01
-1.578908172030603740e+00
2.431386574440111414e-02
1.134185094990027620e+00
4.615911344572364849e-01
8.634461312440689928e-01
-7.004683553668631379e-01
-1.927844610592915675e+00
1.569639293223740850e+00
1.942664742359516694e-01
2.091868367589024835e-01
-2.932607656080843950e-01
1.175303541687117592e+00
-1.525588658470719672e+00
-1.539696705600045012e+00
-1.028978444931031744e+00
-7.702019699379684115e-01
-4.091441443469113759e-01
-1.130662675907140313e+00
1.321748433923564114e+00
-1.854941757149658255e+00
-1.072074605685619242e-01
-1.122964980641651067e+00
-6.530979082949658343e-01
3.185653198469755587e-01
-1.289498151369515178e+00
-4.214169008950518491e-01
-1.409917512398922490e+00
1.896634586465136385e+00
-2.747470517298613579e-01
-9.473077364711733894e-01
5.382978078868561056e-01
-7.541439142253736350e-01
1.574970767784549253e+00
6.675611582463223392e-01
4.192621988193123705e-02
3.384262196581003801e-01
-2.402090170954826465e-01
-2.548510017665760463e-01
8.409419940073296074e-01
7.872553627980277691e-01
-1.930124368461098916e+00
8.254946168538817020e-01
-1.404751176374129606e+00
-2.375295755741498316e-01
-1.951518055535902407e+00
1.616594156697724438e+00
-5.111775031849219442e-01
1.323543678507633992e+00
1.233470621594927596e+00
-2.247034196029666919e-01
-4.352647098763812172e-01
-8.002555791339005520e-01
8.714019621706968755e-01
-6.098548446466540707e-01
8.939990515242501878e-02
-5.785846612143871193e-01
-1.183108271940402911e+00
-2.909777470703630020e-01
-5.307276551322271940e-01
3.845919204921630641e-01
-6.413489807777515983e-01
3.088965492848418926e-01
2.272675239270424419e-01
-3.576135930194493939e-01
1.282555367747776121e+00
-1.419397369804534792e-01
3.391463932128325087e+00
6.686820045622330344e-01
1.023488220870573340e+00
-1.193510311364405496e-01
-3.804458508642176717e-01
1.548572367967067764e+00
-1.631941434490944420e+00
2.640679015550427167e+00
5.893856365184804158e-01
-9.463229792882048574e-01
8.614044152675506272e-01
-1.493011678179497315e+00
9.915919851740566671e-01
-1.024731451853784225e+00
1.008111185920840702e+00
-1.665427261086276589e+00
8.593311384670554443e-01
2.816215967396262787e-02
3.053683208931990967e-01
1.069049250635142112e+00
-5.826069532514770444e-01
-1.705683819848498706e+00
9.196524062714480641e-01
7.378564747576626948e-01
8.341194662288038408e-01
5.411978965168148248e-01
7.845727114398341751e-02
-7.899305198634256620e-01
9.573485833920980514e-01
4.474834717532322204e-02
1.791316222266840841e+00
-8.314581775801128949e-02
-2.467939300696583849e-01
