-4.127539395131393785e-01
8.692234131876438452e-01
1.905168457729903064e+00
1.195165656341205196e+00
-1.669227668943803256e+00
8.984308548346102707e-01
-1.940012623363090993e-02
-9.772162700626781939e-01
-2.592799640496638691e+00
-1.057144379130217360e-01
-1.809401478162068755e-01
1.822107170587593306e+00
5.780880466664477524e-01
-1.570307612635135186e+00
-2.458140015024885106e+00
-1.114930367295373204e+00
3.299897562150919117e-02
8.809338579187084850e-01
-4.342399657049896278e-01
-5.891172454441925277e-01
-2.019780532627889258e+00
1.092890897155045504e+00
-2.467208213325691735e-01
-2.561336543605972071e-01
1.116003707057208860e+00
2.252970481091115529e-01
6.831203784535411216e-01
6.456314107220972875e-02
-2.498960395291370262e-01
1.106968793013820562e+00
2.748572918742436810e-01
-2.810271576129420801e+00
6.959024315392399185e-01
-1.040395953901418036e+00
-1.161467683275303031e+00
6.237093128601236547e-01
-7.815822825545400976e-01
1.133481206239043582e+00
-9.384060655769543846e-01
1.305851139122817584e+00
1.707461131204616400e+00
-2.638571324121138151e+00
9.365803385431784034e-02
-4.183233849776951674e-03
1.121216407584356700e+00
9.836348004251878052e-01
-8.829156894528568111e-01
-8.799020420653916874e-01
-1.685247872689400905e+00
5.119291938689851662e-01
1.187322844812028766e+00
-7.100546668492243585e-01
1.280567692935610236e+00
-2.897032838587007664e+00
1.426226880377604866e-01
-1.060252705224715264e+00
8.214759522175212325e-01
-8.499703296689735676e-01
1.409506624330380875e+00
-6.989450539976332921e-01
1.386376644187240270e+00
-9.949681815015599673e-01
5.666820948971745819e-01
2.204975291149881222e+00
-1.357973971219242904e+00
-8.187810077820539822e-01
-3.769011768962918230e-02
-3.440550872829255535e-01
-2.888697249481296248e-01
5.319907994060965040e-01
3.066911758969524393e-01
5.735712354946341796e-01
5.347229423182227048e-01
1.940489148467842151e-01
-1.939962322320132326e-02
5.373950341342251802e-01
1.451341462953408490e+00
3.009055651557397404e-01
1.898823866550171657e-01
-4.935222141960485809e-01
-3.735419997659479852e-01
3.775708109324574235e-02
-9.047467531532049634e-01
-9.242572220966979724e-02
8.915274426733732493e-01
1.559260578300774913e+00
-1.104305118847197065e+00
6.794341773894958525e-01
8.439998435021763834e-01
2.827873168705901552e+00
-8.222071966181869751e-01
-1.452159496230063906e+00
-3.800506025130571675e-01
1.806150128123075627e+00
-1.442504252202704729e+00
4.714046235596558443e-01
1.506994141323410696e+00
1.869953991816958316e-01
-4.489995210460918651e-01
1.191391200320723875e+00
1.801172311771300327e+00
3.577354439251517748e-02
8.205699703754665286e-01
-2.326635546690360989e+00
2.303190233191004244e-01
5.897379216911856625e-01
-1.210829174273584385e+00
3.902827452359924898e-01
9.878448976432470108e-01
-5.903119072938779466e-01
-5.436240800680829377e-01
-5.774079368830588033e-01
1.178331408230403055e+00
6.958750592970767146e-01
-4.065650869778392185e-01
4.817289772556972438e-01
-2.857302397193921539e-01
6.233084426796137167e-01
1.252501397197602062e-01
-5.373757875171056853e-01
-7.545293842705926846e-01
-2.063292821960913681e+00
1.626113000307150280e-01
-2.622638784036487314e-01
-7.439948901491130195e-01
1.537917778786757339e-01
9.551094250795271190e-01
-9.867080392716724990e-01
1.703130150048124625e+00
1.781296635656161476e+00
-6.658793298218501633e-01
-4.309328776056506882e-01
-3.054809410587308038e-01
-2.445408093261478566e+00
1.036967870055872210e+00
-5.565369062884509832e-01
8.791715296059877671e-01
2.187535017707262774e+00
-1.608501553334301115e-01
3.947618072146462653e-01
-2.828509883211954179e+00
3.190219609444441051e+00
-4.699255509799935560e-01
4.907823317164763943e-01
9.630546672796268526e-01
-1.986704974494884368e+00
-2.161039190751655958e+00
-3.929299145929210368e-03
-1.555454518119199880e+00
-7.401697080076017343e-01
7.799303237478580897e-01
3.924993588766755859e-01
5.651150080505420448e-01
-4.769469499167112159e-01
2.296830487942511101e-01
-5.799129513881990938e-01
-9.558143503109661765e-02
1.123039819042088494e+00
6.627058049595018208e-01
2.381622166917334860e-01
-5.367185167333794471e-01
-8.793034711119618319e-01
-5.251755998952255533e-01
-8.810649216453976251e-01
4.159699313309311863e-01
-1.019009225861352119e+00
-7.366670655993358130e-01
2.193068089812587385e+00
5.013926744736016961e-01
-7.784468323294572167e-01
6.143704681761343878e-01
-2.165208899132085585e-01
1.483040651589955017e+00
-3.122941797591758384e-01
7.217794393378145212e-01
-6.741171267664661793e-01
-5.733379698540245206e-01
2.446331450971788446e-01
-6.648428513473254586e-01
-3.181956927817454872e+00
-1.336871659116413424e-01
-1.225341197261848869e+00
-2.212349696350897510e+00
8.535596990362466219e-01
8.440053226980848144e-01
2.061044608442402115e+00
5.085210796543564449e-01
-6.058188548817061703e-01
8.307010536592630556e-01
5.265870203726688015e-01
-5.574924269982209357e-02
2.395892443010297357e-01
1.107019662769334278e+00
-8.517431226111894516e-01
1.609679875691021611e-01
-2.128064618077943670e+00
-1.039327905073973879e+00
3.579055536492815603e-01
-8.478590023814487342e-01
-1.188861673087801551e-02
-1.408938218266679865e+00
7.015281740603533656e-02
1.900206240014472303e-01
1.892620360521133360e-01
-1.897521443065591229e-01
-1.495248956138721219e+00
9.681355685209098727e-01
2.461934548328293726e+00
-2.343718796636351520e-01
7.024237018565554491e-01
-8.740482798958419952e-01
-2.001245993531631573e+00
1.025679531453101090e+00
1.018253229320414954e-01
-1.929306405684417358e+00
1.465334865401174136e-01
-3.272474606675606495e-03
-2.375687968052608567e-01
-9.193671917662580295e-01
-1.576830401493550582e+00
-5.590170592484490220e-01
-2.853796333402519037e-01
2.792351380105304148e+00
3.403018456219127352e-01
-1.990311925407031612e+00
-5.507824211732350594e-01
9.043975357604483456e-03
-1.794493726573865300e-01
-2.476248280890014919e-01
-1.543589279578463813e+00
-1.098869536040136374e+00
1.351347640162579467e+00
-1.785810854602841502e+00
-8.547835508441009589e-01
-1.765448892696115379e-01
-7.505549670180300392e-01
-3.957930507496315586e-01
1.541694318305620648e+00
5.433445646682463215e-01
7.184688482036052370e-01
2.539591245784053708e+00
7.492294462480502126e-01
-1.277553522916002660e+00
-3.354467451697895619e+00
8.589646183547661185e-01
-4.526257708453843009e-02
2.069744812448553739e-01
-4.986140993686686285e-01
-1.207267815249848608e+00
1.541117410958113387e+00
-2.981915449006511953e-01
-4.527144311222708883e-01
2.433368375334554745e-01
6.717463486339950718e-01
2.183152070590372418e+00
-1.577760536722954132e+00
-1.112795330987884357e-01
-1.147458707545145673e+00
2.900601283180991308e-01
3.673065304478769777e-01
-1.322993845610460406e+00
-9.262295657496478762e-01
2.573687153686006757e-01
-6.602367980091826682e-01
-4.906552220505433493e-01
-1.524957116520820666e+00
-2.373352553928116837e+00
1.123367289027226157e+00
-7.585751745316257066e-01
8.285990851051687756e-01
1.368431940120515611e+00
8.141454943406356559e-02
7.906597158342519860e-01
-7.862193446791722051e-01
8.263635845693856341e-01
-2.166071997854734477e+00
1.141851873199177358e+00
-2.808463370041713869e+00
-9.072451163690333775e-01
1.209085639085486275e+00
1.719273297471271000e+00
-5.763635713039091391e-01
-1.525407243658773560e+00
-8.956247474479684945e-01
-1.675932102574932692e-01
-6.546490750282425441e-01
1.269580331139968266e+00
3.062326411117739511e-01
-3.909165619470195141e-01
-1.695139770829413306e-01
-2.741862903451208755e-01
3.825606193611492678e-01
1.201969952123478791e+00
-4.770482765767811717e-01
-1.342701893214196751e+00
-1.487690533587570307e+00
5.725157754717006275e-01
1.510478551152617754e+00
-3.379968428506741063e-02
1.304515134956470535e+00
-8.650862418506319873e-01
-1.358307626600685714e+00
3.061734729777982889e-01
-1.198852910118726411e+00
1.385409625987308768e+00
-7.070450813947568580e-01
1.641519893855288847e+00
-2.200144147984602616e-01
2.816012111471301038e-01
6.748009028528256792e-01
-6.763089882029003075e-01
3.403266006979273950e+00
1.379505335854566805e+00
-1.381936850315823140e+00
-1.478791520404768578e-01
-7.739221150982337205e-01
-1.653734896523562314e+00
1.627470329011930783e-01
8.943435800692474125e-01
-1.457112628487760242e+00
-1.001187570088379886e+00
-1.594301780198840390e+00
-6.229385561047759978e-01
2.573646043595348321e+00
9.003404193103765607e-01
-2.943005992265881887e-01
-4.150005450578228006e-01
-2.207912381578271077e+00
4.285766186226447338e-03
-1.589594003027465785e+00
5.639868371947387438e-01
-8.104540842924694566e-01
1.924266896557990325e+00
3.018839466497023061e-01
-1.302970533663315722e+00
1.606668277208865292e-01
-7.502080975375591265e-01
3.999960956781298815e-01
-3.978620723879800480e-01
6.416432983980285831e-01
-3.021846011828850931e-01
7.208545816793509031e-01
-1.008094469342813992e+00
-1.031078160315939352e+00
1.138074038541023292e+00
3.173727263527883480e-01
-1.027325490863335578e+00
3.931221898195979003e-01
-1.451480542229092396e+00
-3.276314453460117404e-01
-1.347735073418272478e+00
-9.728990398728422084e-01
8.903068186150041585e-01
-7.096125719101797902e-02
8.178379501708080146e-02
-1.010115572116242033e+00
7.989828735643527136e-01
1.049574466673451667e+00
-1.219351414776218112e+00
-3.568370395381617044e-01
1.121338656581421844e+00
1.240910217148646577e+00
-6.455260414386386758e-01
-3.692878899141948112e-01
-4.958562612053566410e-01
-1.260675537705410409e+00
-6.862845621980188104e-01
7.268110669741605356e-01
1.837990029817940796e+00
