-1.035478798465887529e+00
4.251244980404815799e-01
-3.788275857282821235e-01
-4.670589260372653984e-02
2.067593654424833005e-01
-1.285343498346224189e+00
-2.877037946252701817e-01
-1.075654906806829514e+00
-6.317865619970363111e-01
-1.489848660834101279e+00
-2.132817215162646218e-01
4.501356492353701944e-01
1.068235680572256374e+00
2.303872243967249878e-01
8.922059659145693544e-01
-9.917360428354144997e-01
-3.906848983587056512e-02
1.529548419080910771e+00
3.822752503345254182e-01
4.187556086177504078e-01
-1.838723950084960035e-01
-2.087315558457453202e-03
-3.388494198126726920e-01
-6.799566468281576653e-03
-3.599729518559113828e-01
1.091935408538623697e+00
3.344058768023872585e-01
1.359598334288147359e-01
-1.164271177185157269e+00
-9.335538917405573622e-01
-1.575224082372779888e+00
1.082511086104262388e+00
-3.544682853666214495e-01
-1.720749506550900698e-01
1.089188166492344179e+00
-2.515542527398810235e-01
9.822025076905751551e-01
7.911929780557620528e-01
-7.542813598427684507e-01
-9.630498843494997852e-01
-7.012641623553172998e-01
6.575076108651586870e-02
6.347663242744046030e-01
5.483119027181522220e-01
-5.411357469764132011e-01
9.407553845329167386e-01
-5.316380296090091051e-02
-4.983035129645994044e-01
-2.807093166111481741e-01
-8.481364360800965896e-01
8.463529745069007237e-01
-9.775355649200725972e-02
-5.667650232859298143e-01
5.118615923896430164e-01
5.918606147469674950e-01
4.098443677178348343e-01
-5.675384745262666009e-01
-5.353368153002467933e-01
6.594364343019566421e-01
3.409819763096342271e-01
2.015048277052382264e-01
-1.075871137809430333e+00
-2.887706524421299603e-01
5.942292682053755826e-01
1.716025620301697696e-01
8.733794353258212961e-01
1.257421464289575797e+00
-2.458833657832754094e-02
-3.694655417360451777e-01
5.067536985036676933e-01
9.362414948508720469e-01
1.460986387341725867e-01
-1.326994571052554361e+00
2.478881001678311380e-01
1.190043338356125746e+00
-6.796651391959531718e-01
6.760438384995218764e-01
-4.475669279562712322e-01
-4.127701182616308473e-01
-7.660368845887405298e-02
1.674467384665731529e-01
5.323975301254763037e-01
1.297178152046838395e+00
6.403937375243025087e-01
9.186329965538150844e-02
-5.604614913605796556e-01
-9.886711061810887768e-01
7.032135887362553905e-01
-4.366760699145432190e-01
-1.253640256049180390e+00
-1.010159699656921983e+00
2.402465467470061844e-01
1.038909645268086157e+00
-4.027276968022486248e-01
-3.709619250153785019e-01
4.177717515523655667e-01
-1.808627975880171823e-01
1.615197625329973796e-01
8.411189387914334015e-01
9.971691433802281068e-01
1.320581899968478190e+00
1.009783016273909650e+00
5.984817318765296434e-01
5.703284628366552811e-01
2.833750750831693921e-01
9.773804466492743703e-01
5.115788522390590787e-01
1.175313315179279117e-01
-1.081039841036195881e+00
-9.123140201213797429e-02
-9.639626905285003655e-01
1.587484573775605201e-01
1.335321460561891271e-01
-7.049098633783154599e-02
9.687766789673796231e-02
-4.367625403956139074e-01
5.454384321151154458e-01
-4.787019179183218398e-01
-6.816766882244117420e-01
-6.597051634817245880e-01
6.623686589687398651e-01
4.551546417936936928e-01
3.582683761299750302e-01
1.226309285420119632e-01
1.028578725656309034e+00
-8.894152614337572649e-01
3.339362676624754722e-02
2.536130886189733591e-01
5.855273948319656974e-01
-8.908127556125337021e-01
-1.451761935089356526e-01
-3.351695736414488924e-01
-4.948661848232025484e-01
-1.643675236434601061e-01
-3.501356310477000688e-01
9.713217326603469370e-01
-7.738287933372575145e-01
-7.691305016023078922e-01
7.189591372793535662e-01
-4.967915020170389218e-01
-9.772732048665702109e-01
8.046414865748855449e-01
4.951075013846304440e-01
7.202919218350591901e-01
6.648050196647833365e-01
1.655047944088998468e+00
8.130885396440804547e-01
1.553479429377168097e-01
-7.579162392653786551e-01
-9.182255419164813137e-01
1.047776029544706500e+00
-7.238999323261963159e-01
-1.260102175109556688e+00
5.391810482258257986e-01
-5.633059365287788056e-01
-7.666216439947864947e-01
-9.884113355618103780e-01
-4.707006783683859164e-01
-8.185916831785077230e-01
-2.890993230076031040e-01
-6.563114260626998764e-01
6.150319648313726795e-01
-1.821195438597323080e-01
-5.295952090038742455e-01
6.784175635892453204e-01
1.045228267550440404e-01
5.226681754418677217e-01
7.532146813783278105e-01
4.665819856947083788e-01
-6.515238887148795399e-01
2.006008965610280192e+00
8.866151876275064625e-01
7.740480860367487947e-01
1.054199642757571276e+00
-1.284862701765160820e+00
-8.187471522343610086e-01
-4.544091018388427550e-01
-1.121061604105526799e+00
-1.159254363813026600e+00
-7.197574373896531430e-01
-1.311591173584335968e+00
7.597936610016201020e-02
-5.523779493721167055e-01
1.272956958868125765e+00
-1.326391135604923499e-02
-1.469574236519736177e-01
1.318189901053653079e+00
-8.191625560543537299e-01
1.169297323061093685e+00
3.482614662351903312e-01
-1.297987255315965260e+00
6.152736813433128393e-01
1.339988078477190925e+00
7.364913330762912214e-01
-3.703875886713828280e-02
-1.044167139929927268e+00
-3.387378688178328823e-02
-1.463733888648993675e-01
1.629133614090807480e-01
2.862173182267362948e-01
2.875198232890949224e-01
-1.298733041317384762e+00
6.916613938464443168e-01
-1.458970393770953944e+00
-5.145723785605103018e-01
9.247818380910057812e-01
-8.914767733990626164e-01
-1.186892343758267687e+00
5.818816281875720531e-01
3.675430380919958440e-01
9.613261496151528362e-01
-6.812807509679768003e-01
-4.373190753577697598e-01
-9.644406065646767834e-01
-7.957694612870216400e-01
-3.680705660602832663e-01
7.528751316612534161e-01
-1.133466533990043490e-01
-4.747452340780458635e-02
2.261396765701111089e-01
3.053626860859341985e-01
9.071650278874021645e-02
1.817020141506895947e-01
-3.768591009607569764e-01
-1.416175167282757719e-01
2.636539560699061036e-01
-4.180252117391649591e-01
1.162739993113784065e+00
6.243457882113833540e-02
-3.498149162640388776e-01
7.543846884099522088e-01
-1.106835084154942361e-01
1.025201909220936125e+00
1.323951362900995132e+00
1.439205989532977181e+00
-9.564752245177189360e-01
-7.563305412769547598e-01
-6.336929823935757433e-01
-9.268252941322009386e-01
4.854919444839403408e-02
-7.026829570330543895e-01
1.085661165995307265e+00
-6.042850001102519908e-01
-1.160726286888706049e+00
5.228513847206643639e-02
-1.802087001043026770e-01
-1.099473847819058825e-02
-1.196523647236823917e+00
-2.947644836596042262e-01
1.181204000715164515e+00
3.320197312804770706e-02
-7.053969912141175858e-01
6.401892740742617383e-01
-7.035356289663373675e-01
8.069408557455597375e-01
9.111154910379866134e-01
-1.853068367238764058e-01
-1.604226058985193992e+00
6.884838483078320470e-01
5.909506428600398431e-01
-2.733064511780228939e-02
9.600462541274716877e-01
-3.959733128329703811e-02
1.910450995063650348e+00
-5.791967601519011355e-01
-5.827465135904608129e-01
7.745387103939884721e-01
-5.589966665543796287e-01
5.985154984639483589e-01
-8.658244199532314500e-01
-9.442376748001656273e-01
-4.521206088716543947e-01
-5.440789075176696299e-01
-1.162062382318369558e+00
-1.171008099775289857e+00
-7.113808984228074950e-01
3.445907617312348736e-01
8.489801801568158668e-01
3.949464732981960435e-01
-1.544270423653555657e-01
-6.035436279655931324e-01
-8.198712207959396592e-02
9.621720369175928989e-01
-5.354969363509117786e-01
-5.515567567713207664e-01
6.775972302241390910e-01
-1.543246824245330329e+00
-4.305079142462236996e-01
3.378030298054848224e-01
8.422886177402965080e-01
8.907756625377181159e-01
-7.301174435308930288e-01
6.457169228767687397e-01
-4.592739953362423577e-01
-7.981814001033956663e-01
1.477171909212358081e-01
9.649700114940897855e-01
-1.628176363111101532e-02
3.053242561503267116e-01
7.607772574594467985e-01
1.319603995060842028e+00
7.622581717680707580e-01
1.068923452958197462e+00
1.037510258231271409e+00
-4.924653120591001576e-01
-1.209723311766927045e+00
-3.823574795815257166e-01
5.911054805261789502e-01
5.517682893186177662e-01
4.368170904934322030e-01
2.081047847995593225e-01
2.844213106710472005e-02
-2.093989509702564311e-01
9.847567328418493915e-01
6.868394341329570052e-01
2.707627625661822024e-01
9.698518407835556854e-01
7.407947885245074193e-01
1.241037435435039749e+00
-1.021912829373229581e+00
-1.329702786731781217e+00
9.772548968107461209e-02
-1.347063918078270639e+00
6.576113896610250587e-01
-7.253220557765467369e-01
5.207585492241815217e-01
-1.003202644591225656e+00
-9.582511661177625095e-01
-6.305461756035735110e-01
-1.280157174813546295e+00
-9.309912834191004516e-02
3.690582216874731536e-01
6.652146010023091138e-01
1.735390776799007051e-01
-8.199268903776748552e-01
-1.193069223693313363e+00
1.160181637087730894e-01
-8.596841492722353539e-01
-1.126645178321224572e+00
1.949234480462805008e+00
7.981454460811053808e-01
-8.070299086578014425e-01
1.860382616398995159e+00
2.897549058190009297e-01
-3.034439909363402244e-01
1.328720090656865915e+00
5.212662106115377447e-02
-1.417219531131132804e-01
-7.902706959067509196e-01
-6.266767440469566131e-01
6.966790592324534348e-01
-1.338469834717388229e+00
7.256343373939303509e-01
1.150385132577074643e+00
8.733401132325402383e-01
2.228031389910243298e-01
-4.164163431378579278e-02
8.368611465441396779e-01
-3.519729961471558255e-01
5.542549986866196488e-02
3.363491307181459833e-02
-1.402785142380648775e+00
1.071256189926686808e+00
-7.351455014194308024e-01
-1.371487660596664160e+00
-4.562234339065268651e-01
-2.175077906202060873e-01
-6.946517833844070289e-01
-2.518582647094192439e-01
