-7.954680286973626613e-01
1.389453246944047482e+00
2.348585888765301888e-01
2.016282552398773298e+00
-9.700222188262688228e-01
9.766678363125487206e-01
-3.702346750437470746e-01
-9.944445861834094735e-01
1.702038399351724074e-01
-2.651570747665715766e-01
4.034813006053109552e-01
-1.864253913583456268e-01
4.648981863646521884e-01
2.925907584591769250e+00
9.690279991376645752e-01
-9.119082828626917658e-01
9.165264749570446456e-01
-1.158075952323727842e+00
-6.111638614373224865e-01
-2.839240756792396070e-01
-1.992167322637470317e+00
7.081464058345132706e-01
2.399157977599793157e-01
-5.972374611380588671e-01
5.247291502608526503e-01
-1.009186607075852338e-01
-8.818274478271201922e-01
8.751513042689759159e-01
-2.270843363153621119e+00
-4.421938566648128677e-01
3.637882744177552974e-01
3.539936249373608068e-01
5.081514453352206084e-01
-6.416997733544373972e-01
5.778769307816917777e-01
-5.540881713845704493e-01
-6.250649244886163913e-02
6.952881431739682538e-01
-9.384151741188826445e-01
4.724096100736798753e-01
1.010779081245944816e-01
3.228500396924470217e-01
1.018643983429638744e-01
-1.000281098143859237e+00
-6.387228672943028041e-02
-9.917886422192261353e-01
4.987303897722289436e-01
1.100358987408986133e-01
2.898198923354236012e-01
-1.512082168574879482e-01
7.526899540343046091e-02
2.709293418699010303e-01
-1.402497401701019095e-02
2.872737281548334298e-01
-2.731716169465416844e-01
-2.790189657125947686e-01
-8.434961973877839192e-01
1.111428316999327315e+00
6.109144649833713192e-01
1.403046900430218624e+00
-5.051826630624192127e-01
7.693484960820511365e-01
-1.027672364589746312e+00
-2.610799411171956574e+00
1.091693156731788683e+00
5.771101313062696470e-01
-1.560650288374476169e+00
-7.607816461211789338e-01
-3.600521285077680211e+00
5.245150170146005708e-01
-5.560468764740595926e-01
-8.326697901843949090e-01
-1.924260534578315918e+00
-5.015177489778374076e-01
7.800920325276108347e-01
3.774657246951947931e-01
-1.503970200281834479e+00
-1.250698660889097091e+00
4.041809082387590735e-01
3.202202552803228852e-01
-5.323272371886563770e-01
-6.940361004588494476e-01
-7.660025002932450144e-01
7.625940308627229269e-01
9.412166092082823177e-01
-1.364453496650641418e+00
-9.615549739269848573e-01
7.484912002401340470e-01
2.035524236009818300e-01
-4.957646468462875156e-01
-3.535381264336426854e-01
2.553189981666394548e+00
2.924653264035497191e-01
2.902989798195311222e-01
8.437323809692363064e-01
8.281608426201007012e-01
-7.897494765472973244e-01
3.197160432367089022e+00
-7.655830031790905599e-01
8.536165270112912040e-01
2.150293464829607926e-01
-3.670026530790213570e-01
-5.462853792019280175e-02
-4.754330423308344988e-01
1.466070115017289455e-01
3.980455692576647664e-01
-8.241369030969150633e-02
-5.833363421586890141e-01
2.547894060093137680e-01
-7.818977299855472962e-01
1.480496055774871422e+00
-9.703250260640341462e-01
-8.829710227532181488e-01
1.083294168398831081e+00
5.741098879100998698e-01
2.608515261334380941e-01
-2.020469877393934188e-01
-8.011891069851583280e-01
7.810534616577384792e-01
-1.365945465263016079e+00
-3.162255728416887290e-01
-5.296522551560927106e-01
-7.887973075432828107e-01
8.366942662880458847e-01
6.107558686371157286e-01
-8.502768285918615998e-01
2.132623709750363361e-01
9.731775120320858008e-01
-7.792895746010817248e-01
-3.266014789636318416e-01
9.179250680963770836e-01
3.689060755242490330e-02
7.209521883475862314e-01
-5.649253265603466634e-01
4.226693042846465520e-01
6.241546499263229963e-02
-7.249385718942364942e-01
6.263530942885323638e-01
8.811354155840515068e-01
-3.876962578681595772e+00
-3.246508205106959366e-01
-5.262409343046103860e-02
-7.635194845010222497e-01
-8.220738948380337252e-01
-5.812727335702585485e-01
2.884216479420396162e-01
-3.362896947258779967e-01
-3.560570692284373284e-01
5.398609134332597037e-01
-3.620790688075613550e-01
-3.105589596416984399e-01
-4.446243918792706640e-01
4.135564361498992869e-01
-3.475939603183499926e-01
-8.994969359660223152e-01
1.467848793120653417e+00
1.027258582040467605e+00
-6.307000593364013863e-01
1.364896206504185416e+00
1.789132802076234263e-01
4.238293819996398204e-01
9.980679463928904260e-01
8.118556136867369766e-01
-2.401825403737195552e-01
1.574167804660256409e-03
-3.938427671006917707e-01
6.000917882619705157e-01
1.054596483769216553e+00
-9.336650175579703781e-01
-7.341513944062549868e-01
-1.691505275731690183e+00
-8.172526800826080962e-01
1.567530967922667884e-01
1.570582140881302102e+00
4.267134595047157586e-02
5.717974205051325198e-02
8.709075306166889907e-02
-8.501919493501177705e-01
-2.841098611470955770e-01
-3.264404908312016906e-01
1.298012581961997203e+00
-3.145883981149633080e-02
-1.278700736788791703e+00
3.993709040983861036e-01
-1.530552427002960458e+00
2.709858272135967083e-01
-3.606492595520918165e-01
4.455984503653560580e-01
-9.712878750390332439e-01
1.350122566156182757e-01
-7.957550548111529398e-01
2.279010942911197934e-01
-1.297798391608561974e-01
1.763252078032477854e-01
-7.567971189846179891e-01
8.055605574544817404e-01
7.943109447501259801e-01
-3.125003009905189533e-01
-2.556749469160706667e+00
5.019187234590054558e-01
-8.388856136671860586e-01
6.884391310439457179e-01
-9.441693372110699922e-01
4.711022515247722531e-01
7.376756724726726278e-01
-4.276461314549278026e-01
5.787881306279946125e-01
-3.577339916505662964e-01
-8.079356646806119535e-01
1.742019837204768495e-01
3.958634472017724670e-01
-6.159326998589467195e-01
9.020415342235502676e-01
2.955998799316619241e-01
-5.950190459477239235e-02
3.477149356475260911e-01
2.637074482433757971e+00
-5.492752587647697915e-03
3.691207973022576638e-01
7.549024009640123989e-01
-1.701641454986101420e+00
-1.203334559507565071e-01
-4.151804079445717277e-01
6.156787583895790839e-01
9.125078911518815783e-01
2.956097439168130503e-01
2.126014219034668140e-01
6.028914684725258377e-01
4.940801954777976901e-01
-1.553046400636333146e-01
6.926732359634131253e-01
5.904074188102019782e-01
-1.919470924144751622e-01
-5.856135673429259114e-01
-2.333119713087737246e+00
-5.193058380156512222e-01
1.363438102822229769e-01
7.360063879309119983e-01
-7.129534249493758580e-01
8.981238383382252888e-01
-6.592289309266885500e-01
3.297651479548233677e-01
-1.902008454818406580e-01
2.952479214887850922e-01
9.409427450639675783e-01
8.538327857100265206e-01
-5.478312883349973905e-01
9.903056826757445918e-01
1.549562234235551283e+00
5.197746310553882365e-01
-1.170468914047606834e-01
-9.597896290700903554e-01
1.494471659828536581e+00
3.267528208476262463e-01
-3.116023349126287867e-01
4.348247708918430154e-01
-7.958365779029485942e-01
-1.103360513399911369e+00
8.450750313142414427e-01
4.396905787439863156e-01
2.145251800208905824e+00
1.327858903168205984e+00
8.704847077330393201e-01
8.562769743239646569e-01
7.813111292328849267e-01
