1.366013986070939712e-01
1.109576468332443833e+00
1.139677945517993674e-01
-5.744033470690332877e-01
-3.339145993898239295e-01
-3.651150035052065368e-01
1.526924958877005079e+00
-9.826864821417473639e-01
-1.508421164709467521e-01
1.400622052495184011e+00
3.004118896746224010e+00
-2.361052351802863658e-01
7.167647809969166506e-01
-7.692728793103759122e-04
7.830852280836022583e-01
2.382605516643015453e-01
-1.770857555332569166e+00
-3.357065918818615824e-01
-7.796666834767311816e-01
-1.481494956007385344e-01
-6.672789945705623893e-01
1.995092236785451334e+00
9.364289380230008675e-01
-3.350009908030138206e-01
1.572698798263141295e-01
-3.904445680245608452e-01
-4.785579833952849360e-02
4.819607213850080063e-02
3.576518165987775388e-01
7.955283795859552365e-03
1.434477147675152775e+00
4.291872212905796236e-01
-1.464870340646814206e+00
-3.153022403813313668e-01
-2.302708180932368787e-01
1.470120302951339886e+00
-1.113965448230736843e+00
3.000988384648684004e-02
-7.810143234592775707e-02
3.820527932245426639e-01
-9.073793867092980747e-01
2.092247045838639685e-02
1.050524276877800256e+00
-6.297336203351406869e-01
1.015237979102460608e+00
4.325542632410003252e-01
1.833289228367740886e+00
-3.572383795721748578e-01
8.227279861336176392e-01
-5.511905887622861044e-01
-7.230961870705487904e-01
-2.343909209614119860e+00
3.500367334011781351e-01
1.633125354152483166e-01
7.990746522464984292e-01
1.337860898807260446e-01
-4.530487635214240916e-01
-1.451375022926064684e+00
-2.261378356272564505e-01
6.404871727991543473e-01
6.123633718655876468e-01
-2.632399933121722935e-01
-1.138988866403794820e+00
-4.480471462135675154e+00
4.644744003777087071e-01
-9.074663496263455364e-01
3.091506533205630181e-01
8.725196477078830948e-02
4.037138768754315876e-01
-2.079786948975456684e-02
-3.988350221243242011e-01
4.854791777306852185e-01
1.083396769696603812e+00
-6.212850689397502180e-01
-2.940869965949685083e-01
-9.817272346646377379e-01
-1.185451759772531144e+00
6.841690311819591530e-01
4.745989065903674642e-02
3.400163647778525755e-01
5.522819837101329288e-01
-1.246922915758907902e+00
1.989939634087274367e+00
-7.766370700491900814e-02
-6.143651828948923921e-01
5.762594712453213974e-01
-3.315393700998329196e-01
8.427607556279033130e-01
1.568085347421191433e-01
-7.969391847596887235e-01
-1.113983225480267292e-01
-3.869055020607150563e-01
-2.251909753707707740e+00
6.896391967631245734e-01
4.201666193558859508e-01
-1.132291159826953386e+00
2.361628799645014432e-02
-7.624773684771271043e-01
-6.688526171136697229e-01
-8.817632052281700883e-01
-2.547427587616365452e-01
1.278345218006566641e+00
-4.664905190012598735e-01
8.801430210644438368e-02
5.780647299059327171e-01
-2.795784167650028351e-01
-2.556897648260998412e-01
3.192500267083053345e+00
7.533189046105162046e-01
-2.006360233046328712e-01
3.651621696626837221e-01
8.768889996656930030e-01
-2.979075744188277586e-01
1.950160579792345472e-01
1.159286751608301635e-02
-1.584197078833843864e-01
1.065431308339870764e+00
1.540004279420518207e-01
-8.663549374451181562e-01
6.146872054125154250e-01
-3.892133707098712758e-01
-4.247841132553555887e-01
-2.681402974502811176e-01
-3.579395968050880228e-02
-5.106455641565339487e-01
9.359579001287118838e-02
2.497933345686055517e+00
-4.161978962134896265e-01
5.163584247909442926e-01
5.709229328772866957e-02
-1.396276616437737705e-01
7.734951356316048798e-01
-9.052954934384885299e-02
2.876883547238626160e-03
5.672222422288550892e-01
-7.596977689508443987e-01
-1.493727420513552229e+00
-8.289371143615398285e-02
-4.220906056018315644e-02
8.127948658240078394e-01
-4.232832152932922698e-01
-1.334166168034042754e-01
6.977750975783887366e-01
-6.801753308789532104e-01
2.476132815187572500e-01
6.140946303871133161e-01
-1.219257235682114526e+00
1.004734655807046018e+00
1.895200732580760716e+00
2.951946772459496104e-01
1.208414190630285878e-01
8.751096230374616480e-01
6.262294803917178854e-01
2.940914034826658252e-01
-2.670897595329146945e+00
-1.243051098703356755e-01
1.000109753015896857e-01
-2.413654447414803061e-01
-5.490754916311426648e-01
-7.212824951979064370e-01
-7.483250950020143843e-01
2.229020592636042630e-01
-5.935955910103798416e-01
1.961615436246494593e+00
-4.136569326749372166e+00
5.039074717674294490e-01
-3.490779685315252845e-01
2.807371985521873725e-01
8.952466560869560830e-01
-1.679050795310011779e+00
-1.568485317524792588e-02
-2.124608309696371378e-01
3.087033795918844858e-01
1.857106134037228795e+00
5.279263001498418761e-01
4.642310807931636640e-01
-2.182382582718498942e-01
9.960242439391414626e-01
6.256760811349135198e-02
1.790440823385943681e+00
-6.827645336336081172e-01
1.208277485311674226e+00
8.056434851155902521e-01
-1.023881447422577695e-01
-7.488314298810395675e-01
-5.527888805949801032e-01
6.310715855894668547e-01
5.845875547174836928e-01
6.193937403132299124e-01
-3.084806107546183562e-01
5.947030926053181732e-01
1.009160502009564420e+00
2.856286520938935633e-02
1.034776408898238964e+00
1.956391031124654400e+00
5.883994629959201639e-01
-2.118373206007643506e-01
-7.434386126482701584e-01
6.633281117187213027e-01
5.618476545385212018e-02
-7.123110870746891532e-01
4.310565723874392741e-01
-4.137202538891378012e-01
-1.725331278306234672e+00
-7.767783138510331309e-01
1.097536231636449533e-01
1.978191281575269467e-01
7.931229333768443635e-01
4.372196691454535156e-01
9.475457208055231284e-01
-6.552376072077039648e-01
-5.920168605394338091e-01
1.463559838610760111e-01
-1.584489654390250010e-02
-6.178648838681823907e-01
-2.893311806069376324e-02
2.261226487861159595e-01
-7.650275035308226612e-02
-3.014355655359005626e-01
7.079452829683509085e-01
1.564953547035750903e-02
5.997483379614076959e-01
5.552817535200313959e-01
1.579306572130321218e-01
-5.944315677459570679e-01
8.793233019914700743e-02
-2.632692572137798059e-01
6.227916566961804179e-01
2.535797270661891423e-01
1.051254771783588920e-01
-8.042487749514550810e-01
2.643010166405864725e-01
-8.815845660967319697e-02
1.012334982387940840e+00
2.012177495165834884e+00
-3.689913543304321752e-01
-6.680375612092819271e-01
-7.794575461896200430e-01
4.405806893402566260e-01
-1.974283716277054346e-01
-1.364266656530719546e+00
2.436335341580561087e-01
2.181921269103439531e-01
7.124134419968817244e-01
-5.557054085383388298e-01
-1.627382037678795079e-01
-6.051838201929726768e-01
1.600731302652034227e-01
1.314777607716608898e+00
7.947940608108244875e-01
-4.182809758981588244e-01
-6.462805196450118750e-01
8.773771202452733675e-01
-3.563870561144607541e-01
2.026488920796822718e-02
1.062925238893983604e-01
1.374346741288448026e+00
-3.166689134920865900e-01
-4.325507024999910577e-01
5.959562034612315706e-01
9.733719232305215741e-02
-7.598902449598808895e-01
2.013029201973606450e-02
2.592286180586903521e-01
-1.615158784572330308e+00
