3.595603677366389084e-01
-3.768469665538266011e-01
2.191518422297273616e-01
3.887938049784114281e-01
-8.057411714789278201e-02
8.948919647572692315e-02
-4.646042636662999770e-01
6.682819023330544006e-01
-5.549471750394725511e-01
1.174170790752858906e+00
-7.647464972293696595e-03
-1.442953313703360330e+00
5.206160218117168448e-01
-2.484185033226157524e-01
-8.927136424072015242e-01
-5.295140194523810795e-01
-3.390019467272221143e-01
8.617081623582591998e-01
-1.217471891641056736e+00
1.121510103116683865e+00
2.115494202895230047e-01
-9.515575826422176808e-01
9.806757715728708913e-01
4.089597199342522860e-01
1.203426708346143625e-01
2.780268382073445288e+00
1.000065191809902665e-01
-8.332248906323340698e-01
-1.350770176673176393e-01
-1.091827130232426168e-01
-4.386257867897436213e-01
2.776885806643814014e-01
-1.091065889568032521e+00
-7.133501524536615956e-02
8.524673110966713985e-01
4.101139985368850160e-01
4.177119657976134937e-01
-1.313299954298257299e+00
-4.292735601588126837e-01
1.660939509201909137e-01
4.573461699279727233e-01
6.685196130105841572e-01
1.436791658881287459e+00
-3.417005173506880711e-01
1.585214577517564671e-01
6.529079051525660260e-01
3.852643128175043952e-01
2.739838612707413690e-01
-2.185578243238289753e-01
-4.528870376668243103e-01
-3.547983754254947497e-01
-4.019685667612378221e-01
9.678674779825291452e-02
6.749632506889365891e-01
-5.164147042431876944e-01
-7.511538063077596861e-02
7.093313938362366677e-01
-1.694022736692152975e+00
6.713257616636067460e-02
-3.820561021984272276e-01
-3.927158259847342570e-01
7.801101803392285206e-01
8.070988021779420540e-01
-7.225873938118343442e-01
-4.791124631372581932e-01
1.629950330515880452e+00
-1.606814585462994494e-01
-3.204543895992286728e-01
6.519797276901968530e-01
-1.226746829920150189e-01
-7.047262709471968645e-02
1.938354361651882796e-01
1.395860595766120205e-01
6.339137891486228416e-01
-8.771848421985952715e-01
1.262064338582102874e+00
-1.990533927101679340e-02
2.447175948925787714e-01
-7.207000357626081044e-01
9.034795013365443106e-01
-1.902615372461796683e-01
5.235512998599602952e-01
-8.859951784808451913e-01
-8.553384541511503958e-01
-4.016985784084335931e-01
6.175919154247713205e-01
9.659006082443908348e-01
-1.038697698088193677e+00
-5.960549189812666127e-01
5.412425858012066826e-02
-3.849583440279600310e-01
6.859169463947931700e-01
1.033620161531267900e+00
-4.303798135875777087e-01
7.930890692882531789e-01
-1.153171336468578612e-01
-2.700218181559247421e-01
-2.473334617897603449e-01
1.564425539786790775e+00
8.244319800629638095e-01
-4.396853969867586809e-02
1.609694163598988093e-01
1.454555271060302135e-01
6.916574147975298459e-01
-8.868560385500723342e-02
4.193178113416349273e-01
5.630195904897254966e-01
1.322123070190440064e+00
-1.178572669796595501e-01
1.839445789494643879e+00
3.053769622655551075e-01
-2.249496062791154216e-01
2.676980149281608767e+00
-1.043765211821776173e+00
2.432653911608905761e-01
1.285500021131088744e+00
-3.528350787620656015e-01
3.797998364601538057e-01
8.583548100942928194e-01
9.784511810550440281e-01
1.288847595368883825e-01
-8.945958126458744553e-02
-1.192229282504023713e-01
-7.592724790101703647e-01
1.217512076392623932e-02
-1.013154449603279605e+00
-3.686725061324638286e-01
-3.387658680280019041e-01
-5.148390845436122687e-01
-7.205488144731211353e-01
2.208200078339411121e+00
-4.781248913913583864e-01
-4.516149944731191745e-02
-1.526876431268807455e+00
8.274371860495637332e-01
1.951418590559120536e-01
-1.728672251470532994e-01
1.537986473480779104e-01
-1.160519874487774494e+00
2.763623714367698936e-01
1.218460423262158754e+00
1.180307077995476350e-01
1.399641024573917703e-01
-2.407738562095439461e-01
1.052239477683427848e+00
-2.393176673592553039e-01
4.955085322454648444e-02
-1.146754875043063393e+00
-2.470882126842793292e-01
-7.135271803545379932e-01
3.094264419620435524e-01
4.449365074345601467e-01
-3.816678041597261206e-01
7.165934952819155157e-01
-1.020162123209886473e-01
-5.578077913049848124e-01
4.211852428563411799e-01
-2.994147553449783006e-01
8.688815630052426631e-01
1.281087046878772506e+00
-3.829055636768858295e-01
5.737266053487863893e-01
3.443349386524474087e-01
-1.276300929473870749e+00
-5.746452533976729171e-01
-2.694717809570965072e-01
-4.291362953246147249e-01
7.166335335622316949e-01
1.294150017300773170e+00
7.163714218814529189e-02
-1.279706286540193583e+00
3.280028352730331442e-01
-7.006502164024650536e-01
8.880565840000020916e-02
4.407898222599677673e-01
2.001311373659777626e-01
-2.651324196458415550e-01
-1.868750820045822492e-01
1.602894094002462300e+00
4.574970535377934633e-01
5.815886599319731731e-01
-1.290295848768218345e+00
1.167736725658451657e+00
5.874467893468833246e-01
-3.321442092620207065e-01
-1.059501282003506434e-01
5.526108541426433263e-01
1.702824125367869423e-01
-5.082774682381425713e-01
5.936087786767547669e-01
-1.305972348422970719e-01
-1.078038902161359669e+00
3.527628097605391977e-01
1.178167132334465572e+00
4.327551039989605552e-01
3.414031954643990674e-01
-6.722680480997702546e-01
2.044245718136860901e-01
-1.313010201753346262e-01
-4.853269337489260482e-01
8.945576529126330056e-01
-8.017716921627144888e-01
6.604150368571206631e-01
-3.582756463861015983e-01
1.355588655543931598e+00
-9.564391401683691729e-02
-1.496641248855651862e-01
-5.639745193340864882e-01
6.826083258049079339e-01
-2.279567237807432534e+00
2.671345738687596061e-01
-2.798900574181558687e-01
-9.343647217821088313e-01
-1.465611450710100350e-01
1.361151016456949026e-02
-8.014345444206039115e-01
5.741912330723355495e-01
-1.975376745352813712e-01
7.177826360878214462e-01
-7.303609004647594327e-01
9.011822715025428199e-01
2.780514271541710158e+00
2.877837680718201563e-01
5.716591529951204897e-01
-3.939649070205421544e-01
7.471807516123502024e-02
5.230516040945003553e-01
2.247390951060363184e-01
-6.198691607827428590e-02
1.169658877551980336e-01
1.933975827061917618e+00
6.319631828214751224e-01
-9.400134323918521995e-01
1.368805360571097918e+00
9.050108531949291324e-02
-9.366701280541168684e-01
8.429608952401487221e-01
4.057204558687511620e-01
2.487309208252578285e-01
6.540882447240639053e-01
9.007870399142259288e-01
3.385813570490968372e-02
3.778630962266819049e-01
5.871613779373703323e-01
4.991063691836284399e-01
3.348158815746837130e-02
8.236938190693063877e-01
4.564725545519721095e-01
1.560414327150068559e+00
3.372765993266624296e-01
-7.057840884486721311e-01
-2.037604611149740619e-01
-3.585127768744960086e+00
4.694404592242098495e-01
2.032596034256349604e+00
-2.246614938538423978e+00
-8.542242270415485450e-01
2.434270128351337104e-01
5.021684298846395000e-01
1.029123661412763013e-01
2.338938747795955841e-01
3.335584778935994921e-01
1.354056428403599632e+00
-2.182814460495936804e-02
-1.242804058147350066e+00
