1.522652286409038824e+00
1.854823507191442511e+00
-2.389295415086463703e-01
3.102339376718027952e-01
6.329893714310513841e-02
-2.761022388370446556e-01
7.219262390929550577e-01
5.394386706221182548e-02
8.579782708154634063e-01
-5.777256100953999107e-01
-7.835945273285903623e-01
-9.457233945229586158e-01
-1.288454906706342440e+00
-7.528780336193406919e-01
5.967710395144320001e-01
-6.294815088587601970e-02
2.034704317043223298e-03
-4.550817084097463217e-01
-1.828805107776522831e+00
8.163482856653963005e-01
-5.101909035901734946e-01
-2.490323336185082670e-01
-2.716016732185781435e-01
-1.394476561776109014e+00
9.534203366474319763e-02
-1.120019689315419731e+00
-8.901994646088405849e-01
3.235669459648916058e-01
1.466677293033132212e+00
-8.715793284173687372e-01
-7.409523956429568958e-01
8.106787673740640798e-01
3.271205365800134435e-01
2.617358948125420026e-01
-1.493701536064252711e+00
2.018823768264586871e+00
-2.122645417698612313e-01
1.682820516683645184e-01
-1.358097044037859025e+00
-1.190395694661382064e+00
7.415622060086000111e-01
-1.343589012257783988e-01
-8.387569146935709430e-01
-9.202741816289004007e-01
-1.047215253889588693e+00
3.755011115543275269e-01
1.260368552255459074e+00
3.669957411724215635e-01
-2.478343760800808260e-01
5.089687873527811712e-01
-1.052216498456063132e+00
-5.171853020424580505e-01
-2.414267248715092351e-01
7.715557383492698262e-01
-2.186179239145223385e-01
3.788929920311323585e-01
1.462813706300054029e-01
-1.072451760935803522e+00
2.085960054561806776e-01
-4.965617993468564029e-01
3.609611235674885510e-01
-6.215025719922915304e-01
3.005470525436557683e-01
1.515192509342638827e-01
2.305037598887479944e-01
1.209628558462149533e-01
3.546345865010573917e-01
2.360257869126447972e+00
-1.218138028793457339e+00
-1.982471151628799333e-01
9.187327259993446904e-02
-1.276950651757273514e+00
-1.915601284745257482e-01
-5.677926222619118501e-01
-8.278220212021752955e-01
4.990165074149804925e-01
3.006090601836053366e-01
3.096758810940657414e-01
-6.648405447567846682e-01
2.772052490388274282e-02
9.443616712834874694e-01
-9.866915643045373052e-01
3.497572638063015105e-01
-1.651215120947693571e-01
3.526441980102281160e-01
1.184820374206927429e-01
-3.178964611801755880e-02
5.696375648901580435e-02
3.471825517054087928e-01
-1.004825708190880906e+00
8.178660365891678996e-01
-7.214753837730407682e-01
-1.332275325208781336e+00
-1.335807918602874012e-01
-6.697699469979372378e-01
-4.224166964736109087e-02
-1.046797028250086026e+00
5.714915866077689977e-01
1.468749965575511851e+00
-2.564887132247734014e-02
2.454087279468237792e-01
-6.192290809974663329e-02
-7.984666613564134208e-01
8.813015385457134698e-02
-1.791512190530459292e-01
-5.286364274783177386e-01
-6.331070774957771041e-01
-8.160991216201032294e-01
1.299864288190986095e+00
3.126425819317988353e-01
5.291508405938722959e-01
-1.191097176602561980e+00
6.680081764943408551e-01
-1.843625442546594217e-01
-9.255690970230123771e-02
7.126167868983258602e-01
-2.004438852100332458e+00
-1.200283471405451774e+00
-2.677962069071185613e+00
-9.520847710227147154e-01
4.870351946213113958e-01
-3.149795175952754267e-01
9.544672256881669981e-01
-8.175770807009937746e-01
2.458241714640070630e-01
-4.472363140315623320e-01
4.849032477987791356e-01
-6.107226223663697606e-01
-1.263480995237638849e-01
4.262207048306757007e-01
1.541400662018188594e-02
-4.898101829779443750e-01
1.368253194619434954e+00
-8.712905083573655451e-01
2.407102605585305366e-02
-7.932497241736913285e-01
-7.439891751380663942e-01
1.491692849239287799e+00
-1.213371867990032493e+00
1.075655190949877493e+00
-1.856943326414779993e-01
6.122325537599094814e-01
-1.100975102242683690e+00
-6.251088395011389354e-01
-6.172029494045773168e-01
5.182742667291915240e-01
-6.295030061229939244e-01
-2.412406507804179423e+00
1.267604263456829916e-01
-6.354392370314684291e-01
-5.385795551827229355e-01
4.399571831991558324e-01
-4.623005624815810233e-01
1.238602009027708201e-01
9.287440477936256267e-01
3.426595202170236165e-01
-7.698284202119627384e-01
7.579925887056638834e-01
5.652034447028649877e-01
-7.272444465686136450e-01
5.940019855359874867e-01
-2.239751654470709952e-01
-5.426428286219132230e-02
8.142032446947604640e-01
5.691499474832393268e-01
-1.176357981673614717e+00
9.828926627739906774e-01
1.272868304450754939e+00
-1.638022176509779104e-02
1.744566265821253237e-01
3.535910817318782762e+00
-4.595986899572948037e-01
-3.073145366218720809e-01
-8.930991827848424602e-01
-6.118704309533271046e-02
3.316641667448557707e-01
1.392198240027694212e+00
-1.610389870715940752e+00
-8.010040373769497513e-03
-1.763604183116545543e-01
-1.592916240405451100e+00
5.426374228264700950e-01
3.644914453559394141e-01
-2.134655320051166427e+00
7.442181277252768457e-02
8.417358602651360266e-01
-6.590299461661091041e-01
