5.874615094124241432e-02
2.124509555679851225e+00
1.819488137059461497e-01
-4.285193122917694275e-01
-3.610756883936397932e-01
-6.088510029549253355e-01
4.447293903072059296e-01
1.440174259219489244e-02
-1.352658295673176747e+00
-1.952775367254677485e+00
-1.916383448412110946e+00
9.013109001154544497e-01
6.606532787683567776e-01
-1.458909830593729584e+00
3.263307513281622274e+00
-7.967928043344527644e-01
-1.277836987884531039e+00
-1.789226647683817006e+00
-1.301250260338286946e-01
-1.373346106712385994e+00
1.205795121937415448e+00
1.489632590418731528e+00
1.048926244960840304e+00
1.427964808947812247e-01
-1.089257702626930335e+00
-1.819080375840168795e+00
1.523791930656740456e-01
-1.089445967476587507e+00
6.222534515221953555e-01
-1.731848406913497618e-01
4.765568302607064433e-01
6.824668010746511859e-01
2.845254595927754870e+00
-3.563095966233482681e-01
-5.642328945212031766e-01
1.275009732646625871e+00
9.856945170745307072e-01
-1.416393005843217034e+00
-5.865463039101909137e-01
-7.649036314798788316e-01
4.742775464824471321e-01
7.916908646574423447e-02
-2.371960591143593700e+00
1.567239389263560323e+00
6.633630859614072506e-01
1.475333632714268983e+00
-1.301150986385088526e+00
7.683881108329809750e-02
-4.531997215074503593e-01
-1.089706441195945175e+00
-1.177414530257193448e+00
-2.807745080117481695e+00
3.226417574695770174e+00
8.931181317149686771e-01
1.696276089993213443e+00
2.823818794088158723e-01
5.806519587805719640e-02
-1.730631710902792997e-01
6.946326112953663534e-01
1.952604647693994555e-01
-9.820770952017715549e-01
6.060501540832441414e-01
1.397955106977490480e+00
-3.211525954667825145e-02
-2.504513646749962352e-01
-1.765702972520845071e+00
5.480286434726301392e-01
1.043469382680857871e+00
8.566742731564844782e-01
-6.540787222173612969e-01
-1.828348861256942071e-01
-3.577974270052334260e-01
8.551680771101553835e-02
1.870875592088646899e-01
8.605320620400833675e-01
-5.403505931509978710e-01
1.193668548448943018e-01
-8.230462716935867951e-01
1.741277612579698930e+00
-1.891340302115960492e+00
-4.062381874150917116e-01
-1.413945265747519775e+00
1.482236612575658530e+00
-4.717350363276791025e-01
-1.502255489068183847e-01
-1.302335399080405409e+00
-2.426399241829060860e-02
-2.146669991340932171e+00
1.924310910435135913e+00
-1.094184094242164340e+00
-8.323926208631020618e-01
4.685966282979738828e-01
-4.547736557606159025e-01
-8.976375295290273115e-01
4.815561108177826011e-01
-1.632944006031451734e+00
2.209102807290104498e-01
1.066795938917573405e+00
-3.995460300178364510e-01
2.087113399983523188e+00
-3.156748778218214646e-01
-1.374064495502307359e+00
1.571931163776210116e+00
4.404082652273734189e-01
2.623424579759997544e-01
5.064546242873956272e-01
-2.486051584949453275e-01
5.439020337338525968e-01
4.067801350977768848e-01
1.506677698644672159e+00
-6.455975260776446456e-01
-1.130465475936828224e+00
6.151110259959385873e-01
5.325035152158336116e-01
-7.139553306036826585e-01
1.146127967657384117e+00
-4.119650139534771771e-01
9.095087235363757960e-01
3.742580645143533391e-01
1.767665604354847764e-01
-3.052945645370234717e-01
-1.545047639053909183e-02
2.231730690963814601e-01
-2.550465079410272479e-02
7.061889880528192664e-01
-9.581150767965693760e-01
-3.339791193715971884e-01
-1.229824432677248280e+00
-2.425620862422157575e-01
-9.789133638531946069e-01
-6.557882917761381769e-01
-9.738418220899875966e-01
1.390405984726910127e+00
-3.598358928449237881e-01
6.843197500564710545e-01
5.076596939704522971e-01
2.138672438326236325e+00
3.490411441934633263e-01
-1.204840949107070236e-01
1.797205756913462515e+00
4.469183051656647754e-01
-5.338612308884045365e-01
-8.789446690126062611e-01
1.955886524229508705e-01
1.012511655736783256e+00
-1.081252779798989483e+00
-1.636748755595317739e+00
-1.698940282222026754e-01
1.462108888769788839e+00
4.843495283536256024e-02
1.160220984442526193e+00
-1.000553659353593972e+00
-1.084480516166200226e-01
1.879810808830384150e-01
6.977589964794578270e-02
5.757653356377653298e-01
6.464678421763165872e-01
3.545383545769146272e-01
-1.376260974891802658e+00
-2.179513089009845306e+00
1.770445540057226541e+00
1.394380437868717237e+00
-2.140553434603464367e-01
1.400557336624963511e-01
1.124844931291403505e+00
4.389364168915884656e-01
-1.121635265921605118e+00
1.052417917810938963e+00
2.147810024445271637e-01
1.425704111518866890e+00
-1.317107343815158371e+00
-1.823090007551159575e+00
1.071714083464653910e+00
4.327783667054346806e-01
1.784563569007742379e+00
9.984304227935419940e-01
-4.293543840588066873e-02
-2.206231073903368589e-01
2.885921546104153745e-01
-8.839463247757861630e-04
-5.435263302466848412e-01
-1.041562238089862591e+00
-2.163863903392945209e-01
6.880224445964681079e-01
1.612042065462773621e+00
-9.810504888734182527e-02
-7.717122287778189760e-01
-1.131841395518367932e+00
-5.462773921208531336e-01
3.481415343658947892e-01
8.125674348468894248e-01
-1.678332993980335697e-01
5.778038769126581098e-01
-7.134657706784079956e-01
9.300195744880148663e-01
-7.494378207576116724e-01
2.105880189602351293e-01
-1.135477217062843991e+00
1.324491989765589128e+00
4.988621178859971028e-01
-6.501992699717985547e-01
-2.412258269387944631e-01
1.038737716540927503e+00
1.197096631480822237e+00
2.060673940918844149e+00
3.405359894360177227e-03
1.393261403355908312e+00
-1.523020205016746731e+00
-1.550425213636876659e-02
9.358975183393227759e-01
3.069241291857801590e-01
-1.610265168352291276e+00
1.596119380467997395e+00
-6.964879177485194806e-01
1.749392123110129260e+00
5.903231668408167598e-01
3.107347470531644507e-01
-2.936722611069961797e-01
-1.862076412847671336e-01
-1.079393839452691184e+00
-7.853145248008190915e-01
-4.045476505527882960e-01
-2.648498591292285376e-01
-1.022891710516877772e+00
-6.168815585414690883e-01
6.115939173973152787e-01
3.994388624729240389e-01
2.269265168080983219e+00
1.387468727811159930e+00
3.345281413143084137e-01
-2.674757822427071274e-01
9.960208668226918638e-01
9.767024153389480823e-01
-1.383457919827687510e+00
-5.527745461980400343e-02
-8.438890275558781351e-01
-1.992697155659726826e+00
2.138972442436149812e+00
5.373311218648000320e-01
1.529026809860422054e+00
1.295740875255956936e+00
8.484000821027918304e-01
-1.117388039486412410e+00
-1.334991329472096755e+00
1.082764515095888669e+00
6.211773531087454447e-01
-6.894923385696904994e-01
-6.036943435370147881e-01
-4.872731539413553414e-01
-5.905676487003692632e-01
-8.599740028160341998e-01
4.673971534808861739e-01
2.685804306472641678e-01
-1.129581752069020784e+00
6.279817239248929317e-01
-1.110976643288146493e+00
-8.861059967908405666e-01
3.253247336874756090e-01
-4.768174427729461318e-01
9.865671992667469636e-01
6.485086138570433922e-02
-1.663270464740734811e+00
-5.127777101303824248e-01
1.954554603169838423e+00
-5.877194162203719374e-01
4.388412285380225986e-01
-2.544974422832585237e+00
-2.132951799922152558e-01
1.736711576738330320e+00
-1.914147293438808184e+00
1.989438985350001632e+00
1.912810998653486361e-01
6.876652484427365764e-01
8.611579294655172800e-01
5.797350981018059013e-01
-6.739756976217466944e-01
-9.797777018833061513e-01
8.150218606919771291e-01
-7.889538029647246153e-01
6.159740855037912910e-01
-2.448208599377581507e-01
-6.497572321357920622e-01
-1.929239127618933014e-01
-6.454955939472051263e-01
1.519756749378216254e+00
1.726015397038548782e+00
-1.148665836169720622e+00
6.578481012384626014e-01
1.106197286429625670e+00
-2.074846532537854227e+00
1.011910053175509194e+00
2.353497701910583495e-01
4.292589418220007502e-01
-2.082028145304852362e+00
-8.883206264558075604e-01
1.054463590083144275e+00
-9.221507375194639700e-01
4.734421673298759292e-01
2.180449752562158672e+00
6.111379069072020442e-01
3.308390868332173884e-01
-5.935291064977976649e-03
-1.301502795847698346e+00
5.628829749398570614e-01
1.833674405447237366e+00
-2.677063253195924863e-01
-7.859651707429038403e-02
-9.461414569096660010e-02
1.156219289918777038e-01
-2.797884668753868098e+00
-1.967600411955790163e+00
-1.197671686544337921e-01
8.005887113664779120e-01
9.007579289527766209e-01
8.622926182866091915e-01
7.028758992528081340e-01
7.271636516250740145e-01
-8.169473281840788914e-02
-8.350405890130199182e-01
6.542850223921519159e-01
6.080353932859809962e-01
8.191742985634480334e-01
2.359671012784680499e+00
-1.373466449550308388e+00
2.268925371244213007e+00
-2.063884163513662051e-01
-6.475748463676214151e-01
9.326419636185321327e-01
-2.141628370240868939e-01
-1.021453214831135048e+00
4.363799057435817086e-01
1.713393998104165705e-01
7.937588919567373225e-02
7.588483380035957460e-01
1.321645210716808849e+00
5.236352647331190546e-01
9.333751659050428806e-01
-3.341478892773617204e-01
2.411984793648352277e+00
1.942576544505374495e-02
8.292482257732050055e-01
3.073109190429038406e+00
-9.478527412722409506e-01
-3.402162970596231961e-01
9.518623580780487536e-01
1.604161403400251595e+00
-1.994771685262641814e-02
1.318347313936683696e+00
1.861296481878090825e+00
2.666271092281440741e-02
4.087268605782405362e-01
2.003642498261801741e-01
-3.305034909848423852e-01
-7.871530602689740252e-01
-2.148536378657112333e+00
-1.464586148707805346e+00
-1.239222961069899043e+00
-1.898106680300010174e+00
-4.763401482271665266e-01
-3.080713183527284404e-01
-9.258679992172195172e-01
-2.939303199626168261e+00
-1.047736376033557626e+00
5.791055404687759367e-01
-5.950791566915267783e-01
-1.368192790887929333e-01
8.509085843011534589e-01
1.011214373347259832e+00
3.500010956162754039e-01
