2.909822470647589476e-01
2.608159087447681657e+00
1.469776506646013337e-01
4.029191601816252133e-01
4.385410401876906339e-01
1.187323810839290422e-01
1.764638776964466693e+00
2.954583200029029522e-01
6.915766683341657561e-01
-6.713455247709453344e-01
1.156395352382275921e-01
-9.951228090249623071e-01
1.013697297199340985e+00
1.123667450600240647e+00
-1.111514911855679522e+00
1.235346634454807191e+00
6.812740755232415957e-03
1.128975340709715391e+00
6.595305544699089917e-02
5.361733753916526624e-01
3.898882598057422655e-01
-3.826453479978273453e-01
-5.172620801140692670e-01
4.160940636024977324e-01
7.920842821850329063e-01
-3.565485219040646081e-01
-6.080313360008734146e-03
3.314032301093686961e+00
-8.343379319127777194e-01
2.283844024648046533e-01
6.025261733160220956e-01
1.755426965074001755e-01
1.806462755749649096e+00
-2.884962937692290286e-01
6.518174666164193720e-01
2.033400463015429871e+00
1.028485200924019072e+00
7.078370238118236735e-02
-2.088013487054747042e-01
-2.247950495891277434e-01
7.461039674698295432e-01
2.763694612337342926e-01
1.748048897296408111e-01
-4.450000572661453879e-01
1.454161406746555141e+00
-1.427722314118196500e+00
-1.232345764769833818e-01
4.922415850251989911e-01
-3.229193466188589046e-01
4.489855925081587262e-01
-9.188211069218185090e-01
-8.342422804298313954e-01
7.106691112560905577e-01
1.661394322600652451e+00
1.058173013599673862e+00
5.007020977617981927e-01
-1.060450832271281563e+00
-1.779078652723041221e-01
-6.199698652214742367e-01
3.813228043653433819e-01
1.456182198768248282e-01
-3.257839379249193312e-01
3.481762354042353680e-01
-6.691679441199894773e-01
3.148257746734614004e-01
-4.536820905891711386e-01
-2.124322712232511179e-02
-5.965302336940974115e-01
-5.303266269038016123e-01
-6.433063081253954651e-01
-1.588623037126267734e+00
3.158385694656358211e-01
2.492204409379336294e+00
2.251246857553644287e-01
-6.040330919860995573e-01
-5.707184348888294512e-01
-1.767146598807344482e+00
-4.249368428745152748e-01
2.250202565925525922e-01
-7.694831446838928946e-02
-5.982994639051142371e-01
-3.464700895961161375e-01
-4.367484396839463878e-01
-1.605554687980030870e-01
-9.135541703714300521e-02
-1.027719800190609600e+00
3.795461338923347694e-03
-4.748695475728420545e-02
1.179553134492833166e+00
-7.114597881931714607e-01
1.231820289964737691e+00
-2.758368409438548552e-01
-3.088943950907754865e-01
4.077101859696898867e-01
6.918734317328851802e-01
-2.344003032720047841e-01
-1.279611747474473926e+00
-2.839593370408912243e+00
-4.035066150562096055e-01
1.439106262000287462e+00
5.484453783202293542e-02
-1.821981428688562721e-01
-4.195133060925981816e-01
6.819347478593280609e-01
-6.299494728244572905e-02
5.057816866484712293e-01
7.843802815993616839e-03
-8.987679110362389867e-01
-5.053542140771269953e-01
-2.754013358706389081e+00
8.016138843814695214e-01
2.395814410103882075e+00
-6.960907380910035247e-01
-6.010101637400714347e-01
4.875174924723885139e-01
-9.493393465192050407e-01
9.857633853027989446e-01
2.516537955758403333e-01
6.035010237969395952e-01
9.297855641572501106e-01
9.915154817368824203e-01
-1.457872492309021384e-01
-7.314339774598794808e-01
-8.713201901758194090e-01
-1.319627272285870123e-01
-2.025837728978543417e-01
5.920357329828940252e-01
1.711573826301635570e+00
-7.703619390935947386e-01
-8.613447636119422324e-01
-6.554107561286102168e-01
-4.836075849535725890e-01
-6.645746275302616413e-01
7.208463196468437584e-01
6.184482768776782269e-01
3.358414549421896433e-01
-1.697003393461087750e+00
3.106923137596344642e-01
-5.595711163070467009e-01
-3.307952019540200350e+00
4.649858409691597361e-01
3.804673391410258176e-01
-5.034973991188538278e-01
-8.953727850393188303e-01
-5.719905093960709896e-01
-1.216485898129860299e+00
-1.826844884595278939e-01
3.808637792841592096e-01
4.704908231998827794e-02
9.625118448014768902e-01
9.368375040469043569e-01
1.165539421650153340e+00
7.520983541205976675e-01
-1.157187051008637280e+00
3.853135484160898905e-01
9.215049594814023193e-01
4.574224116601124379e-01
-1.262951021423660336e+00
-1.547280591639680791e+00
8.907388588488167613e-01
-2.898485726159585885e-02
-3.427455179564051768e-01
1.579698992617972753e-02
-3.826338170976736341e-01
1.313277727930982408e+00
-1.217912496664260019e-01
-1.000608548913567653e+00
-3.595436039171355791e-01
4.071233734832928053e-01
-5.901068563454257010e-01
-1.381680258932857175e+00
1.096383654475884928e+00
1.302334100411618734e-01
4.371791300665326396e-01
1.067422881794465761e+00
-1.372693832388875435e-01
-5.068650575334068265e-01
-1.986646307264264166e+00
4.099659589130304482e-01
-2.854980713483951105e-01
-1.533763776388777034e+00
6.484680710407313420e-01
5.127931054831689206e-01
2.452924116492519457e-01
-1.273501001116277065e+00
5.418448115555292155e-01
1.380130173121431603e-01
