9.356994184866065378e-01
1.455964701084791202e-01
-5.398890605874416826e-01
-4.654583553569363596e-01
3.592853185670167315e-01
6.856786154432273905e-01
-1.325671124848603721e+00
-9.071192774085706789e-02
-1.468328853723403604e+00
-5.680064835601149609e-01
2.389034158059594459e-01
-4.013522353679964683e-01
1.073203727442170852e+00
1.214229824280949499e+00
-3.833507184516001254e-01
9.784526437138900690e-01
-3.105363166142668940e-01
-1.223014235196239419e+00
-7.096111628796264448e-01
2.864426522608949921e-01
9.221561713931926141e-01
7.300020614296581778e-01
1.077827597964042816e+00
-7.324819502162887019e-01
1.243407457441032316e+00
-8.070928465682634112e-01
2.175643872324319050e-01
1.727041693664299327e-01
2.742935460411975446e-01
1.679620200302575306e+00
-4.511386176456521069e-01
9.062259817185773780e-01
5.194032341589251978e-01
2.290177232106663796e-01
-1.868534485222506092e-01
-3.075740719397294098e-01
-1.005142190350868159e+00
-5.699487163349552521e-01
-1.439668508758018828e-01
-3.509935594156363137e-01
-7.496564035305240958e-01
-5.003834738665764448e-01
-9.037152116686206771e-01
-7.230894984089698552e-01
2.820557056814313457e-01
9.359309347762794218e-01
-1.566413558960210395e+00
2.843081286184059864e-03
-3.693078354636332161e-01
-9.041760864493600947e-01
-4.976045687076765395e-02
3.457317957274467224e-01
6.852757848660779860e-01
-1.007823647574015657e+00
-1.406244263336753342e+00
-8.716911817770796045e-01
5.605753510083981775e-03
-6.353762592293513700e-01
-7.301801930783434758e-01
-1.357779058744276179e+00
-1.539790529627539373e+00
8.819300126900835313e-01
-4.815786321663927949e-01
-1.337679533429403600e+00
9.669624075055920087e-02
5.064233978899309596e-01
1.047353037937071019e+00
-1.022222302681374373e+00
5.136880971895247949e-01
-6.841415117487974484e-01
7.044403395592719885e-01
-9.129441691695023842e-01
7.633426806676257836e-01
-6.057934833738753966e-01
-3.544886149509672846e-01
7.334423679423261733e-02
5.846649401260956003e-01
-6.516064978999336343e-01
-2.379891382704295288e-01
-6.162744767889050124e-01
-1.872469637719030022e-01
1.418821572691621791e+00
1.066191096557567997e-01
4.494014533025851299e-01
-3.445419169619250432e-01
1.032659794224384475e+00
-7.684652402604985610e-01
-6.169188391384983206e-02
-6.859526135371725175e-01
1.250513889292259817e+00
1.379986330366968827e+00
1.610804649117904552e-01
4.846467267268228518e-03
2.446105053646539101e-02
1.725810694631912501e+00
-5.844758081975439667e-01
-7.790501239989502391e-01
2.496047214101589085e-01
9.030599828992080802e-01
-1.228727519718383066e-01
-7.736553779328356750e-01
2.052593073933380863e-01
1.004631149616732166e+00
-6.310472599463793353e-01
3.312004289690440029e-01
-6.665545182095683474e-01
2.957646221975281098e-02
-7.125065698911907386e-02
8.109642926358828774e-01
-4.225900193206190147e-01
-8.437070983665814206e-01
1.041674778286885150e+00
-5.372617281875373685e-01
-9.357733493649736944e-01
1.108983229890626587e+00
-4.088006049232411065e-01
2.123309107309078403e+00
3.338252654615626175e-02
-1.252835852237133285e-01
9.667095315567260094e-01
2.405758197658449948e-01
-1.368779190144436275e-01
4.125888138412771577e-01
3.427588452907674998e-01
-1.346631997401686709e+00
-1.268942600995261571e+00
-4.927330472364790936e-01
1.902327091557950989e-01
-4.793059239960460044e-02
-2.391142156766870308e-01
8.962754410359339285e-01
2.388364103247532788e-01
-3.962512414371308633e-01
-4.668742557482441491e-02
6.719221213156716388e-01
-1.329553601118955930e+00
7.802087450068559971e-01
-9.665060731001172689e-01
2.931176259695181252e-01
8.061219681801061743e-01
7.980166589542343480e-01
1.780507940752196649e+00
-1.674510829759865982e-01
-1.492695687618013078e-01
1.413764687025774958e+00
-5.172297571571066177e-01
-4.247270459751487093e-01
8.451560795421945160e-01
6.615159476907107594e-01
1.022411444617332910e+00
-1.759664351695119366e+00
-4.409413591856883863e-01
4.626833544605096216e-01
7.657052332743076173e-01
2.100189036929078212e-01
-1.984093944606890370e+00
-1.686105925113276505e-01
-7.429570620019301797e-02
-9.666467444795610042e-01
5.512770640200329586e-01
2.412572359086970764e-01
5.766821893141893529e-01
-5.075900252366837284e-01
7.446873992674003517e-01
-2.760616401594744307e-01
-8.353019810900342845e-01
-8.609916786470163119e-01
-2.958893545535170588e-01
5.069341874664299308e-01
-2.034325564615539483e-01
-5.273201737007896517e-01
3.827840618355519697e-01
2.035345011500021839e-01
9.147011753955756885e-02
-1.982831690120228085e-01
-6.543100167142973378e-01
5.283132236040612162e-02
2.200723789143209652e-01
7.086680804561845681e-03
5.859056116537589842e-01
4.683348177556136971e-01
-4.962420095169102485e-02
3.709082939515030430e-01
7.611893633509686508e-02
-1.912849783050958874e-01
6.144682662139263618e-01
7.293916487818798977e-01
-6.733465153667081982e-01
7.538779239811643773e-01
7.858545652725460462e-01
-1.106310180770037066e-02
1.159213991749705297e+00
6.754220624594904354e-01
-1.568675973200936324e+00
6.532248316768052288e-01
-6.863322714239491473e-01
-1.180990653191324569e+00
-1.310113082547139873e+00
-8.606906820271378877e-02
2.036584273066040229e-02
-8.092369624775894721e-01
2.618928183460642600e-01
-9.688434580207596625e-01
1.168784113898925670e+00
-1.002020234246299157e+00
9.219751355202326915e-01
5.273740978572400984e-01
-6.128522910433777948e-01
8.837570163714117411e-02
-4.837743483912200215e-01
-1.190159693093608917e+00
3.299610463211988809e-01
-1.063237741809837100e+00
1.094191974898878761e-01
-1.286585977048855245e+00
6.803339342048025928e-02
-1.169055699877683319e+00
-2.142019254395717831e-01
5.894037501083502217e-01
-8.758165391203712180e-02
1.310175054586123933e+00
-2.508374340279864168e-01
-1.014379603225752824e+00
1.913934338703573990e-01
3.297093096927206091e-01
-4.516176778139067149e-01
6.413479449628005646e-01
-6.459844804046670497e-01
1.366076037801027543e-01
1.000069399608286336e+00
1.010493256961992437e+00
5.825370299774972338e-01
2.807850294317461026e-01
6.086025575217780537e-01
-1.180818405720266417e+00
-3.081378918098630626e-01
-2.678703786982913337e-01
1.030871544655080907e+00
3.131365234223791316e-01
3.012852945913176983e-01
4.636120143544726901e-01
7.027287179069005574e-02
-1.617794832250372683e-01
-9.870736611782256198e-02
6.709923856388034791e-01
1.552253914233270859e-01
-3.052580752827406541e-02
-8.821737229156137450e-02
-4.245007026018285390e-02
1.294732143351079223e+00
3.391521241339826020e-01
2.241395998863764949e-01
1.704263162248871533e+00
-4.039662062747433335e-01
6.993195827403816400e-01
-5.272848739599662604e-01
-1.622607173825767468e-01
8.083950381833718835e-01
-1.418513892224850803e+00
1.539239861902435447e+00
1.325828173025981993e+00
-9.161773506317119065e-01
1.357806210290526949e-01
4.619555586367904976e-01
1.872478385451995297e+00
-1.057791189555436606e+00
1.484315363159401102e-02
4.600619507320298229e-01
4.227902603497639134e-01
1.322233683146148309e+00
1.670050680198809090e-02
4.979857914612854097e-01
1.248088700917285188e+00
6.382459597419971875e-02
2.384995781685290694e-01
-1.661688547045970799e+00
-6.463033288394294251e-01
9.891268804918165736e-02
4.232899997642545764e-01
4.912587194791633305e-01
8.332237152332197527e-02
-1.938545270234624252e-01
-3.280908737509571349e-01
-9.857178020961239184e-01
7.898333870084963682e-01
1.256378527845197546e+00
-4.852622900422150498e-01
-4.193247068541375855e-01
1.885808735386556578e-01
-1.107299082900852216e+00
-8.366646660258264534e-01
-3.540700216442117521e-01
-1.554078038039897747e-01
5.548059158919553813e-01
-7.943032278811372471e-02
1.565268766675809164e-02
9.451981259520425560e-01
-9.216973954181917339e-01
-1.548002944001786174e-01
-7.980963068377398828e-02
-7.204569325600909124e-01
2.701765358092567126e-01
8.420909392506429336e-01
7.107358338525048280e-01
-1.993869648519846494e-01
-1.331236130183401645e-01
-9.062633265307035169e-01
5.049227356532950961e-02
-8.859319351861711933e-01
-8.570466635452613779e-01
2.895357248505020520e-01
1.406402866151383879e+00
4.114096874648060509e-01
2.787621535273224760e-01
8.946238971882238822e-01
-4.048098450605326359e-01
2.116481796187008602e-03
1.314293717334169109e+00
5.251168059019397649e-01
-1.534730881312190709e-02
-1.023254017920923298e+00
1.741323879680253262e-01
-1.187003888295218967e+00
-6.011087198152560429e-01
-4.189690480383015947e-01
-1.099163621798621371e+00
-7.434464041319258087e-02
-8.761388559269218668e-01
-3.509529300502610694e-01
1.036901466120955517e-01
-1.980980395531265481e-01
-2.409691044608548993e-01
7.768975108945829211e-01
-8.035733913867755263e-01
-4.165823186499743036e-01
1.123385508026166324e+00
-6.889002951721669987e-01
5.903091034405157922e-01
8.008252077117407053e-01
-1.160866767076323303e+00
-7.772989479523584322e-02
-1.320612353120525606e+00
-4.033992534540887798e-01
-3.507036908088921323e-01
-8.795554654384358795e-01
1.087306223579592945e+00
-1.413925506552720091e+00
-7.047699321592313382e-01
-1.400095135924232181e+00
6.059208360114944902e-01
-6.330715447315254929e-01
9.631471257661784746e-02
-3.182176178451345816e-01
-2.280392261027552880e-01
-1.788456860661554182e-01
-1.854486313399138275e+00
1.773572394704693744e+00
-4.774972577167985177e-01
-1.025667107698963409e+00
-9.556046067446444248e-01
-1.184341206117173195e+00
-1.432342493363385483e+00
7.278875300786101787e-01
-1.039392323975346200e+00
-8.615219679673717934e-01
-3.820931859601809366e-01
9.566770907305470750e-01
1.677940956384981863e+00
-5.519722592882472245e-01
