1.117539499504450973e+00
-3.707113871383002079e-01
-9.492908403560823549e-02
1.514620181472061122e-01
4.696503938233155262e-01
1.189052821658130865e-01
1.316231766027565531e+00
5.894063845241995780e-01
1.357233173483173516e+00
-1.448716631511394182e+00
-7.891478541645173816e-01
8.150838979946585239e-01
1.450193891146564384e+00
1.377741789056786459e+00
5.138850619430040956e-01
1.192616710562212634e-01
1.210416137444320972e+00
-1.090050557474294024e+00
-9.734011057495768615e-02
7.767159077713942095e-01
9.605766600792846610e-01
1.181461312551490117e+00
6.220905411489627834e-01
-9.230422845963462963e-01
7.171259199160645581e-01
3.179228355351892965e-01
2.757898541099723655e-01
7.899262530372218594e-01
-1.327161929040336918e+00
-4.011669437943630734e-01
-8.491036182191833426e-01
1.770507232617234195e+00
9.878867395885206903e-01
2.402240829325560378e-01
7.796422730951477753e-01
-1.397553074068515477e-01
1.052410616984175706e-03
-2.522399190564499905e-01
1.841034334649422899e-01
-2.378673214652889667e-01
8.663985484789556990e-01
-1.095777066980870712e-01
1.159977099766086095e+00
4.968699310388123846e-01
-1.325819230636400059e+00
1.850736686112056439e+00
2.266784479467439661e-01
-2.535254245142352092e-01
2.348326090340785433e-01
5.007276873753560009e-01
5.250023568878299240e-01
7.913469060006440570e-01
-2.328807569412168488e-01
-5.283514103388738947e-01
1.293104859750212832e+00
1.018065381064556130e+00
-4.771065736244020083e-01
-8.158838071237795031e-02
2.211494149268218745e+00
3.435793197514705466e-01
5.182450370134744633e-01
5.528645962637256384e-01
1.783128192775289556e-01
-2.065255813532003160e-01
8.726906680645560854e-01
-6.044273241622251103e-01
-1.071423145204150718e+00
2.443321556522728977e-01
-4.595426455679407773e-02
-1.923404524243161662e+00
-2.929608869314668240e-01
-6.718671561207421039e-01
-1.127062856916849209e-01
4.255368535082064141e-01
8.231103767177044839e-01
2.475214269805247891e-01
-4.009503125127025780e-01
-2.348607141388028285e-01
2.042145699154587213e-01
-5.892726607545287210e-02
3.410637948131717834e-01
-9.399982223867429099e-01
-8.115349272341407794e-01
6.634134297700202687e-01
-1.123613264297644188e+00
9.332906472443066592e-01
-9.549715301056831418e-01
-8.333932333873856901e-01
-1.319105794125124964e-01
3.186578135808642021e-01
-1.126730049824104185e+00
-8.229699861505297420e-01
5.886079164013444109e-03
-1.455990631078337927e+00
7.118824442365194738e-01
9.799557831352867510e-02
4.582087711929406781e-01
1.050208577781650776e+00
-6.271890116735959753e-01
-9.161824678911267839e-02
-3.059777782723159811e-01
1.272565270667358750e-01
5.607593724132136082e-01
-5.395905643760549042e-01
9.148589332889442982e-01
1.149276497762425686e+00
-2.334643345700179728e-01
-4.707289123766217331e-01
-4.320799332882366284e-01
7.872032137102015215e-01
-4.109086041849739912e-01
-5.571339119554504782e-01
-7.745426141908928752e-01
1.291221249468917254e+00
1.907647662963860569e+00
3.283672741711951004e-01
-3.853765588634608941e-01
-5.008660385758505473e-01
-6.923686281593138814e-02
3.949502270661944814e-01
6.220333241511145639e-01
5.810429874174566356e-02
-1.808602839402345674e-03
-4.369886005309346622e-02
4.196975743497327604e-01
3.570622139825415653e-01
-9.298294635464751101e-01
-2.005895160957233414e-01
-4.020893970308636600e-01
-5.752938341565982938e-03
2.068797638123088048e-02
5.088011904180063105e-01
4.650043298489605625e-01
6.129824678680289018e-01
2.881388853086325752e-01
1.176492556049234972e+00
7.860778134635815206e-01
-7.580227464951603267e-01
7.447948088034597180e-01
7.986175442314007444e-01
4.270793146688032227e-01
-8.590061542065543509e-01
-2.485167295309388402e-01
-6.895082359848809794e-01
5.487860423356212269e-01
5.469786864039318797e-01
-5.354935143403262154e-01
-3.520624103850239495e-01
-2.684091402166188800e-01
3.425145504714242617e-01
1.247914571936786343e+00
5.389780564110345784e-01
1.218125557712912421e+00
3.491969915321043727e-01
-5.897745282177555559e-01
-4.900731407305478071e-01
1.478487790389743095e+00
1.251075010511358554e-01
-2.423113846486757983e-01
1.694980810848872643e+00
6.471742364804141667e-01
2.901434653801905905e-01
1.044515087129959108e+00
-1.634359082736353275e-01
-7.361666127870264420e-01
-1.822184780488252942e+00
-9.129109951574285731e-01
-3.347932745878348659e-02
9.457585878119157963e-01
5.198954541103221194e-01
-6.865115495842246673e-01
1.636796039931795788e+00
-1.972448158929635542e-01
4.176423682807214877e-02
-1.195656435894777159e-01
1.325471296883797612e+00
-3.142504268745049956e-01
2.502991078991308460e-01
2.430470756335022520e-01
-9.893535980866815516e-01
6.605119415419200557e-01
-3.326732340190609594e-01
7.415818297755336630e-01
7.394116071749694541e-01
3.237497853934432346e-01
3.949265940758492355e-01
1.064351426003325995e+00
-1.653942045038436226e-01
3.352314927587456417e-01
-5.105293430290805956e-01
-1.018598263616468103e+00
4.821810341455334825e-01
-4.599117082345893226e-01
-3.342745844811362277e-01
1.923379655243870057e-01
2.713000239843149641e-01
-9.758246267629275272e-02
8.928479508235314110e-01
-2.177020710815487647e-01
-9.328324293646399479e-01
-7.280973905465955021e-01
3.432577377224406701e-01
4.525213495836067357e-01
1.063884377907444057e+00
-1.050837955638794563e+00
6.030222986267682606e-01
-9.817239062532734373e-01
4.488499854862689764e-01
7.367945481211961578e-01
1.457696278984114802e+00
-1.251755693196001218e+00
1.877512388894274631e+00
6.765030044199851211e-01
-1.325535947594930652e+00
-7.132940609327774739e-01
2.234916318660152834e-01
-1.484559592227329139e-01
1.691352377169369037e+00
-4.441773183849158091e-01
-6.185172646421760456e-01
8.862836153009523432e-01
-5.536639889052022978e-01
-2.304307609464221196e-01
-1.355639217495094861e+00
-2.256025423243561145e-01
-9.033012081171074570e-01
5.249246145603151392e-01
-1.093617056520306274e+00
-5.165668487729222491e-01
-1.086441147373124583e+00
6.515531918744779105e-01
6.658822212561072984e-01
-3.183044649663052117e-01
5.636316146940829608e-01
-1.007769073590143227e+00
8.294273626499986118e-01
-1.967554608007913597e+00
8.823388779376413471e-02
-7.126858042406563065e-01
-5.650880107452569412e-01
3.691337749453413308e-01
3.372282358229421878e-02
1.086342549823333004e+00
3.127728164690868340e-02
-5.603029996180864947e-01
-3.874117628196209751e-01
8.969238200470063260e-01
7.802997649568319538e-01
-9.004459316765421883e-01
1.503747826019766531e+00
-5.523925520273865741e-01
7.158213039559461199e-01
7.457724459569117781e-02
-2.298464081841648798e-01
-6.251826110196950781e-04
7.946319509126631431e-01
1.244071070124789236e+00
3.614261906819077885e-01
-1.522088926173366663e-01
-7.197900758422144385e-01
6.865439952156344727e-01
1.175144511403413361e+00
-2.262517730669492688e-01
1.079002079260571456e+00
-5.562439646998722925e-02
7.934498033064629752e-01
-7.037551862293225380e-01
2.965801648396466650e-01
6.242893235197152224e-01
-6.391619012868829941e-01
2.154372631987405695e-02
-2.996305726916631551e-01
1.695187388584260990e+00
-9.490352752516448831e-01
2.231755433264612509e-01
1.536983734523860390e+00
-6.868423297160337615e-01
4.414177781568808800e-01
-1.239027292912917799e+00
9.639614509680305421e-01
-1.457825223988189922e+00
-1.492265658867238942e+00
6.170619247790162243e-01
-4.305381644244987704e-03
3.119482365639432708e-01
-3.875925802014024146e-02
3.226837589115669758e-01
-6.372958895271217949e-01
-3.652497510414924320e-01
1.253605514157675627e+00
-3.588459656066239067e-01
-8.078909501501755352e-01
-7.543026309817580932e-01
-1.538953291994732853e+00
-3.432441576294775754e-01
1.062554501601982448e-01
-5.592035131778438917e-01
1.480348600822781968e+00
3.014412300696107661e-01
-1.315087881146034920e+00
-1.777624820062936872e-01
1.900329800935770308e+00
1.085808335484006237e+00
6.991024099114776513e-01
-9.836433476161021705e-02
6.053038664351637066e-02
5.884044658837147557e-01
-7.587336424815718239e-01
6.676177946923110840e-01
-8.246480343859659001e-01
-5.797878500288551340e-01
-9.658502305657109543e-01
2.573851289754318650e-01
-7.391151966207083479e-01
-8.758226405258988656e-01
-3.835300011060224223e-01
-7.746258157705072644e-01
3.536987285115867907e-01
-2.196176298366476487e-01
2.777197503947975710e-01
6.268189969139789097e-01
-2.843311011182861336e-01
9.099888738713667324e-01
-6.101161374615065025e-01
-1.043251777792144175e+00
-1.088303065906224054e+00
-7.808765973064176746e-01
6.284182434669914885e-01
9.892300133717768507e-01
4.938630679222964504e-01
5.959106362007156044e-01
8.050082947636102437e-01
-2.334016507880603275e-01
-1.063276731148337317e+00
7.822636372213181977e-01
-1.017444783427637334e-02
-2.925299294844240783e-01
-1.267700547040678360e+00
-9.368804112716896393e-01
1.058473039159804285e+00
-5.614661580034934207e-01
1.476981272988104221e+00
8.474450962449845415e-01
8.420467828998762227e-01
3.275105095269363331e-01
-3.828263586924033346e-01
5.402059001488814793e-01
1.868911281638326649e+00
1.237574324517245472e+00
-1.649091580126148759e+00
-2.600934295544452546e-01
6.008810416145387023e-01
8.025531878442737632e-01
-1.740183673725072544e-01
-1.319491713067730831e+00
-6.766078224934942709e-01
-1.559646225449393131e-03
1.191858117571809483e+00
-9.335529172463143954e-01
-7.846781738305944054e-02
2.164109082015892027e-01
3.085085701403840752e-01
5.538156673511240857e-01
-3.377144894938372000e-03
6.011185528417636315e-01
1.011791990525117146e+00
8.194285058232231300e-01
1.300398337961739426e+00
4.907740621981798723e-01
