-9.853193804158109081e-01
-5.639776663558628833e-01
-5.834829181017988642e-01
-9.592868677252959220e-01
1.385324092878605695e+00
-8.619923141091059282e-01
1.267541240887888110e+00
-9.299626060771780667e-01
-9.223263940217690804e-01
1.376142823493153422e+00
6.153532770817782271e-01
-1.392851136045840654e-01
-2.597471314326558756e-01
4.500240470203951126e-01
-6.599408252014569154e-01
-3.135158086904529462e+00
2.714495265677337787e+00
1.014645631040698159e-01
1.897456643026893319e+00
-9.007188924766291738e-01
3.866602016920047680e-01
-9.185423650308572885e-01
-3.784587305442021488e-01
-9.174902184904002445e-01
1.060589202823667865e+00
-7.597576685654017226e-01
1.054859920567478904e+00
-1.156142361546405317e-01
-3.652190116403354336e-01
7.506479171016163798e-01
-7.625305207653265693e-01
-4.134945720154541426e-01
4.199584366922921030e-01
-1.606721689623626492e+00
1.305368586387789964e+00
4.530089429273341239e-01
-1.829906873676353241e-01
-1.784461571212381248e+00
6.279108291303570066e-03
2.688826816266688402e-01
-1.663342554330612177e+00
-7.629991190829679137e-01
1.362219145591359926e+00
3.330780072590094898e-01
-1.366133878423498427e+00
-1.387149200225622048e+00
-3.117082316106589146e-01
7.547525256765390544e-01
8.602421631872352037e-03
4.477957263134758059e-01
1.611430937564825694e+00
-2.403300845945849917e-01
-3.910124627931094721e-01
8.572314939874878803e-01
-3.100905854957846652e-01
-1.086350620593662164e+00
7.671444013872777967e-01
9.243661339310784708e-01
-3.695406816368691505e-01
-5.024898434311428908e-01
8.906353539715849976e-02
-2.957007112454750342e-01
2.120086225700429372e-01
-6.365068744855069127e+00
5.618099246641728994e-01
3.630253425780545218e-01
1.130244456700062239e+00
-1.426000632408966684e+00
5.915744723418999707e-01
-8.330421960239720036e-01
-4.465500433944009084e-01
7.421414297081708744e-01
-5.110903408172425832e-01
1.406208962684982744e+00
3.174991670289304957e-01
-3.385347445025309043e-01
2.675535185064632948e+00
2.675993591161051066e-01
5.183159685994711552e-01
1.126516790687543124e-01
-1.609944399751157107e+00
1.004410953411072560e+00
3.196310398214833454e-02
-7.866705245292597848e-01
2.990502712908595373e-01
-5.948623173994987967e-01
1.191028971172449547e+00
2.703475126161831721e+00
1.379585171937119104e-01
2.211691632406828367e-01
-8.418363694641090023e-01
1.124387035993089867e+00
7.687059974523091643e-01
3.619469976786299226e-02
-8.830955492524696915e-01
-8.137728503750378817e-01
-7.936309604603586365e-01
-4.057013024937796697e-01
-1.146898036886762728e+00
3.375914790407990584e-01
-1.730471820041708797e-01
9.408298491143805009e-01
2.983922068058751265e+00
2.155626352281168501e+00
1.282319534236931124e+00
2.003146740527313452e-01
1.044666294065936529e-01
8.346680390024534268e-02
-1.301811590595985724e+00
-5.414815926615275110e-01
4.625905928564243152e-02
-1.056397132625680246e+00
-1.791804284783321322e+00
-5.925100083577515830e-01
-2.166154501309591751e+00
-1.443995502808595177e-01
2.915175471927944351e-01
1.317728132122219176e+00
-8.108955363988278320e-01
1.353589865918389812e+00
3.413597766920100640e-01
4.985732979879403670e-01
-7.465507054779175755e-01
-8.584404901438438817e-02
7.629524045190715364e-01
-5.198645741156654454e-01
2.618626087276680892e-01
-6.053443208366817707e-01
1.620074390449934398e+00
-1.250620604778648337e-01
7.082038961096894791e-01
-3.488223104232043847e-01
-2.625595602220757163e-01
-4.831199194971744770e-01
-9.570302605951347408e-01
8.071666981792167128e-01
3.486955156039098225e-01
2.020607567026776463e-01
-6.627113957895238716e-01
3.548877122656073912e-01
-9.236330059145397842e-02
-6.080346789986350586e-01
1.660400113271027767e-01
-1.206121005860001649e-02
-1.234770581348992174e-02
-2.683508169127230003e-02
2.753720826772873553e-01
-5.436079575971543010e-01
7.927382400756630143e-02
2.649760811854492415e-01
-4.510156307197832337e-01
-3.916255621618132676e-01
5.013051854790845016e-03
4.517342703487305378e-01
3.512353558928139385e+00
2.493982418561365988e-01
-9.399342101491455770e-01
-5.445831746789214778e-01
-1.370052054412842502e+00
6.652182536838604499e-01
2.130900616430386196e-01
2.612117035552322442e+00
-7.237366467076266074e-01
-2.279527004673588819e-01
3.636790609694687815e-01
1.732004797103854798e+00
-1.443743867843009232e+00
3.470804437886514382e-01
4.962662161241487846e-02
3.970763547241010771e-01
-3.696624663352289786e-01
-3.765531781667822431e-01
-1.690684990796975207e+00
-9.574330431994516610e-01
6.915275279151570365e-01
-2.231037907780509810e-01
3.501060565267378744e-01
-8.790578921524119238e-01
2.131190419806615610e-01
9.677102844283093086e-01
3.122427849592136484e-01
3.000523946862148961e+00
-4.105871446785139822e-01
-1.642158717520693090e-01
-1.894282649394078755e+00
6.143454059299244818e-01
-2.135127779645888957e+00
