8.107895908874800384e-01
-6.834032352541343780e-01
-9.423678237461767804e-01
5.792641108653473481e-01
-6.681534941852040888e-02
1.846668733231469073e-01
-2.118781791905901546e-01
-3.192238013849100220e-01
-6.206473550111235582e-02
-6.636341858021692630e-01
0.000000000000000000e+00
-5.915541832951021206e-02
-3.060506708421217859e-01
3.715513836695993888e-02
-6.431821112331363999e-01
-4.017506752192596675e-01
-2.023067845088188932e-02
8.035642941332736822e-01
-5.313298292730064265e-01
-1.916654896277758535e-01
-8.411104216464782013e-01
-1.629907054490575824e-01
-2.877860392506903509e-02
-8.320565372096744294e-01
0.000000000000000000e+00
-6.346986782054291343e-01
2.392512784384899227e-01
-2.889991040484234386e-01
9.704525698735739780e-01
-1.000000000000000000e+00
-9.422475720726142256e-02
1.000000000000000000e+00
-5.049468555392033764e-02
5.883825042057704291e-01
-8.152309943445841256e-01
-8.055785671456836550e-01
-6.202654049091826938e-01
-5.552357509225418486e-01
-6.073345245218753075e-01
-6.831931886893749528e-01
6.179120547813161668e-01
-1.000000000000000000e+00
4.766552318034458224e-01
4.553890166716780818e-01
-8.805750020570779490e-02
5.731130772765120618e-01
1.000000000000000000e+00
-3.366138177371968965e-02
-8.410408781225084951e-01
4.352102132353954378e-01
-1.913931459481945652e-01
4.650757686731694651e-01
-1.503625208473355901e-01
-8.238596432439773132e-01
1.154895238567179572e-01
-5.942915554870691341e-01
-4.759585879527223895e-01
-1.000000000000000000e+00
1.000000000000000000e+00
-9.181001797800321107e-01
-1.000000000000000000e+00
5.656814657401614266e-01
-7.266232474639300332e-01
5.468527840966155296e-01
8.012075856831182286e-01
7.108483877796234474e-02
8.432254396552663067e-01
0.000000000000000000e+00
-1.000000000000000000e+00
-6.844861977515102058e-01
7.080669250290851924e-01
-4.954422094933370602e-01
-9.113268524803657122e-01
-6.701285922840249931e-02
1.000000000000000000e+00
-7.740846763641473505e-01
-1.918072700051722812e-01
-7.604724708546573009e-01
5.113620566584486937e-01
8.934590514737799083e-01
-4.856608406015954227e-01
-3.818147101596682802e-01
9.496097004640389194e-01
1.057892551851764562e-01
7.024439494117293847e-01
0.000000000000000000e+00
9.874141509930003391e-01
5.720127913738473069e-01
-6.889545744393879012e-01
8.470193558320113780e-01
-4.044983202306879910e-01
7.588565404751115295e-01
4.214974650567848702e-01
-4.745132629826551707e-01
2.615001963375529481e-01
7.869525208007754902e-01
-1.498503960404331536e-01
9.016607673285341740e-01
-4.830024072587391082e-01
6.756893151632001882e-01
7.683984279016988772e-01
-4.216447810709134103e-01
3.035450625553286486e-01
-3.041265560329433626e-01
6.750129005899647705e-01
6.493539534866743512e-01
4.468288880463393564e-01
9.909486807335414760e-01
5.562399249166229964e-01
-1.069177069356275211e-01
5.690640309338432790e-01
-6.758179178378431740e-01
-4.394176811528027748e-02
2.116113901098741756e-01
-7.133180599510524633e-01
8.204364257086895762e-01
5.364151966980730268e-01
5.632577588709073435e-01
-6.827490843251282637e-01
8.894518074102020222e-03
-9.236993377082560741e-01
9.238366395819941346e-02
9.890853075385896975e-01
2.482257832574226164e-01
-9.670078766840384255e-01
5.417939547057337712e-01
-6.179513310009796534e-01
-7.381086150635878251e-01
7.613920603751804794e-01
-2.243794365830082960e-01
3.381197691675044137e-01
7.147313130710486462e-03
-9.350010499311369738e-01
2.830934419269799385e-01
1.414574828849435306e-03
-8.340590255399777941e-01
4.018846640331499298e-01
9.277349016691838202e-01
-5.562797526836398276e-01
-7.108335683894724255e-01
3.324655003794239061e-01
3.134409863314824296e-01
5.436588628921092958e-01
-6.905208105683895425e-01
5.360415921145333940e-01
6.551962436457972050e-01
-3.623614278955584744e-01
-7.731884562341493350e-01
-8.646219969522304094e-01
-2.289476787361641730e-01
7.719123250113280044e-02
3.934292027566985706e-01
3.139137134615654912e-01
3.556191319639008253e-01
1.734239207903636171e-01
5.851218147147834170e-01
3.041676295883084524e-01
1.077774271780440607e-02
9.526341737738617255e-01
-3.749471507032389184e-01
9.297842487010721246e-01
5.795517796279217038e-01
9.998432044449259148e-01
9.234648510958149981e-01
8.669649073573535425e-01
-3.809834406663366035e-01
-3.529566202650187279e-01
1.468520220970410683e-01
-5.176676015819845489e-01
-7.916704928030799948e-01
-8.401338602213554996e-01
-7.655968413036065012e-01
6.310316753801090695e-01
5.512760852420672819e-01
-7.327434109113886151e-01
-9.274718777933843583e-03
-7.116781199811830216e-01
7.874853057424409108e-01
4.863528206180860458e-01
-1.738876829812721070e-01
-1.707934884332882319e-01
2.683712700930134254e-01
-3.028405850482773776e-01
8.730765463307004204e-01
-1.660606123823018532e-01
-6.198623037874915198e-01
-9.603200086506658018e-02
-8.331230354273040373e-01
-1.886659577118072750e-01
6.444246383048513049e-01
8.424093671431851504e-01
-5.436582876258284625e-01
-9.323642364413380346e-01
2.524545031880975898e-01
5.149445346086500841e-01
-3.092348250170731117e-01
-6.232034472060623553e-01
6.305556469472106684e-01
6.906086062418825833e-03
-9.654440594421842547e-02
3.163067030693023085e-03
-6.165405577605171938e-01
-3.794148343778955823e-01
4.426254051664435529e-01
-1.546133581922419786e-01
7.327732046201429483e-02
9.271633104178707008e-01
-4.645647684852272086e-02
4.118857345100057632e-01
5.413004959145311101e-01
-7.655161440694786545e-01
-5.417492424039593857e-01
-5.157362518995118883e-01
-8.873314632656985612e-01
-9.620950492737878612e-02
8.214417725106988311e-01
9.086472881277480873e-01
4.704939394027991550e-01
7.480575445348811581e-01
-4.875983505873866530e-01
5.068370296604942649e-01
-8.974469810904570632e-01
2.490966475734888164e-01
-7.726214182057329349e-01
2.746898615983330849e-01
-3.658191982412017929e-01
-2.409359839900853117e-01
2.490364310557517946e-01
7.418945490370354445e-01
2.170184981734228913e-01
-1.618306967193261503e-01
1.745796937785115688e-01
8.180384588864464401e-01
3.133671682210887877e-01
-4.993354397488900531e-01
-3.688148536563535806e-01
7.989701414484651210e-02
-8.482639064553021413e-02
3.650014609107785635e-01
5.171664073298254394e-02
3.161536544116698710e-01
-7.579137972077225616e-01
-2.791688315380826957e-01
1.137137394768461540e-01
-4.006741560548672254e-01
5.034940349751708677e-01
6.079224146444588417e-01
-4.848015801436678096e-01
-6.281357768593149871e-01
-2.325162671301848061e-01
-8.937675921697232351e-01
-9.613663023239606975e-01
1.839759095964701441e-01
-2.482821733489970484e-02
-7.218624257788475163e-01
-1.168867842213858754e-01
7.396144423507733379e-01
-1.775949919383612574e-02
-1.113019695955737021e-01
-2.475474159992216983e-01
-5.171451572477907543e-01
3.902994313272651894e-01
9.231255842738379513e-01
6.606632149159130662e-01
-7.935034159597569303e-01
