7.233533530451132787e-01
-4.318325556312851421e-01
4.875115042768445317e-01
-3.712819937812683602e-01
5.934435694554098806e-01
1.210753122971252260e+00
-3.679120914070606041e-01
-7.780165887265454439e-01
-1.236560811082051181e+00
7.127040596451303944e-01
-6.774886928193807334e-01
-4.545896599606518707e-01
2.967646852467717422e-01
6.610300482378933529e-01
-1.458147771547224358e-01
-1.450733040396006590e+00
-1.360176194458421195e-01
1.103524997701509136e+00
-1.671904426687042866e+00
-9.107889861105382678e-01
1.655662140548734840e-01
-5.335593858238485421e-01
1.425812032265368456e+00
-4.121364900200046866e-01
-2.118982764098585658e+00
6.458087615113391466e-01
6.519200785831654743e-01
1.636756024045240121e+00
-6.785470707488213682e-01
-1.539561556654752472e+00
-1.814964973449174068e-01
1.521707622122587256e-01
-1.611049976142459039e-01
3.321086643371807812e-01
6.478238506972686661e-01
-1.138111386108302536e+00
8.987395108680262812e-01
-1.928611461555185702e+00
-5.323863226264345938e-01
5.925056701819211291e-01
6.573663286718378629e-02
4.813831728629981987e-01
1.124544081944991891e+00
-3.463567843692403336e-01
7.898675135165823535e-01
4.232788530627981105e-01
1.042753576482523092e+00
4.680506075086452444e-01
1.697144217954057677e+00
-9.524776351951217412e-01
-1.815440470674466733e-01
7.896455230896956001e-01
4.215781217465582875e-01
4.392175491637267948e-02
9.626932205450352553e-01
4.224797731951546176e-01
7.159487010707569210e-01
-2.491530854825797225e-01
-1.030143378997510517e+00
-1.362811315446805560e+00
1.741250539830416777e+00
-1.330698557168904728e+00
1.840136772795553655e-01
5.598011810927729925e-01
8.956235821560384336e-01
-1.086705097802860953e+00
3.051656614721610650e-01
6.275938626699117950e-02
-6.759372924543654015e-01
2.620734922914812193e-02
-9.087829824655979660e-02
-3.522804870036629898e-01
-1.309712320548824360e+00
-6.534844372481274366e-01
-1.159882446451854454e+00
5.090996739557881456e-01
3.841541873390961204e-01
7.526202538683894883e-01
1.350967752591684112e+00
-6.947263087063912934e-01
-4.413800003850406606e-01
3.916428190600795833e-02
-3.980400729945917648e-01
-3.509996108608366416e-01
-7.649299084364502566e-01
-4.872985914253803452e-01
-1.607838699248762548e+00
1.503697917170018439e+00
-5.051454199421544500e-01
1.158036552308522316e+00
-7.238746279343630796e-01
-2.882833922681937167e-01
-1.263074861470356192e+00
-5.763919557251349912e-02
-1.375906542780908515e+00
-4.223938474208578375e-01
1.212494856909405616e+00
-1.712247934831410967e-02
6.185017659225803266e-01
-5.682000213114426490e-01
5.382517359401199630e-02
1.376433745603038716e-01
1.679474337157458752e+00
-6.801868288196002976e-02
-4.552874829298000359e-01
2.195363743479880281e+00
4.664071960719055610e-01
2.837704718908058976e-01
-2.172209728251601191e-01
5.801220458316334871e-02
8.424410801002787386e-01
1.503984916925093396e+00
-1.158932573470662919e-01
-3.271696188905602876e-01
5.505390324502321686e-01
4.093876255982714651e-01
9.604253671882501120e-01
-3.537449905173018633e-02
7.750897870417241542e-01
-9.413361391177937909e-02
9.591206156716658437e-01
8.236935934330809062e-01
-6.129091265017627688e-01
6.688278905847186984e-01
-1.635999131624117087e-01
7.405728815319593261e-01
6.381151860493632366e-01
1.268841508357023251e+00
-3.696340049923115267e-01
-4.244788769487830571e-01
1.464337891678490766e-01
2.379681732434380415e+00
-8.788252936611855581e-01
3.906563568645912143e-01
-1.826264144243706200e+00
8.623944681577213611e-01
1.213769290278420510e+00
-1.328946994164791784e+00
-1.302928026041326293e+00
-1.110593903094567736e+00
-3.618794848137033004e-02
7.128305394478374746e-01
-9.307194506629891118e-01
1.243523734375286960e-01
-3.791986765263820613e-01
1.189848714865068269e+00
5.035259664244849942e-01
-4.099446897044962679e-01
-1.881743355687631736e+00
1.060026840937892123e+00
8.977051122152988061e-01
9.289354183746880711e-01
-6.033075988379009436e-02
-1.759776252880089320e+00
3.680175777604602350e-01
1.355325122822807149e+00
2.982019949212028065e-02
1.872649409465230619e+00
5.432086324611402617e-01
-5.267951675127552358e-02
3.672097543607572012e-02
-1.369886925980012382e+00
1.367621745928594201e+00
-5.875772160162326951e-01
-5.844380095071723957e-01
-1.232233777144503550e+00
-3.578966103614072414e-01
2.562021711096825749e-01
3.146602802754020489e-01
3.154307527736661121e-01
2.250500340238738239e+00
-7.792272413017986565e-01
-8.247442745599369296e-01
-1.089370383702571443e+00
-1.061339273739875244e-02
-1.591846003107924457e+00
-3.350643788338543150e-01
-5.818479476253740623e-01
9.738372034581159742e-01
1.140908998528957552e+00
6.269881844808997684e-01
-5.401680626730842594e-01
-4.775252474350118459e-01
3.558501636354673980e-01
-1.388819899261613255e-02
-9.131725170955086179e-01
-1.094010728634787988e+00
-2.506916247647810736e-01
-1.098912990575569459e+00
1.048349664121028813e+00
1.121026857976452629e-01
-1.666705277822708164e-01
1.656779710653381921e+00
4.751830233249686453e-01
2.252887139071719336e+00
-1.231130711164710512e+00
-4.931575387084106699e-01
6.135343659103509317e-01
-1.265684323589456595e-01
4.785460237424433716e-01
4.346111092324239644e-02
7.684870924895688127e-01
8.087492112774508080e-01
2.426742334684370006e-01
-3.735189792041250234e-01
-1.006900706958012259e+00
-1.106802979207827331e+00
5.756047253816121145e-01
1.279455935853728965e+00
1.365727800711541207e+00
-1.908262693375162966e+00
-3.722550487295898103e-01
5.670804246335201526e-01
-5.420683844759268677e-01
9.312827707698387858e-01
3.880648226561224656e-01
-1.679844294863107823e+00
-3.935248437259926124e-01
2.479805201009836757e-01
2.679356939709726104e-02
4.452455539374983173e-01
-3.636049925930616156e-01
1.007540667783187072e+00
-1.752595310863212186e+00
-1.356700533359188388e+00
-3.245218879005097867e-01
-9.918432586587976330e-01
-6.397584910439659822e-01
2.757834560698881887e-01
-7.969913574254020583e-01
-1.072661698696405486e+00
2.516335695250962456e-01
-8.197944682615113665e-01
6.078708138343460465e-01
6.053649665073914665e-01
9.165999736025507438e-01
-8.519170789356581563e-01
-1.930822603653054026e-01
8.328431732862375814e-01
9.676563095371507606e-01
1.428411442493028538e+00
2.001321280240583977e+00
-9.052601296091812300e-01
3.563255432560696878e-01
-7.306773788217838517e-01
1.107113154262172605e+00
5.396680745750346286e-01
-2.342028821177817022e-01
4.445055407843748752e-01
1.059693925233961276e-01
-1.450800464839732129e-01
1.341630712253552016e+00
-9.717441695621842346e-01
5.880032475839083173e-01
-1.151579648059094740e+00
-1.039615117350115026e-01
2.276372259581675161e-01
-1.883843674962240256e+00
-8.896636385738445618e-01
5.303753565792049263e-02
1.555749098877999170e+00
-1.489211923822472694e-01
4.677632094641580585e-01
-1.494128137916729271e+00
1.396259976737959763e+00
1.381895256408627315e-01
1.103917336025655782e+00
5.391621221951746756e-01
2.080926564114018995e-01
-6.607512927164684857e-01
-1.489619555648251437e+00
6.622234050463057242e-01
-1.372484386346571605e-02
1.697244697965508475e+00
2.481663937528780228e-01
7.976283350501346403e-01
8.155739214453965324e-01
7.580094864642390462e-01
-1.734901921197630759e-01
4.629086675330174039e-01
1.193692360469498448e+00
1.948054755211927613e-01
-1.543766553812612463e-01
-5.124658286510233030e-01
-1.484086447999214631e+00
8.858110257357479367e-02
-1.129708710791736292e+00
-1.187372483195787920e+00
-5.241892668478002060e-01
9.437622942568671958e-01
1.686460514385849652e-01
-1.245680224737429009e+00
8.945707435192067347e-01
-2.872876459149538153e-01
7.808598382729260434e-01
3.947420196990632235e-02
-6.970222762927513749e-01
-3.314184350419475678e-01
-2.383056999394838338e-01
4.499708568235560868e-01
8.838987090045634654e-01
-8.227757525802623650e-01
1.222058139361074769e+00
1.009757170222544409e-01
-4.488164878319435558e-01
1.212849164754169928e+00
-1.314510031092946729e+00
-3.573930051094103555e-01
1.437509205266035650e+00
-6.531295004137385729e-02
-1.661514940761046555e+00
1.997685169309705022e-01
-1.427792005150724020e+00
1.313879660380556036e+00
-2.485174814845071967e-01
-5.707161174344401733e-01
1.790939275029009403e+00
1.707622205186740461e+00
1.509008071561199316e+00
-1.067499993834184702e+00
-1.548536799154075494e+00
8.826557266446401206e-02
2.261389097269227433e-01
9.282732343880643056e-01
-1.210170789445267348e+00
1.023248611458462909e+00
-3.773767724730637818e-01
1.086604917112869995e+00
6.162306203208307576e-01
1.180021265253222262e+00
-2.227067949141268155e-01
1.392594572764242478e-01
2.673143169275111752e-01
3.316855734431951586e-01
-1.321524482569038206e+00
-1.166058677323687842e+00
1.033186730855641722e+00
-6.787578260181936773e-01
9.200419905641014084e-01
-3.028649047384099346e-01
2.331126326485050138e-01
-4.744637477884224297e-01
-1.127052733224342740e+00
-1.100611276700587560e+00
-2.260588279211367180e+00
-1.222091738507211867e+00
7.905134424164742546e-01
8.534038005736097054e-02
-3.707188955390683383e-01
-5.651368428122938159e-01
-5.059516419076358629e-01
-8.449375346054200930e-01
-1.186584197105721994e-01
-8.588458475552789295e-01
1.112541438323985332e+00
-1.219664534701921932e+00
9.727490615227509796e-01
7.611474032084183938e-02
-5.626832034533412186e-01
-1.112455131521824514e+00
8.070255049557495397e-01
5.972634352399586177e-03
3.459976478406021627e-01
-2.397039969003502136e-01
1.390405819646984564e-01
1.315462851813433254e+00
1.234658677584506759e+00
4.917139922689259257e-02
1.002017326567481159e-01
