4.242988169696260137e-01
4.306927250175175637e+00
-5.392549835589021123e-01
-6.224312742062458881e-01
-1.057842951393214381e+00
3.932121978061062922e-02
1.014668844350865295e-01
-1.049325414778440990e+00
1.740140401068112963e+00
1.536930519810933427e-02
-1.214508075810104337e+00
-4.915685987013783675e-01
4.371934652550019673e-01
-3.604902275168478387e-01
2.238447036136568258e-01
-1.201438362347172495e+00
-4.874018990956873187e-01
4.515447691979519451e-01
1.026292991288692003e+00
2.283785085054429231e+00
-9.939676270749875364e-04
1.012243360546816850e+00
-8.443447537235991840e-01
1.269026765168193016e+00
5.765991827230971811e-01
7.281162487617499623e-01
9.335718562400764364e-01
-2.448821672125728099e+00
-1.264677203642837755e-01
4.030029587989298889e-01
4.568143282888417755e-02
-7.089677987653530966e-01
4.777547713293325282e-01
1.639929289883454766e+00
1.885458328074729684e+00
1.716824613763420215e-01
-1.799319323453148822e+00
-1.899343022773164247e+00
-1.697897120299852181e-01
-3.531712759675180724e-01
-3.943137044606428998e-02
-5.101780758049619946e-01
-7.367271517815539017e-01
2.759719336644104737e-01
1.444811439499715799e+00
-6.088506078024120277e-02
1.168581828011765911e+00
-1.512789694442504995e+00
7.184853717264225170e-02
-3.590865488084125645e-01
-1.418950085617655787e+00
2.562306229480471487e+00
3.366119219490514958e+00
1.647316991925401153e+00
1.094151292609062687e-01
-1.162292704679032340e+00
8.115243512612596577e-02
8.029580818212244120e-01
1.186783990692933610e+00
-4.337496613712781834e-01
5.418159961164504823e-01
-1.078475164809715947e+00
5.346459956507896294e-01
-3.275209749942357362e+00
6.995257368919525209e-01
6.836233641297901897e-01
2.470617561700912956e-01
7.348322092160963770e-01
-6.001082716406611617e-01
-2.037053496360276966e-02
-9.086340448340973763e-02
-2.782458026369630244e-03
1.576472143990354846e+00
-7.584499747772894818e-01
-9.368318527623293868e-01
7.879729495552090235e-01
5.707004163949711550e-01
4.715217758665307124e-01
1.680672493663194489e+00
-5.707665297748354405e-01
8.570467814454250099e-01
9.651356150627519170e-01
-9.727556829779240299e-01
5.934944574833785069e-02
-8.616638040056252557e-01
-2.634294927275209752e-01
1.734383445833658222e-01
5.043263878197731254e-01
-1.033055435186223114e-01
4.180817157884905710e-01
-8.529186195606632825e-01
3.484681470660930258e-05
-4.965834582472863912e-01
-7.759580021256102800e-01
-7.324859744495433311e-01
4.153671170210903596e-01
9.682508496717452395e-01
-7.455493028675295175e-01
-6.065976341259657900e-01
-2.480956175154815035e+00
-1.643075602576569427e-01
1.572994394820102504e-01
-5.155026805274068868e-01
-3.009658180048146114e+00
7.006656507108035559e-01
-1.196292900873803522e-01
9.379265313610445354e-01
-8.474153692585282283e-01
4.059438758733071584e-01
5.062159951757956300e+00
1.828243797794480985e-01
1.741336725344502234e+00
3.953081809373619748e+00
-7.178864910984508185e-01
-3.293493904251691085e+00
-1.140352392689331640e-01
-4.436630846965639030e-01
2.160005686727236862e-01
4.213629002922357203e-01
-9.449212519680789679e-01
-2.083113426276806734e+00
1.019843651776496163e+00
-2.991957862173890703e-01
-4.643678721381375163e-01
-8.287323467334022364e-01
6.025309442052297904e-01
-1.786965755788833876e+00
-1.057056641820710574e+00
2.221157981946648263e+00
7.655494111814716007e-03
-4.806249338580481090e-01
8.588098448040427657e-01
-5.663659767681302748e-01
-2.726108319026350202e+00
8.493773985091961354e-01
5.186518843982865778e-01
1.289915739893222391e+00
-1.247105352176376414e-01
5.741372709814590580e-01
3.392654216746657236e-02
-1.326241703640115288e-01
2.787283968985589389e-01
-9.029587236651445137e-01
-3.326964091495272502e-01
2.195457326366789808e+00
-1.617946072833349902e+00
-2.123737198803573589e-01
1.545266408013826309e+00
-6.318766009403740114e-01
-2.411283685010896516e-01
-1.442232033434754923e+00
3.931371974682045245e-01
-2.036305526964859725e-01
-2.641867344893263247e+00
6.836124455366662245e-01
9.634964439969281313e-01
4.074655125932514999e+00
2.018183614903036882e-01
8.533801134035042812e-01
6.912827250271685875e-02
1.528900769659022885e-01
-2.645542845213953331e+00
-3.474932636925569251e-02
-5.733406850501066021e-01
1.823699866383711177e-01
7.308244659820666012e-02
1.669704643253242249e-01
-2.744893753585989860e+00
8.077254183718078906e-01
2.939676343159419725e-01
1.348264396334360349e+00
-5.327725943924013219e-01
8.027396768171041197e-02
-6.590255001663213041e-02
6.116338093865543168e-01
1.123511594390409929e+00
-4.700732061512279403e-01
-7.421775285630620722e-01
1.107556277894283792e+00
1.482772886817731006e+00
2.272455476190565093e+00
2.960175241830270032e+00
-1.905018771137103883e-01
-2.983940400579360164e-02
5.536918898160907432e-01
2.043713339699811393e-01
1.576585882784768133e-01
