-9.162466390141353889e-01
-1.545629233397729507e+00
-1.317022606008023899e+00
3.019947844895315647e+00
-3.402554511938117865e-01
5.161446024043419012e-01
5.572384959083219735e-01
-1.060319780926013866e+00
-1.128794172157637554e+00
-2.054547062157296711e-01
-2.761911195564265564e-01
8.352355470746446464e-01
-2.416368539761428180e-01
-7.839314776591628231e-01
2.506344144317811384e+00
-6.355300255016362865e-01
5.249959878258562279e-02
-7.275376965603796986e-01
3.897614004618245032e-01
9.132074551793832873e-01
-3.154645483809652151e-01
-1.056269425133451456e+00
-5.198793928909134499e-01
-1.271921529480360302e+00
-2.065891815985753388e-01
8.795599589338314317e-01
1.936330592054618105e-01
-2.154300404769390553e+00
9.040629057390385526e-03
1.412040504159678633e+00
-1.398383022260381914e+00
-3.707470977908111642e-01
-6.972434590623501904e-01
-6.294598923328810214e-01
2.457490741097568154e+00
4.216791033502410024e-01
-8.316454541151508950e-01
5.409803226815589339e-01
6.293538706023965590e-01
-4.506533867177268671e-01
1.064671775729776788e-02
-1.229513777799779328e+00
-2.586697111013058215e-01
-1.869400083105389465e-01
-5.585921259495831015e-02
-5.413758774613681712e-01
-4.689373917869248398e-01
-2.020139162196917249e-01
-1.122885615568796291e+00
2.622368883579124788e-01
-4.077939682000600308e-01
-3.214572711379341530e-01
4.831873243505546700e-01
4.344774715186987546e-01
-3.045277266925943555e-02
4.553725286246880222e-01
1.471177112624793004e+00
-6.957901855261655610e-02
8.470621578406604124e-01
-3.715455701726673721e-01
-3.033444742394290905e-02
-3.955746372287958224e-01
-4.484747808466696961e-01
4.278347085478870770e-01
3.760564296764737913e-01
-3.332527270300764122e-02
-9.267584643608123285e-01
6.158326819141962671e-01
3.847872529497442518e-01
-1.224912461561035310e-01
2.291201501985050681e-01
-5.615225343112532214e-02
-1.693055523495469838e+00
2.037171999962805735e-01
2.595047065133060826e+00
6.994739429238627793e-02
-1.310227563470858891e+00
-3.275244321888839405e-01
-7.996623692307560649e-01
1.046815640636804989e+00
4.386846633782547911e-01
-5.902903877212708483e-01
3.520482841144795261e-01
-1.222983669239424032e+00
8.499280168363325672e-01
1.351796280519728555e+00
-2.432775959984692093e-01
-1.670826068154106281e+00
-5.003067033567413224e-01
-2.338316402549359019e+00
4.395582353403320930e+00
5.858251728949385173e-01
-5.120883085430931736e-01
7.969460348924061188e-01
2.587336677059169920e-01
-6.115626203828031793e-01
-7.837170220147982036e-01
-7.074045197292367915e-01
-2.063686378538636568e+00
4.432538188566436665e-01
1.993370679582634475e-01
4.137355090732468543e-01
2.533092289148235032e+00
-3.574765878193657542e+00
-4.304965375504433700e-01
7.699957059478602650e-01
-3.882869655348483717e-02
4.681669094298129274e-01
4.700878755306187595e-01
2.473774466302655350e-01
-5.049072603008880611e-01
1.626308601547341359e+00
-4.647800397624080038e-01
-1.786260798950169426e-01
-7.116818329058179071e-02
-2.503864630678232506e-01
-9.564699719987910728e-03
3.390299720423184948e-01
-2.315343622434653081e+00
-1.054464446388516219e+00
-1.192896700446218095e+00
7.824008110997953125e-01
-1.802624296663160319e-01
3.512163035532497868e-01
3.548346049717695294e+00
8.815292388287518932e-01
-1.822513995627644268e-01
4.708423216234240427e-01
-8.565272692953715961e-01
-1.451129929267805263e+00
1.864649802148364843e+00
9.804339192224662547e-01
3.443772061880772117e-01
-2.185725320029081875e-01
4.258603245519253511e-01
-5.104078525723465543e-01
-1.179050858123535939e-01
-3.295398195709111633e-01
-9.283913860177763766e-01
-4.414891448465413148e+00
1.232560872082978154e+00
-1.417111436345390718e+00
8.418894438444830541e-01
1.250635453201205949e-01
-1.062634205183641267e+00
1.152279041315674046e+00
-8.341549979719877772e-01
-1.269199018401841128e+00
-5.719715227116600742e-01
-1.465658886712829512e-01
3.546970899517719600e-01
4.019774730386280193e-02
-2.018449917908600455e-01
4.876973269889818829e-01
1.243714775158599045e-01
3.922088925937816106e-01
-2.631161827008005050e-01
4.391686772244864922e-01
-2.964677990395852558e-01
-1.443353648152549962e+00
9.724228105146408563e-01
-1.522188660476662347e+00
-2.380530257717422271e-01
-1.728211276763361059e+00
-7.761353989272947729e-01
-5.964338996961463524e-01
-1.023964697229042153e+00
-1.464383753405766320e-01
1.401572741535834554e+00
2.105844340046786556e+00
-5.334972326437462664e-01
-5.260472818824795116e-01
2.967597712904846419e-01
-7.004116082704207047e-01
4.572992215514409819e-01
-3.510413273017433111e-01
5.471615364384536662e-01
1.245358229328335398e+00
3.961910317595410125e-01
5.586278103914471549e-01
6.848031278474280281e-01
-1.261925272960005284e-01
-2.029384441683230178e-01
2.055282181136964592e+00
7.286108294458435441e-01
-3.120215772707054525e-01
-3.788417027361147271e-01
