9.674894470615839071e-01
4.115402072584367632e-01
-5.092806119255794961e-01
-2.461169986979158397e-01
9.545996792882898152e-01
8.404212796408225827e-01
5.113904750844590064e-01
-1.425304362795888069e-01
2.193367935014354231e-01
-6.284220110519489477e-01
-5.380735489607180178e-01
5.825626179447328523e-01
7.693585871430416168e-01
-1.076519984722307921e+00
-4.952867065434964911e-01
9.846383197128629750e-01
6.749641189685359199e-01
2.760926829748376887e-01
9.261549124260747279e-01
-1.711987524904903246e-01
9.251711189790379208e-02
-7.628840256415941878e-01
3.639307295255659325e-01
-1.031740615903009806e+00
-1.931069394013529006e-01
3.986032943186906818e-01
6.068674660832101830e-01
5.568088519979329937e-02
1.275127483017297170e+00
6.048853774359643776e-01
1.834003813317184317e-01
2.231387888648938833e-01
-7.001213092426820106e-01
-2.842879068067512560e-01
-5.638531219232317815e-01
-1.708175704715933496e-01
-5.039734065290981668e-01
5.434367089033762532e-01
-3.232203327403104787e-01
5.507093002269889404e-01
5.406980295024562677e-01
-8.951353657930022356e-01
6.298661669335277047e-01
5.728425175292444216e-01
2.905235756541014736e-01
-7.226540783445386529e-01
-7.103247649509435435e-01
-4.426454482610256980e-01
-2.267341580268782963e-01
6.583741450822254426e-02
4.251544198504534910e-01
1.930803804687476477e-01
1.212398984937084867e+00
2.872043613356689562e-03
-2.927491595144734449e-01
1.017378626465352154e+00
-1.328276504657734391e-01
-1.187479533085265659e+00
2.743534193517656039e-01
1.583768370530954372e-01
-1.686663852553491050e-02
-4.366142029914146794e-02
-3.989522138133791973e-01
8.816979061293432895e-01
-6.502022445709451093e-01
1.781883373741747767e-01
-6.351034684265975949e-01
3.004200434224905680e-01
-6.678524647768040445e-01
8.977948341550007205e-01
-7.112400908507487962e-01
2.966499783431402956e-02
-1.765445558575422791e-01
-2.004961668248060047e-01
4.903701065389953762e-02
-1.069749055531600823e-01
2.646704570997137074e-01
4.273459890073025846e-01
-1.926658782592265695e-01
4.383786771102771151e-01
-2.086244550971132483e-01
-9.726493950857547643e-01
6.015514345118372352e-01
4.267754934880492179e-01
6.908140328485286030e-01
-3.744283001963110147e-01
1.210661398890536589e+00
-1.171146462339441030e-02
-4.927279656805528818e-01
1.026090751002489476e+00
3.235298008960881266e-01
1.088503253305346807e-01
4.777079704985052744e-01
4.739144088080490258e-01
5.219054600954250445e-01
-5.129705926903567192e-01
2.204828926583909943e-01
-3.330573947616799479e-01
-1.038565475959803086e+00
-5.972436175932201996e-01
9.024833673412852031e-01
1.062056685191234529e+00
-6.867946291332258646e-01
-7.961153986735474142e-01
-3.153967327027018541e-01
-5.953661533996267297e-01
-8.478348540604607741e-01
-1.542503176780730123e-01
-5.692759910941318502e-01
7.551293131669968295e-01
-6.088922855805173340e-01
-1.129203858434316254e+00
-7.809663882535420321e-01
6.804929883386787726e-01
-1.278469513405106894e-01
-4.927679115467760163e-01
4.396958112284459763e-01
7.085688431492546124e-01
6.614274909901293187e-01
-7.186642170605923585e-01
-7.566564156190154211e-01
8.300794722372145662e-02
7.397693646020097047e-01
3.245523752998314970e-01
-1.231436778426165057e+00
3.893053278215735657e-03
-1.042507677319109760e+00
-3.329864686073917834e-01
-9.464741266280375653e-02
-3.940285435493562360e-01
9.071051133884752704e-02
-7.580276883379044595e-01
4.113490014071289891e-01
-4.059447741716886715e-01
-1.329775988496820771e-01
-1.240423198357066603e+00
5.466749282724668868e-01
6.984030353963882609e-01
-6.754882963064252621e-01
-4.328433378715985103e-01
-3.727149615733065802e-01
4.426782571915609532e-01
-6.111735648733818138e-01
5.378438437440247188e-01
-1.026327731708907010e+00
1.150585776710757735e-01
-3.628617700533057211e-02
4.390016808730906606e-01
-1.400013533018159839e-01
4.861694589188789162e-01
1.033247330857746782e+00
-1.034318923197849349e+00
9.695135921910258414e-01
-4.066207618766306542e-01
-1.811028403016391730e-02
-6.599614984443895604e-01
9.397057579125022153e-01
-6.617985380149299379e-01
-3.151125978851684883e-02
3.839248802344508160e-01
-3.289872364698384066e-01
3.562022888879841087e-01
-1.882021610295674940e-01
-3.803825917212632080e-01
8.306385576316142050e-01
3.444994336941529234e-01
7.627394498361516062e-01
-1.121800713877970868e+00
-6.585120349278459351e-01
7.597858596414004406e-01
-4.864554240279417296e-01
-1.118933048076608427e+00
4.793651117237934800e-01
4.565434070088301710e-01
9.691601553587009255e-02
-7.822876516930485913e-01
8.581375297923617973e-01
-6.508744220384720114e-01
-3.832664950899176692e-01
2.995701534445975867e-01
1.127584949674856063e-01
-4.985300783597507168e-02
-9.064596523002665940e-01
-6.535993260938958160e-01
5.052106050106901503e-01
9.017992109851380444e-01
8.905397940278800828e-01
-3.020093659632238636e-01
8.886874619943574416e-01
4.514922519593170258e-01
-9.555156538135728406e-02
-3.463930813019488464e-01
-4.943622889288893374e-01
-5.066582238804890892e-01
9.368980523825654050e-01
2.563247997895991004e-01
5.593308479657724819e-01
4.437935591997646534e-02
5.969986058986845867e-01
-3.829708503636763961e-01
4.706942583393335378e-01
6.680304111439084869e-01
2.114258627227420806e-01
-5.658787905422735243e-01
-4.263875443637812346e-01
4.295292195050488121e-02
3.920522970483327763e-01
-6.540897211031035940e-01
-4.907395820343920523e-01
8.562450851539124552e-02
6.611913197655356900e-01
8.472785226342390841e-01
-2.250212640154707622e-01
4.549474997084871353e-01
-7.538323920069513184e-03
-3.747694465945138886e-01
6.094735962328247103e-01
2.809674467275986021e-01
4.777241486402175608e-01
-4.400934646319853427e-01
-3.989728695472080644e-01
-1.117783332571662847e+00
-1.573063988334681418e-01
-3.861353001100569227e-01
4.664121840600048419e-01
-3.287446644476861857e-01
1.748013968837977550e-01
2.326134195662096782e-02
3.858147440856821708e-01
6.922924396352585497e-01
9.625990095872491992e-01
-8.028042776773332001e-01
1.037292532144892032e+00
-7.717355276557334998e-01
5.498323638677898861e-01
1.367876202028847354e-01
9.900689313101216360e-01
5.822901412657049969e-01
2.012078561263626331e-01
1.290978136581603541e+00
5.818805375097980681e-01
-9.497854116610829900e-01
7.094453320604894309e-01
4.847026359827381614e-01
1.144998440982216925e+00
4.608956804268366514e-01
8.404472021953860450e-01
6.553957099359178917e-01
-2.675562513610233450e-01
2.189021728765785380e-01
4.152885312321665801e-01
8.343797172610261104e-01
1.074069499506022485e+00
5.633133020435128202e-01
3.273653328986249611e-01
4.383361415301988973e-01
4.159862255630368266e-01
-3.652674959392212539e-01
-9.002794901362498603e-02
-1.089558093827615703e+00
-9.999349742702173804e-01
-2.126043593950188160e-01
8.611350272937846606e-01
7.941090958032268610e-01
-3.043477031784461717e-01
2.921112876612143583e-01
5.011109832945697118e-01
-1.453321474001917357e-01
-1.123179235379125618e-01
-2.034451279526920398e-01
-4.367315347089884003e-01
7.197716203148932790e-01
7.120437113357385162e-01
9.290737192484385121e-01
-8.710608913074699977e-01
-3.742957999048233120e-01
-6.022827442346948557e-01
-9.693605139183604225e-01
-8.472266096374184152e-02
3.341094968124069808e-02
-4.334015019372212674e-01
-1.228467456119641810e+00
4.767305917109964097e-01
-8.111564323811285004e-03
3.677651945727170579e-01
-2.477650171678410784e-01
7.881283072315301563e-01
-3.750838918638073338e-02
2.888115281888829072e-02
-7.842155683600410265e-01
6.292602641528078911e-01
-1.914485995576822863e-02
7.604299605387188077e-01
-8.545252712923341321e-01
5.853315368553178022e-01
2.428268978713893356e-02
1.192810701356294745e+00
2.668568963256712223e-02
-1.384175847470171528e-01
2.941566846275296965e-01
8.128388556308712154e-01
-4.349181303022044975e-01
-1.652297733388913004e-01
5.363706212389208750e-01
-4.346431907897226887e-01
-1.227178432901621097e-01
-9.154597441979067662e-01
9.096189156321635716e-01
4.608352237687047270e-01
-6.971942553040646473e-01
-7.811717502806282409e-01
4.399041788734133207e-01
-2.606120776311080661e-02
1.003995053154621786e+00
-1.406891917277781345e-01
3.867255616512171867e-01
8.635021460964779072e-01
3.420316155230355704e-01
-7.630582118003056968e-02
3.412564314469545557e-01
1.242020174984422187e+00
7.249240048263606573e-01
9.753638859637885350e-01
-3.195182278836288248e-01
-6.352702366397665612e-01
-4.008160919505351361e-01
3.422819849955370253e-01
-3.751842087285149341e-01
-1.079230306801782557e+00
-4.263131743216641567e-02
4.391923512036891575e-01
2.542336925489708244e-01
-1.034845466581615914e-02
7.826441053515112989e-01
-5.039156391494021836e-01
-7.618347396683646799e-01
-2.784555758718745833e-01
-4.252729777903689334e-01
3.697079540417577137e-01
-3.191928540323135111e-01
-1.150090311203018523e+00
-1.066002156484731733e+00
2.474547860592116177e-01
-7.515317933536038719e-01
8.500645524054998292e-01
-5.878885736528283168e-02
-8.102494043420931380e-01
-3.637933552226100820e-01
-8.648347615066870331e-01
1.106875290877831208e-01
-1.849948244383550211e-01
-1.233217896105564260e-01
-7.254912614079628286e-01
-8.689006547341424636e-01
1.348556473126107269e+00
4.171276111672085340e-01
7.056134136215204133e-01
1.142463192673991573e-01
6.469438247236544148e-01
-7.179445256267091846e-02
-2.458613818773097703e-02
6.786487667106446686e-01
1.219186413606475616e+00
-5.191142487090165680e-01
-7.972996206751241655e-01
3.558806116245479823e-01
1.976055020887879654e-01
1.043934549779540699e+00
-2.729474565126354668e-01
