1.140585735324715522e+00
-7.669947433991268770e-01
-7.536669863323639529e-01
3.871906855749737142e-01
-3.308521311512384599e-01
3.493422473800077976e-01
-9.258458897950925248e-01
-1.262407316700473237e+00
-4.758705895376899031e-01
-7.305031812361317822e-01
2.985698817886226486e-01
4.023103603776642112e-01
-1.070438282689714915e-01
6.765857141578690559e-01
1.194820452478432049e+00
-8.181969322636921671e-01
5.659165109758155232e-01
1.132025050243514741e-01
9.226250307201715462e-01
-1.721269055224192712e-01
9.236595963564664391e-01
-1.302982382232259484e-02
-1.118850589926033923e+00
-1.054996092609574054e+00
-5.854320541953381835e-02
-7.429168168645142872e-03
-7.645248733467671087e-01
-8.424235055680153739e-01
-1.278976572290547065e+00
2.361565081250009523e+00
-8.076996788237994496e-02
5.973857091177868506e-02
6.195539716862680235e-01
-1.511559239903645713e+00
1.615015791847829868e-02
-3.961673268645432566e-02
8.470491855440929196e-01
-5.706175115671541231e-01
-1.110328044293338756e+00
9.852152170244812268e-01
-7.690662876763556532e-01
1.201794264799030287e+00
3.403448678757303170e-01
6.587513438645431485e-01
1.558652116970721258e-01
-1.075651011060823198e-01
-3.392624310576033420e-01
8.244125140867096802e-01
1.372127091294570223e+00
-2.196419736684959823e+00
6.905815622222400973e-01
4.165489716737837966e-01
4.125888303355273456e-01
-9.785655130232422394e-01
4.956335355133924259e-02
3.565999214823484476e+00
-1.878443027276996136e-01
-6.020048597179554761e-01
7.122987076548220609e-02
1.618317477752220679e+00
6.859947153843608536e-01
-2.666965214972574216e-01
-2.336904991887437388e-01
1.940802072487910479e+00
-1.542383988098961489e-01
3.719268808542242066e-01
7.234278076599891527e-01
-7.427552798066296980e-01
-1.905935276986994442e-01
6.662845917363161563e-01
-9.712319976430767721e-01
1.359040021764780226e-01
2.203855642383959257e+00
1.967667687570983370e-01
-7.619554973068287662e-01
1.488148087022155730e+00
3.135459247845225061e-02
-1.222738693522104292e+00
-1.527919004252726642e+00
-6.692474437452915481e-01
-1.031028933677955069e-02
-3.053363695133719524e-01
-1.669779770691470766e+00
2.425196851163204048e+00
1.068329090437299289e+00
1.238929026073892325e+00
-9.232501724984976121e-01
-9.754131716027067411e-02
-8.963553991795805143e-01
3.711227398868547356e-01
-1.849336077707522119e-01
3.307417672806710618e-01
-4.130152585663288689e-01
2.685324907875856204e-01
-5.438052816800165168e-01
8.734291023712542623e-01
-9.107710417936455694e-02
-1.815356528967275729e-01
3.734033462987195184e-01
-7.655998083000503662e-02
7.776333985517751568e-01
5.229228748111001135e-01
3.029844281230198444e-02
2.211424011124583089e-01
1.028034217024199837e+00
2.700507452210955117e-01
-6.791000713654882226e-02
8.869936882624034347e-01
-2.648193517383212181e-01
2.201700980659688334e+00
4.131730579441733608e-01
7.276524049071551037e-01
7.147911631845600411e-01
7.981475400721620428e-01
2.364673181516858236e+00
-1.359520015951465044e-01
2.105492909285995029e-01
7.325138533078805470e-01
-5.931331483274628891e-01
7.182087908093580664e-01
-8.210089570548388949e-01
-4.644500748295164461e-01
-7.230458293154859994e-01
-5.105455474355609091e-01
-3.329053278242452008e-01
-8.187778918635426617e-01
1.214268537044659091e+00
2.695009054450291930e-01
-9.383047778010238371e-01
-1.099877650954313335e+00
8.268892992702302214e-03
6.202924981369750679e-01
1.131938200199845701e-01
-6.198943194295296610e-01
-1.668940302306076262e+00
1.676420973497318778e+00
-5.253001140140779457e-01
-5.461771918804806392e-01
-3.563808753257280415e-01
-7.739028210501972538e-01
-2.317668980944600499e-01
-1.743110937062310573e+00
-5.068542052373085083e-01
-5.250175645375979583e-01
-1.752850742428394781e+00
-9.347747812910476295e-01
6.024125435781941817e-01
-1.280219694388958107e+00
1.057029283559791505e-01
-9.965979465398819293e-02
-9.617555073980941227e-01
-6.814202575401147044e-01
-3.965923748563406903e-01
3.238282203894004008e-01
9.443824710695347679e-01
6.834038977430576534e-01
5.889584335936534076e-01
3.097782179172110073e+00
6.377003468510067385e-01
-5.549693678584548956e-02
-9.470266981043184984e-01
-3.325766721771888923e-01
1.611366393967202271e+00
-8.336967951976385072e-01
1.094130028825116147e-01
1.481451770073080487e+00
9.602486038827502401e-01
-5.575968198113968599e-01
-6.728631380377078086e-01
1.216000510874999829e+00
-2.531323307419529378e+00
1.152015776067424557e+00
1.176221366687996817e+00
7.827227985868299154e-01
-8.851282389252916882e-01
-8.885476381298811344e-01
7.400360339023950296e-01
7.275900883772836725e-01
-1.491202225416111027e+00
-3.087619929949800834e+00
-2.821849700444011844e-01
1.654038046055303912e-01
-5.656285958316451534e-01
8.414807398428303387e-02
2.540428210985601343e-01
-4.080512722439478823e-01
-1.006101902079980404e+00
-1.081790104080629367e-01
5.508836838314277173e-01
-1.019009919898558325e-01
1.335819246550160155e+00
-1.357933026046649783e+00
-3.177679473140586075e-01
-1.072098163817873484e+00
7.715954376828330075e-01
7.993063219853732138e-01
2.266195906272090443e-01
-1.348365685939944214e+00
2.388102897698186622e-01
5.607948191549076977e-01
-6.944640721788146731e-01
4.217079109201521403e-01
-2.132488039922399992e-01
-3.697207085614998001e-01
-3.626807600495647599e-02
-2.588851042609028319e+00
-4.997611307103558831e-01
3.602874058733144813e-01
5.596527385527672038e-01
-9.802255329078052304e-02
4.462265239794052096e-01
-7.675864241499391616e-01
7.274442272977894586e-01
-1.364549230901478949e-01
6.997102532636576555e-01
-9.422987382055227901e-01
-2.956008176363050133e+00
4.247311725625322332e-01
-7.010379914522237854e-01
-4.835961076260443470e+00
-6.579632005151638818e-01
-2.798099498345312242e-01
3.191082597111843944e-02
-1.039699349519349614e-01
6.268459691090380592e-02
-7.536380906007096314e-01
-6.051411455223134617e-01
7.845394320951504241e-01
7.674363137908232213e-01
-7.850418971024233361e-01
-2.410026931603305445e-01
-4.825364971395021407e-01
-8.652572259329467386e-01
1.080410206313616506e+00
4.495256912806992466e-01
-8.433861226051456716e-01
2.001463420911795410e+00
4.942244823216634941e-01
3.716923394961317295e-01
-6.153187215075275329e-01
-1.506894022822102830e+00
4.736631069563187468e-01
-3.763929415338966855e-01
-2.304057024782308061e-01
-1.642143852136360715e-01
8.348314605467059835e-01
7.321785230626083329e-01
3.019817772485436924e-01
7.279579910309217361e-01
8.331572719512143621e-01
-6.527779701476774665e-01
-1.001612160979253652e+00
-2.901166916968573872e-01
6.256112979882331171e-01
9.112368827326680076e-01
-4.940522135308479945e-01
-6.885893433510720252e-01
1.579227568307106921e-01
-1.544628358230548670e-01
1.608844907573021565e+00
7.194966474855019056e-01
-7.221363054537728310e-01
6.022183368800158032e-01
8.281882191087035217e-02
-7.392318295348638824e-01
