-6.681275945400246830e-01
7.777180816475384173e-01
-2.824950712816277631e-01
1.877358839674106716e-01
3.545008384654103062e-01
-5.351870623340285738e-01
9.573241557586482653e-01
7.599867705998629708e-01
-8.542558035290921670e-02
-4.963278888149388335e-01
2.570770795791407215e-01
-2.518399836817213910e-01
-2.290808073769617925e-01
-9.402135499652325423e-03
-5.451468397653824738e-01
1.752568749585090013e-01
-4.764786114386713733e-01
1.036798458114249311e+00
-6.746127895588380219e-02
-6.514087138809476762e-02
-3.333747449964569176e-01
-2.925406246641160113e-02
1.077875590501927050e+00
-1.090781318484131068e+00
4.200463403859213130e-01
-6.796507723464236816e-01
2.807783102688214683e-02
-5.487040736594113177e-01
-1.695940644446969070e-01
2.322889413449428786e-01
6.723531364799064658e-01
1.326263264371355111e-01
-1.890422530365828691e-01
-4.896639051419658939e-01
-3.866710397587969639e-01
-5.740498185903025741e-01
1.766427423590169188e-01
-5.220079481772029739e-01
-6.892069426854102732e-01
1.653492197959199328e-01
1.909523959586766351e-01
9.768865040385823484e-01
-2.042344489353910830e-01
-5.461629504371375843e-01
8.122367928370947121e-01
-7.839743930120154358e-01
-5.613366744039376410e-01
-1.813902159057008412e-01
6.084512147297733708e-01
-4.098426329981258998e-01
-4.822888846226898174e-01
1.781421526357643281e-01
-5.439343536434328996e-01
-7.611853367017927807e-01
7.922653043073171197e-01
1.175767651105145140e-01
-6.979639333713605343e-02
-9.660533969525110232e-01
-1.334739763236594268e+00
-5.995815877003739525e-01
7.577273013407317404e-01
-5.067555162675195790e-01
-3.092485679279297073e-01
6.119601285232767474e-01
5.368729092961246341e-01
7.174343896932009468e-01
3.216582091029520085e-01
-8.911861416702486771e-01
-8.659453088491435579e-01
-3.805464202924774275e-02
-8.175091788955737293e-01
-5.383056156508264634e-01
-1.299726194877878216e-01
-1.330825279368976766e-01
-3.540191961291901945e-01
7.646749381902964160e-01
9.232831746499273740e-01
5.761860707353045896e-01
4.670869148836953588e-01
7.315564995437904283e-01
3.380055382179363299e-01
7.119457670091125512e-02
-1.389500138282777353e-01
3.101503040730582139e-01
-6.185150605241132027e-01
-5.318961106258702776e-01
-5.541908731105921193e-01
3.254202409084510639e-01
5.171223189915993279e-01
4.253899570886360837e-01
-6.255378973686126498e-01
8.706409486371027850e-02
-3.736162509247503150e-01
-4.610997675432666476e-01
5.743709009338477944e-01
-5.444922548283230579e-02
1.100745110401015081e+00
-7.951636967629251984e-01
-5.941051226840604604e-01
1.048599004667178480e+00
-4.126959186335049656e-01
7.353603409944153846e-01
8.360590096725044607e-01
-6.438825828162353382e-01
-1.018095113969033294e+00
3.020296230098928891e-01
6.516127914825736722e-02
-3.368783239647757388e-01
-1.795305467724640502e-01
9.758085286375443035e-01
-6.089624039350360896e-01
8.905823207266758690e-01
4.863783303471098246e-02
1.610952525643936373e-01
5.653435683293796254e-02
-1.264033786820444316e-01
4.822001352609494584e-01
-5.654722519917214640e-01
2.123369993045997606e-01
4.787252599093704680e-02
5.304646930011571726e-01
-3.334351862414685064e-01
-6.339871962519935678e-02
-4.772158510995195835e-01
4.739224507834218225e-01
-5.496552707557867956e-01
-9.967723154880036018e-01
-5.471178850414817330e-01
6.993304608102814957e-01
6.823275688114229798e-01
3.281324421537891167e-01
-2.379406114152035623e-02
3.632133447004419757e-01
-8.684171370994995254e-01
6.174315572130603114e-01
2.845348929328532783e-01
-3.183398052329063921e-01
-1.871773022292710920e-01
4.003007172219146814e-01
-2.592620681168374963e-01
4.181107030847738271e-01
-8.968805319123354103e-01
9.782566400513267313e-01
-6.877617766983189218e-02
-1.130025255281785324e+00
-5.001065568091481728e-01
7.749106230293664188e-01
-8.202801752690644932e-01
6.141608204593623777e-01
2.009816976004270561e-01
-1.292413040528572754e-03
5.353595593085841431e-01
2.140867221426217548e-01
-1.100215870444742450e+00
7.739076800635843467e-01
-1.134194922986498932e+00
1.500530182149883984e-02
7.544788437198103326e-01
-1.263582990532574390e+00
5.570065641090445885e-01
-6.146176044341720157e-01
3.492446110785934477e-01
3.235940374775777006e-01
1.833029918110161138e-01
-5.169163109590374505e-01
6.448166877171361833e-01
-1.024359504781717112e+00
6.016634062696351037e-01
-8.470091412261654407e-01
-3.674545306917686993e-01
1.231921116273150402e-01
-9.516072407068464356e-01
4.223720304079818869e-03
-1.221676797431214156e+00
2.493358114142668891e-01
-1.067014918721822109e-01
4.777974884870366812e-01
-8.568838568572413605e-02
1.197928282653346832e+00
-7.090649495212136832e-02
4.025746852690751942e-01
7.632306763112617354e-01
-3.034963779199018052e-02
-1.218473744011846716e+00
3.678035437806652097e-01
3.432662256030435954e-01
-2.129451321499725713e-01
-7.810109401371599924e-01
-8.547213091766894255e-01
-4.845037540047174573e-01
3.442565128222169202e-01
2.781672909069238808e-01
8.913845424232884618e-01
-2.618401622287540587e-01
5.555320860284951312e-01
6.497081671114806056e-01
4.254151670057538248e-01
-6.600129549075250956e-01
-1.573079376059501877e-01
3.962312691950651278e-01
-2.402138715586101259e-01
7.232577025933004666e-01
3.791623326084297974e-02
-1.085880993966168440e+00
3.605447306138402919e-01
-1.434144681135582911e-01
-1.025891204117879374e+00
-8.523227813625224858e-01
-9.248346350689171658e-01
4.928200524950963057e-01
1.258448785457377594e+00
8.137198001383524337e-01
2.113329127950405173e-01
1.339764489686385285e-01
-2.011276919979778088e-01
4.149354848333616230e-01
-6.626134876200608925e-01
2.871918717529099441e-01
7.491454700398282318e-01
3.198321005799014127e-01
3.004626933122703236e-01
-8.169369470683283119e-01
2.549767122095026872e-01
3.070047511923702510e-01
-5.612031979200376997e-01
-5.574933524439545929e-01
2.493839905084906938e-01
1.163572416489382366e+00
-5.872707761109217106e-01
-5.029786176164576794e-01
5.917348961954010944e-01
5.168110242202882398e-01
6.549621714204309497e-02
5.452317427804107552e-01
1.616672037545238416e-01
-1.214346414989234013e+00
4.084871707728457979e-01
-2.544084881647238339e-01
-6.545330508961733074e-01
-7.879596790051796029e-01
8.544730756279941275e-01
1.287255543515794187e+00
-1.213842327248809694e+00
3.636229698730123472e-01
-1.562802815129949452e-01
-5.829498263608182684e-01
-6.928266744766098384e-01
5.752944733359297569e-01
4.097415782634345471e-01
1.244850850450763130e-01
-4.790292498584974856e-02
-5.217775897327380230e-01
-4.825390287404003886e-01
-5.097879843962498381e-01
-4.456064734239040259e-03
6.112821265082781785e-01
6.249498564418900504e-01
4.616194097827786558e-01
9.666817400305383057e-01
-4.683024404438720922e-02
-2.314415592602623584e-01
-2.498447045301696312e-01
1.419283408910855027e+00
1.122855832311421942e+00
2.984550746527511733e-01
