5.443348301854644689e-02
1.389866236055562920e+00
2.857774733526776134e-01
1.716526355187968089e-02
1.368208261763848022e+00
-7.960422088741640756e-03
-8.262731219620930712e-02
-4.475355129789769237e-01
7.139577624779236409e-03
2.463824334321043086e-01
1.160691179629233405e+00
-8.304885266649582043e-01
-1.047965123791277264e+00
-1.190063610206455458e-01
1.035716651352297069e+00
-2.598279606654233520e-01
4.185573229700881859e-01
-4.968701369670309731e-01
2.143767730367039714e+00
2.657302852468877985e-01
3.612286074014740556e-01
2.668393255901633787e-01
-3.258546777690334739e+00
-1.180865090416378660e+00
1.866337296193692152e+00
1.685972837586070971e+00
-1.040181055465228210e+00
-6.336839428711316113e-01
7.065517753631148645e-01
8.558932681639852547e-01
5.266530816203114362e-01
-1.196278544251960646e-01
-3.972416395545604884e-01
1.160246493193289430e+00
-1.299520861785078862e+00
1.593696645034300419e-01
1.094030979850199037e+00
1.482979289313797189e-01
-4.165889184851776506e-01
-1.048486335370362843e+00
-1.654478095175456076e+00
7.006288996721996565e-01
-8.704066500536702389e-01
-1.703130169400599025e-01
3.960894885828769585e-01
3.098879386967696714e-01
1.701985995694977660e+00
-1.516023190943298182e+00
1.854732865854689383e-01
-1.640049164400605441e+00
3.442832195690438635e+00
-5.521573843428437267e-02
-2.192931287641688431e-01
1.507723168541131198e+00
-1.739431441427433001e+00
1.742909567154392048e-01
-5.814630554970814380e-01
-2.609953039839562727e+00
-2.892633163792118101e+00
-2.836419222486139535e-01
5.139119120762241089e-01
1.304012072772868569e+00
6.785025847915155950e-01
2.711574100785928643e+00
1.600879903953615457e+00
2.294604960845513242e-01
2.873788955006163492e-01
1.718525474595751890e+00
7.823039661769916053e-01
2.083425128657666825e+00
-1.077357301357892705e-01
4.311840627919201197e-01
-5.265043586589820412e-01
-3.000281452812230687e-01
-7.750477187471866980e-01
3.043900549955856683e+00
9.450095719609243883e-01
-1.618814592642971339e+00
-1.247922262153735140e+00
-3.998584277401024401e-01
-7.146136703367544918e-02
1.489870853552999197e+00
-3.684993403796843481e-01
6.509114987769719640e-01
2.611478503090924330e-01
3.734980132064057989e-01
-2.296004152231726492e-01
-6.770584006201940674e-01
9.774991111889818063e-01
4.466841436077528815e-02
-1.229717551875755488e+00
1.122062977999949585e+00
1.247516470370683583e+00
-6.673344295991521236e-01
2.062928516158876846e+00
2.517803861701984891e-01
-7.074361981217829332e-01
7.425434886605493112e-01
-9.913658497330670727e-01
-2.098987147891331895e-01
6.098300688649010981e-01
-1.499171517258083508e+00
-6.748271878868277174e-01
-4.434256953225522158e-01
2.029234083779939635e+00
-3.730372240493611269e-01
1.640586725445708272e+00
2.818839305670572948e-02
4.697083326367706979e-02
2.052838960204857177e-01
-3.320144134253902868e-01
5.247211223506743627e-01
5.370376539474830402e-02
-1.604676545152917244e+00
-1.235901427003861797e-01
7.906809031212324035e-01
1.389207857852766903e+00
-9.080690050034168070e-01
2.522931923242801577e+00
-8.557660141359637596e-01
6.701625365052654715e-02
9.799669132223225443e-01
8.208536440082981889e-01
-2.093908904050631126e+00
-1.145101256053899563e+00
4.272789888429212590e-01
1.036180929236817594e+00
-1.530858298750744362e-01
-2.205774193347946333e-01
-4.369609812248380631e-01
-1.516709389436365463e+00
1.047365622431035981e-02
-4.957885898695692517e-01
-1.216428272829964463e+00
1.283135267146824798e+00
3.520725895346651368e-01
-1.655637340794717527e-01
-6.025848885513026415e-02
-2.017805882454150712e+00
-4.026153596611448116e-01
-2.954867853954052936e-01
-1.071094432693948439e+00
8.611659179879226078e-02
-1.568713105190343349e+00
-2.710754514618370914e-01
-2.756370097831641885e+00
9.518681281189750321e-02
-1.991943216252210380e+00
8.548474472968115023e-01
-5.208904516042838218e-01
-7.377032136472218005e-01
7.049012829907091993e-02
-1.008235934366660480e+00
2.159390766761496661e+00
3.341318009070903816e-01
-5.083340491173282683e-01
-2.873397090327343140e-01
7.955022915124706495e-01
-9.261965757925459952e-01
-5.168301033158299862e-02
3.863205987686729959e+00
1.155737059541218414e+00
-1.309345188301801466e-01
1.462601052065164720e-01
7.129397998983324491e-01
1.673641093535989111e-01
1.271709797751438886e+00
-6.616967024124585928e-01
-7.156218726443366318e-01
4.822792563839918278e-01
-3.416718447721130980e-01
8.375327549239943714e-01
-5.355346863900152243e-01
-7.116319914977888850e-01
1.069341011227366911e+00
3.256189442348791374e+00
-2.516608046873312632e-01
1.188212137082018394e-01
1.528132277040008091e+00
2.063148148242499036e-01
7.284103304009081903e-03
3.844818998550645905e-01
-1.629625708764102399e+00
-1.207515673412099089e+00
5.335027521049335864e-01
5.495007400927383046e-01
-2.601149544100294086e-01
