-3.193531031627839384e-02
1.284364458460643399e-01
-6.144747085142913123e-01
-8.593344955525541451e-01
-4.202752568165664115e-01
7.177273343096406411e-01
7.726438523721941287e-01
1.056747113358103146e-01
-3.215323006786821591e-02
1.018244903847366434e+00
6.119603892301116455e-01
-1.121955938603244607e-03
8.489870797581666739e-01
-8.240180087670316844e-01
-6.880367466129988507e-01
-1.407114444804322129e-01
4.638826460016065578e-01
3.760760413560016585e-02
9.190587994096266478e-02
3.195421904773500521e-01
-9.176804121296677774e-02
6.417258465828026281e-01
-1.440663973354430194e-01
5.733327057418328154e-01
-3.763228486772109138e-02
4.879335338531958222e-01
8.878546997380335482e-01
-2.561050913511465077e-01
-5.675235031163776700e-01
-2.177346890636586985e-01
-8.212806148984966303e-02
-1.300883724179358047e-01
-1.764275118797369313e-01
3.670788945925186897e-01
-5.530975078182510662e-01
-8.619817895207955161e-01
-7.698662532643232304e-01
-8.789581204178876783e-01
5.294439496589343763e-01
7.221425145230500608e-02
-7.410750898719713903e-03
-1.372583587823634765e-01
-6.992542925419407140e-01
-4.162038574667914492e-01
4.096558528894571616e-01
8.600549820380936072e-01
6.953685204195441116e-01
4.184817783115184486e-01
9.371859366275788750e-01
8.903518704941282280e-02
1.131820042741133597e-01
4.265302186951770436e-01
3.146202708601981701e-01
-5.292460071919254938e-01
4.658735386073474816e-01
8.480966919454744346e-01
4.998750356738291822e-01
3.504144742101352183e-01
2.367385518500500496e-01
4.589644453343877384e-01
3.905843455931608532e-01
-3.007317462418417353e-01
3.447153699352764611e-01
-3.723078496619600664e-01
1.516577511992773797e-01
-6.431462541627821494e-01
-4.985740579234399505e-01
1.142618606793648350e-01
-3.950027979988737226e-01
6.792702298036337183e-01
-4.400505402877128436e-01
9.222810706785566914e-01
-9.125572566308829403e-01
9.227487601208937962e-01
-2.561993689535091434e-01
6.276228588700778488e-01
-1.161749250673810713e-01
-1.136855251691586410e-01
-3.980165617325643335e-01
-1.032013778401833948e+00
-7.245443211163329345e-01
7.137614819084059370e-02
-6.268009725904727381e-01
-3.090713184291495885e-01
7.438397101823061019e-01
5.568638714292968306e-01
-6.855206109122966573e-01
8.510159411839532950e-01
-3.490951284560117607e-02
4.849479502293931876e-01
8.316033427071549688e-01
1.187579744217960032e-01
8.012504632200402321e-01
8.486382764287736524e-01
1.066931002240626203e+00
7.653593526547756154e-01
-2.254561613491246064e-03
6.545235766296330082e-01
-5.451120665561051126e-01
5.440540081559284147e-01
-6.733994931411351192e-01
5.304865289698661446e-01
6.739374031678315724e-01
4.503345230096706953e-01
7.767035906905361831e-02
-3.892229901141938120e-01
-2.649597017138398680e-01
8.794383478398537513e-01
-2.061245087395182640e-01
-8.698890866205627459e-02
2.942972118197865750e-01
-3.659482671358492700e-01
-2.986365937294377382e-01
2.417165491775847552e-01
-1.819469075106150760e-02
-5.462023649447508289e-01
-2.862012571848219361e-02
9.334200696085401816e-01
9.266359139874471573e-01
-9.182769212628286160e-02
-7.399154754567114356e-01
-4.358740221568346840e-01
-8.997830020335724210e-01
-1.024769849005354727e+00
7.250859286330961773e-01
-2.636253235653958082e-01
7.540847809821521475e-02
5.016480572437600483e-01
8.478321654743694591e-01
-4.947146352506937017e-01
2.042648277096924536e-01
-9.541658332780514895e-01
3.784082851154688121e-02
-2.290816207923389025e-01
6.289140046341616941e-01
-4.209195220982811514e-01
-2.104206921815170162e-01
8.876365769589197319e-01
-5.025676092822291968e-02
-6.389387367710068766e-01
-4.577079494797426928e-01
5.936200619486351471e-01
1.071524550010458654e-01
-8.180295617697350141e-02
5.221479466587759521e-01
3.881711126866077555e-01
-6.667074918266590045e-01
-7.439591473313051928e-01
4.336745012515846875e-01
-1.694010720886451327e-01
-4.107623259459531884e-01
-7.458699947346441039e-01
-7.829671577379464231e-02
-4.642902886843942589e-01
4.766174097128682563e-01
-6.936877313895322139e-01
3.968855967812780217e-02
-1.299519417918016395e-01
1.110581801456438145e+00
3.636811086003339799e-01
8.664567877979378885e-01
-1.224497458484287843e-01
2.269806118642465620e-01
8.428339393876940200e-01
4.317646307842907261e-01
6.677304120960947387e-01
4.843934966566931788e-01
2.784005560440123705e-01
-2.645117163565118279e-01
-7.393836705832277367e-01
-3.700863424553290648e-01
-3.065908677333510357e-01
-3.282116455248856868e-01
1.005851067137132793e+00
5.754814833716308531e-01
-7.536985310451322917e-01
1.081941342394152766e-01
2.534966300692063079e-01
3.329943894273472704e-01
8.587230723242977870e-01
8.656391499486278951e-01
7.098263526475981910e-01
5.810349170221418280e-01
-2.163014774719416444e-01
8.924316641917395820e-01
-7.498010343210269601e-01
-1.529474779978111099e-01
-5.411059865785783352e-01
-1.832648479981189293e-01
4.244064401271446796e-02
-5.120332843904157327e-01
-4.064675483968031855e-02
1.886954561789985774e-03
-3.828809490630696866e-01
-8.399423929992690940e-01
-8.168052682464959080e-01
-7.444853969516457282e-01
-3.316457962739659537e-01
-3.277616342919283943e-01
-5.676235067697953385e-01
-3.489107765424621088e-01
-7.608904755805006026e-01
1.020373830894505174e+00
-1.266072786380347259e-01
-5.512458559185438034e-01
-1.632070851727587119e-02
-7.159284918522594854e-01
5.593133808957753139e-01
2.620176758656270755e-01
-1.970726049088012133e-01
-4.474637579951494804e-01
-5.238021194713162743e-01
1.869860454408809047e-01
1.007405673913345900e+00
2.069567839396254660e-01
-4.173093345468500415e-01
7.036347802937792384e-01
-3.413448735510269949e-01
1.232875698659397085e-01
8.898841729532669387e-01
-4.744751331337176969e-01
-1.126036153205020041e+00
5.297729141076753523e-01
-1.525632986554452120e-01
-9.941340271701502029e-01
6.370863996248656846e-01
-7.435084244617303773e-01
-6.835893601860563162e-01
1.765827176264573098e-02
-7.654447931703651786e-01
-6.034982686055696544e-01
8.209864798988955603e-02
-7.615903341214047551e-01
-4.086082321042869836e-01
2.369550301694332006e-01
-8.388549281617436737e-01
-1.634587945795310665e-02
3.092734793895781653e-01
-8.120843043115287818e-01
-2.635373073698191737e-01
6.701636008858882221e-01
-2.355511875801769017e-03
9.011090658476088588e-01
8.706345924201286390e-01
7.304804984291837222e-01
-9.008548927369681714e-01
1.593605530843777290e-02
5.876393160022737316e-02
7.470186143810367829e-01
-7.169792438997917294e-01
1.829383358987953512e-01
-4.441943468787075688e-01
3.054252246313002850e-01
-1.601033268881248417e-01
1.872716706616651683e-01
9.809125220930219324e-01
-1.220704500802447523e-01
-5.026253514846212855e-01
3.147795817320436784e-01
9.203798010226018622e-01
-1.294819663573906765e-01
-6.277767223703398791e-01
2.304770619729034908e-01
2.632652490707516058e-01
5.064449201842038395e-01
