-1.105115735468726212e+00
-1.970212483767096456e-01
-8.133343176298419852e-01
-1.462567063031052106e+00
5.615517304236726792e-01
3.556580586928815291e-01
-5.655091946379747769e-01
-5.150183370457604992e-01
-5.142013837117772601e-01
1.086698221324379654e+00
5.609116784759411445e-01
-3.524382230131898330e-01
-2.632785230503975615e-01
-5.365972868486963421e-01
-2.949421025923297801e-01
-2.460608375377036638e-01
-6.516872981064392167e-01
4.206103564205818657e-01
-1.131165102831253044e+00
4.234404309045766701e-01
1.908730039151231017e-01
-1.543495522005269738e+00
-9.861856864512625886e-01
-1.767172158593635078e-01
7.161261404502081707e-01
4.647415812860615225e-01
7.822367672050025700e-01
-8.785414880284074801e-01
-1.177619605671356595e+00
5.332304970370845831e-01
-5.255605602600701420e-01
-8.421056954680697926e-01
2.140677024183736468e-02
-4.865114243569897967e-01
-7.154986962293974351e-01
9.631319502620231399e-01
3.074849564414737779e-01
-1.125497275109972328e+00
-2.583539681355506157e-01
-1.343369346976526657e+00
-1.093766690357363069e+00
8.809301034263264940e-01
-2.318686204123996397e-01
-6.601272903724040297e-01
-1.256916376514090605e-01
-1.090220008070182267e+00
6.468528345569874993e-01
-1.536962350890812568e-01
-1.773375533168466633e+00
-1.162944836253384656e-01
2.036963648106240310e-01
-6.711968723708360285e-01
-3.731102607061853038e-01
-5.798240611757918828e-01
3.391086789572805293e-01
9.504740610965962677e-01
2.954813055542803157e-01
5.657544084861568789e-01
1.886917942451125541e+00
-7.279233369422910549e-01
-9.432301341409996542e-01
-2.936668898360486057e-01
-1.004130268940640613e+00
3.111996220356619824e-01
-4.264298530569721191e-01
1.737307784789196230e+00
1.085375475665172784e+00
-7.471722068768624769e-01
-8.612606987687589921e-01
-1.375674502997983883e-01
8.817213769380733979e-01
-5.714138451080310599e-01
-1.024717418163164778e-01
-7.317008499451360670e-01
1.210173317325972331e+00
1.481199704311081944e-01
4.170355987235881134e-02
-1.653894852871874654e+00
-1.948499415071570928e-02
1.023398013583756816e+00
-2.036407195980152740e-01
1.444968918281426540e-01
6.309455035815004775e-01
5.383070700692783594e-01
1.318681339896598859e+00
-1.336133619172776621e+00
2.815326765646222196e-01
-1.433056858566509995e+00
-6.091411593757194431e-01
-1.658119235565133964e+00
-6.916244694926427794e-01
-5.725377240583182648e-01
1.201779764369487413e+00
-1.288457975862129234e-01
-3.224509514508477892e-01
-8.210273267091597882e-01
-4.662071717173575380e-01
-3.349905710358258570e-01
-1.003181026895537009e+00
-4.576226511068268721e-01
2.832001324022286881e-01
-9.121337176092295662e-01
1.157767499405790268e+00
-4.977513983570340250e-01
-3.645877865963616515e-01
-5.446098851866750801e-01
9.020819565727995482e-01
-7.341689947251734960e-01
9.558903751352737510e-01
-4.838317753298801982e-01
1.171646215166021854e+00
-8.587800088349312189e-02
-2.473432685698014610e-01
-4.566197386002700254e-02
1.563324129810353680e-01
9.380434989366301934e-01
-1.937182997053208400e-01
1.337576966195950456e+00
4.130557242178567456e-01
2.485723941931173575e-01
2.144876576594330897e-01
-2.394100073851875621e+00
-4.976472859000718452e-01
-5.383907682750031787e-02
1.154975138513266275e+00
-1.468218480042304375e+00
5.308782471763147104e-01
1.647343561673599632e+00
-6.763731307877581811e-01
-3.008119068464757406e-01
-1.090697537926351046e+00
-7.823243610387896618e-01
-6.487096776130738540e-01
-2.982502954782814131e-01
-1.922106915285363149e+00
4.910496164661855012e-01
-5.158951163047836852e-01
-8.552038827998273973e-01
-4.099891730187829042e-01
1.560803571045601412e+00
-1.014831266005115570e-02
4.626442581348680916e-01
1.389067271064565512e+00
-6.976004106213379297e-02
-6.367635580155787123e-01
-1.133033245281218626e+00
-2.021570993097278057e-01
5.453872620104562863e-01
8.177193420152569781e-01
3.244769582267275077e-01
-8.277350443013207215e-01
2.775653730868283819e-01
-6.313785432824833288e-01
-3.117078947583095672e-01
4.093585665577726962e-01
3.811780993601041612e-01
9.361661928566185065e-01
-5.786888152759899207e-01
-4.263827758761208342e-01
-2.488347942302405191e-01
-2.888467941393024208e-01
-3.028255984319382921e-01
4.954883784869620333e-01
-9.488032534496070314e-01
8.979477491590142080e-01
-1.531448718210323801e+00
4.715017734340189448e-01
-1.147241519578108271e-01
-1.348736563095128405e-01
3.442243917703208811e-01
-4.706286183223213904e-01
1.111726486091646038e+00
6.656175563023997155e-01
1.419189009448821759e+00
1.541092510464116272e-02
1.003179318585246449e+00
-1.394729091383294373e-01
-1.471788239761248729e+00
-2.827195105655253560e-01
6.697105085873797936e-01
5.082028755161890898e-02
-2.599246950976694670e-01
-5.237021712452840649e-01
-5.807281246325085577e-01
-1.299479561666366134e+00
1.088243679799060448e+00
-6.032571596197082442e-02
1.641694965237960879e+00
-7.537376706361852419e-01
-8.549289634168647997e-03
-6.579311146909014862e-01
-7.312779875527254669e-02
5.323587507050836498e-01
8.743260777940690121e-01
-6.320407342543583606e-01
-7.518920999916300918e-03
3.257066413694409968e-01
-1.928505764737409589e-01
-2.346544439933777870e-01
-6.167270740184479516e-01
5.837454626713730610e-01
-6.801038578024399817e-01
8.583306906553861415e-01
-2.488846954597897232e-01
-6.700653724086702567e-01
-4.941572126916901064e-01
-1.542832072623035788e+00
1.129784272459979588e+00
-1.527151589902005835e+00
8.474861291391303508e-01
-4.883268135432340395e-01
-9.705346738529665451e-01
1.620882379471092261e+00
1.042829108452883569e+00
1.579472027001098011e+00
1.990647000323115534e-01
6.137707705122678048e-01
-1.828769863210482960e+00
3.647484950345144528e-01
1.061756246173603202e+00
7.449613655321477568e-01
-6.197869667011064454e-01
-1.974130225083039689e-02
-3.989154098896118827e-01
-5.018308639878916733e-01
7.882487206239506550e-02
7.386803297938870916e-01
1.219031859387492478e+00
-3.167059924287384254e-01
7.335095336325819781e-01
9.599891038709438273e-01
1.443014477554951935e-01
5.283510945818149507e-01
2.975080911480931789e-01
-7.735420681650502228e-01
-4.146824936427540576e-01
1.099641003972499365e-01
6.737907652633794431e-01
-1.291882980226317201e+00
5.337079280294765304e-02
9.641054945278584309e-01
-2.137264028131476978e-01
2.450982459196387464e-01
6.114281106825225631e-01
6.871842985571292584e-01
4.129863172023662266e-02
1.728088835940178036e+00
-2.695318470486688933e-01
5.334379702815913449e-01
8.403302679303601419e-01
5.675204757369021191e-01
-8.990361603921608324e-01
-9.048926730038799882e-01
-6.095079410113957152e-01
5.494657684837913614e-01
1.652648749672776418e+00
-1.341920693102169881e+00
-4.049847278951817509e-01
-3.661502940039327858e-01
1.059616054091834236e+00
-1.282780274891009320e+00
-2.525475796810017770e-01
-1.007269490644225884e+00
8.826278272875163200e-01
-6.458813138901163819e-01
