-4.623344050992031495e-02
-1.043119220999860347e-01
-7.010675385068806942e-02
-4.103066807912957858e-01
-5.535913400359805392e-01
-6.162599938361444929e-01
1.276890744696497659e+00
-2.705900909736733695e-01
-8.535909406043118430e-01
5.939026271901770571e-01
8.288911416089316253e-01
-6.590438030428589222e-01
-6.554056331884133835e-01
1.166750206653068556e-01
1.473903429606966409e+00
3.485306035453916707e-02
8.187500040270004886e-01
4.127658714381747251e-01
-3.649999478599072478e-01
4.734817894775925767e-02
-7.674796825570112668e-01
3.411949429439845721e-02
2.049563840030441120e-02
-1.626651492465556459e-01
-2.714618465939203640e-01
3.800344024687810074e-01
-7.220532023943130318e-01
5.174188694514554321e-01
6.004114433835805453e-01
-4.939354617152486027e-01
-4.987129960034800691e-01
-1.235809055525483924e+00
-8.094032475269560267e-01
8.919194801200187595e-01
3.475951693965602107e-01
-6.062491073861020485e-01
4.435951519040459146e-01
9.377679408109119985e-02
-1.227708805911308376e+00
-6.865550430737318854e-03
6.811896777073864762e-01
1.243046462893171000e+00
-5.835603499590535925e-01
6.872067247496687070e-01
-1.315006425446674232e-01
-3.756605186290179477e-01
2.411305596956817010e-01
1.183639222619713882e+00
-2.408668095964346945e-01
4.615980260990482087e-01
-1.233417202794466760e+00
-7.499432516415421163e-04
7.325992828909014265e-03
-8.448811395704487470e-01
-5.649518102829886868e-01
-4.076984991313466478e-01
-9.776646474277437271e-01
-7.189756785675245343e-01
6.345384271278947663e-01
4.530651812778386800e-01
-1.259890775066699886e+00
2.112473615604684718e-01
-5.052952560688634964e-01
8.617248478576343684e-01
-8.658992522957370541e-01
5.435621048666959831e-01
-3.077284471325410498e-01
-5.893638878945781645e-01
-1.875078666752202916e-01
9.350449488230044848e-01
-6.074822648259327051e-01
9.715055081112256019e-03
-8.157255332643268408e-01
9.012278933152475524e-01
-4.495837127936416211e-01
7.317503519223418351e-01
-2.451393841600102985e-01
1.595594128699079906e-01
4.265224627331471452e-01
-4.968047660385030984e-01
4.785883957282974777e-01
-1.066405135604899135e+00
1.126143309038658780e+00
4.938122755599313463e-01
-1.249248647431043135e+00
-1.525254702748344737e+00
-1.291644808396042565e+00
-1.020018691627020857e+00
-1.137905844678634537e+00
-7.179102804987511632e-01
7.492066447588650036e-01
1.285864215151106271e-01
-6.661771211684368588e-01
1.973386987001813364e-01
1.067012353070289521e+00
5.857106733166634882e-01
-9.604329401215483397e-01
-1.803398940156629160e-01
-2.935650674657876991e-01
-8.242619095469874146e-01
6.745324342095192494e-01
1.172658239040143657e+00
3.875309978672325517e-01
-9.959539563387252714e-02
1.616548711287058238e+00
1.983395348522256074e-01
1.316094317626343990e+00
-5.381201079875720383e-01
-1.163957779388179237e+00
-6.486212544447668149e-01
1.001294603465599231e-01
3.325215717699724766e-02
9.214091879199234891e-02
2.062372888691012263e-01
7.861793679542862512e-02
-1.620075193721874363e-01
-6.506843386218178482e-01
-9.056162209120593998e-01
-2.341062349063328107e-01
-8.782283987332732966e-01
1.504423580793393000e+00
1.228822496103415984e+00
4.425164171600032836e-01
-8.707157610448555685e-02
-8.442672900478248588e-01
-9.185103160292257263e-02
1.816061443414842547e-01
-2.583666638150179384e-01
1.144709806899201654e+00
5.909739428437281727e-01
-4.693206131532572378e-01
1.335352807289951427e+00
-9.779492208976541257e-01
-1.866282545939794146e-01
-3.516917356851314014e-01
-8.223243220269932374e-01
-1.513447029566022728e+00
3.292207025763500550e-01
5.448860786505363984e-01
-8.368729120894443652e-01
1.528542756750460585e-01
1.431582751285288557e+00
-1.158672078949969153e+00
-3.146360286263792938e-01
1.930340627099213502e-01
-6.064953348242752007e-02
-1.274724769371581523e+00
-2.986992964600305722e-01
-8.674131786433491031e-01
3.257579723120637150e-01
9.101711822104013860e-01
4.582186374396771678e-01
-1.356441166321160074e-01
-1.169343187237026127e+00
-5.727760844360982873e-01
6.130499065163175221e-01
-8.137249368323500320e-01
-3.430225701021112905e-01
1.102618689507144811e+00
6.753954934585707504e-01
5.737194822682246675e-01
3.509128126550947746e-01
-3.155517123194262474e-01
1.297691669488352462e+00
-4.274517714059498097e-01
-4.203197506813692308e-01
7.930740789953257819e-01
1.155956805715059599e-01
5.955836492054676634e-02
3.650501298049437793e-01
-1.847786464985840538e-01
1.080158319172318082e+00
1.497467327478707033e-01
1.756563912870216099e-02
-3.204667577176427695e-01
9.628833028518701820e-01
-7.081568415447982989e-01
-6.321994006453044435e-01
1.812366071615047480e-01
1.950268488272439704e-01
3.411654421618899591e-02
1.139877809484797361e-01
-4.283521436582364839e-01
1.120276090737878372e+00
7.626576077765759853e-01
-1.093456709918966485e+00
7.777543106021891361e-01
-2.909258891481784626e-01
1.136195541514667950e-01
-1.151732030720264088e+00
1.291239436484457048e+00
-3.294918392338096469e-01
-7.600194896851295567e-01
-7.748202429754038612e-01
1.260562911280504184e-01
-4.797774571576904901e-01
4.578897115434520382e-01
-1.301147906418982370e+00
-1.028317471645628478e+00
1.223413186084999937e+00
6.789384650013321476e-01
-4.973957008491197151e-01
7.136067773216303589e-01
1.162926785152151865e+00
-1.116545711264715246e+00
-3.894212054733880990e-01
1.797141782189393411e-01
-7.914428950290910425e-01
-5.984441273431251318e-01
-3.999334262973446297e-01
-2.734872688805342067e-01
-7.888950258729673370e-01
-6.135865576443529784e-02
9.070764127040386038e-01
4.605445290731973174e-01
-1.025490342923275344e+00
-7.572375082304855232e-02
9.608262966572114205e-01
-1.906231982186571416e-01
3.474364459687055429e-01
2.016339453400111947e-01
1.516086384250061314e-01
6.920208093740769506e-01
1.025698723302184145e+00
1.182463881681911522e+00
-3.247998235135300948e-01
3.434233609996608649e-01
1.763345698110447612e+00
-9.315509924985976298e-01
9.259615014580138137e-01
8.508255014701054941e-02
9.571352519911255907e-01
3.215071456924035731e-01
3.802047808499124382e-01
-1.836441389444875838e-01
1.297343828144013944e+00
7.744746198828327266e-01
1.306615239230485503e+00
-4.709107365717563054e-02
4.718328259771525368e-01
-1.505167143623064030e+00
-6.107258496331799957e-01
-4.037875061680021860e-01
-2.390982391780291927e-01
5.428108341941925152e-01
4.320575445238105106e-01
3.338443566685503350e-02
-1.481532439762390796e-01
-7.426322007593282315e-01
-1.911137273986338037e-01
-4.242537146231394329e-01
2.388735908873264591e-01
8.079942396217713041e-01
-6.051887532304022210e-01
2.593184373086326877e-02
5.890635551092610056e-01
-2.930460140080947684e-01
6.189300162853725862e-01
7.320283917842717036e-01
6.477758375741680119e-01
7.119681980384091613e-01
1.079153440132142039e-01
1.206689897036532955e+00
6.964707718699449934e-01
1.934710836956499147e-01
