-5.266886964287691431e-01
1.795129468622334024e-01
-1.297645997961451858e-01
-2.875074685823890697e-01
-4.511670946667101223e-01
-5.937226984231760429e-01
5.811169381562031333e-01
8.357015551074911119e-01
6.164689861135541626e-02
8.239048398600004042e-01
9.771085564445038951e-01
-6.086239882220001451e-01
6.899104872123202892e-01
-2.370823798158514517e-01
-9.315736042087148228e-01
7.362397480511462255e-02
-4.326094898234631447e-01
-4.723177907096103301e-01
-7.103325328128808902e-01
7.809254472989486384e-01
-9.831998603382867685e-01
-3.813042315473054167e-01
8.500961142579219754e-01
-1.036417428385052464e-01
-1.283419434168113771e-01
8.235498334691038202e-01
1.811180381861134947e-01
-6.619528030883392589e-02
5.665276405418491201e-01
-3.775403100471863560e-02
-6.664198572499482331e-01
4.628076446927593679e-01
-1.677030571705975248e-01
6.774845988359563531e-01
7.669503512107731513e-01
8.846781848803204618e-01
-4.491745062561567359e-01
3.611311626805790986e-01
-7.775167096818136336e-02
1.463763459264286748e-01
2.832810874425786274e-01
8.657585777144947148e-01
1.920441730276445380e-01
-8.237992325678109573e-01
-5.548817272866182204e-01
-1.319977488370795982e-01
9.430477447073772890e-01
6.476676903776408256e-01
1.121175901165671895e-01
1.870640008983388558e-01
4.578739685716026742e-01
8.483059478657324348e-01
4.419010711944457714e-01
-6.748961725395346001e-01
6.267840419046541989e-01
8.840175713242646172e-01
1.939367472982023166e-01
-1.068795678912637381e-01
2.664900134133816323e-01
5.078336606102009654e-01
8.478394323800191312e-01
7.832171705560349029e-01
4.578134472759520790e-01
8.976711751392312255e-01
8.720068980159862981e-01
5.278697722157363881e-01
5.289761658189953142e-01
-6.894776723946194341e-01
9.893869376432689045e-01
1.281197638563724706e-01
5.388840907435858973e-01
-3.410991760181947274e-01
8.211149758252338504e-01
2.368769403733728129e-01
1.286188214829324661e-01
1.884715051780259110e-01
4.979037913177335462e-01
1.214824738340753996e-01
1.059612622187326991e-01
3.765378335296172274e-01
-8.320589496202352997e-01
4.913421643648658854e-01
-8.219536956565771657e-01
2.063477959778496906e-01
4.863617525319325896e-01
-2.804612077038020068e-01
2.559744285183129797e-01
5.951688555469132336e-01
-9.334925616787732583e-01
-6.396733995669170447e-01
-8.099767447603307691e-01
3.103851024214832055e-01
-3.503603332555946803e-01
3.814992005723532031e-01
8.465892870898970024e-01
-9.557862973530673045e-01
1.951982627965656025e-01
-8.946503411396415917e-01
9.744440664536122565e-01
-4.679868998784297851e-01
-9.928605698326644635e-01
-5.186399767650939907e-01
2.275093262981091602e-01
-6.856700077197814824e-01
5.382715415559509164e-01
-1.168953595029420534e-02
4.486617081421262476e-01
-9.884809860300014517e-01
3.451153039661996047e-01
-6.531783102262072038e-01
8.834948942766334135e-01
-5.718072669269376185e-01
-6.999978647943128074e-01
9.613061486788725407e-01
-4.194577199741487128e-01
-2.037855889635724616e-01
7.005863066285122898e-02
7.731552863042443491e-01
-8.733449512897071276e-01
5.765801499424072496e-01
8.175304695402796362e-02
9.485396403168810942e-02
5.231728201369125753e-01
-1.300278365470131092e-02
4.415921770370749844e-01
1.958209418352312436e-01
7.734841789646291765e-01
4.992926818898597574e-01
-3.645574312226895763e-01
-5.055928411320949056e-01
-9.490694493102289631e-01
8.019342678507614952e-01
7.649401372366337881e-02
9.591055746661252268e-01
-2.155800660421847148e-01
7.408032997383571239e-01
6.488613522550286117e-01
-9.317425224534781059e-02
1.353894734890965790e-01
-3.428525183220381134e-01
8.506525141524536870e-01
9.363058986905807846e-01
-6.562387894636065866e-01
-9.065209904534654584e-01
-1.692645592435981783e-01
-7.836171456669631663e-01
-4.210785609385712114e-01
-8.282471362793200065e-01
-9.119461586199211212e-01
-2.931183755182360517e-01
5.895701438633043079e-01
-7.992481838036209485e-01
4.659977995098090187e-01
-7.348617357385149873e-01
-1.912577717546364298e-01
-6.868469464099304922e-01
-9.922706828314569183e-01
5.677642775506306361e-01
-7.832061447556126765e-02
9.758292754631465726e-01
9.435013554872209163e-01
-4.434972228933409255e-02
8.458417639630499973e-01
-2.874100591178598840e-01
1.898871911398887224e-01
3.449607785721005015e-01
6.258990356016975731e-01
3.160944380558632361e-01
-3.493100149479824168e-01
7.187117301972123506e-01
3.342185158978727699e-02
-9.753240134353633461e-01
2.769325094081005467e-01
1.248719429723355034e-02
7.901677224997305515e-02
-1.422633030069457849e-01
-2.674453864984083218e-02
-7.644948656001526732e-01
3.920285877219198412e-01
4.491946196085956355e-01
-7.697210272582608592e-01
6.719613964386648153e-01
-9.208449364451154473e-01
7.619370350528080760e-01
-5.951075577233597702e-01
3.214173216227145247e-01
7.421449514646762946e-01
-8.984035268893320048e-01
-5.059589837013378499e-01
-6.183006083679787324e-02
-6.535262003911479489e-01
-4.967909135315455860e-01
-4.180543130778870964e-01
-4.030380197094243222e-01
8.988801860230721807e-02
7.692412493389118033e-01
-1.347204497044101057e-01
-5.790895531664155271e-01
1.225252621606540693e-01
5.947626258091704976e-01
5.044722585606180587e-01
-7.042722379577470715e-01
-2.572683612914454798e-01
-6.930902178231823640e-02
6.085088983906521420e-01
1.837789283827961917e-02
2.200657859867403143e-01
-5.340775547987410832e-01
-4.609568290327166196e-01
-4.018922162364106931e-01
5.044751811795644691e-02
2.813448937702414110e-01
-8.913940491595366833e-01
-9.340753209254533118e-01
4.866772638352332425e-01
-3.509230157376721504e-01
-2.436365899557020320e-01
-3.306140883512804773e-01
8.652803185405926190e-01
5.580913039482975346e-01
4.576399323898774352e-01
6.964546935750699497e-01
-3.581412708177567072e-01
-4.902970605441316909e-01
3.561732375973161169e-01
-6.175852807508455111e-01
8.215140001869831732e-01
-7.339387614097825363e-01
9.399421213851621992e-01
-6.815531709832904905e-01
9.472794195363349878e-01
-9.104301499632854178e-01
4.311641868328404126e-01
6.663042811189308079e-01
1.136780126173819738e-01
-4.882111034100089508e-01
6.962064210106757578e-01
6.365311244303064608e-01
6.635075912358849859e-01
-8.326512286054599254e-01
-8.923678015616582915e-01
1.577967617389119948e-01
6.975355510419056770e-03
7.961009383415396101e-01
-8.640335149331643816e-01
6.263270577198170042e-01
-5.366578628278628749e-02
8.483123840796815696e-01
-4.814845501466276101e-01
2.228583461073578853e-01
9.373395963144472987e-01
1.266071914458066772e-01
-7.384130083097033559e-01
5.762618815421045593e-01
-4.646184626874050316e-01
-4.780843752625618670e-01
1.472819310227442280e-01
-5.581229714403852515e-01
9.431531630963629897e-01
-4.791574599906534004e-03
1.265350885641309819e-01
4.384030118911041995e-02
7.705041124854956625e-01
8.967170991805430980e-01
1.262902368400253827e-01
