2.271208996992375440e-01
-7.075126409122838300e-01
-6.539535967068597078e-01
-6.593896649411528088e-01
7.005245932264714259e-01
-4.992368687402424232e-01
1.529064214597624094e-01
-9.715156244477132219e-01
7.156422523850529682e-01
3.576706480017437517e-01
7.456268523034590423e-01
-6.277601455372725514e-01
2.409873621857605563e-02
-9.118300789845577015e-01
-5.025373925673870534e-01
-8.568301554496771111e-01
3.770879570998653119e-01
1.849788268281613579e-01
-9.634628829407518857e-01
6.070824756133768041e-01
-8.936566235045684259e-01
8.765901818245778188e-01
-7.875169599156230937e-01
-5.320728638886889073e-01
-1.492287197095081286e-01
-3.797257293951443735e-01
6.342129813173866815e-01
4.141459529830293640e-02
3.068842841816143974e-02
4.396483734223426421e-01
-8.194171932116376400e-01
6.235931734151940464e-01
8.934326965515311247e-01
-6.020657764640489074e-01
6.791280176359302256e-01
-2.491183627819306690e-01
-2.675886000304110723e-01
5.009612320685188358e-01
5.758146151369611943e-01
-3.352728740533401641e-01
3.282476137018357498e-01
-5.760684547224341756e-01
-8.870647586074895674e-01
-2.834772624805468322e-01
-9.885004651062576642e-01
5.751955973235631792e-01
8.341703720677806633e-01
5.717724781385393751e-01
-6.055905211404133404e-02
-2.662914528479753962e-01
2.016537014195023403e-01
-6.669737155142705376e-01
-3.362682657951192589e-01
7.726380655559201838e-01
-1.412911566668575425e-01
-4.957955731132070998e-01
7.268383888675935545e-01
8.212974186222599116e-02
3.221655923082789030e-01
2.735784342442537653e-01
6.708193894541492064e-01
3.777759439103516304e-01
4.955800029485843972e-01
1.085416686290485710e-01
-1.827934745484345314e-01
-5.819084217027747918e-01
9.857173762199966660e-02
2.399888085191175247e-01
6.549769755331376064e-01
-1.071473867090657617e-01
-2.190978900429618736e-01
1.463362995696702029e-01
9.870942645371116875e-01
8.123896878589926818e-01
5.519384049931261860e-01
2.724408346639102252e-01
4.034961824543765729e-01
8.495571329252689097e-01
-2.745294118720082999e-01
-2.776901016097896857e-01
5.097307230349457097e-01
5.010257247935618885e-01
1.147930053655530358e-01
-6.679115201208882802e-01
4.914980429244431015e-01
7.196209033993010706e-01
3.391788608680865735e-01
4.297157304714243065e-01
-8.328572456735070517e-01
2.073581229798238112e-02
-2.750012390435720988e-01
-2.519605137121234684e-01
-5.408005199683356690e-01
-5.655726770318434404e-01
-3.120508825236043560e-01
1.645488549063256478e-02
1.024186726971714201e-01
1.202220556863047296e-01
5.080719637244930365e-01
-8.108635642852224379e-01
3.097839300685389929e-02
-8.124385996841803070e-01
2.373757372295337564e-01
-4.949651971480557577e-01
1.347245508159404803e-01
1.222618327384725756e-01
-7.084296460876471357e-02
6.984899728891011961e-01
8.590352029407921641e-02
9.881403893956133277e-01
-2.382350353552451505e-01
8.530872246487097854e-01
-6.042420863511377416e-01
-7.281866400987664356e-01
-2.514274931120927814e-01
-6.418884690887138866e-01
4.811724172522779952e-01
-9.566995038404806362e-01
-7.408565145071450697e-01
-8.631299980128130933e-01
-1.505581145797003639e-01
2.878737221639311450e-01
-5.543144221193418986e-01
-4.036418319481374084e-01
-4.422351043656047587e-01
1.651069532609072965e-02
3.579411113652388732e-01
-4.617571011408254655e-01
5.413486045431969984e-01
-9.726471937912770649e-01
-1.755623746646637340e-01
5.537076708489858667e-01
4.931283576854441630e-01
-9.947346505995080523e-01
6.952406918169240502e-01
1.592431627138588546e-01
-6.473059355569141804e-01
-6.607296428924167575e-01
-6.735978678273493170e-01
7.617610163288355274e-01
9.792527776427228936e-01
1.785016516519706276e-01
-3.477881781910552306e-01
9.970518781212656112e-01
-4.745592442458301807e-01
-1.514857945699006336e-01
6.120768341885218788e-02
3.202755751977921506e-01
2.833936831577184012e-01
-2.139217384237990238e-01
-6.776181813947614874e-01
1.304795945915895317e-01
9.601141899812102309e-01
-5.318529838171628388e-01
1.348046634197472837e-01
5.955254635261668650e-01
-1.568851248418736688e-01
6.386535413811587070e-01
7.586639044712919500e-01
5.151741584159907905e-01
-4.233161774067146776e-01
9.661428834048277903e-01
6.116654312428180251e-01
-4.980207955511397611e-01
9.717538240948955242e-01
-8.638071934719522282e-01
8.444465957869751183e-01
2.947562332464668255e-01
7.758173188285619748e-01
-9.209462449681733442e-01
-2.055301586660007729e-02
6.945987762403840193e-01
-9.275184893268308972e-01
9.577492671914018540e-01
-9.977893474521108974e-01
3.489946320562276050e-02
2.338869189940684379e-02
-5.325070293312945680e-01
-3.469493162534256214e-01
-8.532169184115434568e-02
7.829630351364837981e-01
-3.374694414155292588e-01
-3.280123076992180753e-01
7.972748208290902916e-01
-7.801304299414013599e-01
4.165825066629740281e-01
-9.299216661550318008e-01
-1.897140045177050371e-01
2.618053519691581066e-01
-5.431534244104563314e-01
8.268165708576116213e-01
-1.563884263310577616e-01
6.843637713815180490e-01
-7.455207908687340179e-01
-6.984108509300932521e-01
1.564303498063472908e-01
5.183365744071484205e-01
8.309751120994712803e-01
4.625617724669375264e-01
1.156788439848988048e-01
1.652439339546523112e-01
-8.213457835795971995e-01
-2.078319364386826962e-01
-7.592432482368542956e-01
-7.994141644397625424e-01
3.512323616756181099e-01
7.084160263048673301e-01
-8.272490939399257392e-02
9.853550786652574001e-01
2.133968309435061439e-01
-1.108395177904191176e-01
8.477838906950538878e-01
-3.565669460276017499e-01
8.749539902489937848e-01
-4.051706074300498450e-01
-2.494870612833306467e-01
3.720778673019715654e-01
-4.361179039144207348e-01
5.057560980711717225e-01
-1.546569021390191701e-01
-5.921587799950613906e-01
-6.463219420756034506e-01
9.178982947284173299e-01
-3.292613842966907178e-01
7.075846954725037996e-01
1.188845428130695936e-01
-7.500703340470975533e-01
9.925785477698489956e-02
5.803396231584869724e-01
-9.489691336298637925e-01
-1.988970675749732742e-01
5.709917035977294386e-01
-8.121862081227477770e-01
-3.454265182307978410e-01
8.828741346875130791e-01
7.727244797440742108e-01
5.586070972255641198e-01
-1.617800383774139483e-01
-3.905134098849099011e-01
-2.190937556510066386e-01
6.691645765908258436e-01
-2.746377188321500462e-01
6.395209650223852016e-01
-9.344508443721144531e-02
-6.792743356049375514e-01
-5.246724130527975483e-01
3.774129131201953147e-01
-3.090856299222313197e-01
7.408054088991911090e-01
8.239199766623130916e-01
-6.904797540843559123e-01
-9.737862421062528639e-01
-6.334830020594695021e-02
-6.781893592807137772e-01
-2.798942587981734231e-01
-7.012983944292356941e-01
8.989374946790309462e-01
-6.248616891574831911e-02
-3.349647141952878382e-01
-3.581445938809495466e-01
7.356523400208625496e-01
-4.787499250960107755e-01
1.898721575752175816e-01
-9.943470860142598067e-01
-1.063532974857099855e-01
