1.109687784108400521e+00
7.073515567210818533e-01
-1.175860526780932863e-01
-7.593845579504778787e-01
-3.542296973426108109e-02
-2.788619631600329218e-01
-6.250208699164198078e-01
2.986557795854384301e-01
7.845557940406651110e-01
-3.452650930920306838e-01
-2.144838594998475234e-01
8.287408910921806315e-01
-9.832903876973678181e-02
-1.073162626914884843e+00
3.075018135857366941e-01
7.532748687736521287e-01
-2.538283741139082395e-01
-8.865852940589342701e-01
-3.493110613601781433e-01
8.478735268797920055e-01
-1.192827049809066509e+00
1.531733543626338512e-01
6.387663868676862755e-01
5.432321607092439608e-01
-1.138549353684546350e+00
9.833193546286875253e-02
-6.578884763885616271e-01
7.528192006698862793e-01
1.096634587200506772e-02
4.041847785831587103e-01
-3.047869968676421570e-01
-1.078890876077648109e+00
1.010978170855330482e+00
5.309169196001931601e-01
7.797878651810650208e-01
-7.266598630694396377e-01
-1.093870876417268045e-01
-7.860396959792342875e-01
5.619067686547346563e-01
2.195663271132757832e-01
4.022555007789330728e-01
8.571117114755798516e-01
-1.056177849629483134e+00
7.679574197782933487e-01
1.810665707729065127e-02
7.308533325506322287e-01
-6.933147873896909896e-01
6.279344541574549687e-02
7.427990983802605918e-01
-6.107022430219166687e-02
8.443354685252305591e-01
1.356502551867445894e-01
-2.305237631497513706e-01
4.748309681108403013e-01
1.229526055163737475e+00
-5.769538631881676594e-01
-1.704830029885660847e-01
-1.206315431336713734e-01
-7.816371410569710187e-01
6.234642067894029527e-01
1.071626577917785816e+00
-1.755618070525611640e-01
3.675858501545435364e-01
6.769693461846542082e-01
-6.122908439581925544e-02
7.843032435847789863e-01
5.187201103002307967e-01
3.438828503756669597e-01
7.995601144752548795e-01
-4.874817908285180579e-01
1.086273745861043638e+00
-7.841853390081741093e-01
-7.937243183527245005e-01
-5.726252502930897492e-01
-8.458106886782972289e-01
-5.615094130261251149e-01
5.154524741082416872e-01
4.126510244693880614e-01
9.138938391853147492e-01
3.999288812050784125e-01
7.737127296248962338e-01
8.932763718129399511e-01
-1.270502633562691441e+00
-2.661422021235481106e-01
1.281227658450222739e-01
-1.164062787332174720e+00
9.263767721093147944e-01
-2.025896710479944685e-01
4.053775840298272648e-01
3.650880024054496409e-01
4.969124935423863132e-01
-6.182562069791144310e-01
3.182292117007083920e-01
-4.290958052064576256e-01
1.791554833179719863e-01
-1.820462766910611874e-01
-1.155600534506223021e+00
6.765435413531990516e-01
-8.901615189565172948e-01
3.371730514418592728e-01
3.023903610744139159e-01
-4.956273767297983968e-01
9.432907134499270985e-01
4.031937234695822658e-01
-3.607070939267257859e-01
1.300835497285408315e-01
-5.235278442585722392e-01
2.574396651702192673e-01
3.653132763136973105e-01
-2.872353250501887834e-01
1.906295005723165625e-01
2.921606413723039086e-01
8.470767609033619250e-01
4.968878519900332136e-01
-8.146248831800049217e-01
-5.239024215570511345e-01
6.232022698842488717e-01
-2.377268091428517971e-01
-7.583807815749906700e-01
-5.700444631582882726e-01
8.714480365541414919e-01
-9.970705271444433304e-01
-8.469276629775620568e-01
6.763572481628903343e-01
-6.452049143585969482e-01
-1.023264758946210495e+00
1.925038218787659683e-01
3.331023764038890111e-02
-9.947961321415975666e-01
-3.905776559021075789e-01
-2.996139594883051593e-01
-5.540057420073908334e-01
-4.357977313771178585e-01
2.166686765542429755e-02
5.424153041246853046e-01
-6.540236931751586269e-01
-8.430738235051762341e-01
-1.321061090509009661e+00
-3.294678616769234902e-01
-1.520269420642525460e-01
-2.931065603569396050e-01
-4.473471470950377005e-01
-8.879657468082203797e-01
-4.350618099492699065e-01
8.489047455696492328e-01
3.920191283187007270e-01
2.001053512980386362e-01
-5.641534203258785629e-01
-3.773857606669565601e-01
1.004491519499887353e+00
-8.364342130205155712e-01
-2.619075740354100401e-01
-1.750299204979997580e-01
-2.098896071614060610e-02
3.774500858976352902e-01
-1.337104858360847748e-02
1.939127816713249186e-01
-1.812546907148828990e-01
-7.515371665155915482e-01
8.968121786788970651e-01
4.817422553202767022e-01
1.437466394148156912e+00
8.606886308798126217e-01
-9.976710845791563198e-01
1.184285056222607047e-01
4.990556528592016844e-02
4.091454796061637089e-01
5.640254647732007021e-01
-5.156352889478285073e-01
2.974648466252879930e-01
-9.852458399074918161e-01
3.884328877408025349e-01
-2.363010517041366776e-01
-3.808461309490780433e-01
4.247027239531776521e-01
-5.811912252173385696e-01
-5.477868719559055855e-01
1.726325609878055778e-01
-5.939319269767349974e-02
-5.402501987168230047e-01
-6.598304244456378864e-01
-1.154113216816397558e-01
1.100772982724722571e-01
4.525809086630269151e-01
-7.801564026687065612e-01
-2.194492612914126228e-01
-5.974012607360459359e-01
-3.825006914393361823e-01
-1.966060959675330344e-01
8.752370119085303157e-01
5.554661044876161302e-01
-6.738875009320171028e-01
1.193592969778177193e-01
1.964572456122351540e-01
-2.567096583508178265e-01
-1.202709813400551359e-01
5.541327569825115207e-01
-7.765099990652162276e-01
-4.451201476249111444e-01
8.624329102015781956e-01
4.071525615468615800e-01
-7.249164387758435524e-01
5.203737655793889694e-01
1.531713416487832546e+00
5.028678467681718667e-01
1.751021189649762388e-01
-1.207145606416647199e-02
-3.740970369419177599e-01
-1.158495360722946038e-01
1.430913231889472670e-01
6.580338269353096514e-01
-2.274437649492330182e-01
1.698249499176839317e-01
-2.657621574912590323e-01
2.982594127483637614e-01
-6.815691275284437023e-02
8.032898965105615963e-01
1.166280436633108764e+00
-6.298908576163021467e-01
-5.074800883395462758e-01
-9.883550550418887526e-02
1.548360510901327647e-01
7.184774386521027845e-01
8.275378215832269735e-01
8.155034068032473993e-02
-6.267793948737009346e-01
4.312459707643381268e-01
-7.374517855497813024e-01
4.508962461759231100e-01
-1.315095054516403628e-01
3.881562189335244217e-01
-8.490309860632300198e-01
5.608396285568111317e-01
1.030774731855897741e+00
-9.199911304825751923e-01
-8.982092583686780429e-01
-1.194771670790131107e-01
-1.454519725944793396e-01
4.579654493603603216e-01
-3.099012810620514480e-01
3.076239627467557414e-01
1.905318931153620055e-01
-1.576149547994276090e-01
-2.343327876712491820e-01
-8.764890368117881359e-01
5.228311642142901006e-01
9.074295799733672618e-02
-5.613184145264137337e-01
-1.611871349085244876e-01
1.527395212180695794e-01
3.889057279679825618e-01
-1.287379975616717243e+00
2.622713768029699688e-01
-4.076440739569237581e-01
-3.176470572829320771e-01
-2.320213570106425260e-01
-1.320707234043358103e+00
-4.958947792871760685e-01
4.450581699889797904e-01
2.776293188705943882e-01
-9.548423239953894859e-01
8.594191525206436311e-02
-1.477892593255502596e-01
1.327753118841481506e-01
3.646666253487664822e-01
