3.854952941981322212e-01
-1.389254126354656782e-01
8.538138180798636456e-02
1.732727902808968823e+00
1.335540209381820276e+00
-8.943254672107205927e-01
5.788190362335668970e-01
-5.935630030497421883e-01
-1.062896505025776150e+00
-5.374739483710138099e-01
1.776140540825374078e-02
-2.615423243324422220e+00
4.349022357703003494e-01
-2.289330648224159326e-01
2.074628119769155177e-01
-5.921598228552802379e-01
-1.715398311991618296e+00
-7.322470742268564203e-01
-4.554462670831917193e-02
3.778733004974534904e-01
-1.269079897168342352e+00
-1.290353911289782163e-01
-3.285203995665174403e+00
2.845580768358008661e-01
4.146105974942293493e-01
1.232232380532186422e+00
2.989082041320763050e-01
1.551168408908285334e+00
1.029636203332224165e+00
-2.972333785967256059e-01
2.450913127783930223e-01
2.684231698870032656e-01
1.914587278303251094e-01
-1.726419815934021385e+00
-1.266306490751712421e-01
2.188954595967496086e-02
3.207798749348481637e-01
8.457725731124989821e-01
6.059419435770394546e-01
1.138333377897362553e-01
4.422138619289571471e-02
-2.422720833004250007e+00
2.186750619425928299e+00
6.816637876788184114e-01
-2.118208199250585899e+00
9.199833902336496116e-01
1.122838953582513177e+00
-2.585253213842784614e+00
2.318220953052264610e-01
-1.037784758591241641e+00
-1.402848044996980015e+00
-6.777262177795184694e-01
-3.411076940477935082e-01
-4.564896767538845213e-02
-1.293134727301833209e+00
-1.135841846926584076e-01
-1.897276912637303914e+00
6.717429770816758516e-01
-7.339044400888120601e-01
1.550694704716976680e-01
-1.605870870191620448e+00
2.518029011873152534e+00
-6.410937754064031102e-01
-3.324035118342226203e-01
-8.830270502513617448e-01
1.118451889506758778e+00
-8.963244251673663232e-02
3.838795031337453589e-01
8.582523738601666174e-01
4.659766254027855048e+00
7.497043054316230304e-01
4.530640462402771296e-01
1.091951267574619244e+00
1.338596176562854498e-02
-5.330099941692229004e-01
8.240485827754274739e-01
-1.639884616971983844e-01
3.558533965266952870e-01
-5.604553917551668984e-01
-2.807098463598147742e-01
1.175829767104317414e+00
-2.634307623532599618e-01
5.546282156454012124e-01
-1.860074971808722832e-01
-8.632036130391628204e-01
2.192749623568704398e-01
-4.269941457344195168e-01
-4.120029908574438515e-01
3.421024507139618365e-01
-9.150846857913572108e-02
-2.056070536618035849e+00
-5.053783694784907965e-02
-2.053210914028299250e+00
8.929719939365792225e-01
-1.872252690121855023e-01
6.508253938684055440e-01
4.370406779931382824e-01
-1.288774924351290707e+00
7.796613961788938507e-01
-1.586135747682319685e+00
-9.518935788419329302e-01
-4.674438651463506122e-01
-1.655462184959012095e+00
-6.707019828692981633e-01
1.310622669085644620e+00
-7.140548464161484699e-01
6.558123784936551459e-01
-1.092583829536380724e-01
-4.930655217313516525e-01
6.730421998427175145e-01
3.764813540908103495e-01
5.977322470389441200e-01
5.354677742994052858e-01
1.269548824292514810e+00
5.591837111329289733e-01
-1.453299154789294834e-01
-1.190122241688000848e+00
-1.683144959708933630e+00
1.390843348995289830e-01
-1.756196954982097935e+00
-4.772696761428963375e-01
6.908287958338150681e-01
-9.576674411545794269e-03
8.011446645029037805e-01
1.556530926236620316e-01
-4.821222961319221456e-01
-2.064872570676283825e-01
-2.856697484177305846e+00
-4.900020906326349457e-01
-3.183582892647459639e-01
-7.343080977782427965e-01
-1.277609590333602219e+00
-2.630512142082480631e-01
6.731020445430065946e-01
6.673452073967622855e-01
-1.257833470157811995e-01
-3.540351838168951382e-01
-2.136615547792451997e-01
-5.772987242105882544e-01
2.444362861724090896e-01
6.110098814692411784e-01
-3.027436304970038128e-01
2.030813292930162994e+00
-1.047303275657230082e-01
-8.418220400461120523e-01
-5.830670766767720448e-01
5.253885019514539234e-01
-1.624397628691602313e-01
4.808532269246931778e-01
3.311110657772675658e-01
1.131631948694299172e+00
9.978264055094131502e-01
-6.119770968741145012e-01
-1.055455510197660596e+00
1.796388994272345885e+00
8.797526965389308451e-01
-9.491739914267556255e-01
5.658863098745718911e-01
-8.618649170113590330e-01
1.012069265553052322e+00
-1.770259066705031498e-02
-8.293398828260010180e-01
-6.793683706790952792e-01
-3.609960271162451217e-01
2.880656037798958735e-01
8.298722371937782283e-01
1.490797143963823457e-01
-5.272705639327519567e-01
-2.235118863284120572e+00
1.392154347828133076e+00
4.749822822352226304e+00
-7.708929836625829646e-01
-5.940681707422934554e-01
-1.666326368144100067e+00
9.819274020552767324e-01
-5.558829715547641825e-01
-1.945769489565370325e+00
-9.089565443038535864e-02
-1.021528608364600910e+00
-7.240379167904906765e-01
-6.956467874710374755e-01
-1.299750357714208882e+00
-1.452072746934698788e+00
-7.588510720880260463e-01
1.438181590968096391e+00
2.273932103340113309e-01
1.489191856736054476e+00
