-3.879834083867026440e-01
-1.654315040969902839e-01
-8.135721556680584055e-01
9.877899830040512974e-01
2.132046379354066268e+00
-2.795873265946021924e+00
-9.218167887630763779e-01
-5.096291760071303134e-02
5.534519792213332678e-01
6.374749518717173213e-01
-1.612323368313703487e+00
1.024043150921639000e+00
6.595254891828500332e-02
3.622132197917650176e-01
2.139858780445535125e+00
3.287382784305330485e-01
-2.117119649642594581e+00
1.573366792322519192e-01
-2.708857854624823869e+00
-1.071768289381166639e+00
-3.817728645355248140e+00
2.303859909796424965e+00
-1.317151859819529758e-01
-1.043297294989736113e+00
-9.418248205455956867e-01
1.756645491390521396e+00
-1.294167806749865424e+00
3.656006763199258769e-01
1.143462506790105637e+00
3.042095390446209358e+00
1.084589842649352591e-02
1.422347724779080114e+00
9.719803034429642663e-01
9.115429923905151721e-01
-2.314521055719015674e+00
7.393660945315047028e-01
5.012374991514614297e-01
1.449881841446097219e+00
1.592281174595940596e-01
6.624408646846978721e-01
-4.342144940171671630e-01
6.468482182563755067e-01
1.047564355569399863e+00
-2.509372023386555739e-01
-5.053876472705629563e-01
-2.162949737423565999e+00
1.798270776679229854e+00
3.703503789904208254e+00
1.149535248026556378e+00
-2.876034102850541174e+00
-1.800160713506060439e-01
-9.729012868292405969e-01
1.770911521735320182e+00
1.180512938281638585e-01
-1.044281774982827038e+00
7.137870165638606768e-01
-5.093800472438756444e-01
-5.723684453630510927e-01
-3.869147470775510911e+00
5.823397620492115623e-02
1.955773055760122947e+00
1.315791626232034606e+00
3.809215571782230469e+00
8.579436924045760193e-01
2.212238946365054026e+00
-6.705869342732331262e-01
1.064732926904953692e+00
2.962897910918019795e-01
-4.390398513497776101e+00
3.954000439971405712e-03
-1.196674962655917440e+00
1.706389806819426536e+00
-6.711233243290477546e-01
2.068662942573493702e-01
1.232897653073597777e+00
4.042536619667939091e-01
7.168090337844999771e-02
2.144760625207229765e+00
-2.877491839361335124e+00
1.537729590616627062e+00
1.238221187250547750e+00
-1.979540594796673325e+00
-6.872862587522488020e-01
-9.824080206322955977e-01
-7.665141227629608256e-01
1.632023215730376675e+00
3.169224121526391436e+00
2.261452076608017947e+00
1.812290113406402892e-01
4.533654452528854129e-01
4.736911238454881712e-01
-8.222283109829878756e-01
-9.122871221160544497e-01
2.222713497676208627e-01
-3.117435786608173665e-01
2.345408859255458722e+00
1.703014261758605263e-01
-2.202591255791204627e+00
6.228988354454166876e-01
2.390486664636283010e+00
1.434732125618690013e+00
1.697910958650209245e+00
-1.071571137000181390e-01
1.264992677374736196e+00
1.617218582249478898e+00
-4.281882066435814260e-01
-2.431665826568978062e-01
-1.381737908054567754e-01
-1.545443865511149095e-01
4.753557010147896889e-01
1.113209692777020976e+00
-1.702112572464140827e+00
-5.096769371289520123e-01
-1.022225800936263918e+00
1.254997767078734672e+00
-1.315440402685551735e+00
1.162924348233909111e+00
-5.896176292253977463e-02
-2.241743470262727023e+00
2.085740391582685760e+00
2.176556096236360371e+00
-1.107781715434154268e+00
1.272448890583103065e+00
1.492084096641944857e+00
1.573445171147991761e+00
3.321926624384606841e-01
5.614693697014654372e-01
-6.652675425492884376e-01
-2.549274840438198186e-02
-2.595543387030839533e+00
2.713064984963429183e+00
7.520627166338599290e-01
-4.025504480520575967e+00
-1.314932874000364627e-01
2.945502154619148882e+00
-1.005404690561655379e-01
5.018076021381299157e-01
-3.431377668507225920e+00
2.214571503797511554e+00
-2.283173581016344489e+00
8.885323650279355334e-01
-1.204848077378950499e+00
-1.280626804734034785e+00
1.008245694846544360e+00
-5.227636032621321149e-01
-8.790438779105843592e-01
-3.497079257288249199e-01
-1.853752173898657762e+00
8.870191200067087944e-01
-1.099157224395186372e+00
3.106562494423265264e+00
8.446599997421215811e-01
-8.909335953600326929e-01
1.034620500748329341e+00
-5.791912287639086054e-01
-1.722266224899605236e+00
-1.602002739069209536e+00
1.443302245919640292e+00
-9.956158146393038200e-01
5.480395307724235110e+00
6.973875565486298278e-01
-4.820818681084212409e-01
2.521113725459351862e-01
-2.680858794348637275e-01
-1.038876350602798926e+00
6.261857873975220645e-01
5.811589575134827879e-01
9.276648911464202563e-01
-1.917529782992003495e-01
1.210064011239527115e+00
3.487673031963860470e-01
-1.832998640714135763e-01
-6.159907593828832795e-01
-1.248014759374370009e+00
9.622821847581051191e-01
-4.541932718504093636e-01
1.183334294627694572e+00
8.650684154105109380e-01
-6.419984674895484744e-01
1.782965583815967703e+00
7.533676227593479879e-01
3.196176283341003455e-01
6.592334185262833657e-01
1.468177360781390828e+00
-3.460168133606594809e-02
-4.052695014825997255e+00
2.920250459791508213e+00
