3.027111063261598289e-01
2.738271082426099179e-01
-3.422205709388589367e-01
-1.802665124732121482e+00
1.878861581767012900e-01
4.838112598429775701e-01
-1.826731805493236216e+00
5.535952642921396771e-01
-6.925017167940358265e-01
6.994267789764523346e-01
8.050597648895349567e-02
1.230128906125421917e+00
-6.707370611794905013e-01
1.320505792601824657e+00
7.257471680525123814e-01
1.464777452972603644e+00
2.122392345268215574e-01
1.388653610052525300e+00
1.720880899633200622e-01
-1.397661194420600494e-02
-1.097397502149111359e+00
1.429540847246651536e+00
-5.599929674341761476e-01
-8.100377834091535001e-02
-5.360523356041310000e-02
5.058471419553665083e-01
8.902304571059851401e-01
-7.961807383049881448e-01
-6.653522736306702878e-01
7.640424948619211065e-01
-1.163908937156166390e+00
-1.033823521151576441e-02
5.127229768013118472e-01
-9.954649443423710942e-01
8.345211231759661619e-01
-2.959513032983497327e-01
-1.093362896369945547e+00
-1.899076680696467484e-02
3.607478184956993128e-01
1.235663233911738906e-01
-2.729022848504750881e-02
6.396013544823565544e-01
-4.375269067184487382e-01
-6.069758384108066007e-01
-5.689921705220732928e-01
7.492081533433239127e-01
8.689467070848398977e-01
5.896799608163980633e-01
-9.262689035967895945e-01
-4.059620082776040917e-01
-3.665504512509877577e-02
9.368341187541909809e-01
-1.265350808571512831e+00
6.554462341767883782e-01
1.639290123155310308e+00
-8.461154530483562253e-01
6.139410674538854362e-01
3.836767443053555326e-01
-4.198121942604036705e-01
2.814253834371065466e-01
-8.097653112957818866e-01
2.764492578588469418e-01
6.533072663659139634e-01
-1.262230754984646097e+00
-8.301276466428610945e-01
-7.649912788536166186e-01
5.963572156228104104e-01
1.334120803256499510e+00
-7.033468401188804897e-01
1.293327439514089239e+00
-7.685337753690811846e-01
-1.086203366745965848e+00
9.888382679805465258e-01
3.282282379387757576e-01
-6.175375779599452386e-01
-4.872293713647259383e-01
7.706511002620082262e-01
-5.863938765700483779e-01
8.044334155961248012e-01
3.170759984257047193e-01
-1.398065557286842564e+00
-1.621812810520417703e-01
7.511202964805351323e-01
-4.411372249577770188e-01
5.346884428779833387e-01
-7.840899560777857547e-01
1.008981214419624850e+00
7.541366563434944714e-01
6.800054055652250407e-01
6.893942132980640514e-03
9.512086778643022988e-01
6.403658194754519029e-02
3.522450349895583921e-02
5.187422560167120889e-01
2.117141351753152045e-01
-2.598425192074009793e-01
5.803184953146768299e-01
-2.063733396199785297e-01
6.928617951952151244e-02
3.200300867126441018e-01
-2.017255281078824125e-01
-5.027267581473063851e-01
-5.377083305547475378e-01
5.310669949793458411e-01
-6.010350937268618132e-01
5.436012327164996272e-01
3.890449198851908541e-01
1.135088268301903125e-01
1.370962313805058841e+00
-6.505316288274314296e-01
-3.856000494199942064e-01
-6.241359446690301904e-02
7.301110253874029121e-01
-1.376688116785120819e-01
6.566871968790155556e-01
-1.072159367200296476e+00
-3.603576566699909778e-01
4.650554769208864458e-03
-4.341536801894803066e-01
7.504782162489136432e-01
-1.790406216783032134e+00
-6.732272778683402459e-01
4.300604215912021688e-01
-1.113622915950935877e+00
-2.269760509663607984e+00
-1.049944115575262904e+00
-1.345879513859512988e+00
5.521212226569855996e-01
1.900815441744266032e-01
4.862623969559241033e-01
-3.819822460045116941e-01
-7.467193902875168821e-01
3.817154325182063879e-01
-2.987671391319000613e-01
-1.352407278971390348e+00
4.622761274784980001e-01
-3.689187500450751278e-01
5.987293714740674622e-01
-3.480574927884562131e-01
-3.661071172242185146e-01
4.391134115015571382e-01
-1.582022620723356476e-01
-3.036892795083996899e-01
1.606737723434009113e-01
1.405714140681835755e-01
8.489965815567217522e-01
-7.256194920473119092e-01
-4.556992145737935318e-01
7.886037697717014350e-01
8.784758497964209045e-01
6.038944849506260315e-01
9.683443332991931163e-02
1.589594316217497694e+00
-2.653717208578385001e-02
5.225794167826073311e-01
-5.433491708986625257e-01
-1.039705139508982024e+00
-5.478250803437408056e-02
-1.050628537828758535e+00
-5.519814462783919629e-01
-1.275954377239791326e-01
-5.952229208602011906e-02
-9.436372184736562252e-01
-1.377760502909878060e+00
2.704459363747776512e-01
-3.346777240020625821e-01
1.127206979810641968e-01
-2.611584204538145229e-02
-1.075198117992449687e+00
3.303994291782161308e-01
-1.667948666840815219e+00
2.258676748890953712e-01
2.892986302133009335e-01
9.605339865153015300e-01
1.588809017490994402e-01
-4.255459255180177314e-02
8.417977061625931956e-01
-3.825901893593992020e-01
-1.561572463543548839e+00
-1.280458903009777716e+00
-1.006763150801162965e+00
1.204923775718764745e+00
-7.859522730960243342e-01
-1.047661025068285789e-01
-5.396125738984003384e-01
-8.782841470617558377e-02
-4.600318209955783777e-02
-5.231945372688123763e-01
-4.979470235158255376e-01
9.428384727644705254e-01
5.966836142947283816e-01
-1.930686884487150257e-01
-4.937652232859915946e-01
-2.554692653168233463e-01
-2.384712746864537936e-01
1.083103015139219583e+00
-7.990186969052552879e-01
-2.550405784338787285e-01
-2.233165288636558277e-01
-1.374874370694862513e+00
2.498181067065271752e-02
1.266708986097713652e+00
1.006789100311680230e+00
-5.309529709818265886e-01
1.496832826473086131e+00
-1.591474988438520977e-02
-1.564673631383744379e+00
7.518026434588488405e-01
-7.473201091674863683e-01
-7.361119615885289846e-01
4.996786365012951259e-01
7.391672296357014726e-01
-1.377996340418908838e-01
2.684432148906752968e-01
-4.010557128953981532e-01
1.590001303402878152e+00
-1.916821782012531061e-01
-6.052596807978588567e-01
-9.267193848959855984e-01
-5.840017231675249665e-01
-1.154059457803877420e+00
1.046734187854152787e-01
1.620565646767578416e+00
1.006019334936001153e+00
6.035311777960553625e-01
-9.480197150224927150e-01
6.703981271720916846e-01
1.601157100681111167e+00
6.240702093962916530e-01
1.523779606130087894e-01
2.865678111360445701e-01
-1.722539033156451072e-01
-6.058463615644792410e-01
-3.182480028698224661e-01
2.279422963130411095e-01
1.179926322134172478e+00
1.767073027539972641e-01
9.571996165158782599e-01
6.533684809064053967e-02
1.312522393622791217e+00
-6.043311220967046982e-01
-1.217890535287621034e+00
-4.527298620744063529e-01
2.450208476886168718e-01
4.959508046252911195e-01
7.156238061409715412e-01
2.036280795915804132e-02
-2.018020014008558294e-01
-3.223815287021025711e-02
-6.503236055024228524e-01
3.572913298187968545e-01
-1.262833315209361595e+00
1.103456835461702479e+00
-1.863606363403531307e-01
1.140031017897716215e+00
1.502381630846151062e+00
-7.764825145628608816e-01
3.344340500579897069e-01
-1.214352041903605794e-01
4.373843746559850920e-02
-1.241133311023774777e+00
7.160825343852111891e-01
6.382245771321159999e-01
-2.300762072970790328e-01
9.300242345243202591e-01
