7.496315701398211795e-01
-6.352899556654787450e-01
-1.651687452742596651e+00
9.646806854531775333e-01
3.414599887832223679e-01
6.726563942262073770e-01
-1.191634912097627286e+00
-4.013680983187329909e-01
-2.754914250072487913e+00
-5.172188093802680964e-01
6.854328771229361017e-01
4.858746372372122480e-01
-7.437961938229393777e-01
5.237480028257315290e-01
-7.108654002510526038e-01
-2.485499363293715902e+00
-8.035133421886999638e-01
-1.690590921217328679e+00
3.553313630844700532e-01
-1.621203637063253877e+00
3.011844539361905881e-01
-2.483638179440197657e-01
6.352225564670004321e-01
1.624344701190554963e+00
2.131838738122927346e+00
6.366031097948487982e-01
7.337504476212966531e-02
5.328239250612727407e-01
6.417002689809232496e-01
9.448468772099556379e-01
2.955080157793183449e-01
2.091417119788350487e-01
-5.274442123693052764e-01
-1.069979718365986487e+00
5.586611330541887410e-01
9.539243000519112559e-02
1.779989272244167031e+00
2.787562884931256146e+00
1.240249429965041950e+00
-1.088495009394581547e+00
1.789940933920906918e+00
-8.905483109886017656e-01
-1.703720345471395059e-01
-3.743053650201897398e-01
7.019656987043434437e-01
-8.994993754842872669e-01
2.644537162389236862e+00
1.200408202579693884e-01
1.744493375194293039e+00
-1.159732913252119024e+00
-8.418197747636565476e-01
4.574645822683736096e-01
-1.473229203031051870e+00
-1.728046775908324284e-01
6.054968946515089101e-01
-1.876278748569242483e+00
-3.924490188710463845e-01
1.446065091195609220e+00
-1.358614741608568544e+00
-3.117586377396594610e+00
1.718362320951414945e+00
-2.304436404815392025e-01
1.743096002613961470e+00
-2.838040538683316849e-01
1.251886615382970802e-01
6.094091638167998815e-01
7.117455331742352787e-01
-3.264484738485066151e-01
-1.417514522711710301e-01
-1.543922473771415005e+00
-5.285634813806814325e-01
-5.088073203604069894e-01
-1.642694484673526134e-01
-7.693724545910318735e-01
3.173388998119217042e-01
-1.783063886592602509e+00
1.099382406863944839e+00
-1.022818176631651976e+00
7.019966986362607964e-01
-1.205871360879003262e+00
2.458459350619137673e+00
-6.321560229397079622e-01
-1.765796543400290908e+00
-5.124105791009752053e-01
-1.534930103826445125e+00
-3.798866240733006494e-02
4.791562930222288408e-01
-5.960086824228941760e-01
3.142895803684521427e-02
-1.522230654146251361e+00
6.887724451910427481e-01
-7.730314115263355879e-01
-4.885647284918712141e-01
-1.638677503305324024e+00
1.255272429945092583e+00
9.667135509368363078e-01
-6.313746710630055992e-01
1.508433189077808545e-01
-1.103347579407988055e-01
5.822013237785963469e-01
-2.102505779477850667e-02
-4.640587239909380046e-02
9.477738454750452013e-02
1.225522054216724999e-01
-1.207942223734959741e+00
7.770433288962689256e-01
4.244615934992393980e-01
1.017151172775369705e+00
-6.496758539231630714e-01
1.899948435668524116e+00
-6.071341316843749114e-01
-2.007453210905912222e+00
7.296020502877097469e-01
-1.187892800073077293e+00
-5.183889141170796577e-01
1.002458003046790003e+00
2.303811289644656757e+00
1.384063355936454798e+00
1.776332548836454528e+00
1.624237861141186290e+00
-9.212176697240265222e-01
8.990829483101642206e-01
-6.813205010663025973e-01
-1.694882553855404428e+00
6.769954953248902285e-01
-2.350932524691116132e+00
-1.520091066210215169e-01
-6.632601687451532557e-01
3.308765563892977490e-01
-2.860108989274163793e-01
8.840030665721936298e-01
-1.687337226857928307e+00
-1.164737813598537564e-02
6.453395323050348242e-01
2.834890756680226609e+00
-2.945819870536459106e-01
6.257980088656346362e-01
-1.559438692332666410e+00
4.656233395577482059e-01
-7.287373410268698226e-01
-7.678279925472092371e-01
1.022489546614093525e+00
-5.697916292805590976e-02
-1.502013446925822393e+00
9.990422104532074021e-01
1.217655208037107251e+00
-3.703824477935576120e-01
-8.406282307915887708e-01
2.515461891668623329e-01
-6.913966702709197776e-01
-1.386761123199747869e+00
-6.597457584842690848e-01
-5.535650598977437387e-01
7.923460812425128230e-01
-1.372845051521410564e+00
2.753667002061202407e+00
1.893767160152792783e-01
1.496270502226172194e+00
-7.804625202980769449e-02
9.770407520432321524e-01
2.363725713828769059e+00
7.854156919435161255e-01
1.415000905720572355e+00
6.215615237983813657e-01
-3.205327537568032348e-01
2.275549972172576485e+00
7.023860501768471876e-01
-8.965041396902473370e-02
-3.342648036114257981e-01
-1.454187898907318477e+00
1.443790603923953419e-01
1.131382109559376570e+00
-5.108430483744873518e-01
-2.119505797160679439e+00
-1.903425420126680367e-01
1.563257777287261896e-01
-2.102620075837673852e+00
1.562542615924811251e-02
-1.003322201847865358e+00
-2.149963246261237249e+00
-5.762989445820045908e-01
1.212991684860996511e+00
-2.515265297390689714e-02
2.553041961976802998e-01
3.149492800139809257e-01
1.049058890621429541e+00
-4.940361343462515986e-01
-8.384448033380890175e-01
-6.668875005022384395e-01
1.677501416111064625e+00
1.955978954786637303e+00
-1.790000519404276069e+00
6.158190040472454330e-01
9.139168068042733406e-01
-4.143859258134384937e+00
-3.803997041523033973e-01
1.096375852643921789e+00
-9.891056989314023218e-01
8.792031767886980542e-02
1.824340623872082734e-01
1.760725539909041792e+00
-4.719481407169877629e-01
7.149177413137931536e-01
4.821967045726437973e-01
-8.391017984993353052e-01
-4.723783920618069426e-02
1.783264390685263656e+00
-1.337564956582030895e+00
-3.104184348971494867e-02
6.935902295414942964e-01
7.326547323749554863e-01
-6.783239801063523089e-01
1.397003777114402157e+00
-9.264803332393265478e-01
-6.866580626936310550e-01
-1.070714693656618977e+00
-3.201230703700763680e-03
1.827270711104664436e+00
2.588171150211311389e+00
7.268673028774854661e-01
-2.602615998338276282e-01
1.120678924789684228e+00
1.049669350178443983e+00
5.529555280201765566e-01
-9.680790852447860306e-01
-3.421762023799700625e+00
4.801131665386785263e-01
2.203140302972737441e+00
-1.514248931057847969e+00
9.331475034821961057e-01
-5.272864590287019704e-01
-2.287818063749701203e+00
-2.561818931947701383e-01
-1.716394545881724798e-01
-5.543667156721087119e-01
-1.368480623354742631e+00
2.610303332050230463e+00
2.454662898422394601e+00
2.384586597236630912e+00
6.158025324102145426e-01
4.803770201560507436e-02
8.730689085299268015e-01
-1.065426474194584583e-01
1.238248458089891368e+00
-1.148809591611759107e+00
-7.062528912430928729e-01
2.209143048790672137e-01
3.736522001775346880e+00
1.474670195573641873e+00
7.539974245850389334e-01
1.436085866748736173e+00
7.295545514469590209e-01
-7.171728952507879784e-01
2.035995936948593155e+00
-1.343277381748346835e-03
-1.124294215077441983e+00
-6.281048438771851261e-01
1.912098263785189545e+00
9.776061770419655628e-02
6.343039874128386657e-01
1.088740654270402786e+00
1.772006666314511314e+00
-9.840144559853752915e-02
-1.403824512874987107e+00
1.838453844741269716e+00
2.971965553987795383e-01
-5.419656808790083991e-02
-9.527892614844521990e-01
1.516581751842421000e-01
3.868450739817929640e-01
-1.143130354272764215e+00
2.529377344999120258e-01
-1.225936855408091386e+00
2.409037216926050551e+00
-5.078359465751048907e-01
1.086665380667967584e+00
2.318370657620825614e+00
2.373085567651515682e+00
-2.671883661590487069e+00
2.763358958919936437e-01
-7.954642112969176893e-01
1.526070536965121072e+00
1.589233389546839126e+00
6.025902659587671906e-01
-3.235864053496676496e-01
2.272754811307528267e-01
5.324055196825216996e-01
2.321051005801250400e-01
-2.837979005008016142e-01
9.823287148815088576e-01
-1.256041131568896407e+00
-7.222035444097488766e-01
-4.536058299022044382e-01
-8.070913738625250522e-01
1.604185068893626553e+00
7.650507891291068452e-01
1.187779259834305545e+00
7.240658549919828380e-01
2.076906812416602133e+00
1.076918003416591718e+00
1.557871865203960260e+00
-1.089694442048955159e-03
-5.558779310910304527e-01
-3.455053354520699060e-01
3.595519329401556524e-02
1.665324869890123516e+00
-5.309042812541557854e-01
1.186092623581979533e+00
-6.043235359863963208e-01
2.564571602721655852e-01
2.974352345436254152e-02
1.042534952076796584e+00
1.640739950349649812e+00
5.189412735025755730e-01
-1.779588066666440316e+00
-2.952632634182542848e+00
1.651196246923699595e+00
1.080850069229618127e+00
5.984938453116291079e-02
-1.757425105386011488e+00
1.161753732342692302e+00
-2.390156886215188126e-01
4.182774573348263525e-01
9.775469100928938504e-01
-1.122177037872138072e+00
-1.554101810824379259e-01
-1.429166508573024075e+00
1.240650247422907748e+00
6.009127863073226994e-01
-6.462593135365504171e-01
-7.524261365316816663e-01
2.761063319021368478e-01
6.129602462360638215e-01
-7.919342002144466042e-01
8.702274263119813558e-01
1.154570886203233337e-01
-5.448334189026536878e-01
-1.711205522824327474e+00
7.781037172153463244e-01
1.658084368415413956e-01
-9.452682980076256014e-02
-2.881954763422257315e+00
-8.672505686618607879e-01
9.098780713722949276e-01
-3.019314002645930306e-01
-7.595424842242303187e-01
3.762792893606943245e-01
1.535811752782417772e+00
7.718493965076826946e-01
-6.262596461586730223e-01
1.357577395100600937e+00
-1.522779049691966868e-01
1.773300984835953498e-01
1.847688466516374639e+00
-8.609615818447100555e-01
-1.678095875716186125e+00
-1.095683878779876164e+00
-6.593440877588239157e-01
1.526701027449126169e+00
-9.702755872402111237e-01
-2.372191793952023176e-01
9.685706474945373623e-01
1.112537528812028054e+00
-3.956053371363038584e-01
1.073575826817387391e+00
-8.207680154596666000e-01
-1.289660059786789326e+00
1.112773336969873572e+00
4.010926407113100250e-02
