-5.783053703851525063e-01
-5.458169953614775416e-01
9.338220853243199837e-01
-3.557260736244989285e-01
-1.278917718787547612e-02
4.030457449840748052e-01
3.114855832651460821e-01
6.312524703457261799e-01
-1.070295662069007114e-01
-5.102252011343039184e-01
6.469568216086971635e-01
6.290476814410425610e-02
-9.225119569184030421e-01
1.580718102984638995e-01
-1.539901213936326896e-01
-2.336937779972105833e-01
-3.036108529173174864e-01
-2.021252684075098560e-01
4.553202694287640795e-01
-1.578971463138614528e-01
9.013994805461901239e-01
-3.719455755093115656e-01
3.552034057186577720e-01
-1.499012282465439147e-02
-4.995136007305082115e-01
1.761118664684312218e+00
7.124925146512088858e-01
5.270036680804102147e-01
-6.338104311883788200e-02
7.783263611688511219e-01
9.334931182582091314e-01
2.649175897857419804e-01
7.780162499990349589e-01
2.778685671006240199e-01
9.783171108323346354e-01
2.942187725243931018e-01
-9.597248826506875607e-01
-4.474973287066013050e-01
-2.572311512293723457e-01
1.178429339168812096e+00
1.118371013821722881e-01
8.833788364087244993e-01
1.376919865483332783e+00
-2.009777950234922228e-01
1.609527082408241938e+00
-6.108052448355394404e-01
-6.431783992848574827e-02
1.029988163472380924e-01
4.409041527648116521e-01
-5.355847977716048369e-01
2.400631769883222466e-01
-1.058401077743907071e-01
2.610846687475670835e-01
-6.524554069760887254e-01
-1.403660450802830251e-01
-3.044906896301504129e-01
6.837422108432301693e-01
2.399162273979511539e-01
-4.006387236830499798e-02
3.286613163280754368e-01
1.444280090947539064e+00
9.549357362772685764e-01
2.081195887099825947e-01
1.282327754147981058e-01
3.353599936989183350e-01
-5.192407900049235137e-01
-5.461809888015369818e-01
-1.428132814346897983e-01
4.759838879135305234e-01
-1.993464674215437160e-01
1.097089581403335456e+00
7.922136600690002362e-02
4.104825251569461653e-01
-1.297671921804033346e+00
6.224104543388666588e-01
9.913204855680106675e-01
-9.879403926174366024e-01
-1.460805318792865126e+00
2.943755937760290653e-01
1.722371257736412531e-01
-2.307697317637698309e-01
-7.481342448352825691e-01
-4.189298249447483968e-01
2.577051842166336315e-02
-8.428163221745190725e-01
-3.336561445565249251e-01
1.759426354784453805e-01
8.862465661647368487e-01
-5.979106432824580208e-01
4.575292393814162084e-01
2.128309154576885298e+00
1.159121257658517479e+00
-3.156359034303028999e-01
-1.050142374367827092e+00
3.086546808164450928e-01
-5.921018087911946726e-01
1.639508299280027503e-01
-2.953994119597656010e-01
9.217996827002947757e-01
-1.239259780804854716e-01
7.213603364333405210e-01
-6.753128583597889367e-01
5.326967684046355345e-01
-5.644435798389402237e-01
7.487891752230380060e-01
-9.015033393591437294e-02
-4.991507748142794965e-01
5.042496424304204750e-02
-8.461043970938478265e-02
-4.965525188351346819e-02
4.820378567548952442e-01
-6.678466496918038509e-01
-5.085078242941536431e-01
5.415308812925289095e-01
4.696239508127292295e-01
5.145756055897638959e-01
-1.383437053494412927e-01
-1.055991771837839988e+00
-5.655283213064599135e-01
1.146668758181183634e+00
3.358461677813810442e-01
-1.012784075745991830e+00
-4.187364956534789240e-02
-4.703330650174210037e-01
2.003673161153559090e-01
3.762488808935477991e-01
1.095686795474051234e-01
4.940157200373534452e-01
7.547706845373718387e-01
5.419139205022730499e-01
-1.214083380975246484e+00
2.133779112140279932e-01
-8.138592544092423386e-01
-6.468663626307088466e-01
5.839673672367751145e-01
5.621616790823449339e-01
-4.408365718983500159e-01
5.508347301809980445e-01
-8.828666561546532066e-01
-7.897608059114117340e-01
-8.671325190633354107e-02
-5.705747541544653467e-02
-3.772057853503519853e-01
8.239701510166431708e-01
-8.708438298333820438e-02
-5.624322125573192471e-02
3.358034165312572261e-01
7.067853702590300990e-01
-7.370312665655686102e-01
-1.183856302983631092e+00
-1.119624467291415071e+00
2.683320326416912538e-01
3.623377563690358683e-01
-8.720847002702885042e-01
9.113189148338363132e-01
-5.402317489491541558e-01
-1.778920663266813085e-01
3.224082876531646491e-01
7.276754609357638515e-01
-1.864274941605618963e-01
-6.491164419566255450e-01
2.307088544920626594e-01
-5.125265381624983796e-01
1.814592751000881687e+00
5.358465567202288504e-01
1.542956525200213716e-02
-8.740771025940108352e-01
-5.791003221063990153e-02
3.182579771183188244e-01
7.523091878620921658e-02
-5.931044378249992199e-01
1.516065570735379398e+00
2.608271071490494419e-01
2.771726167090666770e-01
8.010330533042796519e-01
9.855593687392044666e-01
-2.454901533742317454e-01
-3.451667398255336972e-02
-3.625247977714446401e-01
-9.677611979784376262e-01
6.668169690430985064e-01
5.768926723060154860e-01
7.474318702347433341e-01
-9.287135102505048589e-01
1.145415760015333628e+00
-4.400536250589324183e-01
-2.165639293591085368e-01
-5.236558184737469812e-01
-6.455245108178346847e-01
3.633954930291801722e-01
-1.981121257471796793e-01
4.478548791375083216e-01
5.518973707178607135e-01
5.617579778367580712e-01
9.817834100420521626e-01
-2.170512452541091264e-01
-2.532443914398752050e-02
1.314438916454318207e+00
1.183557100787713257e-02
-3.759634445934188496e-01
-6.570885506550625532e-01
-6.688047174832936204e-01
-7.087564161117496653e-01
-3.152650083650632151e-01
-1.930271518211607584e-01
5.899688204587182072e-02
3.394818111116051362e-01
-5.096646625734940761e-02
8.170197688036600070e-01
-1.087357383047587778e+00
-2.283677381374031035e-01
6.453739275572635270e-01
3.756940921221320062e-01
3.032342004015476933e-01
6.219966761645010500e-01
-8.279756413238112955e-01
5.526390656733261020e-01
2.895349180972354164e-01
1.102592124016496200e+00
-1.044508002561474802e+00
-5.380073330900498885e-01
4.309975021489278468e-01
-1.251751908705092675e-01
2.730303288200523412e-02
-4.899606292741892632e-02
-7.922814324343175896e-01
-8.662399573843559963e-01
1.176150396574289436e+00
8.691447065657931237e-01
7.626294865551475066e-01
-5.871856694810659305e-02
4.752124306570082446e-01
-6.258068628481234796e-01
4.042449857673554581e-01
-1.734386470869387686e+00
8.164794291470014453e-01
-2.680685671240642387e-01
7.728221583077599099e-01
-6.141514172444552389e-02
-4.282918334119058534e-01
1.247114184651755053e+00
-1.140244446664702427e-01
-1.397070161686424505e+00
-8.574461746954481489e-01
2.300375191712362433e-01
-4.534657326852369053e-02
-6.983109653783035053e-01
1.124549825977677386e+00
-3.630410322144098645e-01
7.957014905949810757e-01
7.289481862584611394e-01
-7.267531260078151645e-01
-1.156839938444524707e+00
-8.280949921118424539e-01
-1.198873397380088024e+00
-2.622544651725133846e-01
8.984124025054125440e-01
4.145468168508416040e-01
1.742346227361824540e-01
1.776974147761703482e-01
6.977708897778114872e-02
-4.266657054134392890e-01
-1.499956626630454926e+00
-2.587018092923549784e-01
-8.792515248773802305e-02
