-8.769046856431277348e-01
3.588567382413992979e-01
1.714245255120962597e+00
5.766443028069958565e-01
2.624537922964556014e-01
-7.764014310130568086e-01
-6.236740499224681100e-01
-6.295176444333890897e-01
-5.331669830183548980e-02
-6.872224685643025799e-01
-1.902299471811813025e-01
1.048802197759323374e+00
-7.649293988889325213e-01
7.014617226450913234e-01
6.204872120046200923e-01
7.286914407459950116e-01
1.150860473346560831e+00
4.150352468386950822e-01
1.963547993685726620e-02
1.267347405305485175e+00
-5.403670904723670843e-01
1.319680024652014838e+00
4.705104727750759608e-01
-7.074010403800774505e-01
-1.052187087494437900e+00
9.720797193405643633e-01
-2.488690763938616601e-01
-5.782848333674499575e-01
1.285679408449975081e-01
3.753143238834318884e-01
4.353101295107053015e-01
-4.013049296291403834e-01
3.629574298367466700e-01
-8.984318781234215678e-02
-5.987547688553820913e-02
-1.276082878774907892e-01
-1.435636512210383797e+00
-1.405513121458612513e-01
1.185344734041158921e+00
1.239759021098483099e-01
2.012905791253314092e-01
1.311135059277201087e+00
3.397662980002629785e-01
1.113203391530021680e+00
-7.253694270991777326e-01
6.747624290179354833e-01
5.152367825268719947e-01
3.136979863869400198e-01
-1.193652196849187108e+00
-3.899751638307993318e-01
2.680055834920695434e-01
-9.941161389003920767e-01
-4.216882230063396797e-01
-7.088250843835685044e-01
4.855297898552612956e-01
1.103622780397267356e+00
-1.161633632665054344e-01
4.170743689348031524e-01
3.507002089076370899e-01
6.002492927403411116e-01
1.711456272904925968e-01
-4.276561810248606932e-01
-6.116223478400184543e-01
5.506101183321492343e-01
7.422139544400879752e-01
8.384328435595963525e-01
-6.650555659570996925e-01
3.174093360407078679e-01
-2.249522079600155544e-01
-1.792442734428242868e-02
-2.831157260767946937e-01
3.904305701417969399e-01
8.079966834613067084e-01
1.805654634819227056e-01
2.464990171383597828e-01
-1.327468129914854300e+00
-2.403402631591371463e-01
-1.144749283867168899e+00
1.615982890459559229e+00
4.824796115386915663e-01
3.494287162699714622e-01
1.454161990550261740e-01
7.507690718504619887e-02
-2.340058019988741078e-01
-1.322540439130107437e+00
-8.149182545602461358e-01
-9.109139945030937380e-01
8.058725048405959157e-01
-5.841433167441740792e-01
5.694925517772426726e-01
-3.226857785406961332e-01
-2.541064792206373935e-01
3.709388621669609809e-02
3.253195020666458381e-01
9.715564853868493556e-01
1.085367118605284897e-01
-3.176847933178159611e-01
5.163546637524212279e-01
4.715574156405529793e-01
-2.784515970899240633e-01
2.923056681529979106e-01
-4.405249168025714424e-01
6.325027353377883355e-01
3.350814322913162613e-01
-5.256628068346868021e-01
-8.256112501188309083e-02
-1.044310473112374460e+00
8.183673294333492221e-01
-8.230829082074455627e-01
-8.762780342466920391e-01
4.138421224177186164e-01
-5.556200977265869367e-01
7.276525426402495889e-01
-9.809816161322304495e-01
6.060702413112984965e-01
-1.704540039437628218e+00
2.179161246912739158e-01
9.760693115507710349e-01
1.870623961026085247e-01
3.767353772607678342e-01
8.714907855673196257e-01
-7.736256331897135574e-01
4.591945746264302630e-01
-9.233694590874408359e-01
-1.384031723543456549e-01
-1.986785911027700302e-01
-2.218219535628235262e-01
3.987320372882533492e-01
4.082901393470027562e-01
3.500972723755337856e-01
-1.011323162482839155e+00
7.289449334486788334e-01
7.440668617512432581e-01
-7.160661694791675691e-01
-1.035900587232608389e-01
3.521728962649589567e-01
1.340818275239948898e+00
-2.742796924285305638e-01
8.279164669089248418e-01
2.859953858385863024e-01
9.329253013319371846e-01
8.621599270567580353e-01
-7.944145622033925713e-01
4.927290530956057735e-01
-3.200251713393326147e-01
-7.689517345997366471e-01
-4.500484086389646698e-01
1.471542787463722135e+00
4.305427605310545025e-01
-7.568735141277391776e-01
2.476386619419458646e-01
-9.807928234844068838e-01
8.207305050909875499e-01
-5.607992407861539519e-01
-5.826697524453246929e-03
1.443384479863584646e+00
-6.822693113422027000e-01
1.353773455249913660e+00
9.022494545723098724e-01
1.156835683161865802e+00
-3.525633770030165981e-01
-5.021798135218909220e-02
9.518619661732860004e-01
-2.657169706865176728e-01
7.804265448307617925e-01
-5.595607162211206909e-01
-2.115997299007062460e-01
6.870392306542900673e-01
3.440713709530114905e-01
-1.524528039172946547e-01
-2.966842799838640965e-01
1.887997281493770108e-01
1.937920321183161099e-01
-5.802994442655013962e-01
-4.480897349968866461e-01
-4.587729252464545215e-01
1.402124513761371594e+00
8.718134270671443753e-01
8.018967090665023445e-01
-1.611177260051899485e-01
-2.092213395559391897e-02
-9.283703303125713235e-01
-3.390391958050894550e-01
6.791069032538040728e-01
5.557769983646840273e-02
4.936848819194284421e-01
2.393050339723142017e-01
6.607928414461954336e-01
-3.858880037456591805e-01
-1.048809688068499613e+00
-2.949758228181162956e-01
3.479452583036355406e-01
1.192432932439033255e+00
7.978834107825266697e-02
9.148997755653338615e-01
-8.085678451362543484e-03
1.017701895773813203e-01
1.344887012183533459e+00
-2.224631802583017515e-01
-7.411432087498395771e-02
-5.143342599074651744e-02
7.072177288876604351e-01
7.454535436393324721e-01
4.800896416102094499e-01
-2.905154271266571220e-01
3.600788666730400100e-01
9.311770852014046584e-02
-4.792494345907460929e-01
3.289512583323682127e-01
-8.512196169337013507e-02
-2.753260248040904079e-01
-4.476898601056256699e-01
3.201860568534646845e-01
5.774083484548594436e-01
3.010174614649357427e-01
4.470649614047389475e-01
3.681611800437541993e-01
-5.001252601369908790e-01
9.109007779817124284e-01
9.398033415136798352e-01
-2.113782370696323520e-01
-1.126350464445329130e-01
9.300589317213829865e-01
9.629244609208867933e-01
1.015522833574326489e+00
-9.475465062738832600e-01
-2.554400408631505304e-01
-1.142414716465502966e+00
2.097253636650434072e-03
8.518439236591556218e-01
-2.988522124386777667e-02
-9.869973202917908806e-01
4.327689451392938702e-01
-3.245415512112296841e-01
2.177178785745638445e-02
1.344009873577300729e+00
4.871502534135854212e-01
4.847315757642494116e-01
1.636586126517666218e-01
1.898159497697325948e-01
1.169830781208454962e+00
-4.957128523773939310e-01
1.209977702833488600e+00
-1.343324437867420951e+00
1.608013043484773030e+00
9.251975029634766923e-01
-7.716869652524969148e-01
5.885311970854548713e-01
-4.208839180109689992e-02
-5.831364161865473794e-02
-1.088196963660465144e+00
6.572617699179490458e-01
9.828730753888163807e-02
4.991380236570059914e-01
4.986122945720616317e-01
-6.403930581097524444e-01
8.214713100751271924e-01
-1.471061580380808864e-01
1.019347537856555297e+00
-3.607960491105245415e-01
2.791418166092325404e-01
3.754132191786577200e-01
-9.090176549418250707e-01
2.193538443188087772e-01
-1.937935307064540535e-01
