-1.803418083860306664e+00
-6.957250996877885063e-01
-6.556422653903664077e-01
-7.365935866282962152e-01
-5.557894501259654785e-01
2.476049758521128019e-01
-4.526471615763476564e-01
-5.778977248807946054e+00
7.563965388825311109e-01
1.191525649801776776e+00
3.397094304631377293e-01
1.884627875649701467e+00
-5.880457006703632139e-01
2.347392516810646590e-02
2.794301609652681151e+00
-6.205956780664306782e-01
1.988126619118842253e+00
1.198364656497246994e+00
-8.725696565133910232e-01
-4.939043052622478502e-02
7.571288347379339090e-01
-3.270871951602363659e+00
2.226795640119350495e+00
-3.485439233456050223e-02
7.269017228036840361e-01
2.971248728804903316e-01
3.545493577538468832e-01
3.536390378846123173e-01
-8.087022024721400859e-01
-2.165880397996585938e+00
-8.650663720560036740e-02
-7.015365554881654031e-01
-9.807131344841588660e-01
-1.201276366640832705e-02
-4.618543430572386033e-01
-8.660995155604189755e-01
2.464066939373197040e-01
8.684764125242480648e-02
7.410184470473339946e-01
-1.964251343214095780e+00
1.729404184371691189e-01
3.798974293822702242e-01
-9.537654571598577213e-01
-1.172086487493815055e+00
-8.412117203807203403e-01
4.372241920817188099e-01
-1.252082908791817717e+00
-5.520339416588784798e-02
7.231344915832127462e-01
-7.809915223147365082e-02
2.417830653937027008e-01
4.708489485655922152e-02
2.789651984154471465e-01
6.113930180427817884e-01
5.748754850312546516e+00
-1.032009614208698967e+00
1.050889587060328756e+00
-2.521597442148020729e+00
7.825082188772189973e-01
-2.625869828684461171e-01
7.593732803066592929e-01
1.511091324444700401e+00
-4.018005962771523443e+00
-3.280037321944420547e+00
-3.117042383147967666e-01
-6.092188695830936807e-01
3.545547370984856173e-01
-9.660091655814881939e-01
1.353121897268538154e+00
1.563879973405299051e+00
-5.677107573090782733e-01
-4.597135743962671661e+00
6.937367752941940580e-02
-2.531010405318919188e-01
-1.431994342206785120e+00
-1.306834782256077077e+00
-5.887052529411112012e-01
5.463803918809034821e-01
3.709447972786536485e-01
2.424820400440387935e+00
8.447989529940975739e-01
-1.576204756621565117e+00
2.203869470221334392e+00
4.762469641859410352e-01
-5.558580060807383205e-01
7.647455304196022485e-01
1.983361206642276109e+00
-2.309871353685559736e-01
-4.555325106148692960e-02
-4.256715628869176093e+00
-2.530074220155118514e-01
-4.593671936630384645e-01
-5.890622353871175498e-01
-2.011890212535383693e+00
-1.936752154551911187e-01
9.493880531972488379e-01
7.722946953315871221e-01
-9.938861873645907785e-01
1.852014005770890925e+00
-2.023025678700929753e+00
-5.126570212406633513e-03
-3.340707420570855346e-01
-7.700031677572503064e-01
8.028451935272922224e-01
-2.304423771990376235e-01
7.298965392762518656e-01
1.947304976442287838e+00
-2.902803482837065019e+00
3.708697193339001441e-02
-6.652759486797162891e-01
-1.652941878368441087e+00
1.855324017543989346e+00
-7.916638876829578120e-01
3.619801439823163491e+00
-1.873725005168239921e+00
4.288708833546101218e+00
1.513350853085100978e+00
6.195283614956803575e-01
-1.618263881594492304e+00
-5.245800770452759831e-01
-2.431433879410330179e-01
1.223172025139251717e+00
4.263557222982898853e-01
1.242577648953998859e-01
-1.968575446298891085e-01
-3.061828552797100644e-01
-2.886276263641484263e+00
4.821565560703374942e+00
-2.961313837173584318e+00
1.614036071780862724e-01
8.691781000493861153e-01
3.018867862898386711e-01
7.402956153064703670e-01
1.414922830286344357e+00
-4.432189630937203306e-01
-5.283097686048288111e-01
-1.395259123478058472e+00
1.181501884755135290e+00
-4.389774784188515966e+00
-1.806258023270960189e-01
1.687188421208515976e+00
4.557432230068805268e-01
4.614217857148547042e-01
-7.834223396649065974e-01
-1.421436188987283300e+00
-1.676786405828688764e+00
-8.210053893500635080e-01
-1.649124056832903973e+00
6.373570149480248803e-01
1.533055755562897193e+00
-8.311083477596870051e-01
-4.552024396783272975e-01
6.398887275135145547e-01
-1.987512178762634196e+00
1.405680169842471683e+00
2.421804764515099517e+00
-6.069712571369021564e-02
-2.136630607749205435e+00
1.190794077083618535e-01
-6.140185130462771923e-01
1.235121787186157061e+00
2.308933902109216341e+00
1.025037895618728101e-01
3.694869614809299097e-01
-6.944094829957618842e-01
3.095882670363479860e+00
2.021588093940434483e+00
-1.683731741926606795e-01
-8.845418991321238877e-01
1.547029282246288773e+00
2.825609896915898922e+00
-1.653745935849361415e-03
-3.424092113084027389e-01
9.919704185857955991e-01
-1.085041021446702558e+00
9.018272794895255962e-02
-3.357940538952653431e-01
-2.603335579787434462e+00
-1.279324706827339231e+00
1.732134392836749637e+00
-1.758589793775963139e-01
-8.007231906542198185e-01
5.469056259954574450e-01
-2.569834510659583238e+00
2.568635975267590243e-01
4.969949263295814768e-01
-1.256242866771167366e+00
