1.937798657483083664e+00
3.171253996500740802e-01
2.584812792396029013e-01
-1.173854555506352426e+00
-2.490795855100996992e+00
4.953639134597702665e-01
8.348687844087381293e-01
-9.263628887234092169e-01
-5.279064334677721071e-01
-7.487987909770872363e-01
2.318195300038098927e-01
4.155127203850096651e-02
-1.252205687093843833e+00
-2.414568086539368719e-01
7.075144211682487416e+00
-8.666894030842117180e-01
-1.473558316435749971e+00
-4.711043731548087976e-01
1.044545714784955504e+00
-4.303242297819252493e-01
-6.481831688194695795e-01
-7.768148627164657150e-01
-3.872100750588675089e-02
-1.385315503692658545e+00
7.482318528064633156e-01
-3.157127522802088415e-01
-1.041737540749489155e-01
-2.384688934034411290e-01
-1.476865277194704174e+00
-6.974935356812955733e-01
-1.055209737280427662e+00
-1.318028939570298208e-01
-2.219276452712517500e-01
3.731249278711525341e-01
-1.046192909154557427e-01
4.791165587494757849e-01
2.129750237971517191e+00
-2.647466986214600748e+00
-3.254472203277453679e-01
3.685888173398255141e-01
4.107257026260995314e-01
-2.196261910745951340e+00
2.584048984423084616e-01
6.473743984206070667e-01
-2.770370821013550255e-01
-1.033722248840006852e+00
-4.357225412966878736e-02
-6.886963526604662489e-01
-4.476024958334389181e-01
-4.218125255521383288e+00
-1.548165437167418057e+00
-4.970475833894970330e-02
8.242715810125968989e-01
-3.678367354323853200e-01
1.661423514577498040e-01
-1.334017519095637594e+00
-2.385338025540912010e+00
-7.839636234519309355e-02
1.175577120644162532e+00
2.388002628346771239e+00
8.721614954642971096e-01
9.477097891519721262e-01
9.738548395756285725e-01
2.357553206377236865e+00
-2.760218724548278990e-01
2.857077564305325335e-01
-8.251502498949019326e-01
-2.447734495678925537e+00
-7.499367831911176729e-01
-2.843073572496379597e-01
-2.818340222921290383e+00
-2.338468542790879123e+00
5.252450163429801533e-01
2.526176980227291535e-01
-2.104094291324333454e+00
-1.906450549260137461e-01
2.532488649648999335e+00
-1.308998311302148609e+00
1.154530729769613462e+00
-2.744956473099481875e-01
-6.604159450402112830e-01
3.947276166663638008e-01
-1.216205954141425516e-01
-2.224885425163283248e-01
7.454639662436879366e-01
-2.425102023254415706e-01
7.535044074317696072e-01
2.350168958663811036e+00
5.463135784932758865e-01
-5.356826680901246585e-01
-6.624232431222227824e-01
-2.700805731493952644e-01
-3.104872805606564867e+00
-6.139263977249044268e-01
-1.198466677225660693e+00
-1.386068138290626750e-01
-1.123961118790723357e-01
-1.120616552724990056e-02
4.154332187329815018e-03
-8.039629421746592453e-01
7.926932614923948295e-01
1.559841112097215099e+00
2.878040516794160841e-01
-3.800729510170606229e-01
-6.422516791264557545e-01
-2.237612124476669462e-01
-1.803030158379647974e+00
-1.165939758722248087e-01
-1.789726633708563497e-01
9.841640753730795943e-02
-3.448570785173062259e+00
3.522483209130779169e+00
-5.771951793306376866e-01
3.161828490796333990e-02
-1.086541607947377086e+00
1.612760250617990110e+00
1.447962524083829666e-02
7.133875384048820045e-01
1.512495071607661279e-01
8.672932171759578646e-01
-1.792636300091428492e+00
1.261869639397514842e+00
-3.160733133748312884e+00
-1.277717807290775553e+00
-3.761604865332495717e-01
-6.052874859521358841e-01
2.344167968500019850e+00
1.410643874110858675e+00
3.219907177256444708e-01
7.706820289722059458e-01
1.187569348116433998e-01
5.148827989187845788e-02
-2.721492308813730499e-01
-1.188553345915383197e+00
1.192356927133721767e+00
1.256099009801234234e-01
2.344739132042963803e+00
-4.169484153482904687e-01
-2.594931419563171193e+00
2.263774605327311673e-01
-5.979136542891760886e-02
-6.901350163261581461e-01
-5.948198928897872884e-02
-1.289512491742804468e+00
1.600009296063787945e-01
1.810134241417193257e+00
-9.403241945770673960e-02
-4.381166649962348614e-01
-6.249540893255244312e-01
6.359465595809682403e-02
1.707919951656609037e+00
-1.129772997177267424e+00
-2.029223683247597609e+00
2.851721250359158244e-01
8.912950082077207570e-02
-9.113110546562079861e-01
-7.118773993216412910e-01
1.955721436468179156e-02
7.743106574354093052e-02
8.253310897479958497e-01
5.782037924695432318e-02
-1.604566729412008064e-01
-1.278559856156104013e+00
-1.231407885217624898e+00
2.025097965107328424e+00
7.453461418182634191e-01
-7.291970694419748211e-01
-5.159735021925273557e-01
-1.723884527264479161e+00
9.842790358921484906e-01
5.779198511529612947e-01
1.824404558166921930e+00
-1.108411135102699951e+00
-1.144669167199787507e+00
1.012908867798975043e+00
-1.758968131552202663e-01
2.284154951390016564e+00
-1.436134280804429064e+00
2.013736689675783287e-01
1.082808499588816753e+00
2.119417806771591861e-01
-4.522050725216436584e-02
-2.634449851005031817e+00
1.392727652101263480e+00
4.075306321584085678e-01
-1.917255757447416387e-01
6.240390106075287963e-02
