1.049755887749124872e+00
-5.063166457050827240e-01
2.871433471517660374e-01
1.405083262297214530e-01
7.633879716908474888e-01
-6.345818624417318699e-01
-9.889918783747825293e-01
6.518342018211794597e-01
-1.449288345261072974e+00
5.139128304401947567e-01
3.850507684138826381e-01
-2.339585516386759045e-01
4.547381771533093864e-01
-7.795452975991401523e-01
-4.111487843195535952e+00
-1.234624493703239789e+00
-5.558119682538268380e-01
-1.731021322955950126e-01
-3.040631279146037147e-01
5.362091992239594873e-01
2.258076539137956473e-01
-1.089166872112137530e-01
6.830155498263165148e-01
7.567751981305170794e-02
-1.099144447287324355e-01
9.662321436245174811e-01
1.071341284890241718e+00
-1.011183887709231843e+00
1.009093603226510982e+00
-2.714552342938492124e-02
1.731713170490166709e-01
1.174854786633739767e+00
9.197183562355635278e-01
3.682248394882620679e-01
6.881140609440981049e-01
2.011348890127174549e+00
-1.072918381687701483e+00
4.377261760964987203e-02
-9.640572660838575558e-01
2.167764634615733654e-01
9.294744464195450195e-01
-1.323856690708335782e+00
-3.523109204844004916e-02
-3.136745452305361725e-01
-2.297034049648233101e+00
-2.360750624647408591e-01
4.567929068197273956e-01
3.904531495527967522e-01
1.445612359693293492e+00
-2.679442736382847690e-01
2.296768894783761117e-01
-2.352099324770353106e-01
-9.728046646718536694e-01
-2.507329784926587202e+00
-3.236107491791165858e-01
-1.126214137500110901e+00
8.190196191688839389e-02
-3.784448929950243179e-01
-1.364557971931856795e+00
1.252631030471636375e+00
-3.837379527152790515e-01
3.774300153251263223e-01
-1.065784289930263418e+00
-5.582674725241243419e-01
-2.789014313954104596e-01
6.920521539532290545e-01
7.590162699813801650e-01
7.141213321592078112e-01
4.340236297025633350e-02
-1.563099019923906430e-01
-2.772521924448004160e+00
-1.947409259243742197e+00
-4.773840070124433788e-01
-4.727071047328041953e-01
-9.484197461252120709e-01
6.361958949236058425e-01
8.931491717832863442e-01
1.328848724211626031e+00
-2.798471902966088720e-01
1.759806160034318306e-03
-3.748409860024590201e-01
1.645853476850049069e-01
7.234719678185561609e-01
8.476375533209374868e-01
-5.218309726965872919e-01
1.378865557335573921e+00
8.927423749778938544e-02
9.032361588878068392e-02
3.045024957156937662e-01
1.114164890477832071e+00
-1.017248842011813981e+00
5.263590537763104260e-01
5.909482756615805354e-03
-5.151040566075887339e-01
2.485315706964925930e-01
-1.509108432454975002e-01
-2.191262489460683305e-01
3.665127778597124242e-01
2.331934164407654386e-01
-1.070381228791184469e+00
1.048740505913082099e+00
-3.779855627836467558e-01
3.939231857241310975e-01
-1.008529589842990015e+00
-1.363007913758616851e+00
-4.027519107026111822e-02
-1.280291881616196559e+00
-8.650814244401927589e-01
-6.863325239578849102e-01
4.592299083713625718e-01
8.649688014564260730e-01
8.624572591709175340e-01
-2.665140921483662440e-01
-6.049163357064467617e-01
-4.848724249540393161e-01
7.967217421968569857e-01
-6.630557868169310864e-02
4.786313404443978126e-01
-1.375991405004275414e+00
6.656003055844605942e-01
2.439487017704069949e+00
-5.632273621861878521e-01
6.150574818309748615e-01
1.813278038643478807e+00
5.036880528194470630e-01
-5.526111812999339179e-01
-5.758072070407148635e-01
7.084659950881806445e-01
-2.028033282297878048e-01
-7.898497284129163409e-01
3.207458929556005617e-02
-1.884098700215853128e+00
-6.369627374124885444e-01
-1.040092682865814550e-01
-1.613798942423978033e+00
2.717321239593551985e-01
9.428220622510960491e-02
4.939125881271310692e-01
-1.848794580806592647e+00
8.649504618770064157e-01
1.593588708071608240e-01
-7.463488789909536458e-02
-7.898163522228308642e-01
6.115482123954829596e-02
-1.049536940957356723e+00
6.714533709244725479e-01
-8.536446549719509669e-01
-2.037483919433016322e+00
-2.862838422411326800e-01
1.090419460782774186e+00
-1.524084187526182133e+00
-8.157601375770184848e-01
4.089781664770367753e-01
-1.133684319942308560e+00
-1.352631865049789273e+00
1.619489094783276295e+00
-8.213081046935880591e-01
4.210779344645001476e-01
4.241780182893073459e-02
-2.219833439526710084e+00
-1.224047122746815486e+00
8.831569878756856395e-01
-5.676509671110403776e-02
7.377716559179423594e-01
4.066930428327114599e-01
-1.500711317019867597e+00
-8.780053007246417796e-01
5.463364361650844270e-01
-8.988612750844763299e-01
1.270065685465643079e-01
7.998471951282096759e-01
6.030906799542909980e-01
-2.927594295882286479e-01
2.724149754157312309e-01
3.690516346318118979e-01
-1.066430074241246639e-02
1.416273536277311340e+00
-1.892056663685254270e-02
-2.859936687051136683e-01
-7.599846903194100722e-01
1.260175996230887829e+00
-5.077809626920982700e-01
-1.936028530240260226e+00
-9.692922565264446844e-01
2.674606919510260639e+00
-1.668551376126621855e-01
-1.206443410930991389e+00
