6.049011228980341048e-01
8.569608776580188714e-01
4.293878179550065788e-01
-3.177712669115084765e-02
-5.677811794429232783e-01
-1.000000000000000000e+00
-2.142986762834249159e-01
2.638728722360301759e-01
-1.000000000000000000e+00
-1.000000000000000000e+00
0.000000000000000000e+00
1.000000000000000000e+00
-1.000000000000000000e+00
-7.496649853847192624e-01
6.144542633754188632e-01
0.000000000000000000e+00
8.815171543993509662e-01
8.967543154304402631e-01
5.161766380238832497e-01
-1.000000000000000000e+00
1.000000000000000000e+00
0.000000000000000000e+00
-7.855390919404396932e-01
8.140673626624912451e-01
1.000000000000000000e+00
0.000000000000000000e+00
-6.644972074555253183e-01
8.680854810097480279e-01
1.000000000000000000e+00
0.000000000000000000e+00
0.000000000000000000e+00
1.000000000000000000e+00
1.000000000000000000e+00
-2.861352851553797816e-01
-6.386523274430919717e-01
3.555514225387184091e-01
5.383676888570567698e-01
-1.000000000000000000e+00
-6.048452830331951802e-02
3.922545324703166081e-01
0.000000000000000000e+00
-1.000000000000000000e+00
6.078275173295288880e-03
0.000000000000000000e+00
1.000000000000000000e+00
-1.436943711880189767e-02
-1.000000000000000000e+00
7.884111698672713331e-01
0.000000000000000000e+00
6.143085680472071264e-01
0.000000000000000000e+00
0.000000000000000000e+00
-8.846689988303781949e-01
0.000000000000000000e+00
1.000000000000000000e+00
-9.171730646021014621e-02
-4.933892153576382444e-01
-1.000000000000000000e+00
-1.000000000000000000e+00
-1.000000000000000000e+00
-1.000000000000000000e+00
-8.099882919173886364e-01
0.000000000000000000e+00
-3.313592973681040998e-01
0.000000000000000000e+00
0.000000000000000000e+00
1.000000000000000000e+00
0.000000000000000000e+00
4.079077116821387960e-01
1.000000000000000000e+00
1.000000000000000000e+00
-2.068002088912745950e-01
0.000000000000000000e+00
-3.722052394939301401e-01
-3.619294272023385606e-01
1.000000000000000000e+00
7.462250376486161407e-01
3.692298095683772541e-01
-1.000000000000000000e+00
-2.580119623794481232e-01
-4.600806732680087219e-01
-7.279314115712429700e-01
8.445347813319656893e-01
4.918419217445801905e-01
1.481912146940367325e-01
-1.000000000000000000e+00
-1.000000000000000000e+00
1.000000000000000000e+00
-6.599364525286885996e-01
-7.096079930533911728e-01
0.000000000000000000e+00
1.000000000000000000e+00
-1.000000000000000000e+00
1.000000000000000000e+00
-5.060046227596777246e-01
1.000000000000000000e+00
-8.096346763722652717e-01
1.000000000000000000e+00
2.995830336943448025e-01
1.437726217498744852e-01
1.819256125734811658e-01
3.881435358474216724e-01
-2.638832199729030936e-01
1.000000000000000000e+00
-5.524187908549527126e-01
-1.000000000000000000e+00
0.000000000000000000e+00
0.000000000000000000e+00
1.000000000000000000e+00
-8.845297679783084011e-01
-1.000000000000000000e+00
3.955659769032637829e-01
0.000000000000000000e+00
-5.953459747456670836e-01
1.000000000000000000e+00
-9.887449309990343771e-01
-6.824522393956462540e-01
2.237431584963089914e-01
1.000000000000000000e+00
0.000000000000000000e+00
1.000000000000000000e+00
0.000000000000000000e+00
-1.000000000000000000e+00
-1.000000000000000000e+00
-1.325386431791986119e-02
0.000000000000000000e+00
-1.000000000000000000e+00
-1.000000000000000000e+00
0.000000000000000000e+00
-8.019318528334731244e-01
-2.415781107372871883e-01
1.000000000000000000e+00
1.000000000000000000e+00
0.000000000000000000e+00
1.698052026722551844e-02
1.000000000000000000e+00
-8.515670026069102061e-01
1.000000000000000000e+00
1.000000000000000000e+00
-8.596955787620752520e-01
-1.000000000000000000e+00
3.287209786756213337e-01
1.211199110942402513e-01
-1.000000000000000000e+00
-1.000000000000000000e+00
-4.612045334870200630e-01
1.000000000000000000e+00
-9.898763869486928435e-01
3.102865158335150753e-01
-1.000000000000000000e+00
0.000000000000000000e+00
-3.822269894812584390e-01
0.000000000000000000e+00
-1.000000000000000000e+00
-1.000000000000000000e+00
6.128432144416295912e-02
4.039760656343527323e-01
4.276160847153798183e-01
-1.000000000000000000e+00
1.000000000000000000e+00
1.000000000000000000e+00
2.401935759168392082e-01
0.000000000000000000e+00
-9.524755432978015968e-02
0.000000000000000000e+00
4.459715595877464800e-01
1.000000000000000000e+00
1.000000000000000000e+00
-1.972565016266192295e-01
-9.600172731710234775e-01
-1.930872713704234744e-01
0.000000000000000000e+00
8.040200738940053160e-01
9.911713708649836363e-01
-6.358010569302963155e-01
-1.000000000000000000e+00
-1.000000000000000000e+00
-5.499569518519322742e-01
-2.514373237610358913e-01
-6.284908386757792620e-01
-6.708545875421612070e-01
-1.000000000000000000e+00
6.478637474757555914e-01
8.065431347765179559e-01
-7.527929940295101652e-01
9.823550343633438153e-01
-5.088808793359724802e-01
4.951246098648529603e-01
3.468383932777299172e-01
-8.141184429349221929e-01
-3.581508887620987736e-03
0.000000000000000000e+00
1.000000000000000000e+00
-8.262475833754521215e-01
0.000000000000000000e+00
-5.659753065361441404e-01
0.000000000000000000e+00
-2.856937373235670652e-01
8.151032611020103680e-01
1.000000000000000000e+00
-6.152946350804255893e-02
2.054714933567172164e-01
-7.643637553100646187e-02
7.429989886906416263e-01
1.418224206620377625e-01
7.702957908734497927e-01
-6.364007926789654324e-01
0.000000000000000000e+00
2.449721606548957986e-01
-1.000000000000000000e+00
0.000000000000000000e+00
1.051234160853389277e-01
4.946136587286709130e-03
4.030143597791204790e-01
8.599414410455774593e-01
-7.111293513802798838e-01
3.757796286651120532e-01
0.000000000000000000e+00
1.000000000000000000e+00
2.630622429980749022e-01
-1.000000000000000000e+00
9.176855848619394074e-01
-1.673498070593943954e-01
-1.000000000000000000e+00
-1.825532958319486809e-01
1.000000000000000000e+00
-1.605796129334957634e-01
7.595204765062668617e-01
9.081599521485326232e-01
-5.207449705400504225e-01
-2.968142695909887774e-01
6.538589325289878573e-02
-1.000000000000000000e+00
-3.372401760651249081e-01
-6.685175856667560090e-01
0.000000000000000000e+00
0.000000000000000000e+00
1.000000000000000000e+00
1.248500439399296003e-01
5.040241334734432144e-01
-4.860342688036873859e-01
9.441519902302522027e-01
0.000000000000000000e+00
4.592117101042940686e-01
5.600699521931444824e-01
1.000000000000000000e+00
-1.000000000000000000e+00
-5.693907606630488338e-01
-3.951969423496963785e-01
0.000000000000000000e+00
5.380612425321316117e-01
1.000000000000000000e+00
4.962902270668618776e-01
1.000000000000000000e+00
-6.363075255457986135e-01
-4.365998680730656112e-01
-4.720961202206648277e-01
0.000000000000000000e+00
2.889178447092890512e-01
5.507257985260893829e-01
-1.000000000000000000e+00
-1.000000000000000000e+00
3.718862908850553151e-01
0.000000000000000000e+00
9.600797309618178677e-01
