7.000167558620398189e-01
1.040821405034629166e+00
5.653275711261462888e-01
-9.857306350802812478e-01
-4.094847790037230151e-02
-1.019946647607189671e+00
-5.428714854165523906e-01
-2.452198857522614184e-01
1.112266321844692873e+00
3.939790399279119448e-01
-8.453532039358374606e-01
7.764539222277352382e-01
-6.264076242179945631e-01
5.438519937950112570e-01
1.116290511493449156e+00
2.995178325325631441e-01
8.864825212371685303e-01
2.183415789078811731e+00
6.243879806323986842e-02
-9.779729089685077481e-01
3.146400120863395711e-01
7.321833603756022768e-01
1.990244917563594729e-01
3.818034015863341901e-02
1.442585331983688157e-01
2.542015057821588320e-01
-4.664475708852120484e-01
-2.434371777905840473e-01
-4.464975445311694102e-01
3.972480053256862709e-01
-5.051420379670290561e-01
7.164193347157881142e-01
8.628295600907114338e-01
6.720547804574334982e-01
6.686582760044088580e-01
3.952018835892616710e-01
-1.885792900035506703e+00
-6.183097482912395249e-01
-1.802581919333928306e+00
6.923126601631682253e-02
-1.048883583147521836e-01
-2.481173749045544608e-01
-2.887379538066278117e-01
1.445969593811255449e-01
1.366061979951459060e+00
-5.680274513240768375e-01
-1.533577930031471359e+00
3.598518490776791978e-01
4.620664319322460578e-01
1.866438809940822008e+00
7.613828249539007498e-01
6.306152039080035188e-01
-3.282289507581743204e-01
-6.399036000598972151e-01
1.096973203102023231e-01
9.474479815233538549e-01
-6.065921388769619504e-01
6.571656553330418316e-01
-5.376119964917547289e-01
5.602569217087004505e-01
1.437264141304839260e-01
-1.064022913239979218e+00
5.342427636344608821e-01
1.620116388100928617e+00
-1.559586152568701367e+00
-1.119443577481718632e+00
1.940677813038003685e-01
2.201697452144946443e-01
2.623900773625583049e+00
7.316438604733395135e-01
-1.322326964673929517e+00
1.382588809801377217e-02
-2.138393177395065958e-01
1.526481586192355078e+00
1.513103012557738269e-01
9.173388626039713500e-02
-6.452736787826529596e-01
-2.529086542479835220e+00
-3.495461558813932057e-01
4.045477650344697640e-01
6.876166944206896225e-01
1.287978905051580525e-01
3.476079813477709335e-01
-1.919036564197314498e-01
2.759675207142636477e+00
-1.963545921414522333e-01
1.172846620876978052e-01
-1.189637396852287476e-01
9.598697865027701059e-01
7.649704592193133923e-01
1.579020618231051776e-01
-2.534364641559026521e-01
-2.709102581933124365e-01
1.144441102954931511e+00
9.209797161841879465e-01
-3.186057700100161649e-01
-9.526885210334828935e-01
4.576199330363876772e-02
2.958450489073289891e-01
8.241330324536250140e-03
-3.170757752515332983e-01
7.712769823805543101e-01
-1.279339716743641553e+00
-2.172907222772541003e-02
1.397969651549943348e+00
-1.867844231505011887e+00
5.677609040910288618e-01
-2.565022165507305218e-01
-1.083398036363452333e+00
7.099683442771083097e-01
1.554728305784560449e+00
-8.798807190741697593e-01
1.231139518220778911e-01
-1.381673093444130362e+00
1.058876539064746769e+00
-9.205040171137210403e-02
9.933196099245995558e-01
-2.376228905762400867e+00
5.556587076621338772e-01
2.784994350027366616e-01
6.904121633033302174e+00
7.114777855632437031e-02
4.349717262813576069e-01
-1.676631832435739877e-01
1.179585374454479085e+00
-1.024582691286044650e-01
1.517898470790521870e-01
-5.077656059168261793e-01
-3.587435429847832813e-01
-2.608403863763850833e-02
3.198329924852350015e-01
-1.037044767626403186e+00
-4.340257157020362966e-01
6.001886344101381443e-01
-1.077529853561886297e-01
-2.377973526974667684e-01
1.014019627677314350e+00
-3.508018285972440697e-01
8.048734347656689714e-01
-4.054257822221520313e-01
1.101499868966253182e+00
2.481619230290268430e-01
-2.484047486018716278e+00
-2.112429690496851364e+00
-4.148480909193695554e-02
-2.748074952395490600e-01
-8.580933286160263851e-01
1.443708851606951837e-01
8.204910169146647503e-01
-5.163138691722192197e-01
-4.033809678503284535e-01
1.079950964504218458e+00
-1.598908259475541271e+00
1.190307733147097480e+00
3.338944849888320077e-01
1.280984927641449500e-01
-8.500348513609655710e-01
2.394625986256553873e-01
-1.253883817994093430e+00
-7.859547329856810816e-01
4.403365979345294501e-01
-2.356579606598472321e-01
-8.428143410417484604e-01
9.664140673287742178e-01
1.065612014158038523e+00
9.242766358294902673e-01
5.167291767382766743e-01
4.944109459222834069e-01
-9.638213980720762297e-01
1.152369182126918856e+00
1.834500591007524328e-01
3.856390614784406257e-01
-4.100591992213209469e-01
-1.082031782756892081e-02
-6.821105284484412223e-01
2.579622283055840182e-01
1.090789547859730035e+00
6.765896248118536960e-01
6.118516401046569797e-01
8.502090330641152160e-01
7.517976149108213102e-02
4.976998880892538057e-01
-1.682162092551088950e+00
-3.684509157014876357e-01
1.203867273555777606e-01
-1.122511281933781246e+00
-4.598775943454556092e-01
-8.067146411251578941e-01
7.293008618564038592e-01
3.670648224937709259e-01
-9.052539523413671851e-01
6.241731344985279595e-01
-1.195943723344191634e+00
-2.688799451276775443e-01
-1.642999069582773974e-01
1.558195640403182702e-01
-5.343954054318036384e-01
7.090347496246844905e-01
-6.485125097212922629e-01
-1.349231719854882217e+00
1.124268058621464395e+00
-5.808857384279377811e-01
-2.960850892611217589e-01
2.353980690449068991e-01
-4.748197373623783690e-01
6.482788967724442131e-01
6.279111736963800816e-02
-1.176876038345772701e-01
-6.550418868028669017e-01
3.153554319584039867e-01
-1.756338195253074330e-01
-3.910682698530310586e-01
4.034544173154039903e-01
3.630105043126591324e-02
7.903127715697915168e-01
-2.429672307224629291e-01
7.915072610395506025e-01
-1.123893775434274822e+00
3.759846506430987167e-01
-2.406190016287330091e-01
5.478773944699567577e-01
6.109810231270865200e-02
-8.896234676070954861e-02
-8.592070422352411363e-01
5.390279698823422505e-01
-5.027214051493426039e-01
3.116973017822578518e-01
5.669425327501742551e-02
1.217189735723561483e+00
-1.579700362130938673e+00
-2.021585493962708924e+00
2.848043104140013382e-01
5.814496691412853746e-01
8.841163127349720430e-01
-1.473466373558128262e-01
-5.553278227413793733e-01
-3.692242312969123419e-01
1.241521977328360116e+00
3.701069685085982552e-01
-1.274027784744590441e+00
-7.692412762095302003e-01
7.432072161698026758e-01
-7.765616547421813065e-01
-1.630927218495120234e+00
5.532182195352449705e-01
-7.570876002891995492e-03
7.587728812696081793e-01
1.013156677990646459e+00
-6.507442854133836940e-01
-8.997915728402097191e-01
5.602163092765805041e-02
-8.606425045368719662e-01
-6.460014210950217883e-01
1.697855323083865997e+00
1.365558437060674146e+00
-1.262083283840840786e-01
-6.886843839589456007e-01
1.123696547954924574e+00
3.420711235442394638e-01
-3.501486726180337572e-02
-6.479307822638622483e-01
-2.860718936950965574e-01
-8.511419028612488002e-01
3.514877895072274772e-01
-3.558344995525487553e-01
