-3.317140283625241159e-01
9.530554602022494048e-01
4.760513685252687477e-01
-5.502137308280518058e-01
-1.605948145343792377e-01
-7.402113240504175629e-01
-1.387261558733699163e+00
-4.202133440889156413e-01
-3.410484274464531396e-02
3.766521628758849882e-01
-3.949916214912098655e-01
4.860149578619815669e-01
1.088175287995580165e+00
1.424321564266972207e+00
-7.207204286271624571e-01
-1.180853232067749087e-01
-7.617259751415439428e-02
3.609239434988699147e-01
5.039938990010740527e-01
1.266919932979773400e-01
4.136780180026328191e-01
-1.227150676769543647e-02
-1.039094669350675293e+00
-7.917445433073142524e-01
-1.120068066292532860e+00
4.237775859705381620e-01
1.145350522443715935e+00
5.950460398618800939e-01
-6.594078018533510166e-01
5.998477686952004007e-01
2.904633932251472483e-01
-1.459936920781650382e+00
9.146192770774731473e-01
-8.393874785352460621e-02
-8.902970112226209487e-01
5.689443519525148041e-01
1.755067202701731111e-01
-1.231633869198946352e+00
2.084764917274208595e-01
-3.071709940343934075e-01
1.317464905473042291e+00
-3.527576087720647458e-01
-1.509573743220923858e-02
-1.278329792094802020e+00
4.568895555138756115e-01
-8.591186523389121588e-01
5.569908063554579458e-01
-1.214509492089567599e+00
5.521710428431290119e-01
-3.751353887873086768e-01
5.584211401973786515e-01
-4.624146142625499278e-01
-1.327328339631548504e+00
7.187358252969091588e-01
-8.648918028308165418e-02
3.635347062312656585e-01
-1.066781016163669271e+00
-6.457150588202176245e-02
-6.952517812020220234e-03
1.204757559832193986e-01
4.307532492374047117e-01
-9.377668146946907535e-02
-1.081819366948088446e+00
-1.093022442674199013e+00
-4.140258141943609083e-01
-1.210962072253791988e-02
-4.603953502598846503e-01
-2.007352466503091182e-01
1.153791554578212919e+00
1.274448408222516038e-01
8.289322871150314187e-01
-5.973534852879527346e-01
-5.327142257229063871e-01
-1.569214384386174166e-01
4.457230330877879898e-01
1.215731620718811579e+00
5.570927111069070570e-01
-8.375579474808283464e-01
-9.074686172302457443e-01
-2.356802549550743031e-01
-1.279396626700046502e+00
-3.942586922681262651e-01
5.716382874594260199e-01
-1.291274338319264636e+00
2.307953209664674044e-01
4.998640889289776568e-01
-2.457857453175646967e-01
4.518351988822827958e-01
-7.413855754974573165e-01
-5.661645906844712250e-01
1.917581019305780177e-01
-4.717093673643431018e-01
3.288845852688233040e-01
5.841832691902809627e-01
2.658483424516265292e-01
2.718122117579245822e-01
1.058746176712982656e+00
-1.084015886709454257e+00
1.331136375252533366e+00
-2.276795289616866946e-01
-1.775035404468326000e-02
-5.962611350291378842e-03
-1.176362923205069855e+00
7.268313887646840055e-01
-3.750629433799104184e-01
5.046830834355761075e-01
8.568394132971290933e-02
-1.998444096365676603e-01
-1.094941723210231116e-01
-1.182413641194234089e+00
-8.384660109708683695e-01
-4.117558158734048179e-01
4.244167843709113486e-01
6.162941186595941589e-01
2.607782909583812314e-01
2.071021157114559530e-02
6.217521206772683717e-01
9.192436053308483679e-01
-3.568236443878153863e-01
5.573411641131863492e-01
-3.572422875441755297e-02
7.558532424140225192e-01
-3.855344956084844621e-01
3.585379353251036405e-01
-6.505949491725709910e-01
-4.759257431673927230e-01
1.474425845842032290e-01
-3.415343706646133959e-01
1.096442124981469535e+00
-1.147283022471496716e+00
2.862530736076002724e-01
6.619747062976695517e-02
2.819636950462128810e-01
4.547723154617227537e-01
-1.014571091583725160e+00
3.449170139925255563e-01
-2.140400023876475544e+00
1.048175534914732809e+00
1.258211931608808509e+00
-1.602204047418221977e-01
-3.352470806392021663e-01
-1.284906506223659484e-01
-1.031265071342321926e+00
6.844117439089882765e-03
-1.802734568456327846e-01
-1.061585999537795866e+00
9.175070701291028197e-01
5.221783905810821469e-02
1.864413948744403360e-02
-3.965926893057838409e-01
-5.135333950811951098e-01
1.140005286005944196e+00
9.803863921197562004e-01
-7.443552171840617238e-01
5.166578865555965239e-03
1.714917319279491981e-01
-1.446167308097170201e+00
6.989151908429609428e-01
-8.834757767937813089e-01
3.277222080925896730e-01
-7.924180791214717468e-02
7.994533094223397196e-01
-5.270021808856951706e-01
-9.651347146625672835e-01
1.365388742519040743e+00
1.880118907771726744e-01
1.480650539171064206e-01
1.115482714062631997e+00
-4.266175108871789190e-01
3.181475441327866749e-01
7.666785415647507651e-02
-8.463946621504507828e-01
-1.422201769551642292e-01
-6.904152975316469876e-01
7.812008079876403555e-01
-6.318718244476372314e-01
2.679039230539407845e-01
5.137038515974557545e-02
4.592487152282073715e-01
-6.650667403653858223e-01
-2.056589787468786623e-01
-2.307635897173447026e-01
6.267845686625899138e-01
-1.325009220618522665e-02
-1.127589592817974218e+00
1.034074773293826716e-01
-6.289293663107148324e-02
-8.163133702261455849e-01
-5.999392067078638258e-01
-7.949399109599775137e-01
-4.499374991113830324e-01
-1.159119931644389867e+00
7.143675842275079568e-02
-1.883878721140617996e-01
-4.171568089753385222e-01
-2.295113179947726456e-01
-2.250673176868247527e-01
5.247414882419987325e-01
8.405475208107336949e-01
-3.525219464826783167e-01
-1.028441875313814036e+00
-4.061252247868413212e-01
1.014199061485858033e+00
2.894916830412419539e-01
-3.944664203154200632e-01
6.973317156455973720e-01
-9.485830306707303261e-02
5.959996724841478688e-01
-1.636849261888208007e-01
6.471176130816130856e-01
6.896100475133930541e-01
5.664429193580620137e-01
-9.939670845087641426e-01
1.131006212103150999e+00
-1.551900880519775927e-01
-6.828449271217630345e-01
-4.880512715919223532e-01
-7.652111431471073644e-01
1.059382653785102102e+00
-9.669530570663422697e-01
9.650362364390913106e-02
3.558451900405092405e-01
5.545484324528265896e-01
-5.958618254244362200e-01
1.769998777235942899e+00
1.395012621104834705e-01
4.781669922661547778e-01
1.720729754290574620e+00
-1.294871162903901418e-01
-7.031439550745096634e-01
9.169332082968598696e-01
-1.161594849704744803e+00
4.166132629482637850e-01
7.842938386660506245e-01
5.273125355736402176e-01
7.769288079783862599e-01
6.031108207928614906e-01
2.653658228464870206e-01
-1.173814047029729135e+00
-9.601372620331962704e-01
1.848976296394449770e-01
1.625250730349277140e+00
2.086398206886109774e-01
1.425972433984960430e+00
6.461762477070136512e-01
-2.789508329018406951e-01
4.675235699380643206e-01
-6.991778546439399999e-01
-5.855207176585255358e-01
1.393361514485146613e-01
-6.284438140438695086e-01
4.175261670375201017e-01
-4.427934191859940194e-01
-4.415675005845790535e-01
-1.465124914132989731e-01
-1.563735525374457591e+00
8.814622308928807271e-02
-1.409655453954569981e-01
1.766559006249980579e-02
7.022495721780575018e-02
3.799084402565867102e-01
2.741688569817407051e-01
-4.367001345088200037e-01
-4.637817883269265695e-02
-8.154652862349732745e-01
