-1.125433391986932624e-01
1.554755933932688849e-01
3.343900696443091181e-01
-3.146008165566262504e-01
3.222997141426383605e-01
7.319901467271753281e-01
-6.795461227316201835e-01
1.296274139863453856e+00
1.187203164957069346e+00
3.083196120316229472e-01
9.724911134906916166e-01
1.189906871229917007e+00
9.857628197562459116e-01
-4.964899228184821434e-01
1.457436041012786898e+00
-2.700644245833430657e-02
2.049415654883709192e-01
2.347325470414345638e-01
1.165722051511799195e+00
-3.335388157771509987e-02
2.380408575806882143e-01
-1.059170179148858137e+00
-1.499461500409517423e-01
1.024171167983828346e+00
5.949384751730868448e-01
3.590104206828988176e-03
4.150082872147967117e-02
1.544481536679618572e-01
-7.881870792716804131e-01
-8.511616830857267058e-01
-9.491382553914071707e-01
-1.528710886280620906e-03
-4.419907125505971868e-01
3.176225193328863772e-01
-1.304399153885782203e+00
-7.857092039625463986e-01
8.603204063733651541e-01
-2.917216193801783763e-01
-4.844690348506349720e-01
-2.604655392757666485e-02
3.178159344751068094e-01
3.884046959455534354e-01
-8.777806123137291139e-03
-2.336082808439111647e-01
5.787333352757284555e-01
2.692967968825170644e-01
1.068909437031411169e+00
-1.047190207703189713e-01
1.266643594110246074e+00
9.922421355433953538e-01
-1.620709421226259328e-01
-4.493796529043239119e-01
-2.059802150700996981e-01
2.003425319610834809e-01
-6.833906256581059879e-02
-1.788383903882640735e-01
7.910712770516944992e-02
6.301716778163438670e-01
-5.293210151137319741e-01
-1.297885724590646661e-01
-6.121359591870628725e-01
4.756597716003896359e-01
-3.620867134531572940e-01
-4.387631838802339423e-01
7.892798107750718106e-01
1.424331633010669229e-01
1.799030957783175760e-02
-4.847318544612169711e-01
-2.407420428552765890e-02
7.700208451197142201e-02
-1.071399301564411433e+00
3.526175670075450824e-02
-1.218927167394735944e+00
7.072062265790289848e-01
-1.328526377358181909e+00
-3.569076768918932330e-01
5.122859717758386777e-01
-4.190418881528885087e-01
-3.815707538780007124e-01
4.734013726953398282e-01
9.515318532690208997e-01
-2.814177634081767021e-01
-2.497032729238997106e-01
6.364236331840500416e-01
-7.800026507799587838e-01
3.879392242384128719e-01
7.581480853255408991e-01
7.942408011311692384e-01
-7.924414452959394062e-02
-7.703670286968101744e-01
4.851304188085587277e-01
3.422358112967110455e-01
-6.109845221988281505e-01
9.074983848811743470e-02
-5.531514656051395029e-01
-2.161257593038837799e-01
-3.142914282871301368e-01
4.897669942559881862e-01
6.742907044892186841e-01
1.765227957548084481e-01
4.535584597976382581e-01
-9.779656600439859959e-01
1.136839935723490402e+00
3.866126019687863846e-01
8.579801516270161299e-01
9.671691282286085101e-02
8.624421758012221773e-01
-2.487109745552552320e-01
-1.493255634011982913e+00
3.570565720520585962e-01
2.496976379652972589e-01
1.000394249837173177e-01
-7.587743488625336985e-01
-4.188605119899841966e-01
-1.559175643002379985e+00
1.191749049234671343e-01
-9.259951391376424201e-01
-4.438963492142553036e-01
5.445413379713507362e-01
3.921227412145317226e-02
-6.912934718336516404e-01
8.621750334718374376e-01
1.628755832918098445e-01
-1.068715333865173367e+00
-3.824626170115048851e-02
-4.715066048006646415e-01
2.443850868870869608e-01
1.482017322110209534e-01
4.934766389418275279e-01
8.304132602002068930e-01
-4.004733445594381158e-01
4.434139908782636086e-01
8.515839436591053913e-01
-9.972898443517225209e-01
-5.908250205747455491e-02
7.227268486123967772e-01
1.107537636426272787e+00
-2.493457307004897927e-01
-6.385915380449380674e-02
-6.437601937384187512e-01
2.201048408874851092e-01
-1.283372247704413383e+00
1.089010162378355462e+00
-8.151757727765494010e-01
-4.961719752653890314e-01
-4.280501425624911871e-01
-6.141212534403763801e-01
-9.468232706893248141e-01
-1.503651501425059100e+00
9.831772581475178852e-02
-1.228037744966911315e+00
1.085965811573681439e+00
-3.637804775276862190e-01
-1.527726759550306068e-01
6.404273447071610059e-01
-1.996091030719959747e-02
9.679042112761777616e-01
1.148577376572479825e+00
4.089995581605119224e-01
1.292204520936396150e+00
-8.745672430611027837e-01
-2.637011788356240505e-01
-9.836879572501133762e-02
1.371499593242379245e+00
1.094250946658832602e+00
-1.141443490050389364e+00
5.078017799630344387e-01
-4.509379930286552263e-01
-1.488453635581361012e-01
-7.258519485642475066e-01
6.440032116739897727e-01
3.639652332368625842e-01
2.460505946770925045e-01
4.257769421763319406e-01
-1.999287023973230215e-01
6.136345586513608508e-01
-3.652312909351307368e-01
-3.014706975766966446e-01
-2.554841488588299181e-01
5.981356316789193661e-01
5.200633964616391269e-01
-5.091881221753490339e-01
2.270256314218956906e-01
-2.604037462401967429e-01
-2.778884275787441016e-01
3.744785080112636999e-01
-4.096203055610161958e-01
-1.408923464550758897e+00
3.433159618782710698e-01
-6.463054044312833701e-01
7.808152828025674008e-01
-1.368295717266149181e-01
-3.343128755737187485e-01
-2.770547583296701921e-01
1.364284577104179497e-01
-8.009950098748770397e-01
-1.064621944699802647e+00
-5.450523532395655790e-01
-1.175638656398333648e+00
4.851125220546287364e-03
8.582536092984096587e-01
6.290836439204092745e-01
-2.415392295681220436e-01
-8.058196767196782462e-01
-4.611610506871436366e-01
-6.643152649547487965e-01
-7.363331419225386254e-01
-1.660946557513904021e-01
-1.048806951539626997e+00
6.095158147010086847e-01
-7.641668160146634081e-01
-4.462197649580115222e-01
-1.262983188550504676e-01
-6.593622758342562173e-01
-1.415138309645128212e+00
-9.557788696883093849e-01
-7.058801920539000685e-01
7.483465586860412744e-01
1.885247699842998725e-01
1.175916996365540257e-01
-1.236692781531339991e+00
7.653814932820541816e-01
3.017100207357902852e-01
-7.236522031005658828e-01
4.911213206548696308e-01
8.452526838378656704e-01
3.477298296902846531e-01
9.858496378553682771e-01
5.273299692830943353e-02
-6.528299456836015313e-01
2.154816821187821863e-01
-3.352422341493224156e-01
-3.580394090318376188e-01
1.063762513021551337e+00
3.890156793708955396e-01
6.733056219414065291e-01
-7.435688278791333650e-01
8.958536841351705249e-01
1.909373852633691193e+00
6.261927677851073515e-01
-9.995168060952014377e-01
-9.578313806042451639e-02
2.683699825379469439e-02
2.756996366093251161e-01
6.048701895608447066e-01
-9.382237682543956847e-01
9.817958859592513798e-01
-1.000526056372083250e+00
-1.850900698665761956e-01
6.956147168369970490e-01
7.425604137514725256e-01
-1.177142248086547438e+00
-1.630556343962946408e-01
-3.616264322239418627e-01
6.584884299837530097e-01
5.027806539724860579e-01
8.687764644698503513e-01
-1.758298986343689169e-02
3.053138185351377265e-01
6.020869702530814438e-01
-1.894569705460625864e-01
6.163535950529291929e-03
4.859602874801758343e-01
6.901737458773361533e-01
6.040618471895221608e-01
