2.532064814631044491e+00
1.164548981244570403e+00
-1.983113869067590906e-01
2.961990979573843052e+00
6.892375460074857685e-01
3.852497070708834626e-01
-1.343647770759692328e+00
-7.131887789954810541e-01
2.048501583167644302e+00
4.892658429719656810e-01
-1.217289810852780541e+00
1.129693260702046009e+00
-1.761983563529476049e+00
-3.697228707543822601e+00
-1.077297386267619839e+00
-1.153031104048771294e+00
-1.376223816519888676e-01
-1.003591111993725304e+00
-2.692660122270027490e+00
1.542452804968797775e+00
-6.691554806051257520e-01
-4.602929960843673562e-01
1.431397209435360196e+00
-1.530979279842956231e+00
-1.196648560783918125e+00
2.226058684709626423e+00
8.265270569874463291e-01
-2.568342579602766462e-01
-1.564241653372524521e+00
1.890771945240813379e-01
2.851022150396628874e+00
5.789361053780516242e-01
-4.056432832169867275e+00
-4.202434942740264079e-01
-4.099466354092750064e-01
1.419532697003072386e+00
7.157650075940201750e-01
-3.714231150015277372e+00
2.190818426015003428e+00
-1.337081627240063186e-01
-7.627794157087128823e-01
7.627389301942477662e-01
-1.053550405783331811e+00
8.217986588333143771e-01
-6.108369890396259105e-01
5.827864165824208076e-01
-2.521164599201386913e+00
-7.017311080668406920e-01
6.164175245438907602e-01
6.735834001195947218e-01
-1.755263560264612166e-01
3.419635291187411164e-01
-1.419129124941153730e+00
1.593621778210489337e+00
-8.280568928091394110e-01
-3.421365429131015379e+00
8.486202706181402711e-01
6.374126778075993593e-01
-2.314023020372861339e+00
-2.835766207162368602e+00
4.046134941718569911e-01
3.508740634935365588e-01
-2.172082824010749036e+00
-1.876710014893035350e+00
1.472683732728653494e+00
1.478965344638627499e+00
1.087915253094834611e+00
1.540046349546861926e-01
4.736244955689582481e-01
-1.345564292189207034e+00
-3.379768163897818867e-01
3.709635044977826479e-01
1.256549610754778279e-01
1.322104618175641289e-01
-3.353580817755566379e+00
5.704871472314649861e-01
-8.674400757081306423e-01
-5.703744271555571954e-01
2.768342829229018420e+00
2.119071975159277921e-01
1.612110184778924538e+00
3.956050811419978275e-01
-4.881553754577896420e-01
6.082934631555910743e-01
-2.617591666247874649e+00
-8.605974328927099570e-01
4.584211817544616152e-01
-1.760173671081767921e+00
-4.315470808507185785e-01
3.434738005814185202e-01
1.576462602208292818e-01
8.864320436184545127e-01
-1.020793955491930083e+00
-1.232039594475637934e-01
-8.060904428028322632e-01
7.566331532421222139e-02
-1.281353542541141532e-01
8.484176648393395581e-01
7.632328361401374828e-03
-1.586559796927041299e+00
-3.477995920601530067e+00
2.054763177201942348e+00
-2.188953371123708358e+00
7.471468434745236475e-01
-5.991235360513474939e-01
2.301419422039463203e-01
1.464570838779928330e+00
-7.172207209909783887e-02
-1.566170481037307605e+00
-4.140327140775470482e-01
1.208300071282998767e+00
-6.900815292902735543e-01
-3.592986395160924218e-02
2.076425241505928110e+00
3.259643629278690113e-01
-5.791067505617016886e-01
2.330233095140004096e+00
-4.683138436106738522e-01
8.286975175595848730e-01
-2.163508053261153918e-04
-6.476455588251455175e-01
-2.418761587432012305e-01
-4.739452231982441699e-01
-2.243687074242548540e+00
1.868743092624467028e+00
2.078129385568846743e+00
-1.529774449663902081e-01
-3.082211561752296713e+00
5.581733987583905598e-01
1.660051121938826313e+00
-2.774291154201870002e-01
-1.057823166174637564e+00
-2.630973574398687287e+00
-8.957812854139052261e-02
3.729624862951353981e-01
-6.242510618964380864e-02
-3.102647702751106795e+00
-1.184858351696966627e+00
1.917034125507731668e-01
-1.424902901941969002e-01
-5.066695361969553169e-01
-2.819484726814300291e-01
7.809184618406130873e-01
-3.440452119347046533e+00
-8.265673166294509322e-01
-9.552219379510389352e-01
-1.518566223922639680e-01
-5.444991303286670359e-01
7.316308988752349141e-01
-4.074519158482911019e-01
2.862981152975152099e+00
1.529211826877879377e+00
2.789175299035466793e+00
1.000622465916964354e-02
2.489313523967895125e-01
-1.146481723134225694e+00
-2.722274050481713115e+00
1.419841341391381295e+00
-1.403133821601846520e+00
2.246627805520000631e-01
-9.611386942214484863e-01
1.264301659284768231e+00
-2.526093045043690477e+00
-6.570076047835154975e-01
7.780179356043890326e-01
1.303888995868850653e+00
1.280150304185054377e+00
2.800882887860797754e-01
-2.785048946847052065e+00
1.595592324374573767e+00
1.110647280316287289e-01
2.005785944343136507e+00
-1.735627068488639679e+00
-3.346952794480767546e-01
-1.105347057477953587e+00
1.340330386163273713e-01
-3.340111639814480338e-01
-8.214704341362949691e+00
1.012123694004955166e+00
4.075465152592440132e-01
6.663971215132311610e-01
1.104670026654005488e-01
-2.523539578994827171e+00
-9.341344113953002903e-01
2.980838593365081390e+00
3.585954754662833976e-01
-2.115983607402496691e+00
