-1.782744700770358404e-01
-2.722060165907151386e-01
7.075341992310697492e-01
-6.252845578167279816e-01
8.125583522730154273e-01
2.664044729404074774e-01
2.040186201298436475e-01
3.882569127309544454e-02
1.796373532217427349e-01
1.697248822552631931e-01
-3.555547892796877552e-01
2.118597882445804048e-01
9.041301146349260964e-01
7.245427106976004561e-02
-2.628038205375688996e-01
-7.972393307535676765e-01
-8.107907343933979938e-01
2.196823414050361467e-01
3.432909820472644924e-01
-1.430360492126909966e+00
-1.653515040315669538e-01
4.454921154916369891e-02
4.981869451240812929e-01
-3.775177133762958048e-01
7.754987691272096084e-01
-6.691233021754416921e-02
-1.179790904799832507e+00
-2.217779285820267454e-01
1.464502569680166566e+00
3.003859173345249101e-01
-6.745056049226294537e-01
-5.370250931109021159e-02
1.092889677594798048e+00
-7.123941259121485681e-01
6.603686659207194110e-01
-3.179442242195555934e-01
-7.407099237984597906e-01
-2.745098768107585574e-01
-4.884562752340964042e-01
5.792805650832062447e-01
-8.306416108538637877e-01
-8.389147706067920929e-01
-3.823935857149517448e-01
4.104973065514989083e-01
1.288623357732996688e-01
-1.477672510319526955e+00
1.495922550302068332e+00
6.234603695205480633e-01
-2.123802174041518054e+00
-5.640653947494475018e-01
-1.097917220127240467e+00
-1.351767763512262688e-02
1.598680554152007049e+00
2.077951304219204376e-01
-1.421757859341484242e-01
3.602998895388246359e-01
1.294516208547450420e+00
-6.142050339841139683e-01
-1.482126971420306694e+00
1.231314090339415551e-01
5.496715000006139329e-01
4.917768506301468667e-01
-2.704107608773639315e-01
-1.148792248612690026e+00
-5.817487069818623180e-01
-5.880437909524719453e-01
-2.750576811748608463e-01
2.264343898222404672e+00
7.051167871990239588e-02
-1.289712953314912647e-01
5.223787584922466587e-02
-3.957498734711409893e-01
1.109616688525479011e+00
-2.451933370095922271e-01
1.502836486328013033e+00
-3.724355950547869609e-01
7.941517598538493095e-02
-1.172831729963612846e+00
1.113461325987647799e+00
-4.496089542156929131e-01
-7.164867871838196400e-01
2.930538840060679107e-01
-4.041215090202670002e-01
1.032526278302158484e+00
-1.429743301425517865e+00
3.618966018019755260e-01
-5.094211096020363483e-01
-6.466258652342815605e-01
-1.512635961847193622e+00
-1.821694993317993505e-01
2.205783479229449784e-01
-4.026909277419489230e-01
-3.960219112393869589e-01
-2.085484184075958147e+00
-1.895309327530380061e-01
-4.824503829099413554e-01
-1.592717760092044577e+00
2.170846142515117649e-02
2.641979827133566494e-01
-8.835975503171689116e-01
-9.166250706662478764e-01
6.680637202974213373e-01
-3.318224479912795788e-01
-1.882365756889486708e+00
7.138046500082101398e-01
-3.496124686563117923e-02
9.894701865972649335e-02
1.431177416022905990e-01
8.457282122743650099e-01
6.824170804099292109e-01
2.910821950238951517e-01
-2.042601608264107416e-01
1.684111928398656532e+00
-3.086669738923054074e-01
-4.396414124470390261e-01
1.587719414919482208e+00
1.027637281478776643e+00
9.761422682109597293e-01
9.073826334836196938e-01
1.328723560885124000e+00
4.529768758653390792e-02
3.471800053314140766e-01
-3.612784738481338298e-01
-6.890461845121846896e-01
3.688563654141234216e-01
-9.176183169272974505e-01
3.064517578282908994e-02
-4.505121051603090676e-02
-6.279209732912039987e-01
6.996563421455186393e-01
-5.236525844700521404e-01
3.265752893283502267e-01
-2.827401550679685127e-01
4.020478923674002392e-01
4.236267383346427051e-01
1.199683760841310454e+00
-1.059678363957787806e-01
1.081853515940596477e-01
8.099560522928672679e-01
2.121674288473197834e+00
1.331567437808556520e-01
-6.215784685992264968e-01
8.749738203857981844e-02
1.121182234564418678e+00
1.895833188795083002e+00
7.313883366569731703e-02
-2.182207365160249157e-01
-1.510301143867218920e+00
-1.514452573426190662e+00
9.257963578755454281e-02
-8.506684158150021879e-01
-8.790402277790690944e-01
1.429115136984626888e+00
2.467847690002983874e-01
1.513885849883991885e-01
-1.104555280421472663e+00
-6.942003182628874169e-01
-9.250542252519367015e-01
7.734944682936010230e-01
6.692828382764394457e-03
-9.279498945835514823e-01
-1.042370024472893120e-01
-2.310665863045487101e-01
3.557702475116670260e-01
-5.656046961017608954e-01
1.030190032940017986e+00
-4.298973756269505175e-01
1.000591529996075923e+00
2.517763327460815770e-01
1.562437838337162210e+00
8.657452629918567233e-01
-3.743784760178506255e-02
-3.464736533256785322e-01
1.321565582597950872e+00
-5.219938509165246154e-01
-5.575115132068571011e-01
3.433260781222335911e-01
-2.899955984334890990e-01
4.175256367156778836e-01
-8.415384977898029972e-02
7.890927238830721668e-01
1.531024549448795957e+00
-9.108027496956706548e-01
4.640964676702928893e-01
8.733919091182149597e-01
6.173423124186001587e-01
-1.256470765516491506e+00
9.936887393118557510e-01
9.727526335455621842e-02
-3.457198183503169542e-01
-9.446100124470797610e-01
-3.801336375494698272e-01
-1.711051045740091814e-01
2.588028458632989776e-02
-5.814999258144456507e-01
3.787986894207446276e-01
1.324117319140800386e-01
-3.726123144974035073e-01
-5.053036399173731485e-01
-2.762220765278809720e-02
7.496480245346809346e-01
-5.026575441779279618e-01
-1.478651342050128603e+00
-7.884670552408972188e-01
-1.580487939547804421e-01
3.243582521310416911e-01
9.124458298942626777e-02
-1.378381768437302382e-02
1.625680995214187297e+00
4.094890870376295677e-02
8.777338078853895720e-01
3.098052152932172509e-01
-4.254784363563741123e-01
1.346613646891573701e+00
3.434902915414247970e-01
8.659824626264650549e-01
-3.779563549212201501e-01
1.187454707971507650e+00
9.211291177733152979e-01
-2.664606425792933608e-01
-6.220138674665149914e-01
-3.492808150968479408e-01
-2.027130148796063569e-02
8.591709403563078107e-01
9.431556554966071815e-01
-6.212942019641626290e-01
1.085648031037320105e-03
-5.757782994922086006e-01
-1.731906011895780195e-01
-1.921807444150456234e-01
7.272953947213314230e-01
3.172664706209242513e-03
-2.997896954345156684e-01
-9.680006073450834192e-01
-1.652393003470761901e+00
-5.249689711840294093e-01
1.316040302531603201e+00
-2.842292918437161475e-01
-1.049300294915594511e+00
7.377609557961334330e-01
1.173381901102102248e-01
-1.840041969366182695e+00
-4.916221671723843278e-01
-1.133080363767284826e+00
5.028715946800498271e-01
6.397653924157709060e-01
-7.496953134383853579e-01
-3.644143617272920799e-01
-6.346138052779245475e-01
2.096387695271264839e-01
1.071826331144404509e+00
1.571291315461602334e-01
8.501116474775567422e-01
5.605517826919965696e-01
8.850934029878932963e-01
1.580402242568681448e-01
6.830961413588737541e-01
2.756011875996546290e-01
-5.174474616224894463e-01
-1.171042114481778279e-01
-9.736382062874961996e-01
2.777969394637752609e-01
-6.843253204441600568e-01
-7.135509276662665989e-01
-9.684842849828841915e-01
-1.042890261486222547e+00
1.641850243914594609e-01
2.033449104329132506e+00
-4.012885795085304186e-01
6.487110099183404088e-01
1.310507871401259017e+00
-9.526102176732518245e-01
-1.956631234440901146e+00
1.021049187957892457e+00
9.091626454259899015e-03
7.586444067080283515e-02
-8.211600201918267672e-01
-1.682286467052996670e+00
9.461213216429709139e-01
6.500789618149235838e-02
1.507913008475341154e+00
4.145828724068777449e-01
1.291736154671462744e+00
-2.944727501838803052e-01
6.820793431868548140e-01
5.327055633873741813e-01
1.359252388103535436e+00
1.816649755111114262e+00
1.627119141279638193e+00
-2.762195391262294852e-01
-5.395438149026312580e-01
-3.317333267946700470e-01
-1.122910946106233654e+00
-1.317636066941381356e+00
-1.951485370110490170e+00
-6.005560867483166199e-01
-1.526819580682524879e+00
7.553865879648893333e-01
8.163366254592067106e-01
-8.881601412069082269e-01
1.427936918166393898e+00
1.392032620739736437e+00
-7.701882717479165974e-01
1.237832538754380041e+00
-1.685874306539667522e+00
-6.721522458676119083e-01
-1.594260501617267067e+00
-1.310646278905176487e-01
6.266715949487929871e-01
-3.337231888208893604e-01
-1.055447447569067387e+00
1.029112102969457876e+00
6.025373657172652386e-01
4.746598862642380512e-01
8.923762701586592794e-01
-5.823911086668797088e-01
-4.683643127623347002e-01
1.335434715974767261e+00
1.143384937127504275e-01
5.148976569689436289e-01
-6.438305980017664520e-01
9.145606437672895161e-01
-9.333063698948990128e-01
-8.111450030386564425e-01
-8.925522700554457955e-01
-1.066928823093837408e+00
3.700401359459790651e-01
4.117670222187480578e-04
-2.810740626515524365e-01
-1.039314245307421114e+00
6.164341444199765707e-01
-1.141698083538228436e-02
-1.006103275243143580e+00
-1.529527682371215058e-01
3.078644755335174787e-02
-7.100398027116486821e-01
4.033076194852865393e-01
3.667550899351389448e-01
-9.622846653659971050e-01
-1.205341795337911304e+00
-6.735492918008618712e-01
-6.018747402397255364e-01
5.001138076407568578e-01
2.383745180684379850e-01
7.430098474331229275e-01
1.674019397811027599e+00
6.462339781979437037e-03
1.480388603257636326e+00
-2.272302094032608855e-01
-8.314601919378989958e-01
-8.029274368059682310e-01
-9.359805323134029464e-01
5.292237271286773792e-01
-1.180300008384526089e+00
6.808722092120502722e-01
8.335499174768657982e-01
5.595000654811034257e-01
-5.327506240223693901e-01
-6.132425326715168490e-01
2.499139571414379646e-01
-2.370550306895406467e-01
6.216523813823585654e-01
1.121887107345021395e+00
-2.981489547472014889e-01
-7.116394317899749078e-01
2.178342063990154620e-01
-4.240351404411244474e-01
2.446901380782807056e+00
-1.725649160767303014e+00
