5.506343720315159951e-01
-5.125982885727320415e-02
4.812726297690559374e-01
6.179940283483372626e-02
1.364761732068077826e+00
-6.723772786565688220e-01
-2.162359485275726079e-01
3.137275595440811582e-01
6.784218822241511182e-01
7.812383787861217899e-01
-7.167279081947317554e-01
-4.720781940527747356e-01
2.658672024487167551e-01
1.861307255922166615e-01
-3.893932771641387403e-01
4.249474390482019803e-01
-1.265911360454518686e+00
-7.061427638978299282e-01
-2.127774403802589198e+00
-3.211847412258240775e-01
1.969836898159186001e-01
-5.976479173487887486e-01
-1.220494828390905756e-01
-6.423503195058937187e-01
-8.100690705491151444e-01
-1.408774586683227414e-01
4.213998538459601817e-01
-1.124854659375672528e+00
-7.508556465828349902e-01
-4.014239662822401966e-01
4.066090906326779719e-01
6.378144956987925607e-01
4.096214768875733325e-02
5.071061634829145959e-01
-1.068822466619552269e+00
-5.969691246352413355e-02
-7.531099830455953992e-01
9.070274900700018295e-01
3.864469920216329069e-01
2.873254849686660561e-01
-2.345617465080164221e-01
-4.052120686804462357e-01
-1.201958016324524564e-02
-5.171738324091255112e-01
-6.325516556482133623e-01
1.212123513061920788e+00
1.149354729173328316e-01
7.356887927766335711e-01
5.551580021892612571e-01
-2.308496396496440561e-01
-8.828712742929027968e-01
-5.282110204184867763e-01
-4.980509955583962284e-02
-2.678763128144520111e-01
-4.720823686425442700e-01
-3.521046239603962125e-01
5.581227018032107745e-01
-3.006693645736158715e-01
1.016106584711397476e+00
-1.103736372046655534e+00
-5.719947857788929002e-02
3.876889411377778538e-01
-3.559376557238729255e-01
6.397442196409725002e-02
3.122913126600276867e-01
-4.545069584407483432e-01
-3.733008573533272423e-01
1.213963868745746799e+00
-1.063151982877986956e+00
2.384081981715484577e-01
-6.943718432272877328e-01
-3.849620119033825838e-01
3.119578724803560577e-01
5.980534549031171210e-01
-2.035743623992092743e+00
1.053277075092504900e+00
1.029938910216074088e+00
-1.585567130927494905e-01
-9.221594283167039441e-02
1.695370274002052091e-01
4.535289428491253716e-01
1.657971606304408929e-01
1.076493950649255460e+00
9.393520885627743011e-01
2.545437717771197733e-02
1.820000557362921600e-01
1.051841425740854818e+00
-1.654964349739093676e-01
-1.056412423955301438e+00
4.371691225084936572e-01
-2.123096248329080504e-01
8.604816688719161277e-01
3.614474234577884637e-01
1.269795257635282226e+00
-2.938186417042105703e-01
-8.809797838150782434e-01
5.168550963706548540e-01
-4.987518990949154074e-01
-1.169540003494451141e-01
1.073764700820282858e+00
-2.420210517455292920e-01
1.343948086140868581e+00
2.964802123880158069e-01
7.586730217997716963e-04
-2.954019265331613020e-02
1.411465868087314890e+00
2.935768997269787572e-01
-1.025796934597523302e+00
-9.828634149844511780e-02
-5.961899836476257653e-01
-4.000896066296386611e-01
-7.815593549065316115e-01
7.498442205047577414e-01
-2.669885908529808782e-01
1.039316311079705235e+00
4.929899431085508210e-01
3.538574605336402001e-01
3.380873413224326496e-02
2.699874777066628151e-01
-7.866007987193526230e-01
-1.864952483828593299e-01
-5.790100389011854087e-01
-1.138219395756207453e+00
3.424911312617482384e-01
-9.369538860397048641e-01
1.399022635753183752e-01
-1.406115765539814433e+00
9.597067145692775303e-02
1.385852746334563346e+00
-6.998479367290575404e-01
1.614942240423296593e-01
-8.638642582556749216e-01
3.453449274240072975e-01
-7.211778717083737744e-01
-8.689781427585631102e-01
4.386076507408392389e-01
1.458791632266674410e-01
1.876325588254725563e-01
-3.891475821568877724e-01
-2.736260840806439276e-01
-3.518656511359009587e-01
1.193190984993149906e-01
-6.212265489713665323e-01
5.558158655174795237e-01
-9.760718252262461370e-01
9.630595659183935897e-01
-4.624099340324600016e-02
1.034049796162229251e+00
-7.264417499743076601e-01
-1.755281589976003254e-01
-1.303218181495470196e+00
-2.974206755459619655e-01
9.518373488800401239e-01
1.642624266554409296e+00
-1.106910232010593464e+00
6.908607668968054227e-01
-1.427277539984061150e+00
2.144377417936432495e-01
-4.184515604124965371e-01
-1.461681563983851725e-02
-6.396210074747551433e-01
4.796661706381946666e-02
-7.934775734914841783e-01
-1.249886638489120294e+00
-1.383745176991481307e-01
-1.191082556000338522e-01
-4.577629284903686480e-01
-8.268967315038794341e-01
-1.695675248411397662e-01
-3.744596034996978684e-01
-3.167394487225656530e-01
-3.982885312906584430e-01
4.429556024756272081e-01
-1.381194843644407422e-01
2.813866248931891356e-02
2.376302215728959277e-02
5.377716269252639236e-01
3.503640760535692289e-01
-5.798636713387015362e-01
-2.610840395127078661e-01
-2.570409378827807068e-01
-8.115380557371358883e-01
1.459772590291475769e+00
7.492249505722525793e-01
-3.581779982271751095e-01
-5.761090948164934167e-01
-1.602177538887353148e+00
9.346854521942258298e-01
-5.925973046169000780e-01
1.107030369435959977e-01
1.025131523376278775e+00
3.002837996608157534e-01
1.134497148238493347e+00
2.427547946688595748e-01
3.630569341287155360e-01
-7.787830712533400090e-01
-8.392753564080801532e-02
-9.029500855505890877e-01
-1.880087015270876516e-01
-1.478912184958502130e-01
5.334617868847507660e-02
-3.404475766705215567e-01
-8.019930250262141680e-01
4.397134080895877539e-01
8.633724267150647558e-01
-1.128367636398845963e+00
6.090531919029069652e-01
-2.028677145394269798e-01
-1.014560081821897219e-01
9.597867548563880913e-01
-6.451855827661003850e-01
2.227170253142634060e-01
8.966532728462561774e-01
2.985560050235379626e-01
-1.864861094842241163e-01
6.375471653791869864e-01
-8.634903080583513635e-01
-9.693376264109356821e-01
-9.321576506801937390e-02
-5.631672360913484443e-01
4.054675784379396242e-01
5.413148506386875614e-01
1.087312624331982613e+00
-8.204313726428227316e-01
1.096575590243927534e-01
-1.706035150263751632e-02
-1.973779531013037380e-01
-9.514402864331030774e-01
4.515628706689868710e-01
7.698122008781966841e-01
-9.109891042338911227e-01
-7.554540565911616046e-01
8.700651218373058882e-01
1.025151891648178770e+00
-6.186012041091423219e-01
-7.367601856819547823e-01
-6.331316515672631429e-01
4.474761789843346715e-01
-4.121322916094507516e-01
-1.047632632564015065e+00
-1.289825640437843868e+00
-3.654929361240191188e-01
-3.116204334109752283e-01
-1.061119527270235174e+00
6.238988767236147703e-01
-2.176237897027986978e+00
5.190404197890754467e-01
5.755396954961210232e-03
-2.799799540791394481e-01
-8.432621226756581434e-01
-8.245433826463628435e-01
-3.183594511565779883e-01
4.311032927538941961e-01
2.007530313175649450e-01
-2.374306071191072121e-01
3.884289022954176551e-02
1.213696517993661184e+00
1.642939091207584745e-01
7.019063168816416232e-01
3.529105771897562693e-01
1.770572538515613470e-01
7.255910312715220245e-01
-9.497620258644692282e-01
7.876372760017246177e-01
5.910495860372153576e-01
-6.275801284721799211e-04
-1.314909863737218521e+00
7.967687764567816799e-01
5.660057145103520870e-01
3.030595724388754353e-01
2.983189841518100183e-01
-8.260862731076007437e-01
6.927778190054219021e-01
-2.876693772494325341e-01
-1.553611574582093979e+00
1.311498125161342454e+00
1.652193431158310410e+00
-1.862586524122923914e-01
2.420661998272935767e-01
3.676021126712635256e-01
-5.603955468838507370e-01
4.056589738206549667e-01
1.465567448884337876e-01
9.927378138821326692e-01
-9.627385680962561310e-01
-8.207041788008114791e-01
-5.068688233762967954e-01
1.170413681491110636e-01
1.913174833402666863e-01
8.512532606123305312e-01
-1.447359576886976917e+00
-1.394389844752749186e+00
5.739937668129305726e-01
2.010157774795327812e-01
-1.443488333392816569e+00
-2.508682999106854883e-01
2.388071776595273865e-01
-1.527786516790733129e-01
-1.275766818238116551e-01
3.706774575456744936e-01
2.286266771315269841e-01
-1.531852486556963377e+00
4.575298693472290568e-01
-1.077423777005724670e+00
-7.142680538558222603e-01
-1.357861009482811965e-01
-1.019559171630302519e+00
1.024563955774103335e-01
1.832455914070456604e-01
-1.985718778437751686e-01
-2.749389311352400944e-01
8.057227903124664081e-01
2.796765901841413715e-03
-2.389077596971648509e-01
8.481390940465378669e-01
9.612835231328581420e-03
-8.397784730545349019e-01
-6.435303661469098380e-01
-1.259681183425133577e+00
-6.951965180911525710e-01
3.531028998114107420e-01
2.529944371595280739e-01
-1.689274955448051840e-01
-9.396107398680332290e-01
-3.067435716962130243e-01
1.566245019250356973e+00
5.680116672784117915e-01
8.566905531440126564e-01
8.996221395047701019e-01
5.477036243645929670e-01
3.722161372150833980e-01
7.119444456347021610e-01
2.480648016689016022e-02
-3.649803412929845947e-02
-3.148303981478056679e-01
5.923628930129508641e-01
-4.533960464432190696e-02
4.474220669481046020e-01
7.211048546065981779e-03
-7.986710811726537018e-02
-1.034505922373686326e+00
6.271473098413304914e-01
8.982641937759938688e-01
1.542254175765556123e+00
-1.633399134015023901e-01
-6.101789489180221571e-01
4.346119198531951944e-01
1.221201193028139231e+00
3.591667178747569023e-01
-1.168575845503361799e-01
1.332124782341783942e-01
5.179020016582633890e-01
7.274188718333250980e-01
1.344136621516965890e-01
2.908514078281778104e-01
1.048957337682855373e+00
2.496433303322007358e-01
4.194927058497722738e-01
-2.624443395552491509e-01
3.845003677085391813e-01
-1.363451909411151242e+00
7.183788615708341929e-02
-2.134129105354086176e-01
-4.333653040189582306e-01
8.589429237051400268e-01
-7.762693483399427663e-01
2.690800868219505038e-01
-7.330566497646682222e-01
-4.427567047812906997e-01
