1.291746239398311014e+00
-1.681920202145322507e-01
-4.737918593215070251e-01
9.176145874503386368e-01
-1.051362743526170318e+00
9.542475558211807041e-01
7.846511548439357719e-01
-1.543192785462413674e+00
6.809438902969762175e-01
-1.137594954944888492e+00
9.617067886583492431e-01
-1.509416458303564523e+00
7.669588610894071401e-01
-1.178857034175440216e-01
2.142772839460760359e-02
-2.497523418208846824e-01
-5.948444012530729186e-01
-4.590628735064341548e-01
5.609139161398080109e-01
-5.917311407259496780e-01
-6.772918587822512881e-01
-6.388690221258317425e-01
-1.097405978745072952e-01
1.148977494505670771e+00
-9.124705019562719954e-01
2.673772298052015106e-01
1.216006352910350197e+00
1.553372363425615799e+00
-2.952518574466227452e-01
4.769132554750687980e-01
2.515468072375084851e+00
-8.721394629568722801e-01
8.130112470735192387e-01
1.552058130914887757e+00
4.102144698272572221e+00
4.811305050400052630e-01
-1.607997364219825032e-01
-1.444867222871681456e+00
-4.769199924233981092e-01
-1.156921927920183890e+00
-8.989064957686598856e-02
2.353490419845003512e+00
-2.424429673784584682e-01
7.862522256695732015e-01
-1.339504642887409558e+00
2.334044749433044630e-01
-1.228739313563312008e+00
-1.165707755081383024e+00
8.209239445835079252e-01
-3.494130683208431343e+00
-1.125661068859413083e+00
8.183074638072538320e-01
-2.457168664886062892e+00
-5.793956851635039262e-01
4.380314655473127594e-01
4.890196228861273253e-01
-3.696174124555327012e-01
3.155641689979565845e-01
-1.373724913944484038e+00
5.419599179383061127e-01
2.488434893902502498e-02
-5.548560358675735937e-01
-5.262585445804097706e-01
-2.002259250799360846e-01
6.903353147127031519e-01
8.609508123769592514e-01
-8.058031600667172611e-01
-4.228479945800391326e-01
6.845442073953289519e-01
-1.716966068679779411e+00
-2.184385745938486334e-01
2.594367435033391178e-01
4.646826766398931552e-01
-2.146309037696145228e-02
9.843307995665395715e-01
7.089551828795969124e-01
5.451163957846422159e-01
-9.055567524859435835e-01
-9.591817631545667133e-01
6.978565559355347503e-01
-3.897303974346870703e-01
-6.729927359636913575e-01
3.627215127362344305e-01
5.716565963776537584e-01
5.344544059974221106e-01
-8.269311681148671100e-01
1.142492860555303302e+00
-2.638193620464244216e-01
-1.957316850608537828e-01
8.350779035478761436e-01
-9.340179889555608739e-01
-5.411650012919472230e-01
1.203404265681112362e+00
-1.217993529722603441e+00
-8.225546412661270956e-01
-3.498928318718569352e-02
5.101019447682999530e-01
-7.926250844014466335e-01
-9.280545544173144368e-01
2.517225358236662158e-01
2.887160511646984506e-01
-7.140453167773375132e-01
-4.060734782257824360e-01
1.156953803045650764e+00
8.869574368916562923e-01
2.145502256861718249e-01
1.161536727101285082e+00
-7.503121953334107586e-03
-4.406882451752996976e-01
5.798440971441269909e-01
-1.268845694766961740e+00
7.743714915207651206e-01
5.412451543888315841e-01
1.030908402644650446e+00
1.002096945828202079e+00
-7.956396775081164829e-02
-1.386205301930278910e-01
-2.187956999764106847e+00
-1.036055565295034286e+00
-8.953143950265589346e-02
-4.205196584417723038e-01
8.385737333721107190e-01
2.525515997702118209e+00
6.206692232584263280e-01
-3.353868980658401444e+00
-1.905322755616224883e+00
2.593637693277400791e-01
2.095136425663876312e-01
-9.834797123794822293e-02
5.803549173754718460e-01
-1.643341321340676231e+00
-1.413351131874567734e+00
-4.969207397072811783e-01
-1.274469947160020933e+00
-2.954426588144186683e-01
1.401155155449464340e+00
-2.148122825050150730e+00
7.224326282640219921e-01
2.662059025597203643e+00
-3.153422121185027183e-01
1.458889460132650751e-02
1.572477124182514452e-01
1.492497201450359690e+00
-8.228961415842652727e-01
-6.053194170436009269e-01
-2.277662558588219532e+00
-2.081296831954822402e+00
3.185621017079641182e-01
5.055787235912817534e-02
5.532573230717559021e-01
1.150913481744888500e+00
4.880872235675061677e-01
-5.947925539003875439e-01
-1.056234004126007875e+00
1.078691748763964453e+00
5.654983164471470980e-01
-3.215408889465714903e+00
-1.441533302525678684e+00
-6.438799834339827832e-01
-2.055199442736349857e-01
4.953503461439900390e-01
2.719143478081186838e-01
-1.834914280451817703e+00
-5.461638270695112762e-02
1.734236760904158237e+00
1.291331572169660546e+00
-2.605181119037727755e-02
4.654008291195628200e-01
-1.361737719581577744e-01
6.658714586327479923e-01
1.034285866944726129e+00
-9.968912398601174063e-01
-7.724614257508231052e-01
-4.579957937285998870e-01
-6.309566582898645803e-01
8.863617642802285035e-02
-1.885833310092119852e-01
3.364453082786129229e-02
1.684106703050591625e+00
1.192178237528432216e+00
6.380217050043015536e-01
1.305065737419381700e+00
-9.096475917031286995e-01
-1.067526432340262510e-01
1.678740152951319065e-01
-1.809377151231492675e+00
-7.846695834441604900e-01
