1.216424820739158807e+00
-4.397628419823151891e-01
-9.532077999225008202e-02
-8.843250730481790889e-01
-1.392446604607860294e+00
7.176035941273177787e-01
1.080098033541892599e+00
-1.383306467148883168e-01
2.449247462053815716e-01
5.714333804436361186e-01
1.574169715134965397e+00
-1.333640793125497881e+00
1.414803134200724455e-01
-8.782788928642113468e-01
-5.893215126544052440e-01
-1.956918038453794029e-01
-1.804937916095001593e-01
-3.473289818754362379e+00
9.664377989197774355e-01
8.988450085976530390e-01
-5.989435193827001569e-02
4.407719610782589115e+00
-1.086853021786510443e+00
-1.170873846762299442e+00
-4.079773718141280203e-01
2.338429107878720048e-01
2.475406564438530632e-01
9.535613827951714416e-01
-2.437248663230206225e-01
8.170238415440622681e-02
-2.213140009841235933e+00
-6.532109334963490666e-01
6.388287404836827665e-01
1.603272588631369233e-01
1.019953893647008308e-01
6.043393461499513286e-01
-3.922933168936741932e-01
-1.944263321791700694e+00
6.299260870013982938e-01
8.705951544922504448e-01
-1.853887844237094962e+00
5.712639362517133446e-01
-2.124596950762263070e+00
2.369315748022875034e+00
-3.530670990228554906e-01
6.307969108712108142e-01
-1.503738282468854326e+00
-8.687914818621285395e-02
-4.267004306821028936e-02
3.106596903864804471e-01
-2.880704706207604798e-02
2.498324471464801189e-01
1.291498652835714633e+00
-1.132688026205619369e+00
-4.456379620282652221e-02
-5.973231445767941405e-01
2.994771279806935915e+00
-5.555587144142075384e-02
6.756088471165808129e-03
2.912050369566840380e-01
6.632681021191988435e-01
1.104492795998226029e+00
9.477891976881470948e-02
-5.567585221781559124e-01
1.320598899645377244e+00
8.602991895764078301e-01
-1.065401213360700483e+00
5.056887545630238401e-02
-7.791165206235228791e-01
-2.254415771248461098e-01
2.071226437664214437e+00
-1.383308927648710274e+00
2.177150065594281036e-01
-3.668769965583779102e-02
1.409518341613038572e+00
-1.228862650818266733e+00
4.204538580507120038e-01
-7.697037929754551033e-01
-5.155845656823899725e-01
1.109744216078035084e+00
-6.430220335963188205e-01
-7.570260574587450719e-01
3.834379063025473156e-01
6.818342419860523584e-01
6.917429446979928009e-03
4.865188974472817174e-01
-5.663481263403991051e-02
-1.143674286627988979e+00
-2.050905667951531952e-01
-1.788229254854266648e-01
-2.825592298899121668e-01
-4.972975103714410428e-01
7.261308512278179528e-01
-8.984726103626302640e-01
1.450321330364303662e+00
-2.671895892550969071e-02
5.694399989706859788e-01
1.117697544022706158e+00
1.051853197679621710e+00
-6.616508966577268058e-01
5.042589051639996267e-01
3.267736736382325091e-01
1.216789935404932743e+00
4.003821620298178008e-01
-6.843143166664789057e-01
3.014356228634311741e+00
3.619655345442416849e-01
-3.441009796708377477e-02
-1.583211043386518746e-01
-1.042864888275323532e+00
-4.411321415511402222e-01
-3.012956459385059960e-01
-2.971945157773986934e-01
-3.633939259498172314e-01
-2.644547424674036917e-01
-4.576567367114897422e+00
-8.053113752586040786e-01
1.442998580370447925e+00
1.265061433581352313e-01
1.693201515359043396e+00
2.563905640162513766e-01
-3.005339995076886872e+00
-1.028938408122277437e+00
1.479286052748394642e+00
1.176727809194373808e+00
9.796554958999135199e-01
8.589333271298210670e-02
6.400070351275980451e-01
1.555385748922061620e-02
-7.442049613694674548e-01
9.398431406112467412e-02
-2.488822818958494665e+00
-1.583556426240452786e-01
-1.159209094180077892e+00
-1.229169730090065027e-01
4.310633390854518576e-01
-1.936846239911709011e+00
-2.535620580865605600e+00
3.366262972988999458e+00
9.030071481140602985e-02
-2.942627575185431943e-01
-8.583177918729305578e-01
1.762932378907587028e+00
1.312466977054996820e+00
1.753833833643285489e+00
-7.710827581943100473e-01
1.076703966743138174e+00
1.389780777132870515e+00
-6.472589353103714860e-01
1.155746033270998119e+00
1.253722188067410759e+00
-3.055258230801064290e+00
-4.613334410627092930e-01
3.498184016139854746e-02
-2.976412802557427684e-01
1.162125766124026960e+00
-2.000787311125810652e-01
1.585627565195953936e-01
-1.736827749044022595e-01
1.650769906311528867e-01
-1.181978687408707485e+00
3.359427052730791785e-01
1.458488286660468147e-01
-4.042843242366351286e-01
-9.579039873245677184e-01
-3.924513333540726734e-01
6.869698976488276543e-01
-1.031583619738741797e+00
9.031774531935049533e-01
-2.295690224988520822e-01
-6.324964683666691734e-01
1.742591677311771670e-01
-1.824222667541561371e+00
8.065029604489418746e-01
-6.737473662879082115e-01
-1.150399945547941338e-01
6.491287909502466147e-02
4.826988431165090548e-03
-1.650747409979044233e-01
7.569359554786265765e-01
4.857535537906221279e-02
1.868835490514952069e-01
3.491262856337875586e-01
6.355753495285727528e-01
-7.042305592135555958e-02
-2.916039178793283781e-01
6.372283496092130406e-01
2.229056357306467007e+00
3.587888227196103785e-02
7.552364545075098690e-01
-2.103981482717238727e+00
-5.348188487093741283e-01
-8.073674318972958730e-01
-5.654413458180673757e-02
-3.118557044957405155e-01
8.875938141235130419e-02
-2.684521710780529702e-02
1.208958332757323006e+00
-1.312624090799092702e-01
2.209998203222824920e-01
-2.562049250431412073e+00
-1.234067068215256358e+00
1.372062187324563975e+00
-3.163969931149551940e+00
-2.412671627295734367e-02
3.716426206696289425e-01
8.220013924039484277e-01
-6.237302899428138758e-01
-2.660007763041512541e-01
-1.230497606490342788e+00
-2.843818965834088441e-01
-1.099347532743362166e+00
4.569804409912723853e-01
1.446365997666711589e+00
7.140832398595959862e-01
1.015023860696262492e+00
-1.100605971963332541e+00
-5.253155469791549459e-01
9.091184046722785572e-01
1.177150667696434727e+00
3.948268099926461883e-01
-1.171585754253206435e+00
-1.006185116770343946e-01
7.913948002962203354e-01
-4.637963540126521234e-01
5.805559896125151997e-01
1.881121886819571820e+00
1.539740040595540815e-01
8.460826147839688449e-01
8.075077140880597693e-01
-7.738951263439670936e-02
-1.062384875012374330e-01
-1.930338322945826857e+00
-2.425805001654328219e+00
9.028338556150989902e-01
-5.149745257553248745e-01
1.611571308644667688e+00
-5.820426708517278946e-02
1.093890608431288269e+00
8.612651399113171458e-01
1.896662510181063299e-01
9.372484985392415258e-01
-2.444183965193832270e-02
1.679671160811062380e+00
2.073626277325141487e+00
4.340070936429872850e-01
2.659233611743468950e-01
-4.093032194389627509e-01
-1.193980465562496596e+00
-2.455284559279579781e+00
-3.253244842165108341e-01
3.212944340101377527e+00
2.668493142378719485e-01
6.350654890155769117e-01
2.007535625320285844e-01
4.634629494318159293e-01
3.304901516348430768e+00
2.713364859419834518e-01
2.715781334137624015e+00
8.467510941899616395e-01
-1.117330916096580307e+00
2.518059562996567635e+00
3.867307447316019609e+00
1.006120654579414797e+00
-1.904606281637296172e+00
