4.404247205879414234e-02
2.949572292995329414e-01
-4.283905688165809411e-01
-5.678647766565437793e-01
-9.111383664877359401e-01
-3.932534984245407705e-01
-1.079674383528750115e+00
8.860258356433743376e-01
-2.216590201866486809e-01
-1.294559196706765780e+00
8.574763996289810897e-02
-1.584214967426913256e+00
-3.208223023291791320e-01
6.894847289190901840e-01
-5.225146027287516093e-01
8.535908292697649280e-01
-4.198208067267538146e-01
2.770255197679797332e-01
-1.047734041922599335e+00
6.850066250627688813e-01
-5.585601926029772901e-01
3.891800696684359351e-01
4.010959960500850019e-01
-7.494024272169672596e-01
1.208044450487088112e-01
-3.403795394677225361e-01
-1.705250004815921927e-01
-5.800803737884451250e-01
-1.121350387195112042e+00
1.843703576730208127e+00
-1.134260880608147115e+00
1.004205015442394711e+00
1.833740731713084104e-01
-6.682278080091719197e-01
-4.192322698341562903e-01
-2.440892596985063945e-01
-3.265763314231169279e-01
4.174857975910202801e-01
-1.872619840583142348e-01
1.061249072342192734e-01
-5.886047684614440501e-01
8.887276806450665756e-01
-9.452422045106551041e-02
-6.691554268569397390e-01
8.235038093643300972e-01
-6.283748554559209776e-01
-1.302767134831347873e+00
-8.374948532954785696e-01
-1.292406112560965825e+00
5.117830195719128561e-01
-6.212136707587235795e-01
3.739551230096355150e-01
-3.206062524040900197e-01
-1.156213675234928129e+00
8.323989652285510576e-01
1.600566752299611428e-01
-8.761504440255213355e-02
-1.005118718191964300e+00
-7.455426959911738427e-01
1.417679290898330668e+00
-3.400180317135005625e-02
-2.539083917513751953e-01
-5.880479817287309618e-01
-8.026319543716553540e-01
-2.981418754179880892e-01
-4.551469398400008748e-01
-2.881099892373217841e-01
8.050695880223140977e-01
1.036373329042034719e+00
-7.370627822980360122e-01
-9.371221590243647981e-01
-1.564124683463021248e-01
1.108843188076673814e+00
4.867569571421508368e-01
-1.665827102664511616e-01
1.130787388531132587e-01
9.910169784131177551e-01
5.051513922898765996e-01
1.086978393655652742e+00
-7.834137540322143600e-01
-2.928897565240381473e-01
4.677603928067896044e-01
-8.113596583840071430e-01
1.282223374126461257e+00
-1.241386893046068973e+00
2.914302170672483094e-01
-1.063446443697156685e+00
5.256978208228690885e-01
-4.483909743394607350e-01
3.927326280614280574e-01
1.310724951202321686e-02
9.767787206060494221e-01
-1.022014923426242339e+00
-1.837991763880516827e-01
-6.313509272280586337e-01
-7.088200693391606411e-01
7.496542237182288737e-01
6.534886469548288890e-01
-1.411648734507095493e-01
-9.610088764012311158e-01
5.600244940873089217e-01
-1.211153642800475438e+00
1.429971751569423799e-01
-5.114153373985882434e-01
4.792874596427463829e-01
-9.419603573457452361e-01
-1.123672661578844212e-01
-3.609617911671040291e-01
3.439355885488704634e-01
5.281776410858267656e-01
-1.627593943121030118e-01
1.494434144013463972e-01
4.325514702190035310e-01
1.427634200582050261e-01
-1.310135418701161125e+00
-4.214029575356427193e-01
4.327153200251782628e-01
5.109604891930492609e-01
2.817287547638150924e-01
-3.385241455608968830e-01
5.460643972842211813e-01
-2.465570889092338347e-01
1.083656968637653151e+00
-6.411531488379684784e-01
7.996715321141041333e-01
9.385577511044796983e-01
5.363411224972521735e-02
-4.520456057677765260e-01
5.497714337559392872e-01
-7.990747084722895632e-01
-4.505741082607027104e-01
-7.581393820387075655e-01
9.187812824300692904e-01
-1.278026812041755389e-01
-7.623201618349805253e-01
-1.109696116900310114e+00
7.357277687615055850e-01
5.148540700240787915e-01
4.065133867724228800e-01
7.476075688947685371e-01
-4.018470518868714203e-01
2.150304929536638876e-01
-3.714879504196316184e-01
-1.346110734052632818e+00
1.308094158701323728e+00
2.097430148828462459e-01
9.248605355697901986e-01
-9.544100068331770603e-03
3.545566130427658114e-01
-6.350716356146207664e-01
1.785130456399841026e-01
1.384532022330521306e+00
6.696606166183340925e-01
1.752504670105383411e-01
-5.354825689395983357e-01
-9.440193521792360487e-01
7.644901087493874425e-02
-2.752778013357308762e-01
8.517183684285944967e-03
-1.005921847831953375e+00
-1.033996286782588481e+00
1.197608845043607095e+00
-4.888955345881811354e-01
-3.092648428799593674e-01
5.258472295203703295e-01
9.965447513974810823e-02
-9.624715285724294578e-02
-9.218186319001758777e-04
-5.112673515170599314e-01
-1.412489944166068989e+00
-1.682061836182489889e-01
-2.758784722621540064e-01
-1.158165823283252571e+00
-3.628011930039631849e-01
1.111923883793289880e+00
5.484194342470406491e-01
-3.696707516407677363e-01
-1.585724285135075240e+00
-1.578457258533436935e-01
7.206023072578070232e-02
5.529638057889924019e-02
7.985207372101986723e-01
8.056281646804545060e-01
2.516211884298970025e-01
9.165192743832415445e-01
1.085858433500659137e+00
6.084919506001796874e-01
-1.634114841577953836e-01
-4.010783611712958607e-01
-1.142806333605218549e+00
1.407512338929324258e-01
9.354282155633308893e-01
-2.608681122313349920e-01
1.690433942718373717e-02
-9.138860971255742260e-01
7.123925253188495565e-01
8.669051327003969576e-02
6.545654088078173283e-01
2.574364750209867658e-01
8.351161926853638562e-01
1.235146660212233793e-01
1.593607537284978504e+00
3.155476060389030835e-01
-8.200470380288784611e-01
-4.247860613484481795e-02
-7.941222933335845280e-01
1.528503232026121372e+00
-9.940827259086115752e-01
-4.967127071067450883e-01
-4.979952817853886549e-01
-7.158041554735554701e-01
1.023863466193128069e+00
-8.041878862968482311e-02
8.718976334174758369e-01
3.639136688583043955e-01
4.645163783116684764e-01
4.558098967781937239e-01
-1.514469279663540613e+00
-3.883425038028685550e-01
9.609274353639113420e-01
5.753138684188805474e-01
1.130455932520155526e+00
-8.823470401847757771e-02
-3.989971409254104984e-01
-8.891582348785220802e-01
-1.464119903197981465e+00
-4.231033163988847101e-01
-6.501606156883317222e-01
1.475244546563780901e+00
6.561031013128534872e-03
1.371846904964939329e+00
-2.610078569983829144e-01
2.706170695104718193e-01
-6.679430859987799396e-01
2.518481704263620946e-01
5.666978019467254490e-02
-8.870450123311658386e-01
3.171602733359020210e-01
5.297148622577474431e-01
9.972256021185688102e-01
1.108131477529596731e+00
3.070085453907041573e-01
-1.852265362603692456e+00
8.871796957058848410e-01
5.145630094365812868e-01
-2.220597276504082396e-01
-4.539204048417094239e-01
3.529555008345910960e-01
1.334383738403358111e+00
3.095115982759408246e-01
8.408015969841767800e-01
-2.541848895705810518e-01
-3.698584722722444429e-01
-1.770558865331780085e+00
6.480756910657313741e-01
-6.713690039194466497e-01
2.147635349057946952e-01
-1.490796819481462254e+00
3.872439160997974139e-01
1.225795824997878203e+00
3.801890221074485376e-01
6.982954248591455304e-01
7.557483143651260171e-01
-4.522582676136982505e-01
7.835822542182688255e-02
