-1.086601100246217921e+00
-5.301710693138507180e-01
8.841866856141586961e-01
-1.027954041544094643e+00
4.552490305892455402e-01
7.124912983413453915e-01
-7.113007950510181754e-01
2.831229336650419870e-01
4.802318757466935706e-01
3.887447123618409384e-01
-8.023704877551320891e-01
-4.141553830985578166e-01
-9.965196858658331713e-02
-5.199151494325967571e-01
-3.599361540431486595e-01
3.458701307168303152e-01
-1.567240339523908288e+00
-3.600055485086486318e-01
-2.118454603487373300e-01
9.901809303703692500e-01
4.082796733054780969e-01
-2.622247421758470975e-02
1.526544425839042596e-01
-3.158691698889813937e-01
-1.064515886641733550e-01
-9.644466882672780850e-01
1.028084109196024443e+00
1.072127843714554052e+00
-2.401206008587309093e-01
-1.081396151641947467e+00
-1.275990436046919640e+00
5.801599308167593172e-01
4.934672680683062640e-01
8.383659690068301362e-01
7.084487561580994353e-01
4.312257547248097844e-01
3.454284293482125512e-01
5.888298734257719769e-01
3.314708339294560879e-01
6.921258640128249429e-01
-8.885167327817653504e-01
-9.447629583098539063e-01
1.398302208165682903e-01
-7.529176198891543992e-01
8.817208595349795841e-01
-5.713707770108569090e-03
-6.948162230600056777e-01
-3.779674450495204008e-01
8.025375259820383134e-01
-5.599149356699986146e-01
1.576568682492798801e-01
1.180953788283241712e+00
8.936800624039094032e-01
-1.742066887276862430e-01
-4.980806687051427817e-01
1.735372269595982564e+00
-1.038174460228268980e+00
5.028678386429806801e-01
6.778389278088881031e-02
8.887525601949823606e-02
1.412326352569169163e+00
5.884578114604107624e-01
-5.394688583943726412e-01
5.506687168399507781e-01
-1.197509367726383056e+00
-4.498185180246991877e-01
1.825112930924499000e-01
1.157388506498323866e-01
-6.099647314048272095e-01
7.903764154857109703e-02
-1.905760143025710951e-01
5.481956691731669773e-01
-4.397829630159498793e-01
-3.581220656006670611e-01
-1.118538336324261806e+00
2.249754301694232295e-01
8.116237218120381236e-01
4.233244741847898562e-01
-4.455599341867619856e-01
-4.334810922350846862e-01
6.547698046351152490e-02
1.092840958961705855e+00
-9.420321290798489011e-02
1.844638545189689338e-01
5.804746145848559413e-01
5.733593502352346549e-01
-1.299142229868838427e+00
1.117049694758825540e+00
-8.415514804536917970e-02
7.596103712460774426e-01
-3.319334744583881669e-01
-7.460673100428492910e-02
1.088609436663585228e+00
-5.921778910996354783e-01
3.920350278723402360e-01
-1.792482101256846760e-01
-2.267320841521736074e-01
-7.227198137499799002e-02
-2.792021481365756785e-01
-3.647127969462591324e-01
2.540483790908876771e-01
-9.233896085691717381e-01
-1.095407585345130053e-01
1.742977759606727586e-02
9.624282120650933248e-01
5.883624981079486060e-01
4.299418426966042928e-01
3.997768997873702435e-01
-7.246333310526472671e-01
-8.329691312501148470e-01
-2.169066428143811287e-01
9.739876618456670965e-01
1.300676564553782999e+00
1.135699285905894973e+00
5.599406863886565722e-01
-2.635853685468339536e-02
-8.403574332004250247e-02
-1.104916635867376318e+00
7.946434206320265314e-01
7.374848037488948016e-01
2.261176393563965048e-01
-1.199706020319523780e+00
1.238136985687581904e+00
-5.941040616199763091e-01
6.677209817887441723e-01
5.447340937487041845e-01
6.317025378354981235e-01
2.963341833939863723e-01
-8.853265231679100511e-01
6.366061546627761469e-01
-5.365111210555189025e-01
-9.345696422600291431e-01
1.776844114008842013e-01
8.503265622725548756e-01
9.647971980037248763e-01
1.183907319733145780e+00
-7.578373712393517980e-01
4.764920606209301357e-01
-2.727636456565531442e-01
8.324827503317709931e-01
-1.160307910921464680e+00
8.193557398501574163e-01
-2.573409499644697673e-01
-1.982767379802472529e-01
-3.340514331983098217e-01
1.152763554185015638e+00
3.072540393134217118e-01
-4.996008652636898528e-01
2.773901886894325486e-02
9.796599811395596547e-01
-8.062912695224715431e-01
-2.025298265303977219e-01
-1.134334313667574534e+00
6.165662052518291469e-01
-4.022060074010965769e-01
-1.442188216860597283e+00
-5.665365195255033237e-01
1.598445284204820793e-01
6.748052290276935761e-01
8.112159862066248284e-01
-8.163906112021149797e-01
-3.771917975647021692e-01
3.306787046303117372e-01
1.513180554957698654e+00
-6.786945762608892485e-01
1.180864938398603625e+00
1.059589557243016067e+00
-5.513272926497495563e-01
-2.501933598777225098e-01
-3.955464745957924522e-01
7.444744554471141029e-01
2.756608829431872465e-01
8.010963494337268731e-01
-1.075212539999663153e-01
6.621700152662998717e-02
-7.730992295784537560e-02
5.365846480890000825e-01
-1.016580273342526208e+00
-3.013288463719681065e-01
1.307230551369895910e-01
-1.129871603639134081e+00
7.590482015784458802e-01
-3.025667662918375966e-01
1.532484546355477595e-01
7.674237157897264572e-01
4.603126965715732544e-01
-9.114929626758510040e-01
9.773721059840252412e-01
-1.041298563971984059e+00
-1.154725076763843117e-01
4.042296349977217429e-01
3.387824293251655017e-01
-1.107791038656834592e+00
-1.281738193683257254e-01
-8.035468167238407622e-02
7.846122878305406001e-01
8.044009339255749902e-01
-6.467255820252760801e-01
4.500870235610536507e-02
-6.390473974554020664e-01
-3.380488960201911697e-01
-7.935848780257229729e-01
-1.117401778102591753e-01
-3.272145182346065662e-01
5.371983340618481373e-01
1.519650263085846609e-01
-2.283642810832177128e-01
-1.132616088658698894e+00
1.624040100445137136e-02
-5.587904431253543081e-01
-5.682744023173854631e-01
-7.518570115494219164e-02
7.274942909790683698e-01
-1.207429324994739428e+00
6.146347546651285271e-02
1.326192644382568009e+00
7.310522707513116281e-01
-1.173074824007032807e-01
3.453814446910913327e-01
5.000583710211299326e-01
-6.019225002853139106e-01
-1.282326162866485042e+00
-3.776209548541560879e-01
1.190510681725324149e+00
-5.585419338268468037e-01
5.596656615479920216e-01
-7.316248585011300154e-01
3.340445020026081568e-01
-6.759231714792590662e-01
-6.092586686171124200e-01
-5.645601877931883950e-01
9.080793221569815055e-01
4.009511400585777374e-02
-6.789287499815898075e-01
1.165945209439053915e-01
-8.411993842590649306e-01
6.340769492443523170e-01
9.744322917874171930e-01
-4.727892697217593865e-01
-4.062516661984292843e-01
-2.273731676819677749e-01
7.829993606290419628e-02
-1.042753065137959290e+00
4.764297126778880842e-01
-2.560563971550256501e-01
-9.440500219237877300e-01
1.090147053197676019e+00
5.734991245127338821e-01
1.304607436680014498e-01
-1.357986042456411413e+00
-6.696692064563037894e-01
1.076173843763423177e+00
8.267183013348472498e-02
1.595084487887687974e+00
5.078005786915856801e-01
-1.356634863902419275e+00
-5.075974173445969573e-01
-7.847949311460703514e-01
-2.818265194257618123e-01
1.751896230650901831e+00
1.144333727551306162e-01
-1.178750821157639406e+00
8.481521494664490124e-01
1.073740793975364038e+00
5.568872117904311025e-01
