-1.976636685199644194e-01
-1.525879339052149675e-01
2.651226611536783295e-01
-7.715546601258118642e-01
-7.369189130377415964e-01
-9.683405521172867569e-01
-9.894422316856676947e-01
-4.141242981405324208e-01
-6.843407905322025364e-01
-9.047779305232723779e-01
-9.993036348040966743e-01
-2.922393710162487501e-01
-2.301705146845125505e-01
-8.342808071045140217e-01
5.019873470534521598e-01
7.208687207976722799e-01
1.900544505502388404e-01
-2.970308178240979036e-01
3.864959327606594108e-01
5.042290743488906379e-01
-4.846249131955664424e-01
1.211903183502529568e-01
-8.808590522400918665e-01
7.576849756604242536e-01
2.065245856971582583e-01
1.235974153712784407e-01
-8.902886527016993234e-01
5.610187861169915746e-02
-2.115190918356717464e-01
-5.307859699164532152e-01
1.161004135674272852e-01
-5.496437612730675770e-01
9.389506580350073239e-01
-8.004769002929512656e-01
-4.718045548797524802e-01
1.665574933835938243e-01
5.256073720732801213e-01
-2.802167287135626239e-02
1.133426964144421678e-01
-1.254640763637224765e-01
-6.363958555462856381e-01
7.196636720639855156e-01
-9.828964675555387220e-01
4.727233898845786264e-01
5.311593234930052088e-01
-8.648910191579968210e-01
9.484750491795981286e-01
8.224527598266622164e-01
-1.381530316249839352e-01
8.713153586152075913e-01
2.095564884246168269e-01
-2.545213802523749180e-01
-3.850615272386526122e-01
2.720648148483995055e-02
1.528668751040596074e-01
5.080695574227946931e-01
6.857145684723184864e-01
5.149603668981075355e-01
-2.570111863641035832e-01
-2.533790788703258468e-01
-2.916692316715647770e-01
3.432452647269492729e-01
-2.952970346719168138e-01
-8.492105045536666452e-01
-1.424231699696131059e+00
-3.533611191679777441e-01
9.109168739742008469e-01
-3.275395980126580842e-01
-2.754085165620074882e-01
1.502698151006363059e-01
-1.929878148159231976e-01
9.264429161678959801e-01
7.191149701182851794e-01
-6.988858933796657791e-01
-9.038683570520609223e-01
-1.437823208758104432e-01
8.274036193170850595e-01
1.113486897684145271e-01
-3.847116869565543329e-01
-4.549039098572515982e-01
7.494876225075430831e-01
-9.430824100090804407e-01
4.065941285028757957e-01
5.119941485368388889e-01
-3.891198141942056599e-01
7.931929117800422535e-01
6.263877184306481105e-01
1.356096737114467210e-01
-5.585925457920652981e-01
9.002119369517533887e-01
-7.048129775921418982e-02
-6.224765916877597061e-01
-1.969472547137665064e-01
6.584264677752638129e-02
-4.194172308741956900e-01
7.135393246348864515e-01
-2.000397546791132797e-02
-1.164066583528677867e-02
-6.412424081025061007e-01
8.418323725912839617e-01
-3.247723513901459302e-01
6.332361973851614589e-01
-2.105342671612180361e-01
4.608301693615342032e-01
3.092248863604983300e-01
2.202719447709067246e-01
1.088982069405106667e-01
7.876567567753753885e-01
-3.724598276686539311e-01
7.785122253112193302e-01
-2.601132804238068807e-01
3.760838845522227469e-01
-1.702465542348985394e-01
9.919933437007881771e-01
-4.808340545289031542e-01
-5.937020155706780322e-01
-9.534925965424065897e-01
-3.436564051982233803e-01
8.939251327918409373e-01
-1.411591329756960445e-01
9.707388719147866940e-01
6.126790125926429020e-02
-8.197804074569945421e-01
-7.271324507861021136e-01
1.668456866650955828e-01
4.418496963789291243e-01
7.986010654164208411e-01
-7.168622525830368186e-01
-8.678265685536181717e-01
-1.021075844706311742e-01
4.405063492293332938e-01
-1.043145575961428317e-01
5.456164040647566438e-01
3.559198978883770792e-01
-8.014189363136701161e-01
7.663077109385871832e-01
-7.873835533327613878e-03
1.108935972649971458e-01
1.066502207340405128e-01
-1.831690352327533244e-01
-1.653472982594150764e-01
2.894975720331758318e-01
-2.191126595495627161e-01
6.854005979587300956e-01
-1.667625380282314329e-01
-2.252747041187095345e-01
-4.774488016075473240e-02
9.797753600473413371e-01
1.835604078811936546e-01
2.846398197582264977e-01
2.202945526360657880e-01
6.166542269440868917e-01
-4.794898947099581754e-01
2.305077957723846716e-01
4.325410388705872577e-01
-9.163606657373803976e-01
9.929974135698171889e-01
-7.302905699520678695e-02
9.472703891634357554e-01
5.014474568442364166e-01
-2.765252829902031806e-01
5.327774935130014100e-01
3.801917132678440669e-01
-5.355682479297702026e-02
-7.070641374370914001e-01
-5.898822863105308567e-01
5.685189183169676586e-01
4.679526294926679153e-01
-2.391504356186138214e-01
-1.311055756053447485e-01
-6.095881733847328121e-01
6.136280487216243529e-01
-1.586225855884688674e-01
1.727508371548782673e-01
-1.738988642283199049e-01
-5.019913935636346469e-01
8.105264810285599530e-01
5.366093493751900034e-02
-5.174314638712653736e-01
-3.736120343236226660e-04
9.377845467937908630e-01
-1.526102254884971199e-01
8.617750262045575926e-01
5.542782495581415336e-01
8.087373941815945155e-01
-3.885769039343367481e-01
2.630303345682338811e-02
4.744989246673394501e-01
-3.175584448766226586e-01
-5.164791855723895875e-01
-2.026314094910146579e-01
-3.371051574019392483e-01
1.645807834236752143e-01
5.597253298359741169e-01
-1.433416355778014406e-01
1.431733816489674793e-01
-8.588937956826985243e-01
-5.387306611126290168e-01
5.427242744675611075e-01
-6.351011257564622703e-01
2.215798838010833993e-01
9.349274752122671561e-01
-5.622988026465414180e-01
6.634978583612174408e-01
-7.304134838868499013e-01
5.194648652417532819e-01
-8.129891002062155092e-01
9.072429824530978681e-01
-1.071128399309029255e-02
3.212219623766234822e-01
8.239692349247872416e-01
-3.167293719467181301e-01
-9.971489215379747417e-01
-3.339220962971323203e-01
-8.832615890529780245e-01
-8.175339640815353359e-01
1.361997654590885176e-02
6.656329274246777228e-01
-6.716354123577332746e-01
8.984881806871003462e-01
-9.576769224943002534e-01
-5.565050617358187068e-01
-8.627207451534413263e-01
1.171963869411345005e+00
-9.127645190612017068e-01
1.029973278418916394e-03
4.756849182281941424e-02
8.127372488139055218e-01
5.334852389882913659e-01
-9.177737184787306823e-01
-5.742080530847957220e-01
8.909712751799523378e-01
2.781541393447040100e-02
3.788127112089196835e-01
2.439286107762939082e-02
6.614151225217319574e-01
-4.549694898500691309e-01
-1.622953129417115115e-02
8.404354423298929788e-01
-9.109709218823403010e-01
8.683450376639634261e-01
-8.375253687267869562e-01
1.351673649350826345e-01
4.433239719514280863e-01
-6.441492199678207076e-01
-4.620014975227604292e-01
3.193141196910316282e-01
4.256522628598650160e-01
-8.943262663189501804e-01
1.246185860516915711e-01
-4.442279972467877425e-01
6.202666584956009199e-01
8.543468279160386647e-01
9.697996032217497397e-01
8.219768354516856501e-01
9.998426076889794789e-01
5.924202118145607265e-01
9.761332187617748346e-01
2.584874383352935290e-01
2.266586616135797261e-01
-3.880452732856134457e-01
-8.943110249156451808e-01
-8.599049255670832004e-01
-4.678651559377633440e-02
9.328587108547448103e-01
