3.921475445455823161e-01
8.687153718469279307e-01
-1.711426340711798888e+00
-5.972300697743059272e-01
5.527758962087320205e-01
9.851841022237074752e-02
1.449768484578447314e+00
2.572092006251859297e-01
-1.644157356644412871e-01
-4.402180054886297711e-01
-7.398028079959262371e-02
2.921480778352372187e-01
5.640121683131692487e-01
4.695218755722581072e-01
8.277557526650199948e-01
9.893803446555593517e-01
-7.302701825970880911e-01
-9.224816784794120927e-01
-6.285872270047092591e-01
1.100925449584057692e+00
1.091507225541680892e+00
-5.845961856645168764e-01
-5.629055697495861654e-01
2.250188376863974382e-01
7.540262848655954198e-01
-9.191817242972155633e-01
8.894237894634966501e-01
4.662900839399041208e-01
-3.894749079555508420e-01
-9.992125956626468630e-01
-2.569638423712629072e-01
-8.948645291083026088e-01
1.761301893244798522e-01
5.514908380514886854e-01
1.044908405886251224e+00
-1.050624753782596899e-01
-1.232096912793108290e+00
9.573544920136911607e-01
-9.824627480408253399e-01
1.188793746575981691e+00
-5.217014486398219297e-01
5.836198393541183194e-01
3.266719179241592830e-01
-8.875383890711467938e-01
-1.581480422520313289e-01
-5.265765312357565398e-01
2.210787388497151285e-02
-1.610716986403259998e-01
5.813070287255839297e-01
-7.050273081806629483e-01
-6.436995197377628486e-01
-4.863565612020253615e-01
5.101780603041462525e-01
-6.198474536319160677e-01
5.529211940511861156e-01
3.903055180909462130e-01
-1.308407128140549824e+00
3.094995647264131566e-01
-6.427584297356763177e-01
8.072818964896635308e-01
-5.435718146138667217e-01
3.340412181340626785e-01
4.800339604533601645e-01
2.614970100524971475e-01
-5.325476699425073512e-01
-1.056275770603506969e-01
-7.098625916566390082e-01
7.667801075523019705e-01
-6.130792983333458457e-01
-8.092209703041270963e-01
5.997757781973227509e-01
-1.260421828547126477e+00
1.162837443228725842e+00
-2.241516650322527560e-01
7.584422208430161017e-02
-8.414801424224283011e-01
4.678701681499525256e-01
5.895299692571782657e-01
1.129298820055431474e+00
5.305257431219899678e-01
4.095045206257302839e-01
5.965876980018570697e-01
2.605057026678467280e-01
8.599791262262090896e-02
-5.231147146634287370e-01
2.436481361481025454e-01
1.095058208351725959e+00
-1.400206697070886630e+00
-2.437993647317354684e-01
5.818429568174027233e-01
-6.256188465963274936e-01
1.734386717110231180e-02
-6.547045026075304364e-01
1.332675661188774119e-01
1.492341944761447770e-01
-7.293217403646998775e-01
-1.321232673831422844e-01
-8.698319161993973703e-01
-1.471312507194336705e+00
5.664788221450597350e-01
-6.059943079537389865e-01
6.835384373814392678e-01
5.630305004802986790e-01
-6.131226191256028413e-02
1.833995622408521042e-01
-8.455265241651803709e-01
2.542659331505554010e-01
9.407841770139186988e-01
-3.047343640701608014e-02
-1.329188886824574478e+00
3.152296408906423708e-01
-3.801663887974520151e-01
7.873470907346510339e-01
-1.259219563779016449e+00
-3.909165003099097091e-01
-2.859903291852849416e-01
-7.426930105214867017e-02
3.870100502277354915e-01
-8.267082540225461074e-01
6.035812056211239951e-02
-3.944906291669479925e-01
-5.946928665051134377e-01
-1.038520244574930640e+00
1.071237158711241477e+00
4.364676473872145523e-01
3.918198753204074070e-01
-2.897995775892076020e-01
6.016441259084359672e-01
-5.962799348250618081e-01
-3.374202337756711939e-02
1.652265583443120189e-01
-7.076338323869800495e-02
-7.905636076466748818e-01
3.348479110681484294e-01
-2.741253748092923326e-01
9.569174822824881854e-01
-1.181648516515707570e+00
-2.735922813436844070e-01
1.508771330238635855e+00
3.049487879404592650e-01
2.546126801130065842e-01
1.055649090591814554e+00
2.942939338565590535e-01
-1.941710422561393479e-02
-1.981967367096314769e-01
-8.061256399969563002e-01
-7.082714017837715703e-01
-5.149790703599618213e-01
3.483660067891216627e-01
-1.927369401123832371e-01
-5.060925449001336257e-02
6.924674038870183290e-01
-7.767416259460018235e-01
8.525848188393552185e-01
4.619409326880831168e-01
1.483886681547337938e+00
-1.136100544546377433e+00
-2.455599073542650834e-01
-9.593509570648922624e-02
6.605888374400403773e-02
-8.074088912099441906e-01
1.507265243621759288e-01
-7.456059426407974922e-01
-1.413568005896083557e+00
1.166988143008123258e+00
-5.871534076326906382e-01
4.045828879681214740e-01
-6.642043172882554636e-01
-1.033250753273445843e+00
1.041379679302220640e-03
-7.048109028425599831e-01
8.209085457871942992e-01
-3.207290621374954132e-01
-5.693112063796305078e-01
3.976525516419848194e-01
1.471250230746898868e-01
-9.230388097371942102e-01
7.154321198962395600e-01
2.235388468645431725e-01
-5.227205100786880276e-01
-2.545260381380102244e-01
2.527650577545924593e-01
-6.895842911700044153e-01
4.281913664987868073e-01
-8.864472899982901444e-01
-5.760473193861519459e-01
-7.150099451512859083e-01
9.815106793536034768e-01
-8.146926842872034280e-01
-4.196721999814008175e-01
9.030608646780886595e-01
-5.047179635775519424e-01
6.404932642390134268e-01
6.453714217688555355e-01
1.359747327332240519e-01
4.086759116609997022e-01
3.500799147433135694e-01
-3.292730440796278746e-01
4.334936915072740149e-01
-1.017106436423039550e+00
-1.671891981949306660e-01
-7.008650460912136948e-01
4.469905005088267158e-01
-6.883640933474556300e-01
9.376764629197098522e-01
5.402955993212719965e-02
-3.265863747271753326e-01
6.396102172150743836e-01
-3.371093826304850660e-01
9.015796154729638356e-02
-1.853878328709125667e-01
7.013556696636753796e-02
-1.283996252342700650e-02
-3.248264293776149669e-01
-8.773313917605864987e-01
7.847581250941868536e-01
6.685106096183720537e-01
-1.113473027713361541e+00
1.154959454303409627e+00
-3.508836504345997920e-01
4.958373537463003355e-01
-4.146786598784635292e-01
-9.224118567975708727e-01
1.087664353874310486e+00
8.349312039270604391e-01
-6.769230344328640292e-02
5.593241612244340688e-01
1.033943738098905829e+00
7.217084269489881798e-02
-1.732346161328682355e+00
2.603481760973518355e-01
1.641604314449060242e-01
-1.015239189426080380e+00
4.862797012407887864e-01
1.027745195103975551e+00
-6.230558225365346869e-01
1.622625849181983937e-01
-7.578981350857373345e-01
-1.109584020443828756e+00
-3.609856092021163088e-02
-4.033878414078817531e-02
-9.090714566449206724e-02
1.343264079044491410e+00
9.293113411172382321e-01
7.680369612401650725e-01
1.213913324573388186e+00
-7.032017532068550736e-01
-5.864720003754172462e-01
-1.207220234604191145e+00
4.959569339026197454e-01
4.615811960318497165e-01
1.184889555673427353e-01
-3.025649675860592192e-01
2.737466952568724798e-02
-2.945749803519692733e-03
-3.170610516486075392e-01
9.022845457159235361e-01
-5.189349013691676449e-01
-4.991557335975244092e-01
1.757859284327762395e-01
-1.549472035146291171e+00
-8.963524602841047573e-01
2.289973904617840228e-01
-1.108848012973764785e+00
-4.121173328303153194e-01
-7.275749985304088563e-01
-6.193429686460764083e-01
1.009017758590055713e+00
4.154688195897693892e-01
-8.237896367865713554e-01
2.066679164815748704e-01
-2.349605315843876219e-01
-1.037793666333197473e+00
6.283533386037297719e-01
8.387881946467152794e-01
1.695889092120942687e-01
-7.158095363971109237e-02
-5.310620430261021596e-01
-1.673432722560349584e-01
1.336716037141796765e+00
9.823933673925409060e-01
-9.574311837091081800e-02
5.528197596753632315e-01
7.041492797793077463e-01
1.059296100189572210e+00
2.978206666729579233e-01
-3.490698161162284485e-01
3.950296024601260836e-01
-5.501832674137221435e-01
-7.300007239738764975e-01
4.336353057920532272e-01
3.119082580777178260e-01
2.090113197451194949e-01
-5.318641164564409385e-01
2.395366477820914386e-01
-1.003010300623354001e-01
-7.851019178028670331e-02
-8.870746566299511082e-01
-1.008062525427201872e-01
-2.004280992574142273e-02
4.324218987824200999e-01
-6.854240794147260507e-01
1.427632647973338664e-01
-7.564257088334009893e-01
-1.085476291485111711e+00
3.681951759871693874e-01
7.758878956126447068e-01
-3.053814709217658740e-01
2.848603632748674674e-01
6.580573685090252978e-01
-8.157594292291139304e-01
4.559251972910097206e-02
6.104663758425836750e-01
2.469082377756803559e-01
-8.908754827337589388e-01
4.844895762748364088e-01
1.923618825023775403e-01
-6.360614799724512158e-01
-3.646220444819380235e-01
-6.570810842714619460e-01
5.892773324607756269e-01
-2.194332820092185776e-01
9.852850211884421894e-01
-3.429773828186684081e-01
2.622977887135339858e-01
-2.818349962327203889e-02
1.038856526321145779e-01
1.214628539526385193e-01
7.201831634574964447e-01
-1.965077955978595359e+00
-4.203195037906939380e-01
7.774083229890625946e-01
2.932447237114851335e-01
-1.437880726093289541e+00
5.223950656473426157e-01
-1.025593500257021340e+00
1.063539695208989833e-01
1.496461113857498804e+00
7.262194774182242352e-01
2.860910630445049896e-01
4.719073725011385667e-01
-3.795127964720781955e-01
-1.632284741313617948e-01
7.285680783196315513e-01
-3.239082986515271489e-01
-1.724767765779164908e-01
-6.167191865670845763e-01
-3.713774346286230488e-02
4.016863104162001763e-01
2.422789895875054056e-01
-3.814460380773794790e-01
2.558767394501246240e-01
-9.487261891265691416e-01
1.250215700991628986e-01
-3.094037251968898561e-01
6.069062277720236320e-01
5.137019794298540720e-01
-1.864103585627044368e-01
6.167544829322380018e-01
-1.386062060747230429e-01
-8.983463255114629842e-01
3.201508226978561078e-01
1.105588532581082584e+00
-8.828283599457089625e-01
-4.307580595886418839e-01
3.771331717243812109e-01
-6.682688805748909777e-01
1.411861889657225033e+00
8.793170405101478071e-01
