4.482122988964445942e-01
2.993441054652727473e+00
7.835300510436123966e-01
3.111216781724170377e-01
1.115475521305830942e+00
3.115871552763207486e-01
3.398177101148029400e-01
5.594382089016198822e-01
-3.683978731727937661e-01
-7.973711901136397717e-01
1.979251405890842586e+00
-8.824051500377749768e-02
7.802965924341179749e-01
1.767645333723229795e-01
-9.859236861364456539e-01
-2.784022897371457028e-01
2.805560777434136788e-01
6.503634744410971003e-01
1.142008995129730309e+00
5.271349325075095349e-01
1.140484892336717515e-01
-4.027559841717867628e-01
1.362465718399997971e+00
-1.469749781604884342e-02
-4.760875316964991999e-01
-3.053432156270450282e-01
8.551125928837387535e-01
4.997338903806791133e-01
-6.394587139368355100e-01
9.545696724763160779e-01
1.094590428026193552e+00
-2.743905936868705209e-01
-1.104555998019471019e+00
-5.846606933848066956e-02
-1.020063669813188190e+00
9.467447564639586144e-01
8.514756574644062326e-01
-9.090015763263263882e-01
-1.019637425984447399e+00
1.192563596706425200e+00
7.276692068806079883e-01
1.681582821031926689e-02
3.704386096237620718e-01
6.631525919086295184e-01
4.768678081118979950e-01
-2.320277205239942742e+00
-7.685469857400449856e-01
5.081810175739356339e-01
5.303944516974157253e-02
-2.105166538578526758e-01
-5.511177178967197055e-02
6.219905289451705954e-01
-1.863729781904212846e-01
7.132466636656689118e-01
6.850862724117141589e-01
-9.671107199353914385e-01
-2.457998162326993530e+00
-2.950682390346021644e-01
8.084312404592058909e-02
-1.025751469282351946e+00
5.308934519970400778e-01
1.691319782648283976e-01
-1.022337689513902914e+00
-6.916970989862233354e-01
9.039692600237332620e-02
5.315021659221368378e-01
6.363981714321457206e-01
-1.868721078597668228e-01
1.979681864327085539e-01
-4.478342481386826113e-01
2.215167364513784265e-01
-7.416756516063003346e-01
3.194622773243395164e-01
4.140700589268143106e-01
4.240965484759588455e-01
9.929476334666655912e-01
2.309155887328380174e-01
-1.438732526837571690e-01
-2.672311192308136185e+00
1.177514614995208292e-01
1.124407912990317282e-01
5.539355132056017483e-01
9.740671114851686685e-01
6.137018991378189181e-01
-8.582857942111792315e-01
-7.106944446885379296e-01
-3.530029058092765126e-01
1.594295749899432568e+00
2.041728811747156591e+00
8.583183928810782515e-01
-1.264194515332753843e+00
1.163611245641003933e+00
1.266909796873162408e+00
4.596535810947622869e-01
-1.039586929627074552e+00
3.141732939814941616e+00
-9.337482617744025104e-02
-7.070236663350015771e-02
6.220297797883426183e-01
-1.034234194334701762e+00
-6.928427996642034792e-01
6.341821014451063387e-01
-1.137939349370768349e+00
2.439829575392399585e-01
3.398177075914903256e-01
-3.683985526266638222e-01
-1.272591132082483978e-01
-1.498858682011661392e+00
7.279106675365668577e-01
-1.630019070545106974e+00
5.491221438400335497e-01
1.973838378938585603e+00
-4.046599419534293585e-01
4.829997429117707797e-01
-1.337377395587991957e+00
-7.610636962612693512e-01
-1.254299409522711795e+00
3.886448647764946251e-01
-1.767712618472344621e+00
-2.340092962599028326e+00
-1.717365810790269176e+00
-3.176263568759469247e-01
8.133833489539972206e-01
-3.516383226894025937e-01
-2.828828409573239444e+00
2.028034814276797437e+00
-5.108899506685656844e-01
-1.076337660929840734e+00
1.928175797653869372e-01
4.513829850762711426e-02
1.693796995382810255e+00
7.638090190498415533e-01
9.721403066702407614e-01
-4.112936335016492140e-01
-1.417995051327399780e-01
1.798908099417776185e+00
-7.795785495714195878e-01
1.989527495539457902e-01
-1.195369823880467752e+00
-1.120474302412160394e+00
-2.117752173008606575e-01
-7.612254172852592760e-01
-6.698758703142255744e-01
1.824670690888483549e+00
-3.694691987477902867e-02
6.760438917851925300e-01
2.643909932155094733e+00
6.736115305841413603e-01
5.441260096820543790e-02
-2.396943866273350654e+00
1.099676563673757324e+00
-4.231548856945709369e-01
7.409909995980790143e-01
-1.379117622120977327e+00
9.901665563883074728e-02
-6.518685459520499048e-01
8.801104505724556271e-01
-2.078193466966955505e+00
1.065943439916118951e+00
-1.027191306879960297e+00
-6.986224684768159721e-01
-1.807857508178927208e-01
-3.015240326372908841e-01
-2.651776756286458037e-01
2.600639911263191717e-01
-9.110884820936169248e-01
3.805281907301027999e-01
1.759462974893661324e-01
1.204940137120398491e+00
1.497136259807673453e-01
-4.250020312384478194e-01
7.588694134383762169e-01
-7.712672602049234216e-01
-1.250434428756122429e+00
3.357414159460799796e-01
-1.437483078368223088e+00
-3.080024059946709011e-02
9.061084800128740291e-01
-9.542863369374072757e-01
-1.994803037980549476e+00
9.524350781074505390e-01
1.757065120076588549e+00
6.366553265501579961e-01
6.640581775680116650e-01
8.277870750896973995e-01
-4.805049714850320175e-01
-6.064480457437236849e-01
-7.303983805665018036e-02
-4.166408943907196072e-01
-4.994257233954957353e-01
-2.242171063129258624e+00
9.988264747420095846e-01
1.926637827304240158e+00
-7.355454042654495650e-01
-4.052203235755700295e-01
-7.374537316860596547e-01
2.992952922633286272e-01
3.562850075554184204e-01
-2.790196247850333933e-01
-1.956031392137473346e-01
6.242089141601508961e-01
-1.111945708728623750e+00
9.107008682379683639e-01
-1.332964736960611518e-01
5.407668823632485466e-01
5.270001828895504170e-04
3.378675538789517319e-01
-6.242746472957871884e-01
-1.127634275623599747e+00
4.787469647784584614e-01
9.668210005000243967e-01
-1.628925756194767316e-01
-6.041082464208640257e-01
-7.122133615429927511e-01
3.333356568061281999e-01
6.808452188967304419e-01
-1.430248269321127363e+00
-2.025340104226439064e-01
1.358072919382105059e+00
-7.357991623492157740e-02
-6.518151475214715163e-01
6.328804323331497228e-01
3.709922420718110847e-01
2.544106076321399623e-01
-5.422562571177872437e-01
-2.915728988085631856e-01
-2.523190509970510309e+00
6.313348864066143928e-01
1.068907760980554400e+00
9.966522679900826631e-01
6.420179957820856265e-01
-5.673293004111412685e-01
-7.721869633501861341e-03
-1.601461229513293061e+00
-7.719734458400182575e-01
-9.037988156330868383e-01
1.169177802705136493e+00
-1.392048576691663486e-01
6.689657942962090598e-01
-7.631717795053944986e-01
-1.603582546199797121e-01
-4.283157918230907635e-01
-1.281903750696873345e+00
-4.741631468994480514e-01
-7.390311917973098055e-01
1.881248232935742726e-01
-2.211291295252702849e+00
-2.204047339499870251e-01
4.813819176371897379e-01
-8.066209130682368000e-01
-8.837663865090907844e-01
4.963326627464322294e-01
-8.284004777431569488e-01
7.703267122219009666e-01
7.703962824247112540e-01
3.562986736026026446e-01
-4.412776858328477658e-01
-3.062173937628886566e+00
-5.680230542056335930e-01
4.402106015801696692e-01
-3.886185505494185732e-01
-5.296786289677364312e-01
8.926311946309609668e-01
-1.054217416211781444e+00
-9.746401259389578797e-01
1.892589802643069197e+00
-1.413741974835387161e-01
-2.469360702821993048e+00
-3.458593251066217622e-01
1.065695417894132024e+00
-2.237553135032321894e-01
1.081304618475119383e+00
-7.007029274904018612e-01
-9.180260734316261217e-01
-4.816395376715431054e-01
-6.464249402115981313e-01
5.004823319799032166e-01
2.991175785396497644e-01
4.572911614320073204e-01
4.042110701470773004e-01
-5.796729724031282061e-01
6.379741828561888983e-01
-6.870218864066711673e-01
7.097068235649385270e-01
-8.681407406242462876e-01
7.581797042141067422e-01
-4.020031807299931370e-01
-2.533492222828629958e-01
-5.510285672258366518e-02
1.194536826419854370e+00
1.824263086428328240e+00
3.583379469357304004e-01
7.279796604001058657e-01
-3.057688003899767804e-01
1.518295796005888931e+00
1.407032882436914267e+00
-9.350058223236141774e-01
4.268420980995595859e-01
-1.951967455405247076e+00
-4.127726291993396440e-02
2.112747839096735802e+00
5.323540726120279398e-01
-4.853617185977021631e-02
2.247650871440375897e-01
4.589508374742379271e-01
1.333474229180074522e+00
1.351397445320988933e+00
2.615073891340911949e+00
-9.707670913449923944e-01
8.000224817430179325e-01
-8.633875170127935927e-01
-3.857112615177014925e-02
-5.006500028359027743e-01
1.075423841284898208e+00
5.041123896522501369e-01
-4.635606038533075512e-01
-6.674284385777042861e-01
