-2.750662549914195676e-01
-1.851010402484472017e-01
0.000000000000000000e+00
-1.000000000000000000e+00
-9.544617402748034607e-02
0.000000000000000000e+00
-9.383052328836676281e-01
2.846569454810550237e-01
-9.283908398048821287e-01
0.000000000000000000e+00
-1.000000000000000000e+00
3.764857050285712603e-01
-1.593595559540861295e-02
1.000000000000000000e+00
-9.408651984901634791e-01
-9.718460579884982131e-01
-5.817419443419922231e-01
8.396680252051282878e-01
1.000000000000000000e+00
-1.000000000000000000e+00
-1.000000000000000000e+00
-9.708760249933234832e-02
-7.722225727920062344e-01
-1.000000000000000000e+00
-9.975799816649493224e-01
1.000000000000000000e+00
-1.000000000000000000e+00
-1.000000000000000000e+00
2.761216521175333671e-01
-4.250051012647648729e-01
-1.519163732216473051e-01
-1.000000000000000000e+00
0.000000000000000000e+00
-3.532740102350204747e-01
-9.682865729850398395e-02
4.788851613830664711e-01
-1.000000000000000000e+00
0.000000000000000000e+00
-3.215849140816413598e-01
-1.718799163243356354e-02
0.000000000000000000e+00
8.761247243134833163e-01
-1.000000000000000000e+00
1.000000000000000000e+00
1.000000000000000000e+00
-4.463097257531520867e-01
1.000000000000000000e+00
7.056359719113181050e-01
0.000000000000000000e+00
1.000000000000000000e+00
1.000000000000000000e+00
5.093310478665651342e-01
-4.908082874724764011e-01
9.650708783394821300e-01
1.000000000000000000e+00
1.000000000000000000e+00
5.846113184016699105e-01
-4.602184806702864783e-01
1.000000000000000000e+00
0.000000000000000000e+00
-9.524375022244981892e-01
4.114115009749905738e-01
1.410237089888763951e-01
1.000000000000000000e+00
3.247048141246147157e-01
2.672573006838585563e-01
1.000000000000000000e+00
-4.977567233926460943e-02
1.215454081480287218e-01
0.000000000000000000e+00
0.000000000000000000e+00
-2.460698243510028860e-03
9.215834446676578473e-01
-8.543782016423333570e-01
9.998946786943891940e-01
3.823891456391617094e-01
0.000000000000000000e+00
-2.811003437099388602e-01
-1.000000000000000000e+00
0.000000000000000000e+00
-9.215083397579899582e-01
-7.178966977963447960e-01
1.905845072264642504e-01
-1.000000000000000000e+00
-1.000000000000000000e+00
1.300209737139390587e-01
-4.093478804467320931e-01
3.906853997586221539e-01
-3.063151306265221585e-01
5.005450111836344806e-01
7.912292124733679710e-01
-1.000000000000000000e+00
1.000000000000000000e+00
1.000000000000000000e+00
0.000000000000000000e+00
-1.000000000000000000e+00
1.000000000000000000e+00
6.192382039012209738e-01
6.871120512095698629e-01
5.391405013257928314e-01
5.430634264225495667e-01
-8.632429956693457029e-01
-8.125700104788078360e-01
1.000000000000000000e+00
8.564734124146431427e-01
-9.701899087775771591e-01
-1.000000000000000000e+00
-1.000000000000000000e+00
6.557969088190236384e-01
-6.684858266628852519e-01
-5.909051596121253080e-01
1.000000000000000000e+00
9.982883064846346244e-01
-1.000000000000000000e+00
1.000000000000000000e+00
9.543381703706796948e-01
4.006211331056783731e-01
4.456947805271418428e-01
1.000000000000000000e+00
-1.000000000000000000e+00
-1.000000000000000000e+00
7.828156208693135554e-01
-2.114374142682697855e-01
6.589223900572325210e-01
-2.630881107800933094e-01
0.000000000000000000e+00
-9.128466724193138315e-01
5.336616840644641258e-01
3.929914268459300253e-02
2.309341969809732831e-01
9.619421206379374922e-02
-8.759248910634405139e-01
1.000000000000000000e+00
1.000000000000000000e+00
-6.680822482047372723e-01
8.733989611314647572e-01
-8.637734828560941214e-01
6.656731575052701189e-01
1.990203454587058385e-01
2.408417391420414333e-02
5.570917232650636208e-01
7.584948728341296409e-01
3.174352400889781656e-01
7.946664525737030527e-01
1.000000000000000000e+00
-4.241992510035894615e-01
-5.906494853899515451e-01
-4.641052045612255039e-01
0.000000000000000000e+00
1.000000000000000000e+00
-8.918877860716580841e-01
0.000000000000000000e+00
1.157532659878768300e-02
-5.505494837174320644e-01
6.992065080827873924e-01
0.000000000000000000e+00
1.743754377444826087e-01
1.000000000000000000e+00
1.000000000000000000e+00
-8.253156528456477847e-01
-8.011669115835706734e-01
-1.000000000000000000e+00
8.898812018689006287e-01
-4.527783176430846268e-01
5.566233806109033289e-01
7.471955223429069815e-01
0.000000000000000000e+00
1.852677043846298055e-01
-2.703078395699165526e-03
-8.807164852341058392e-01
7.074981534912594405e-02
9.628493011693348702e-01
-3.395466329673313410e-01
-2.870067753631166951e-02
-6.109577716072134290e-01
1.000000000000000000e+00
-1.000000000000000000e+00
-1.000000000000000000e+00
0.000000000000000000e+00
1.119787769891404938e-01
0.000000000000000000e+00
-9.389228597431782397e-01
-8.361122664067779375e-01
-3.911936918473972735e-01
-9.008920165058755813e-01
0.000000000000000000e+00
0.000000000000000000e+00
1.000000000000000000e+00
2.719046183299640429e-01
0.000000000000000000e+00
-1.000000000000000000e+00
2.009085575172069316e-01
1.000000000000000000e+00
-1.000000000000000000e+00
1.000000000000000000e+00
1.000000000000000000e+00
5.445207016320967597e-01
0.000000000000000000e+00
-1.627619078769368954e-01
-1.000000000000000000e+00
-1.020582954735986814e-01
8.040205681205221389e-01
7.437162716942404828e-01
-1.000000000000000000e+00
5.331579506308612437e-01
-1.000000000000000000e+00
0.000000000000000000e+00
-7.990827855908733124e-01
-1.221734339015672077e-01
0.000000000000000000e+00
-9.228824482689721442e-01
2.021078852015567584e-01
-1.000000000000000000e+00
2.977522353393120547e-01
3.774963471986896302e-01
7.762749642316268961e-03
0.000000000000000000e+00
0.000000000000000000e+00
-4.172058620024734488e-01
0.000000000000000000e+00
1.000000000000000000e+00
0.000000000000000000e+00
0.000000000000000000e+00
0.000000000000000000e+00
-1.000000000000000000e+00
0.000000000000000000e+00
2.692603442317145213e-01
1.000000000000000000e+00
3.388370126892745748e-01
-1.000000000000000000e+00
-3.351963623039799778e-02
-1.198266143942006146e-02
1.000000000000000000e+00
3.387558781669643970e-01
0.000000000000000000e+00
0.000000000000000000e+00
-1.000000000000000000e+00
7.084393568269564678e-01
0.000000000000000000e+00
0.000000000000000000e+00
-1.000000000000000000e+00
-1.000000000000000000e+00
-1.000000000000000000e+00
3.551970001764919171e-01
-5.989286795705124344e-01
-1.000000000000000000e+00
0.000000000000000000e+00
6.610351942425991556e-01
1.000000000000000000e+00
0.000000000000000000e+00
0.000000000000000000e+00
1.616868446880026511e-03
8.097077274158832605e-01
9.810979387722769118e-01
6.388177613324910187e-01
0.000000000000000000e+00
1.000000000000000000e+00
0.000000000000000000e+00
1.000000000000000000e+00
2.129747829862556063e-01
0.000000000000000000e+00
9.915338681366780982e-02
1.000000000000000000e+00
-8.987142863554340444e-01
5.219245302356048111e-01
