1.160871683489352879e+00
8.419617851181104839e-02
-1.362465009822616757e+00
-6.686461353377820549e-01
-1.378334802874734144e-01
-3.044544084295359720e-01
-7.345551264968128713e-01
1.799543739958580524e+00
5.134705572774906912e-01
1.380822525563712544e+00
-1.141378075178312301e-01
-1.547564562158876278e-02
-6.037704053667753978e-01
7.849952473547628928e-01
1.330890450557352889e+00
-1.174605236765192129e-01
-5.105924038208438098e-01
-5.977063577639293301e-01
1.038311972674649919e+00
-7.348182073679678794e-01
4.409541578324929767e-01
-7.724503794206459828e-01
6.385493355877249755e-01
-6.063340906716003786e-01
4.320955667126348265e-01
1.986672805240156769e+00
9.875165384503002963e-01
1.011108167412722469e+00
-8.136603216369486802e-01
1.716743504511088481e-01
-8.053740040603812878e-01
3.033852544941552098e-01
7.374618329573917608e-01
-1.050301692149691268e+00
4.641407593321362213e-01
9.129348568658800511e-01
2.116860485643239365e-01
-8.063618979569464607e-01
1.379517956045627214e+00
-6.019757363740100287e-01
9.558103590404809502e-01
2.269268653596283047e-01
1.455667604006138927e-01
-3.869405269332766295e-01
-1.941878771568545936e+00
2.215830326562254760e-01
2.049240949705091630e+00
3.722373910774435385e-02
1.574795910547019950e+00
-2.808731184970815420e+00
6.897007275652782265e-01
2.917306055599947712e+00
-2.415267240117741299e+00
7.744359929855664237e-01
-2.819729430631554568e+00
2.569173385595043602e+00
-2.044716655459239973e-01
2.749311017445465674e-02
1.291552954229018946e+00
-1.397661007651773701e-01
1.330840341179356345e+00
4.601828101733717591e-01
-1.464811011659083784e+00
-2.926996907463690789e+00
-1.256646670958446455e-01
1.598463662189091306e+00
1.577441550193260933e-01
9.750045530449025222e-01
-1.030636909859457884e+00
9.770917083120745916e-01
1.645279279428559782e+00
8.339957496177310414e-01
3.565711543761070912e-01
-5.270871843776313570e-01
1.536262842994547961e+00
2.258172178351726789e+00
-7.571246511807890878e-01
-5.762276951475779896e-01
2.432213482960435824e-01
6.973527198449228082e-02
1.622114702278963705e+00
1.977889117499661342e+00
-1.009670624714688270e+00
-1.504889445080390964e-01
-2.859326309409589983e-01
9.563904330693309142e-01
-2.639933761927135691e-01
1.212365931993403811e-01
1.850640682496212941e-01
-4.840269916224859137e-01
-1.120189025049227682e+00
-2.336494943221202325e-01
-9.299667439103346256e-01
-1.603765343858236658e-01
-1.992263806391153302e+00
-1.312833803688510326e+00
-3.806857462804937309e-01
-8.425770992316274910e-01
-6.214153528715200547e-01
1.536230033300964859e-01
5.055437162635939563e-01
1.878905076858311762e+00
1.404903115933571645e+00
6.609563275200369681e-01
-5.796396581059848341e-01
-4.875375985190278927e-01
-4.348295818504148702e-01
1.591653791160928255e-01
1.479519872119332558e+00
1.171169572653408153e+00
-1.015157363944968694e+00
1.244666002268967286e+00
3.664261496353159453e-01
-4.822517343996039485e-01
3.010382338255737089e-01
-1.988546571941826491e+00
-1.164655796948621536e+00
-5.410618021419600909e-01
-5.476517183264657529e-01
-5.186768171505860003e-01
-1.174676312946018264e+00
7.115686708627750878e-01
2.101499894836998394e-01
-6.304204979644809637e-01
8.768927112093384268e-01
-1.041190070109393684e+00
-7.933997582094198808e-01
-1.371513811305668407e+00
-1.592047512755919714e-01
2.460920701829022228e+00
-2.258407972984641798e-01
-8.230557240001910024e-01
1.203099879917875370e+00
-1.338963999528057336e+00
-2.105005694388797366e-01
-1.753786073993695016e+00
2.708652987355709918e+00
-2.144119287639241644e+00
9.644277966530706570e-01
-2.966956169960805467e-01
1.521281578343961938e+00
-2.393884444126917810e+00
2.017678267871570785e+00
6.676650138516031507e-01
3.275830823781643586e-01
2.165640025629782250e-01
3.512797685903098488e-01
-7.334133567210745497e-01
-1.029668062597373368e-01
1.201209238694021408e+00
-2.544474177545721805e+00
-6.233117464745967506e-01
-8.637493579120059106e-01
9.686530710024449098e-01
-7.230169784904300068e-01
-9.052447691398934904e-02
1.353938311282435913e+00
-1.198825378210117032e+00
8.627690855236101741e-02
-6.844282723765107157e-01
1.545941961354138083e-01
-1.484745884219326850e+00
1.687036204736799050e+00
-6.906740069707997254e-01
2.610060319376162341e-01
-3.060248525931997809e-01
1.354618168217455398e+00
-3.049883458630535116e-01
-2.208415292421220810e-01
4.034704893855229346e-01
2.708739836444159277e+00
-1.122988374474068185e-01
2.948771051495483242e+00
2.814563186065686118e-01
-1.405238832024083839e-01
9.106458743432119807e-01
1.049309897806322223e+00
3.138096911617139106e+00
-2.713171167226358094e-03
-1.492513495882890284e+00
-6.874166944237400934e-01
1.712668792697563669e+00
-5.418179548750990948e-01
8.307234837473089772e-01
-8.675470408686196677e-01
-1.032694920785674375e+00
2.121049000936900519e+00
6.312530219979288759e-01
-3.429208390946786311e-01
-1.655650638173911116e+00
-3.228863084420723895e-01
-1.662514106707337902e-01
2.892955509764810973e+00
1.425022361580686958e+00
-1.497966292783499132e+00
-5.296981481116387336e-01
-9.861827434415920690e-02
1.490578404227868692e+00
-1.385040774127640484e+00
-4.680534274931036909e-01
2.500651836602623135e+00
-6.111319049999612840e-01
1.425652207880754307e+00
-7.596255103574724998e-01
3.780541385167502932e-01
8.582738730474537281e-01
-2.076487703465906276e-01
7.687698534046280563e-02
5.635755905861805637e-01
-1.053574396781566724e+00
-1.097384014618809633e+00
8.444224805684654722e-01
5.491390869576716627e-01
3.567272832332258892e-01
-4.500084711200903476e-01
-3.884744062010172527e-01
-2.010897580665961248e-01
1.437111761807671861e+00
-4.023720836519950605e-02
3.200067777369604016e+00
-2.869187311215916747e+00
-1.708493074885295337e+00
-1.017709021655051949e+00
1.279641522473816462e+00
3.686363249177634915e-01
-1.719915859781830925e+00
-1.749610301821932778e-01
3.214863309112652168e-01
1.465815563637021368e+00
2.549343188401744786e-01
8.197503325186068501e-01
2.724714943074204032e-01
1.342850663340951378e+00
1.862108224815299806e-01
9.562853206936755557e-02
7.141889889380599321e-01
1.402233261951891130e+00
-9.360863136622319391e-01
-3.210050548516210078e-01
7.887488091995333850e-01
6.193552801988360113e-01
-4.623950104360026181e-01
-8.732168570449013734e-01
-1.944785131661779687e+00
-2.000500785845904517e-03
5.705831375488699120e-01
3.438519487216474824e-01
7.523046267859365699e-01
1.059808539588995568e+00
6.912081446030995391e-01
-7.390483894798959286e-01
5.004855665848852997e-01
3.338191234796519247e-01
2.655409524299829016e+00
4.092252513253499258e-01
-1.215436108144015481e+00
-1.006899289146938603e-01
3.578135798652437582e-02
2.022935605884130794e+00
-7.619952932568909709e-01
-1.139706635737643969e+00
7.024469765642663011e-02
5.242428659714548633e-01
-4.167474202442005837e-01
-6.170378224817769652e-01
