-2.381976172690127291e-01
1.267814872928535008e+00
-1.067837317420264664e+00
-1.401217834043047561e-01
-3.997148425395029014e-01
-6.414270543301808791e-01
-3.845576552593089614e-01
-7.118601379899519577e-01
-5.480942091158588214e-01
2.618439384614338894e-01
-8.028682147751162734e-01
-7.702090452353237138e-02
-2.697340968367877068e+00
-1.484762437007950686e-01
8.452644943756596474e-01
-5.756480976139396688e+00
-2.120227678109146141e-01
-2.609896838972195710e+00
-1.358523175259922777e-01
7.864364168739239602e-01
4.912133845056798620e-01
6.513701536734892716e-01
2.237072435623703170e-01
-1.225151982407431062e+00
-2.604879076290710360e-01
5.529606971506894064e-01
-3.398260703476898015e-01
-2.684102745192615380e+00
1.097965778676077031e+00
-4.795703906827841756e-01
-3.901057326016758586e-01
1.242749086677426007e+00
1.313732451115671995e-01
1.981993260301009085e+00
9.902279079217559676e-01
-1.788993772305108143e+00
-9.250647200395642478e-02
4.036310615674528757e-01
2.418968743768230123e+00
-2.834040788731451155e-03
-5.361692141867913097e-01
2.172082160272284401e+00
-4.176364972895108552e-01
3.738297142895365410e-01
-1.260424304558797282e+00
1.758186499300327554e+00
1.246471054349294283e+00
-2.965661752893222758e-01
-1.191358588922164063e+00
3.303142243265426714e-01
-5.900501688453573257e-01
3.054192674878299929e+00
-9.646337593027116686e-01
1.594994144541399261e-01
1.031537309901676414e-01
7.698947688300973313e-01
6.198598838959694657e-01
1.713380952761041076e+00
1.582764781357135497e+00
1.997355222226694926e-01
-1.032988333126239722e+00
-4.743820796439673915e-01
-2.636631163950444723e-01
-7.540305584895832247e-01
-5.152932342817908573e-01
-2.256000347531505468e-01
1.848780348430821563e-01
3.379053755704848339e-01
1.674699024095321231e+00
1.703003123187137036e-01
-6.713703694421768731e-01
-4.569360646612463661e-02
-1.376108416182518779e+00
-1.049598392050038242e+00
-3.469325496095320149e-01
-1.540387893723330182e+00
1.101779182592177664e+00
-3.351467576548281674e-03
-1.819209008199069999e-02
-1.446848237765653300e+00
9.502852118986632179e-01
6.208009639975224925e-01
9.092264840424957306e-02
-2.940134867025294141e-01
-4.017604114634369949e+00
1.349588484343753336e-01
-1.598430204117112119e+00
4.526689030595114072e-01
-5.884161741974787141e-01
-7.762162816577460323e-01
-2.320252030798251319e-01
3.031528925852527756e+00
2.708597051639506592e+00
-1.340492082034770993e+00
3.470405876640652032e+00
-6.970855246770643054e-01
1.100333865414652168e+00
1.229165320656478155e-01
2.006363521625588842e+00
-2.352187513772232563e-01
-1.103614813177334897e+00
-1.006220405835547504e+00
2.666091173499496314e-02
-2.435222656859002965e-01
-2.042129342646421541e-01
1.126618065475500252e+00
-1.743925247461420636e+00
-2.648700315689234697e-01
-2.314938873816975995e-01
1.121378358353325444e+00
-9.169282707808448230e-01
-1.161336203404286782e-01
7.886215227450762422e-01
4.801139044379982845e-01
-8.639334151069191226e-01
4.681122000717942433e-02
6.961126039686024169e-01
2.038388735359650816e-01
-7.309387117113727683e+00
-5.506518037150203160e-01
-8.462517008224437198e-01
3.189278228658441350e+00
-1.252040940197199470e+00
-1.138686526078827255e+00
-8.339925919302713098e-01
-1.035560275079853598e+00
1.547265362044340509e-01
-2.327766968386658641e-01
-4.482235349047286044e-01
-5.021379130423160309e-01
5.449381432322032426e-01
-8.492808431203388575e-02
-2.027597430200583917e-01
4.145390541272067630e-01
5.517468623608067224e-01
1.041001784752712878e+00
-4.753724414386961139e-01
7.666013575973727734e-02
-2.790206773647107008e-01
8.332443995417071481e-01
-5.304322293307521807e-01
1.599902501706236491e+00
3.939351690619141699e-01
9.298278502329038187e-01
-4.038400521627476536e+00
-9.892416294751051886e-01
-4.537047888881789448e-01
-1.832168556121713809e+00
-5.529329339627624407e-01
1.356125136774081474e-01
1.103119175703404675e+00
-1.611571935374561892e+00
1.133103414101012563e+00
-2.845919947726018862e-01
-1.671960972803029133e+00
8.424062108655654413e-01
2.106018943758794837e+00
-1.049847311513609494e-01
1.974488690077065289e-01
1.209756293353247525e+00
1.504231846614302981e+00
-2.169092367740454108e+00
-1.368360822450384706e+00
-1.462474447021483437e-01
4.873429446240343244e-01
1.276378155600412123e+00
-6.136093698371514193e-01
-1.796787027297681139e+00
-7.607607769855661006e-01
1.397443078978812148e+00
2.446942697804564304e+00
2.469146312956367884e-01
-3.854332817481862072e+00
-4.161995026218031635e-01
-6.880317849500091620e-01
4.893985459948692607e-01
2.152275105667358357e+00
1.602634030602352766e+00
1.568741254277858488e+00
2.777180947036066883e+00
2.665292328531744470e+00
8.915369791483567230e-01
-2.242606855960493473e+00
-3.418903177331286125e-01
1.756108420887659616e+00
1.495856725599365777e+00
-3.270975614746388094e-01
