-3.823397785351755895e-01
-1.183512672526777360e-01
-4.568340172280507261e-01
1.624053462265286685e+00
1.087861575791264634e+00
-2.304728202504672252e-01
6.597700618206545631e-01
3.264695170275438985e-01
1.219740403849013388e+00
8.168124030309458217e-01
3.058757927112545905e-01
1.649851203995670090e+00
-2.169819744843012099e+00
-5.259853247718224711e-01
-1.165782902369798091e+00
5.633774427332272072e-01
2.656585007057887804e-02
2.446401444867361441e+00
-1.270740554165036063e+00
-2.381612256298521579e+00
-1.386135273006221524e-01
-1.114151476680264707e+00
-2.971885353350589565e-01
3.580053918830784720e+00
4.641762182273139192e-01
-2.838004001356711492e-01
5.260016442388559116e-03
5.589231113466412992e-01
6.039085951250235951e-01
2.010610148082403459e-01
1.458380683151410562e+00
-9.887551825292403285e-01
-7.342184236156185095e-01
-2.886958755089309658e+00
9.947528312701652276e-01
6.839040989230480427e-01
2.590297758881972001e-01
1.689520931820265748e+00
1.255292494575528384e+00
-7.938178670643181167e-01
-1.770255361801076566e+00
-1.201486666035688877e+00
1.249522374045498818e+00
-7.462249713006218199e-01
-1.356805311312115458e+00
1.163919315742299787e+00
-9.041584519156472544e-01
-2.397715703052287206e-01
-1.472598179687161890e+00
-1.116992381101897802e-01
1.209363341917973012e+00
-1.160840531553740895e+00
-8.454709268878228823e-01
-4.727839078024057007e-01
-2.326777885203543672e+00
-8.902587451920707107e-01
-4.959904470346789829e-01
-2.606663972345874214e+00
6.295066641182922584e-02
4.326806548088077964e-01
1.243954036518444273e+00
1.526260511092698113e+00
-1.510333267839275795e+00
-6.829887319679250890e-02
-7.027096701084080133e-01
-4.307958056013456299e-02
-8.027349488381659848e-01
1.682616994657684550e+00
2.232804613976955288e+00
2.601920551303638640e-01
5.441567491760955777e-01
3.119045169285648900e+00
9.796674504535987094e-01
1.229487694642898088e+00
-2.076962373418615559e+00
-7.578466144898424739e-01
-2.395682212152244972e+00
6.577700685355415411e-01
1.335080126485204799e+00
8.774834902460362795e-02
-7.918841724246618308e-02
-5.594995350841418524e-01
-5.081979960141126407e-01
4.033519201717538749e+00
6.231352332910349290e-01
6.748228875241421010e-01
-1.219502185309212505e+00
9.805123237369006706e-01
2.135785487568119034e+00
5.680094728381678282e-01
3.385180726470122248e-01
2.138717883431306976e-01
6.316788143945546441e-01
-3.344995404601440292e+00
-2.265327200250641049e+00
8.746799979786513690e-01
-2.155111349941362664e-01
-6.375660235606673831e-01
-2.470336143966312681e-01
2.560792243598863482e+00
1.532468403864668538e+00
1.891265330682894152e+00
-1.944054161707355011e+00
1.571432008965040872e+00
-5.364473611012816612e-01
4.552217471165501683e-01
-1.120702456542255199e+00
-5.429588318048094164e-01
-1.699278735212764457e-01
-9.602749917314173933e-01
1.342819709947383089e+00
-8.362127954705209643e-01
-4.972609766716349355e-01
-1.349731004248480914e+00
-3.648879481993988705e+00
2.165038203900463643e+00
-4.091888186706693631e-02
-9.018199828299161558e-01
3.727370120529084896e-01
-2.683314118916233504e+00
-1.814262115675675968e+00
1.907329775676975148e+00
-8.216368057918196355e-01
2.763073029263547475e-01
-1.560990374668253189e+00
1.745036331204909530e+00
-1.845115684422761415e+00
-1.404235023627922629e+00
-1.320631672531638934e+00
-5.424590531092636780e-01
-8.945735058772306125e-01
3.042345915112953048e+00
-1.378012173953765851e+00
-4.247949204923120448e+00
-7.730950387321732231e-01
-1.557830897183793306e+00
1.779754575115523707e+00
-1.470129259816032707e+00
2.433293787028511623e+00
-1.789594306393968770e+00
5.077497804698986039e-01
-3.315282076747171347e-01
-4.995239880341424965e-01
3.429305401088365568e-01
-2.856075751118868356e-01
-1.105754947464993476e+00
4.556603540009976916e-01
-3.350216150177806052e-01
3.393220839106662612e-01
-6.864581629402513041e-01
-5.886843402499428723e-01
-1.517044331061353724e+00
4.267454750306514111e-01
-1.507866517124066164e+00
8.784732274385340656e-01
3.974306708687105893e-01
1.522669382712061870e+00
-8.326490865066129565e-01
1.008897980171265640e+00
8.536992306081627735e-01
2.710974917314336263e+00
-8.868846112981547680e-01
3.777242505135405826e-01
4.736840832141599456e-01
5.554150650877899276e-01
3.929115870417769218e-01
3.430876950254770907e-01
4.520829649484214841e-02
2.956088174484837960e+00
-1.553542098898003765e+00
2.153528380332166758e+00
3.552113991436903540e+00
6.154652465203960254e-01
-5.923734378545731927e-01
2.709047614171339324e-01
-8.822060562857597654e-01
9.862442141220206793e-02
-1.695962826120123168e+00
-2.410837250911509688e+00
-2.770098632233636060e+00
1.573134550518484387e+00
1.659022954143902995e+00
1.557265736661062494e+00
-3.500070770898718209e+00
-9.290376385786540681e-01
-1.502513266844378137e+00
-2.489046091929896232e+00
