-6.621107526968635082e-02
6.960612864819749612e-01
-2.455902814048201432e-01
6.087998832862829834e-01
-4.043979262929474627e-01
9.924932336349746587e-01
3.918595971994583982e-01
-5.361219343921217462e-01
8.290010558118969808e-01
6.785555175393712668e-01
1.072842309518220461e+00
5.536336836831575736e-01
2.014992498084813011e-01
1.750276505270166871e-01
-1.035605067757100484e+00
-1.714211003452065230e-02
8.575381925400680228e-01
-9.123832958476761901e-01
3.414418434365117383e-01
-1.176298075408473309e+00
-2.658904987543257992e-01
8.384973127457246989e-01
-5.753371163074809669e-01
3.100894548075122659e-01
3.628071477433499337e-01
-1.370256676140382712e+00
1.014689398637056872e+00
3.403664590279348867e-01
3.976779847494151809e-01
-5.156743382987436508e-01
5.588651023549402463e-01
-1.947507769728331062e-01
-6.269530812789519958e-01
1.926085629726729809e-01
-1.113580134363254981e+00
1.002753149454677084e+00
3.404192788039982487e-01
3.709691140826076872e-01
-2.688947028763154501e-01
8.175691880804445422e-01
-7.117891189899051563e-01
-6.213888884019092007e-02
6.861894886469785959e-01
4.328435387129077050e-01
9.251877860295474321e-01
-7.815214760719535469e-01
1.195501741718162370e+00
-8.344160814628447387e-01
-2.044145334172134121e-01
-1.072428465527886371e-01
2.835828767592677435e-01
-1.033391209342443551e+00
-1.288068402194426643e+00
4.023090617203656794e-01
-5.563675741289256793e-01
-1.635110836843885807e+00
-8.961821578477988659e-01
-8.922360518001859475e-01
-3.531734998661550939e-02
7.927814168880672474e-01
-7.941010041222227311e-01
-2.649661781754567014e-01
5.985287597905235291e-02
6.970544536071164865e-01
-5.265283268203467815e-01
5.797236735884313541e-01
-8.197066933390484422e-01
1.101249587781440553e+00
5.501922999513468859e-01
-3.031765793384348928e-01
7.249860039214989227e-01
-5.130263998208621778e-01
-5.151575421836001034e-01
-1.134160510304629277e+00
-6.389944287377891108e-01
4.292786844193772211e-01
1.003605315339145765e+00
-9.556136771652429251e-01
-2.254963117292431152e-01
-6.853903059597927783e-01
-7.072232873965009770e-01
-2.856322919311884423e-01
-3.985068951712911201e-01
-1.090286339980016117e-01
9.480203993722642608e-02
-4.216939242304759139e-01
-1.023430769292355658e+00
1.815756996563619552e+00
-6.257454832789585142e-01
-6.823713566132341146e-01
-7.037586776340682901e-03
-5.565434808237236242e-01
-3.356562394323387988e-01
-3.971249577455125412e-01
-1.224857465719021654e+00
8.991431112427870076e-01
-4.950338228186842993e-01
1.671742911086666894e-01
2.168638017424011910e-01
-2.142221845423584181e-01
-6.858572188159391958e-01
-6.329385144447230438e-01
2.776691281330171956e-01
-3.470370458353355114e-01
-3.363265306352321016e-01
-7.834006157057460396e-01
-8.880640118524510962e-01
5.060071504185764679e-01
2.489347790760575718e-01
-8.794085639685235156e-01
-5.031334710416038858e-01
1.644233549884952239e-01
3.224971443921737513e-01
5.002343162045890246e-01
-1.115020398658706835e+00
1.623018670968949584e+00
-9.752111229900541078e-02
9.511914252954284388e-02
9.219276608570736720e-01
-1.047333123700760149e+00
1.342692422652911999e+00
4.565326162532983290e-01
1.247039721397448897e+00
-1.157087742979896916e+00
-2.863755261985408973e-01
-9.782477866218144968e-02
1.687889629462154262e-01
-1.914154861117114137e-01
7.033459511068781422e-01
-8.274041251836722344e-01
4.019900560857812000e-01
1.051878361543229001e+00
-1.988046245377078358e-01
4.092630069260070336e-01
8.347586776383243423e-01
1.219001529688248819e+00
-6.764362400782836238e-02
1.113189290059800329e-02
-1.598447685958275688e+00
-7.454001572082148419e-01
-3.833864566646241756e-01
1.504195300982142491e+00
7.961456722948000442e-01
-5.541104074982364791e-01
7.297855717637528050e-01
4.051315326284831153e-01
1.564488993982063425e+00
4.347092234016365631e-02
8.242988224716771839e-01
9.265972590390312291e-01
4.198617070266008611e-02
1.894069526877606435e-01
1.138669780047573354e+00
-1.446124114725798326e-01
-8.360409059635600659e-01
-3.891303618327138780e-01
5.727120719578050467e-01
5.471130874338079320e-01
1.154310561080229780e+00
-4.413961501480263006e-01
-2.066268242876436179e-01
5.401054061218225621e-01
-1.476924265649508961e+00
-1.984846984211489529e+00
-3.776076697556427497e-01
2.018099890567363053e-01
4.417345811115171994e-01
4.305071227316340510e-01
-5.152074123471175326e-01
-2.007263328843920391e-01
-6.903907162487832316e-01
3.360590822692131052e-01
7.326874361135454761e-02
-9.744692067796871804e-01
-1.617473035834675166e+00
-1.025513164807049654e-01
-1.862191123886178246e-03
6.455922935294210463e-01
8.929184570495822537e-02
3.840434673436280422e-01
5.229616450628029600e-01
1.368792908416793797e-02
-4.256998415019193627e-01
1.177847702322285084e+00
2.719630099249280564e-01
3.291894961153927213e-01
5.772448525717577272e-02
9.683989255141073338e-02
-6.411052180786119825e-01
-2.712099054695439881e-01
4.693200273466625605e-01
5.075946819854691983e-01
9.831908635196042745e-01
1.253702571039353009e+00
-9.846854558174240601e-01
9.540802311894076571e-01
1.819334698574900100e-01
1.864235898967352201e+00
-2.189014384909467870e-01
-1.006628421629899073e+00
-1.320537263511786796e-01
-6.978093241367734345e-01
-1.505149484261791404e+00
2.496617508104268524e+00
-6.710166376447861403e-01
5.930589404089369188e-01
2.706433828865414948e-02
1.148667666037394008e+00
7.883725032332561389e-01
-3.457497973022508608e-01
1.889819924330264356e-01
8.830284915540849155e-01
1.922883450909349534e-01
7.336685499190394033e-01
-1.119617938006848501e+00
3.086403557529369124e-01
1.449877226958924847e+00
5.604553213801289901e-01
2.903882247720120380e-01
1.564529380054606733e+00
7.385898059269098148e-01
6.754485607264042457e-01
3.455068557127631279e-01
-3.323004947899430017e-01
-6.049295813832544777e-01
-1.912949100473864683e-01
-1.126421678668849236e+00
7.108529406823040908e-01
-1.256016399743923595e-01
-6.097118160939466458e-01
9.877506903291219942e-01
-1.481169517649457923e+00
-1.527421457247369885e-01
3.777739886214534493e-01
-1.621391377940949174e-01
8.373294087128063667e-01
-1.149123434717288728e+00
4.128282157391451324e-01
6.481105207283356373e-01
8.643093087084861015e-01
1.826878594954048918e-01
7.655653178223955635e-01
6.401335278020956476e-01
-9.848957128349451473e-01
-6.954696452769790760e-01
-2.121872118002032792e-02
-1.219413122257401172e+00
-8.281469851157858830e-01
2.751882536947213853e-01
-2.958909016671396053e-02
-1.331592261575175185e-01
6.970770519076438521e-02
1.427350338253712048e+00
9.256038210288632939e-01
-1.935652694876501823e+00
-7.394451038183010860e-01
-9.000432576183022837e-01
-5.243979566626322253e-01
-1.785291871682267162e-01
-6.231173134232423361e-02
-2.160629671481933967e-01
8.369534089206145389e-01
7.289478109176866782e-01
-8.110693615709620996e-01
1.873849029741195549e-01
2.426216656358246015e-01
-9.839582952590960607e-01
-1.064771615108370151e+00
-5.963290748522314111e-01
4.914964395194072466e-01
-3.332637836614323334e-01
-1.261561191066311149e+00
8.818409092943380045e-01
1.213963997988355636e+00
6.619972228611520348e-01
1.408999983557125191e+00
3.993501976056033631e-01
4.272599966455953857e-01
-6.225815589962059304e-01
5.299619669099070451e-02
9.097103862638944438e-01
1.442835636909042485e+00
1.693419529320417671e-01
1.486063308457306886e-01
8.874456511384893886e-01
-1.352162111980159120e-01
-6.304013225967596279e-01
-5.568674161248512999e-02
-3.906733758989541783e-02
-1.227221106002918394e-01
4.420809848838108680e-01
-6.157646513397311283e-01
-8.915700651705110724e-02
-9.804201209265185346e-01
-9.669604147162719210e-01
-1.444012961241792348e-01
8.676330198377688596e-01
-1.347641280500161631e+00
-1.062156322646584883e+00
1.697809294261656554e-01
8.837831272352962841e-01
1.491013277799055681e+00
-6.069478358163443721e-01
-3.328522301425007046e-01
-8.325632509072217191e-02
-7.348424312033815520e-01
-5.458249662655415557e-01
7.691454239882915545e-01
1.139732986824499195e+00
1.823636234893010466e-01
-1.237198287148007503e-01
3.418209369978147949e-02
5.925169345043767022e-01
-7.266502006880970477e-01
-8.249614047504972847e-01
-1.038305884308991622e+00
9.419163833912742589e-01
5.189054930189643811e-01
1.014169377878181066e+00
4.691579886262856602e-01
-3.850837157683938972e-01
6.940662710960481263e-01
9.501452161300011356e-01
5.213342839641749160e-01
-6.873350317698168066e-01
-9.118505445924928177e-01
-9.872945734462978962e-01
-3.888083591409569606e-01
-1.183509111881579479e+00
2.951452727078813232e-01
-2.288073454236108084e+00
-7.808848584940538684e-01
1.425101582452423576e+00
-3.863010752702403239e-01
-6.611457208816433617e-01
-9.682701838325528110e-01
-7.424498009247103569e-01
1.383535083101523067e-01
-1.526050342120510050e+00
5.856255040426655567e-01
-9.911566059442409315e-01
-1.348772391170079743e+00
3.427174816066971275e-01
-7.938798093270671430e-02
-5.596886029401282325e-01
-1.040925908148581991e+00
5.384046960703653406e-02
9.527522825426139041e-01
1.886043387579379171e-01
-1.109822811286450550e+00
4.565874412122944981e-01
1.196126610409281144e+00
8.719573767726942481e-01
-7.710677136344707971e-01
4.287080730454584376e-02
-3.588619960091435912e-01
2.146324754841931082e+00
3.881544242724280780e-01
9.003981669097719243e-01
4.103634061071467776e-01
1.759284671019048840e+00
1.218911366957562414e+00
6.816270783379292375e-01
1.288220039777993042e-03
3.348970370329992230e-01
-2.742902025214798423e-01
-3.700056350069125810e-01
9.109137525678482339e-01
5.176885696400567172e-01
