1.353810911031488651e+00
-9.323639225698591160e-01
5.348541017863417402e-03
1.850064948214416249e+00
-1.545274527745658544e+00
-4.170713154527655453e-01
-5.727120758926666777e-03
2.035954701351572749e-01
-7.384376101414767968e-01
-6.684759580211145913e-01
-8.118236768340855170e-01
-1.696038286591385225e+00
-1.289738089528858822e+00
1.978468174378405608e+00
2.933593936817994408e+00
-1.152708137279583989e+00
-6.495481206595214996e-01
1.648097697523760452e+00
1.388680045457828749e+00
-1.050257073274588893e-01
2.416170286743507534e-01
-2.047660291227224039e-01
-1.711691543611550070e+00
5.287009356519933867e-01
-6.239488188025259507e-01
7.928640538455375975e-01
5.644463338895977511e-01
7.303548587556328853e-01
1.397036128190131787e+00
-2.501293304593331657e-01
-7.919076299033015465e-01
1.155017735936323620e+00
-3.437811261855976963e-01
6.929007764619528054e-01
1.194276889049154938e-01
-1.462723899110745407e+00
8.128290663461151810e-01
-1.296201587038605219e+00
-3.417209230604761339e-01
-4.774613113936546083e-02
-1.764281761369406398e+00
-9.854037383004299322e-01
-1.744402636963260367e+00
-2.131394203557613665e+00
3.783752027155694031e-01
9.612950138009839218e-01
9.878202024702587014e-01
4.823348474717975565e-01
8.409276445732116745e-02
8.495474089796758443e-01
-1.351123424597926670e+00
-5.061350135390775273e-01
-1.593841942207038509e-01
2.701773365810840044e-01
1.935886187064226882e-01
-2.199198350494791843e+00
4.470905247117477055e-01
1.173063078530140135e+00
-1.619298571173374834e-02
7.141081843381567040e-01
-4.504089603128643704e-01
-8.292852551932359262e-01
-1.336244072218448320e+00
8.992945608144981007e-01
4.994559630168928233e-01
-8.376596456075473540e-01
-2.072646003806445592e+00
-2.099646643519815115e+00
-3.470973101780000514e-01
-1.035867911682704090e+00
7.371139829427471313e-02
6.091111798346684481e-01
-4.789364275010298821e-01
4.273927061313754772e-01
-7.618068594034766230e-03
-2.052505512053234948e+00
-1.041681206003140181e+00
-1.447610672306904323e-01
-7.238170882397129136e-01
6.289095660790558484e-02
7.876253901278595926e-01
1.331166714699305587e+00
3.930182267288958586e-01
3.978628140949043157e-01
-4.830254917127365655e-01
-3.553285379262507426e-01
-1.357775155101337283e-01
6.132181751367499212e-01
2.150116674514261472e+00
-6.182190594547136708e-01
2.560124965941380504e-01
-8.497127202768126608e-01
-4.172104198448136070e-01
6.145218647294053982e-01
3.950321192266601500e-01
-1.188550918391942268e+00
-7.564302530108423239e-01
-2.747315965463472676e-01
-2.890174576353777836e-01
6.161770396887803480e-01
-1.636531266819104768e+00
-6.470501627938280986e-01
1.332260560740502919e+00
-7.088955929710386572e-01
-2.686181112116114988e+00
-1.232233155789923540e+00
-1.293679781419826424e+00
8.538752672138463229e-01
-1.380186833987425477e+00
3.982647211932631159e-01
2.379702959350174785e-01
-1.202117360585352568e+00
5.459677918129474117e-01
-1.949323736725759593e-01
9.266140935734085149e-01
4.865530501547699060e-04
5.048051211847770503e-02
-2.954253199209192493e-01
3.932736439490539526e-01
-1.597872959742440591e+00
1.795427007656099083e-01
2.900808237285832369e-01
-7.358727186388851482e-01
8.047154457192298160e-01
1.417338747260746823e-01
1.645098751908375734e+00
5.692329705180771970e-01
-2.023945015223278798e-01
-1.044573138032631299e+00
-4.084189648011585239e-01
-8.651467067410374412e-01
8.627121008691571724e-01
-1.858043141350851357e-01
1.307280254086117810e-01
-1.105230254136970736e+00
-2.790952417460814683e+00
8.338639258722352343e-01
1.090636152905058998e+00
1.187995466664089728e+00
-8.581070828479463453e-01
6.723290111659599444e-02
-9.557130912559180791e-02
1.554367602886966848e-01
2.073925748562587823e-01
1.463777724998920560e+00
3.784045936402812838e-01
-4.598012530059474856e-01
-4.084385940907859225e-01
1.135034627460332457e+00
-1.327495178868660197e+00
-1.135663277956952433e+00
1.710840452320376182e+00
-4.802544687550143188e-01
-6.793202452703597238e-01
2.124790794053293685e-01
9.729040365125427581e-01
-2.868077702889086922e-01
5.803794237394870326e-01
1.407649548825722630e-01
2.141777876530610025e-01
-4.592763354789914931e-01
5.637145151492680695e-01
-2.286789140392624653e-01
4.666262553749098152e-01
6.573563035264252674e-01
-3.728577424835397558e-01
1.951990658167479076e+00
-3.960064691310621887e-01
2.186309054011912889e-01
9.792235244588716192e-01
-1.105347548541663338e-01
-6.154236019420961101e-02
2.821917202482538967e-01
-3.158904140997221166e+00
-2.864749632840388749e-01
-1.586072862940800743e+00
5.501998199240371035e-01
-9.563445964217925921e-01
1.078700502280188767e+00
-3.120348042152319978e-01
8.261770517390036872e-01
1.476261154190100733e+00
3.564576142834233741e-01
8.046582473462191576e-01
-2.227153046340704934e-01
4.615379704331987742e-01
-5.481898994492799548e-02
-4.568506048249634244e-01
1.010001742122301760e-01
2.451490146161333650e-01
9.830685370808255330e-01
7.731783508546460348e-01
-3.067175235182252324e-01
1.111246681489766741e-01
2.164815558438315524e-01
2.531320250327834809e-01
6.261440240782745192e-01
-8.670712525997836817e-01
-6.198623281563455656e-01
-1.130303228272184990e+00
-1.375779490532237137e+00
7.799155729601298104e-01
1.310712676430838330e+00
7.816092752992129800e-01
6.601486203849733503e-01
1.184417720789211703e+00
1.021396953790886908e+00
-1.937712527734852364e+00
6.000679691887383926e-01
-5.047609432377240246e-01
-2.786119583455880511e-01
2.756646001339513874e-01
-1.355621488051034662e+00
-4.526356946175621454e-01
-1.094402403176374827e+00
1.643162064333608674e-02
-1.620439082436803957e-01
1.596515278529833104e+00
-1.567713574195513937e+00
-3.621500412816254233e-01
2.455605277860585467e+00
-1.159768176692301811e+00
-1.341255917178275192e+00
-3.209781034658753529e-01
-1.347857070893527798e+00
-2.818499071473336559e-01
1.000723035850339532e-01
-1.694042663605992427e+00
1.430810250001594564e-01
-1.513238275909667419e-02
-7.708038030056812984e-01
-7.604073269213262876e-01
5.087273907210261292e-01
9.685087546220541022e-01
-1.189202768781167652e-01
-1.077039114478158588e+00
-1.002743016265412290e+00
1.094757800356982447e+00
1.845294811678484637e+00
4.940480329343960308e-02
3.426493023348122224e-01
-8.044525137188586195e-01
9.858116221492124742e-02
1.248423652695887620e+00
-9.057311805739344246e-01
-6.469128701922113311e-01
-6.852763488759779087e-02
-7.223816357663326304e-01
4.424194163899115573e-01
-4.248476902065752014e-01
-3.705785621583662093e-01
1.373652428176611595e+00
-6.444357704750011129e-01
-1.136089065542649434e+00
1.160975282169547151e+00
8.682618883449452207e-01
1.751806050302547213e+00
-1.230934447237848728e+00
5.671758672131426149e-01
4.194019284824321292e-01
-3.974784644223124386e-01
-6.545916429357443445e-01
-2.266237944821476891e+00
9.481428318193259042e-01
1.505119923430457307e+00
-1.230061416063781721e+00
-5.933685918404094650e-01
-1.410246967135723173e+00
-1.741599627404997741e-01
1.682343660603083046e+00
-1.197922407813630130e+00
1.374337736821491740e+00
3.575932877329698889e-02
1.162664699669848201e+00
1.185740553367490291e+00
-4.750085540906146542e-01
-8.449305741740283926e-01
-1.206956678142547368e+00
3.991361806551216307e-01
-8.617265882911931962e-01
7.263608911023607118e-02
9.885349443969946304e-01
-1.986615495929097142e+00
-1.142548949062872216e-01
1.899791414168860160e-01
4.690929903165383386e-01
2.119510012725908665e-03
6.157350667092961194e-01
-1.261080161577286418e+00
-1.028068206060634093e+00
-1.713838932553525041e+00
-8.055372486357583739e-01
2.346105408959173744e-01
-4.896234163178148635e-01
-1.416931663879974712e+00
-9.124188537774835517e-01
1.155420759193209523e+00
7.529345470793338269e-01
-1.424198021211584786e+00
-1.319730330686438857e-01
3.146786405801700326e-01
9.964941843325223481e-01
9.991104139239554982e-01
2.221551212403022113e+00
-1.326019375334898776e+00
7.143275479109568726e-01
-8.262929664649695249e-01
1.043332638650265487e+00
8.489681100621915277e-01
-5.633882808229834227e-02
-9.048322642505652880e-01
-1.279803205029317326e-02
7.172393242505529232e-01
9.438362908374972049e-01
6.221512919473264347e-01
1.378209683969913724e-02
-1.391292855540398499e+00
-7.850448469894263925e-02
4.596562299071237923e-01
-1.026718950436303235e+00
1.242687842496165818e+00
-4.809044214875747292e-01
2.456375988571075197e+00
-1.632814682520432603e+00
-9.565403759045081333e-01
-1.796207732992947337e+00
3.663961825681146811e-01
1.183080244404419279e+00
-1.391212638217723396e-01
4.036437190672721442e-01
6.591007373355608490e-01
-4.486787044201437924e-01
-2.213673097684106583e+00
7.057305040454082690e-01
-1.217759162722164001e+00
-9.264821458458933900e-01
-1.670600570168524757e-01
2.398576807508119857e-01
1.985532399861226871e+00
1.564082877318639930e+00
3.497105659273658240e-01
7.947352548405813844e-01
2.129506702895081816e+00
6.221213872564322622e-02
-9.376997513967484377e-01
-2.576209619608602064e-01
1.408453846610586979e-02
-1.187607854262451745e+00
1.858127180593213357e+00
2.969416770852579823e-01
3.430487788743610267e-01
-1.347063744055794210e+00
1.915226323570519140e+00
1.891164918309370391e-01
6.847207540407448390e-01
-8.312759405188224759e-01
-1.187718388885392162e+00
-1.719946638288395668e+00
3.202758778958599839e-01
-2.054698844613336295e+00
-4.257313325472766863e-02
-8.509501865750295213e-01
5.809450432504511541e-01
6.226002811750352972e-01
2.185506483789400267e+00
-1.548954627751923385e-01
8.435888503550161843e-01
1.452568144600265398e+00
-4.828160208463661007e-03
