-8.340696168963011026e-01
2.060823224497940753e+00
6.229569579002514068e-01
-9.829116088693141684e-01
8.809224534550746943e-01
-1.593514754776717002e+00
-1.920799287370227038e-02
-4.709224089175776840e+00
-2.426178022491321667e-02
1.247562974640430422e+00
7.459813407252651185e-01
-1.106742327465126685e+00
7.105894710584541585e-01
2.667886266692524710e+00
1.411104294555424188e-01
1.078732271657115938e+00
-1.895162417398512433e+00
-5.866085591362577567e-01
1.141104586085189276e-01
-1.970575308604737286e+00
4.432828353567521557e-02
-3.559805666099241650e-01
3.434912027488260522e-01
7.084849014948289003e-01
-1.037903756571072478e+00
-5.748763238849303736e-01
-7.765547596536652719e-01
-2.297501564066501523e+00
1.196286661670081797e+00
5.779235995737751208e-02
-6.066460752259045242e-01
9.724898399763937107e-01
-4.274846060663454184e-01
-6.034335416194991364e-01
4.766176306528203455e+00
1.943471441917643261e-01
1.994122236174526996e-01
-5.646593273963229631e-01
1.088121961137624716e-01
-7.665263872682137603e-02
-1.060676015796042648e+00
2.364743484956689734e+00
3.291124462929904571e+00
2.400366649053670809e+00
-4.959578083316724673e-01
1.346648163154032352e+00
-2.751041158642737905e+00
3.213911818398786924e-01
-6.453682357950478732e-01
2.814575438192887358e+00
1.970718590096413703e+00
5.333664143514489364e-01
3.902760919294720132e+00
5.495731385700670657e-01
-2.534070984305444529e+00
-7.603726740461221045e-02
-7.775129513763856526e-01
-2.420662199699203487e+00
2.245056712349198680e+00
-2.854568672813495578e-02
-2.363596476267199264e+00
7.000519086826253456e-01
1.807053855905535578e+00
1.211000264340013732e+00
2.463195107004401141e-01
7.913841086201580666e-01
2.568577968467157802e-01
-2.038306503568731110e+00
5.380397225459558008e+00
1.296144788737473963e+00
1.329379216856003687e+00
1.031230246599565969e+00
1.548600546039781589e+00
1.815893965946355326e+00
2.967607588265558372e-01
1.329322938772929508e+00
1.113622455543737733e+00
-2.825301303549321297e-01
-2.828779965025932652e-01
-2.766519909380868447e-01
-1.211547189378052169e-01
-3.841431972866448108e-01
-1.396868042948432365e+00
1.699227894137372852e-01
-2.973884503629921072e-01
-3.213373639949056448e-01
-3.702840399215558131e-02
3.499009406845661196e-01
3.691455207796501270e-01
-6.870316996988374836e-01
1.008788236650168368e+00
-1.238005731239413043e+00
1.103605977702377117e-01
-2.888560744505126010e+00
-6.222978393131317620e-01
1.982989805220171542e+00
2.323154920781679567e-01
-4.751300332440253071e-01
-9.130335317118420946e-01
-1.167079942305082607e-01
-1.770197412416483207e+00
1.597072371062298324e-02
1.570922777714355956e+00
7.598768504186788064e-01
2.869743110235688510e-01
-1.835104290053928278e-01
1.115569274879629758e-01
-6.977323592817850084e-01
2.082058987477881651e+00
3.189336771399577941e+00
3.708861509996033146e-01
-7.705775932331655476e-01
-8.951566872826948185e-01
2.478615531983420439e+00
7.903369990557462810e-01
5.729549026050431593e+00
-1.785724038858468754e+00
1.496661614303961343e-02
3.811093506513615337e-01
-3.250014711943826629e-01
-4.215371998721611391e+00
-2.149357543965923489e-01
-1.552954468464107896e+00
-1.142176564393097005e+00
1.119057762457809080e+00
1.801875980075278161e-01
-6.034066085204330410e-01
-8.014083958199618163e-01
1.108834830238638380e+00
-7.252960017873898435e-01
-1.245262350914140725e+00
-1.168971076708428258e+00
1.413048975580142308e+00
4.391112967310694337e+00
-2.943301018162321370e+00
1.329403891302416603e-02
-4.731412225891666878e-01
4.933732409682216602e-01
5.384181307943400441e+00
-7.292358969002239455e-01
2.675451443756729497e-02
-2.277765813735393441e-01
-7.191097382391401505e-01
7.240976685556848036e-01
2.108282360448857085e-02
1.669334144492264915e+00
1.035848662608860327e+00
5.524356646460586440e-01
-8.398908474525694778e-01
-3.683900304546244842e-02
1.199409045020687348e+00
1.626680904745473333e-01
-6.126116840548763154e-01
-9.972431175145022308e-01
-1.947279728196453785e+00
-2.048838930000892455e-01
-3.151829699893074488e-01
5.994940761893010617e-01
1.652896083378552650e+00
5.227337270025722127e+00
-2.529252020304183501e-01
2.442126809754522121e+00
1.641684907994254705e-01
3.268075260356217537e+00
-1.258889273746130355e+00
2.692572967836462716e+00
6.106912040861511848e-01
-5.064314897278114902e-01
1.001366567945095376e+00
1.284972833276299298e+00
1.468335434895385649e+00
9.347656077782562356e-01
4.638760751221236989e-01
-3.087373267015212086e-01
-3.869140855144663771e-01
-9.407638488994851667e-01
-2.753593225243896603e-01
-1.230426152138319296e+00
2.298510038840247294e+00
-1.120827157292399789e+00
-1.119596648404263206e+00
-4.740978876308322709e-01
3.181647649332156602e-01
3.642035569733891309e-01
-7.979831509989911975e-01
2.600755011520207161e-01
-2.258011156669102792e+00
