4.056211099051350022e-01
8.728416022739459157e-01
-4.014125880565861393e-01
-9.508885834987028662e-01
1.222241092963476383e+00
-4.135714462678925507e-01
6.195253688114898960e-01
8.510782648932130323e-01
-9.502776192540432487e-02
-4.116681683957758020e-01
2.911134644417130990e-01
8.326637903002218621e-01
1.477786889515697588e-01
-6.651878589390874952e-01
9.883977541222249696e-03
-2.365760069567141577e-01
8.634970900785182701e-02
1.230655942775886746e-01
-4.561686295336514485e-01
7.147838095849868845e-01
-4.234990475405890908e-01
1.221766485145532877e-01
1.051495465936529705e-01
-2.727463517732358067e-01
-2.668613550721979921e-01
-3.694887955162377557e-01
-5.369786376209572110e-01
-1.581481808393725652e+00
5.444245604878747979e-01
-5.718869350860804612e-01
3.675530021968879679e-01
4.195051323688091527e-01
7.070311711700449919e-01
7.513317115755100417e-01
6.082470205705750033e-01
1.435936499770191221e-01
-5.207873678353226454e-01
-2.255231444849069011e-01
-6.628012815383862444e-01
-5.120672154714528412e-01
-7.402584866152933651e-01
-9.678794876003946057e-02
1.209259831286328413e-01
-3.986218547440577575e-01
-3.071258340932370712e-01
-3.664464691944789299e-01
-3.497536031490576791e-01
-1.528963670066694758e-01
6.382436339077465215e-01
-1.747901282198047190e-01
-1.711388727292480483e-01
3.277851343603013778e-01
-4.710792968606273279e-01
2.034402007441789839e-01
5.801653808399952483e-01
3.988316992181158427e-01
-1.126263700306834092e+00
5.018982523295353326e-01
-4.313978151380546411e-01
-5.307755644251950233e-01
-3.126199927326813732e-01
1.504119879927412473e+00
6.144053473869446336e-01
6.709521992738167739e-01
9.291262980659538151e-01
9.034037201984239651e-01
-3.388496972745040636e-02
-8.144408721104668958e-01
-4.797816993172178135e-01
-9.418985079598063415e-02
-3.605146869931388220e-01
2.218757522407739935e-01
6.521798037576185259e-01
-8.556140754615996213e-01
6.822997649798121511e-01
-5.046971300516787107e-01
5.805030344712205359e-01
-8.242756616797650149e-02
1.095568376200196925e-01
-2.891036195428692834e-01
8.972536488716262859e-01
1.021761409453996183e+00
2.893299227599297474e-01
-2.665115246056398712e-01
-2.289841766942621315e-02
-5.442411939286171396e-01
-1.381772933970218720e+00
-7.993781995992185196e-01
3.129493138264878849e-01
3.209049559261351048e-03
8.558362264559127297e-01
1.031319713867502874e-01
-1.171463925741706769e+00
1.769548337234145841e-01
4.541032120536435124e-01
-6.577473314327252352e-01
-9.824812449681512572e-01
2.239442903016773123e-01
-5.007797831560409918e-01
1.049826526956309847e+00
6.937034535584027384e-02
6.269648224239823264e-01
8.437199344699857217e-01
-5.620774337614762306e-01
7.983698399128361656e-01
-1.414297986788726202e-01
-1.077693882348267573e+00
-3.175966738475791695e-01
8.508117973518486421e-01
7.180347520028482755e-01
-4.892027764732505557e-01
9.574982297146806820e-01
8.457191955106990733e-01
-8.846735095875694066e-01
5.449426338000342707e-01
4.034238220609895897e-01
-8.947797949445456256e-01
1.143198356068783728e+00
-5.830690927541213320e-01
3.105899067331732155e-01
-4.263864583081875548e-01
-7.096464707434937402e-01
1.566150310806202206e-01
8.381180778449606184e-01
-7.876255044778532888e-01
-8.046802945491642323e-01
-8.071473915339316685e-01
-7.445744444811285279e-01
1.077460818082732086e+00
-3.558768055364047722e-01
-5.467299983038242939e-01
-1.088860999858507039e+00
-3.046613375231511656e-01
6.395977060014688131e-01
-4.916000954280566604e-02
1.162259466452506829e-01
-1.317482919862278945e-01
-9.720863818771717790e-01
-6.547197633242944903e-01
-1.081128330290495598e-01
-2.439497044429384809e-01
5.914896096913703216e-01
-8.175941978980211244e-01
-3.700887336768499125e-01
3.035638296456431018e-01
-9.338124797926754539e-01
-6.991746980365495245e-01
-1.018982788764957625e+00
2.416380530440215280e-01
-4.531961229082018816e-01
7.860591880670337872e-01
-7.071501833064698372e-01
-5.157368250463586490e-01
1.056483166369323490e+00
1.126075129537295716e+00
6.217319679281028133e-01
5.566345473118514131e-02
-3.906098715832114765e-01
-4.177836533641601791e-01
-7.450777337985389215e-01
7.500051858403137262e-01
-3.919383860861511137e-01
6.711825386295934281e-01
4.378728774155433712e-01
3.686486235295169944e-01
5.662026007718462539e-01
8.741575004036565844e-01
2.172822288218979880e-01
-8.901213951231299326e-01
-7.275940192129827233e-01
-3.875953699693177046e-01
8.226799772239704045e-02
-6.414076142768112554e-01
-4.563984993075109742e-01
5.150486601158394961e-01
1.250397574858670424e-01
4.707455220013946340e-01
9.429123920706099504e-01
1.847312361820197535e-01
4.643848128352884852e-01
4.574152883593379793e-01
-1.224168712570292472e+00
4.666707937046742360e-01
-1.095553345777892540e+00
-5.089077790115368316e-01
2.509186609407021984e-01
-2.771277813246068034e-01
