-4.351307859686398549e-01
-1.496395014193537265e-01
4.260873731527647368e-01
9.005827040032787778e-02
6.754946518515828613e-01
-1.519694387623883869e-01
-1.827010279641887891e+00
1.250349325198374828e+00
-6.135411086860225183e-01
-1.173315312274536282e-01
4.220986997249031591e-01
1.221903154970406524e-01
7.430081039391147613e-01
-5.300621654628708823e-01
-2.128409816169190005e+00
7.556363593958216329e-01
2.453159575503739143e-01
3.145618292709154162e-01
8.668552014607905365e-02
2.362929302786314079e-01
3.926917602755115588e+00
4.124775721737986567e-01
1.158814682884199865e+00
-7.644533237007182791e-01
3.497085295359020907e-01
4.370178855223460501e-01
2.293664854877373316e-01
-1.217061613393034758e+00
2.693781813926602875e-01
-1.982288126344502910e+00
2.342508643849012528e-01
-5.803787342922903658e-01
-1.165504408122142177e-02
-4.176960573175376168e-01
9.551337165276864161e-01
5.530475765015423484e-01
6.450087207544664969e-02
-1.284881921696985785e+00
9.199164530254269057e-01
-4.245307062046672630e-01
-3.680827132250329425e-01
7.050913550995129286e-01
-4.498604446617795460e-01
-2.133724534939068773e-01
4.340078433165139304e-01
-5.539667448738233579e-01
3.660213630398731488e-01
1.271448660887134208e-01
-6.274679838538893550e-01
8.445865133256353907e-01
7.734407791947671695e-01
6.437896285202581170e-01
-8.966630830686039833e-02
-6.202784802631023942e-01
6.524289587522525968e-01
-4.336411495069791844e-01
-1.677447222918497238e-01
-1.700108491418697021e+00
-4.587724965973975499e-01
-5.046697241813262735e-01
-1.421757382649607493e+00
1.359616040610763243e-01
1.811119554509241336e+00
-2.810280107089155877e+00
9.365582834782049115e-01
-4.631570256689449550e-01
3.949117616814529219e-01
4.371387561272408462e-01
-5.482277896364710079e-01
3.034279710100895588e-01
-4.530860085272783722e-02
8.068010666435541101e-01
8.652999370144541791e-01
2.781416410628613889e+00
3.527966017406519023e-02
-7.545016586301376282e-01
-7.849654625037387756e-01
-7.768899178962294094e-01
-1.287971473814860102e-01
2.627333463584471396e-01
6.757854632593128796e-01
-7.124604904013440709e-01
-1.263496288045826976e-01
-2.555664067602873679e+00
4.624121666718027379e-01
-5.642476301968687435e-01
-3.785883578662164184e-01
-8.072982280386952203e-01
-1.236284568044268006e+00
-1.586933397880215590e+00
1.272526584109995751e+00
4.120022800649212336e-01
-1.135595001176568086e+00
8.504972637373862110e-01
-2.056225179701603789e+00
1.115067368044520835e-01
-3.792961948976485420e-01
5.591741734794226648e-01
3.677781870642075623e-01
-6.594161199624462011e-01
-1.058651632910078133e+00
7.589396655243363377e-01
6.353382397151321470e-01
7.883337379975697834e-01
-5.729372971953172744e-01
-1.487441885526737118e-02
4.284316055770322484e-01
2.685479958317115168e-01
6.312076614895831828e-01
2.412233485785404419e-01
-2.644061507186253879e-01
4.429058723686667420e-01
-4.364027801620601332e-02
1.070502405216500197e-02
-5.723887604524597883e-01
-5.376829218910846864e-01
8.048703537647722284e-01
-3.489241859827748454e-02
6.563087181306499485e-01
-7.670801436205617607e-01
2.219740858977544140e-01
-1.147990642144351980e-01
-2.975120602734289132e-01
-8.922933367765359947e-01
-3.097151427967397841e-01
-1.621528536130248277e+00
-4.892444011148624483e-01
-1.070593890610047061e-02
-3.341196702342048019e-01
-4.539349214955261669e-01
2.531773904440461909e-01
3.454389041271672678e-01
-1.027777418308793989e+00
-2.739678807756014134e-01
5.157799352391836400e-01
6.459597980406084350e-01
3.637747415710853582e-01
-7.563498290876574659e-01
3.408748191742752565e-01
-7.905685891424375500e-01
-5.546983841092707479e-01
3.360354032104725941e-01
-1.911854908961343469e-01
1.484225723407987252e-01
-8.070601899639846533e-01
-9.786924602129393191e-01
-6.248729310191405428e-01
6.571097783968027350e-02
3.907913998894457785e-01
-2.714928743936700917e-01
1.289181311045176914e-01
-1.715715717836250320e-01
-1.841091076548556194e+00
5.869915884183518617e-01
-6.271389348106275463e-01
1.853211535898179330e-01
5.001165206864948143e-01
-4.272039393455351330e-01
-2.931771859464124552e-02
-5.580825695104462136e-01
1.630201875414980073e+00
-1.831176844296084738e+00
5.366478824828896377e-01
6.784673005265472179e-02
1.676312057010392431e+00
1.180069432326453782e-01
-9.254814209755937160e-01
-6.356030214227039732e-01
7.365038806834597329e-01
-1.142757613812782208e-01
1.420706801128923391e-01
1.125520192605407921e+00
1.894416097391590781e-01
1.552513579690785628e+00
-2.546284690699518460e-02
-4.019860051828618164e-01
-1.073487101923465900e-02
2.918878083590682238e+00
-4.074137494054859143e-01
3.485133889175131561e-01
-5.849119215784159831e-01
-7.704604273865691688e-01
5.964162520030198700e-02
6.994389300792556163e-01
1.711964905055149699e-01
6.102468557359519430e-01
-1.339139049851097774e+00
