-1.091068431186224652e+00
-4.163178595794678749e-01
2.916779865082613776e-02
-5.986160647548650210e-02
2.381833444481301632e-01
2.311633227958340697e-01
6.273659724561642115e-01
8.768494612231683139e-01
4.735859034114247024e-01
-3.482991603451737195e-01
3.444554342800105196e-01
-4.641747051265246449e-01
-1.410919199074773811e+00
-1.752652211629509793e+00
-4.092893550326689445e-01
3.925626286902905715e-01
-6.150100640226212612e-01
-3.277150373436387154e-01
5.745248261827533565e-01
-6.951378947230015815e-01
4.530901855412646784e-01
-1.019624609105590274e+00
6.221465512410819798e-01
2.204798325774844359e-01
-1.138055152399856107e+00
6.616632799391091169e-01
-1.185662306283480572e+00
1.090718564204026242e+00
-8.586988207961542274e-01
-2.757039731290012452e-01
1.373123231887876106e+00
8.278251405801466678e-01
1.083635624273977527e-01
-3.616758057737983201e+00
-4.691355751666632934e-02
4.254595459989669592e-01
7.846143372903155999e-01
2.226351143452673931e+00
-8.180492665042247147e-01
-1.113711157794257556e+00
2.699716125427503721e-02
-1.121597762846059249e-01
-1.928461183680341140e+00
1.399465402638425449e+00
-1.641758676354685975e-01
-6.158209420255317035e+00
3.049134368817547625e-01
-1.715324423944021959e+00
6.710781057086552259e-01
5.015528565843360709e-02
-6.503307327697316342e-01
-3.570925645359207534e-01
6.392701095786965659e-01
-6.462574483217069510e-01
-1.627745040739791982e+00
1.020356927791236767e+00
-8.664503119833578682e-01
-2.979016909816981862e+00
2.587518524701084566e+00
2.174700752454812869e-01
1.660521972102838029e-01
-5.159668789321356641e-01
5.661138695850170821e-01
-1.239287948413969387e+00
2.657018911178850654e-02
1.986674890487311052e-01
8.629036533542207010e-01
-4.721423780394853331e-01
-1.715057410955633799e-01
5.605933057568799338e-01
-3.351170746926105615e+00
-4.190576439693644017e-02
4.032751329354705705e-01
2.619227518355372597e-01
9.201400388267806374e-01
-7.006858180859718566e-01
-8.879655638194124956e-01
-7.442535256298119517e-01
-1.098549838479551788e+00
-8.626907639729390898e-01
6.447109518108388171e-01
-1.350337530355192550e+00
-1.630706822845681692e-02
-5.213943359547736911e-01
5.393034762490949152e-01
-2.562355168661266447e+00
6.610533740610855524e-01
6.033092147827316953e-01
-6.013991675998457964e-01
1.226886783963626826e+00
-1.004059190759787557e+00
-6.465465157032992405e-01
2.441619561705496086e-02
4.599973143108296303e-01
-8.747922728381556379e-01
-9.149796296122975070e-01
-4.655080910529029170e-01
-1.135028388082393036e+00
4.498721554493819719e-01
7.888719995081210357e-01
1.653055560415446212e+00
-1.890722537348343835e+00
7.613495660586439007e-02
-2.013224438417129836e+00
-4.188126783480410342e-01
7.117384819138117269e-01
-5.088650414212569917e-01
-9.667656254692746920e-01
-6.996792613477358369e-01
-1.045878449451361075e-01
-1.802862401483966703e-01
-2.142030204877885868e+00
-8.975477192219922795e-01
1.192085349148973794e+00
-6.370373832646353263e-03
-9.149988075985674429e-01
9.689920774697553529e-01
-4.854539373762946641e-01
-1.100306638632247980e-02
7.630429163885317223e-01
-9.965906827629081310e-02
7.009459852824633241e-01
-1.236600006062054946e-01
1.356107732888129913e+00
-3.211385798661453572e-02
-9.383600615109513043e-01
4.953098245364571939e-02
-1.914630024484832993e-01
-1.500290396904837120e+00
5.824968884652246270e-01
-7.097861814790581980e-02
1.671742095572895104e-01
6.327905693510824658e-01
1.040644173108440151e+00
2.982686529395126129e+00
6.559483156876828591e-01
1.313403811359457940e+00
4.219614872992026866e-01
-6.473434509266218218e-01
2.396137416841660761e-01
3.273617901796412433e+00
9.821941760689656409e-02
-2.500070387777433290e-01
-6.816933127141968640e-01
1.603599560189405415e-01
-5.594961933282260880e-02
3.212066062810764677e+00
1.481167640816131170e-01
-1.367865022934908303e+00
3.492149969649142593e-01
-2.365983055211373365e-01
-4.223888278915977068e-01
-2.141447716892865394e+00
-4.903789745122555943e-01
7.051130417671993555e-01
-1.362121338272080928e-01
-1.907555505327477530e+00
-3.064307491004494288e-01
5.153826290338459071e-02
-6.386784038234813998e-01
1.095597991290980233e-01
5.451546674388780822e-01
-7.218341906432097499e-01
8.297847385745579785e-02
3.292176321420528518e-01
-1.236526695821518196e+00
-5.825864485706971907e-01
1.774189150102283702e-02
2.305004409377288399e-01
-6.364462983852272604e-01
1.368610918753875527e+00
-3.354286558593035372e-01
-3.314338689637503776e-01
-4.439659433924343368e-01
-1.220971145903000821e+00
-6.447416640851685310e-01
-1.339450880819277545e+00
-7.643314426322023181e-01
3.090513062743510453e+00
1.863400362129839394e+00
-1.092958786645343405e+00
-5.264039238365781914e-01
-3.821951922273385538e-01
7.963066023503219126e-01
1.787481093499260765e-01
-7.474956738967900582e-01
7.084468862729320637e-01
-9.028492997613236648e-01
8.864472081333774067e-01
-7.434308244070400029e-01
-3.961719912127251719e-01
-3.136727795050827661e-01
6.579895488936621240e-01
-1.052626211876541262e+00
7.215105187356216643e-01
4.756631189287601202e-01
5.232832110269122761e-02
-1.315594821697751993e+00
-8.383415227904806866e-01
1.289982803414243095e+00
6.196218368794520481e-01
8.465332140976183917e-01
-3.731838416717215834e-01
-5.132784683417564997e-01
-2.503429592162245143e-01
8.093765967145991613e-01
1.433813658416480952e-01
1.235059094593889295e+00
-3.065168604211755965e-01
-1.220885430441497110e+00
-2.694225568695750583e-01
-1.321289795908122233e+00
3.150380987921699849e-02
3.641923607850859890e-01
-2.327392647284837857e+00
-1.356153552143935848e+00
1.740276621038918670e+00
-2.054901932535684317e-01
-1.530127753358529741e-01
-1.622998466660426464e+00
2.415960032675286938e-03
-6.783343934660517327e-01
-6.873674400241827076e-01
-4.391301740421510447e-01
-2.151170279199329238e-01
-1.387207978869696490e+00
6.543236258546968331e-01
6.521751171909678790e-01
2.547366306053441276e-01
2.433408841878429707e-01
2.150185931399409278e-01
-1.898204468536382472e-01
9.361383860268877033e-01
1.166147607403535513e+00
3.560805692406975309e-01
4.841616772875903529e-01
-8.685633915226254054e-02
-1.014528324990354946e+00
-1.229461739262049269e+00
-5.567694874287274498e-01
5.423327161358570958e-01
-2.176521200077668750e-01
-1.424432274062318871e-01
-1.767617426993954854e-01
4.349931607380530529e-01
-3.979553073876271330e-01
-1.032420855494779743e-01
-1.584060587937241804e+00
1.535380058616882648e+00
5.973049541777026850e-01
4.657320868336233266e-01
-2.646050132830905621e+00
-1.870659305087748692e+00
-7.721480290512114930e-01
4.512194256738976117e-01
8.072822181241229300e-01
4.727297103315865612e-01
1.850188211366224245e+00
8.976680952417006587e-01
4.206435223521722833e-01
-5.651910619661042467e-01
5.629273885731854721e-01
5.319544458338569815e-01
9.321808376777160343e-02
5.584002965939034446e-01
