7.527464735720590383e-01
3.364104076437015034e-01
2.204031766744687371e-01
-1.590350405096053743e-01
5.056727521842346862e-01
-6.958961319191084849e-01
2.375267612975981102e+00
-1.231503993592677038e+00
8.465572270770727048e-01
-5.721002724532944228e-01
6.107731137510939989e-01
-2.618949804161648132e+00
6.335193070367735046e-01
-1.921804175384230984e+00
9.179299131847920012e-01
-8.470902290512840604e-01
-1.100260517982048825e+00
-2.432990482665683629e+00
-1.173643047066899703e+00
-5.363728871848363333e-01
7.074336299533179329e-01
-7.119565370620399847e-01
3.938663528959613358e-01
-1.100454408065970835e+00
6.053416558822979354e-01
2.843713873131535674e+00
2.336636519370681064e+00
6.137720051836771384e-01
-1.224175655853903866e+00
8.494754970998608101e-01
-1.173727155930982757e+00
6.084236801909902459e-01
-4.098041619954143622e-01
-1.425887956729507966e+00
5.702265007654847562e-01
1.883245639370038749e+00
2.366709984479271167e+00
-6.909120359613276641e-01
5.861598820557674117e-01
7.175625782073725700e-01
-1.885008746799442525e-01
-1.036953603195860829e+00
1.386965011241790280e-01
-5.139573583160401693e-01
-3.072037858789373299e+00
-1.547989136679609468e+00
1.605246672207298442e+00
4.296131809261494183e-01
2.069523324449130008e+00
9.032176119626670330e-01
-1.577672667085348479e+00
3.678768271874042206e-01
1.756087925114557580e+00
-3.772543376685656424e-01
-1.311154862288977929e+00
-7.629922765737491286e-01
4.165393924683329363e-01
3.265968373504918310e-01
7.001212526088717025e-01
-2.476687497702765750e+00
-1.076300133427467109e+00
8.913949306573976106e-01
-3.020550829615762933e-01
8.645487504913151877e-01
-1.313400511392965653e+00
4.652058387848028165e-01
-5.985519682367976824e-01
8.834125098102765250e-01
3.256536244340815789e-01
4.879095100681526964e-01
-1.171483759360189558e-01
4.943657478337802891e-01
2.583854486580775545e-01
8.368404286370090261e-01
1.427290002426160775e+00
1.055492079885069212e-01
2.128815170645592669e-02
-9.696660406411988786e-01
-2.030507652207823810e+00
5.907134104645295203e-01
9.276415981268695266e-01
-2.776690390741594072e-01
1.613825840426529767e+00
-1.815645229274044592e+00
5.213271229203765567e-02
2.557061156354645703e+00
1.621747077133288251e+00
1.816165427419594636e+00
-1.917407720207885191e+00
-1.633860812061700418e-01
2.200516084506382586e-01
-3.423868612867154715e-01
-1.785217284308842522e+00
-4.568768087790975319e-01
4.819192449221313401e-01
-1.513274423393510038e+00
-1.560136793377751685e+00
-9.100931486263962311e-01
5.968877380874746397e-01
-2.416608735616122772e+00
-1.099818283239438976e+00
6.120688949419553770e-01
-6.240811993697088500e-01
-1.095084850834469936e+00
-1.671630470040259109e+00
1.137989940024481950e+00
-3.154576608218153111e-01
1.059170683150009173e+00
-4.025203486633189276e-01
-6.873065958391879615e-01
-6.883686759039127079e-01
6.351219127615803650e-01
2.872494366234145780e+00
-2.138501516465189489e+00
-1.888954194070003645e+00
1.159212898866761821e+00
-2.682597712620347630e-01
-2.336099368403610654e+00
2.564484286420650738e-01
-9.161631271222145934e-01
-2.117005172704776950e+00
-5.050556864719921712e-01
3.127332900287588258e-01
1.340560906726532053e+00
-1.208057894029717083e-01
7.254267531189124707e-01
-2.296499585808196464e+00
-6.689823759590783903e-01
1.057832213611983596e-01
2.107384629924321295e+00
-9.507925495493297907e-01
-1.523917550183786052e+00
-3.108022337180986305e+00
-2.344898945321019501e-02
4.554270875294106902e-01
4.009325208837151711e-01
3.065098311436587064e-01
-1.162501785133514876e+00
6.678104087404188594e-01
-7.918920289683010205e-01
-8.352435512391108707e-01
-9.190230940109647140e-01
-2.983628153756578971e-01
3.183423683058630993e-02
2.520302517260841757e-01
3.708199999813201198e-02
1.061571703722117288e+00
-1.278790076602687176e+00
-1.416132137886862097e+00
1.886406814756405481e+00
-2.702029292450305320e+00
-1.080887195392765898e+00
-2.234420822834373599e+00
-7.276910179267618295e-01
4.092667929127040694e-01
2.212523855615937673e+00
2.421133091512843727e+00
-9.642780738634733062e-01
1.752081139651566755e+00
4.539577457414145090e-01
3.679417701543750141e+00
3.603100208095245005e+00
3.247549712020457446e-02
-6.765699828275111294e-01
9.463233824975905151e-01
4.038865040425159147e-01
2.751754858664793080e+00
-3.242278506559849172e-01
-4.044557580972279465e-01
-9.724288539409024767e-02
3.267350574439539024e+00
6.035630726224883169e-01
-3.456225969951027821e-01
-7.245315841684081271e-01
6.292251526877110646e-01
-5.187545205100557721e-01
-1.509807712393898438e+00
2.896769192131480875e-01
1.136341103960443633e+00
-5.751146133869129429e-01
-1.850036270934323879e+00
3.632487835912737717e-01
-2.904242824557545233e-01
-1.023558617185405251e-01
-6.703137921985484748e-01
-3.231971644005684929e+00
-3.888953786768281518e+00
