3.279766664037175872e-04
-2.479492647312305231e-01
-8.636135609364912202e-01
8.109386215031276768e-01
-1.085579699166600687e+00
-1.101435069597844096e+00
8.384188960304203020e-01
-1.428386526039198690e-01
-1.466757950832878965e+00
4.523913042670271722e-02
-1.222279525469965433e+00
-7.651501478046109916e-01
1.095719739094600520e+00
-3.632970272362542330e-01
2.315124093897089341e-01
-6.854521445120722589e-01
7.546625792866185067e-01
-5.478250315810978543e-01
-7.769372037977803069e-01
-7.091154864529015944e-02
1.480413532372491847e+00
-9.269587821061573418e-01
8.106313573320848009e-01
9.050181636481936520e-01
8.999764280025723817e-01
-4.319205335057500483e-01
2.846255667349699148e-01
1.345401037234887909e+00
5.680480730437230674e-01
-2.900798869486609366e-01
6.862865302828936587e-01
5.577076720225325746e-01
9.498958636368931563e-01
-4.545865534327537816e-01
7.744332318192937992e-01
1.200174334075563565e-01
1.080087364050363208e+00
5.037660222323463444e-01
-2.112086154978962127e-01
4.750560071085336289e-01
-8.983093727037797516e-01
3.768504617680593083e-01
-1.052868919330966158e+00
-5.502673940040672118e-01
1.760218627834831406e-01
8.414485539988256768e-01
-1.284202936847895993e+00
3.061678194135862910e-02
-6.822076681061348680e-01
-1.417830572388334986e-01
-1.044291545210419780e+00
-3.494447284868099080e-01
-9.892809788543396321e-01
-9.566472536729278553e-02
4.093940554457284886e-01
-2.831284220841431831e-01
-4.395272237797670511e-01
1.454629631688502567e+00
1.469970979949126511e+00
2.218681095351288657e-01
1.751183096409009154e-03
4.066290764092179155e-01
-3.235026773399237165e-01
-6.042163836128351395e-01
-1.054470493474144455e+00
1.312544834293157381e+00
3.152975266808839550e-01
1.090225593820318917e+00
5.877994033403546315e-01
-3.449875245476619057e-01
-3.372880599451003047e-01
8.716434406039005323e-01
-1.923191131588528890e-01
-2.960884414304003065e-01
1.180137449686382844e-01
-3.157563735448993825e-01
6.143086424678430024e-01
1.178399462244558021e-01
1.328314222124062915e+00
4.303676772752612623e-01
-1.826008197771985253e-01
1.026149140115488967e+00
3.323084982165078749e-01
-3.674047136203580088e-02
-1.166607737279944601e+00
7.985804821418970301e-01
1.236180734437000717e-01
-4.553152392451234043e-01
5.920635992644714130e-02
1.920539970645564198e-02
-1.149397422362281596e+00
-4.467001229177506305e-01
-3.402435998959876251e-01
9.731311014709754792e-01
7.356144348036689484e-01
1.329044277564106258e+00
-9.573915468181124488e-01
1.010193909835397585e+00
-2.508116293749346193e-01
5.035515766937935789e-01
-1.777770164675693265e-01
-4.097361498129528656e-01
-6.084976830801311909e-01
-7.201089043277091317e-01
6.925317862386395351e-01
6.568833055558594980e-01
-5.379958760609732105e-01
-1.069212868066500954e+00
1.356576086224883682e+00
-2.353136695928904065e-01
-3.929674354244907519e-01
2.516421854496025401e-01
4.267715478498563808e-01
8.271118613432087985e-02
6.482712685351582627e-01
-8.654103114536462193e-01
-1.370171496965197633e-01
9.411936301603662791e-01
6.558837726469560758e-01
2.765969269204674452e-01
1.491621064290873655e-01
-7.374926445555822774e-01
-7.514412762781308430e-01
-2.488306043904060794e-01
-2.365324375700885995e-01
-8.621549330512587872e-01
-1.401034761061993317e-01
-3.118427116795915444e-01
-1.874922791279379497e-01
-6.444498707325316822e-01
-4.335029427587340223e-01
-6.162239450556582510e-01
1.449823072269555757e+00
1.941335708155980111e-01
-5.457835827495659542e-01
8.815997330574540936e-01
8.393412528473670475e-01
1.256361021003299383e-02
-1.177689515450752455e-01
-6.674766476624077738e-01
-1.926093601599127014e+00
-9.497388557315766811e-01
-1.001676600936630024e+00
9.482603574592778362e-01
-1.116771267543242185e+00
-5.477361847579468312e-01
5.687087532993914119e-01
6.906594111017537452e-03
-2.703816213257081436e-01
1.437243013214595022e+00
4.016594727048351521e-01
-4.675425173468433782e-01
-2.836117449495179077e-01
-3.642571786255988653e-01
-4.884273205820877650e-01
7.021375779239943382e-01
-2.296991159250458270e-01
-5.225136030893345884e-01
-1.349804913937242001e-01
1.240508930690122025e+00
2.777720722099542017e-01
1.251460758027980624e+00
-1.096763500803491220e-01
6.387656071991764106e-01
3.837204247397455470e-01
-1.159460880224136986e-01
7.771009950317475656e-01
-3.335937705411256005e-01
-1.150601352768158003e+00
7.527072629661382130e-01
-1.126119847595616896e+00
-8.718120250285403827e-01
-5.537619326132501296e-01
-8.878207743629548676e-02
-1.468107310318441439e+00
-1.205257862195069363e-01
-1.758780652772183317e-01
5.688633030854981509e-01
-2.227578717949461884e-01
1.640784661362230251e-02
-1.147444505769959378e+00
-1.829459054217595637e-01
9.083664903295977922e-02
-5.006916476074947386e-01
-1.469660268065429154e+00
-2.324194669793169798e-01
2.436789176262094125e-01
-1.297755565159641744e+00
1.672889077065553565e-01
1.065955332044435655e-01
-8.170409015493488303e-01
2.872982131667587979e-01
1.904872603752730820e-01
1.163499976485623311e+00
8.586370802243963318e-01
2.941167085431543038e-01
6.934616408029219137e-02
-9.452043604562226919e-01
-7.448350946494173286e-01
6.902369829952859082e-01
2.021527040968477684e-01
-1.055534804110385805e+00
9.748923197681561570e-01
-1.559254959050324352e-01
-8.059439877216254544e-01
3.616971819177982050e-01
-5.285825020737944246e-01
-8.359689880820372343e-01
-3.881620932830357473e-01
5.636425991769548061e-01
-4.281680035414291430e-01
-1.125140863014748582e+00
6.132332188354714386e-01
1.401488192867944571e+00
2.551368182454082922e-01
-5.364324650856715504e-01
-5.382852451297950869e-02
2.048916843080137717e-01
-3.355041534241759993e-01
-5.992290109274480692e-01
1.574185549162718245e-01
-3.475061520350203881e-01
1.406454213224108907e+00
4.354320883090002647e-01
3.692489497856724645e-01
-4.201512227053635917e-01
6.541059657123765581e-02
5.996501685843725893e-01
-2.485666720878736413e-01
5.987435272044910883e-01
-1.001949162844848695e+00
4.439859323002591784e-01
8.529099591591445817e-01
-9.625122140614178479e-01
4.121205302558247352e-01
6.992135021701187947e-01
4.719449253452079329e-01
-5.670399139273182287e-01
1.139764635958905731e-01
-1.546620786847754114e-01
5.514713339154999616e-01
-2.264025025033401528e-01
-4.691230818667965763e-02
1.047786261327238178e-01
-1.020790869550315672e-01
-8.071586095811509320e-01
6.075790080838718854e-01
-1.894946840541019417e-01
5.592514674283084464e-01
6.338676813193377946e-01
6.706338488238829942e-01
-1.124908255555604919e+00
-1.110907547827744812e+00
1.306829972440180176e+00
-7.343890088883696654e-01
-5.415093982254614025e-01
5.461273389960845659e-01
6.938483125374188543e-01
4.952691830479519774e-01
2.862900985226367045e-01
-8.771607398641902975e-01
1.120772070688763167e+00
-2.422241446232482609e-01
1.664837502349412190e-01
8.614430919862142710e-02
