-1.187131429070980904e+00
-8.000258885277117260e-02
-1.843722217763081872e-01
-2.057974744002882828e-02
-1.465887888111570669e+00
1.975499325170268605e+00
8.685811238380006238e-02
2.208227521666793203e-01
6.975727770746384948e-01
8.269409637318423378e-01
1.652707308365867767e-01
4.652238528348147106e-01
-2.292159869092264657e+00
-1.106816748277474449e+00
-6.114912521364518350e-02
-3.123661306001324967e+00
1.890398342258989284e-01
3.200438283500245396e-01
2.736605637703830585e-01
1.773319139122840449e+00
1.926326818044375444e-01
6.081961911214139871e-01
1.253116832211621512e-01
-8.112190825902147739e-02
2.922924061648178862e-01
-4.471565629747459858e-01
1.848044748451947022e-02
-5.808291741097164618e-01
4.841988490714124183e-01
2.509758030741309209e-01
4.845933879588153192e-02
-6.857573195316629677e-01
7.518640965310131596e-01
-1.152440702880364320e-01
-3.753066530657497291e-01
-3.590058322807094804e-01
-1.329780459424642070e-01
-1.752111980714297967e+00
2.843593415831294768e-01
-1.011385121440817880e-01
-3.082857975326355748e-01
-9.786486224141672796e-01
-1.171538382432155134e-01
6.015695928749178467e-01
7.023896008940460067e-01
-1.670506885454640378e-01
8.490914909944926592e-01
-9.631636016755531493e-01
-4.328085274684966288e-01
5.542104770466096397e-01
3.001461510626984852e-01
3.243225868086202501e-01
2.875204981401774385e-01
4.305803145353357397e-01
-4.504501438938086633e-01
-7.035632175848185454e-01
7.917624278478260780e-02
1.091224012414716782e+00
-1.239964645066016224e-01
-5.085749269479423740e-01
1.474991989973939988e-01
-1.065950405213766050e+00
1.790767528911767048e+00
7.959721170143427837e-01
3.764813168392796422e-02
2.569192651836624819e-01
1.289134412894768378e+00
-1.985799534837918989e-01
6.203779804597713693e-02
4.303068013374713313e-02
-1.725156884450628203e-01
-1.413408516949135940e+00
1.139589124409077225e+00
-1.312241026651631337e+00
-2.610888910876848490e-01
1.066121930211971547e+00
1.324864741298359183e+00
1.641768019467756967e-01
-6.185123571303671741e-03
-1.903220453020725067e+00
8.510460895838749540e-01
-4.260262037411663982e-01
-1.324052624118452703e+00
-5.132961460149267907e-01
2.155252179070678564e-01
1.019275867870128360e+00
3.694527244350768180e-01
-2.478020685490985586e-01
7.304867879986769452e-01
-4.895726488623246553e-01
1.134733241138898840e+00
-4.588084424197363398e-01
4.518247769688388815e-01
-3.153523081918637727e-01
-6.358316107999628652e-01
4.766926180592004347e-01
1.327829559093943956e+00
-8.390380649510187361e-02
-3.156485348484157627e-01
-3.949681192854554435e-01
-1.488814972940651460e+00
-4.982827500297245527e-01
-3.260103527634459208e-01
3.914026791881908274e-01
2.635192059222624117e-01
-1.372886622014492852e+00
-1.085471531297777625e+00
-5.328276734108784440e-01
1.277051680541496204e+00
-5.897491570405020145e-01
-2.207639612098621917e+00
1.275203995594658135e+00
7.351042753656612527e-01
2.499088868015167386e-01
-1.895384922041916109e-01
-9.340529686841084200e-03
6.584663964515037549e+00
1.425320156074838529e-02
-1.160518010978766335e-01
8.260851444337354854e-01
-3.367887810541637883e+00
6.849125784925326199e-01
1.726387028006434177e-01
7.279417239035299581e-01
-8.108179338213301612e-01
-2.719770245068583309e-02
7.660192769737788065e-01
-2.867484951331429888e-01
-7.419062391853303851e-01
1.175195720843919434e+00
1.200094211046148995e+00
1.695809555770297017e+00
-1.524341746248532470e+00
9.263055367493148173e-01
8.773997986967003726e-01
2.514693416055077679e-01
4.951335476699373350e-01
5.888733646761296070e-01
5.727440403515723366e-01
-1.589446640823587220e+00
-6.601217678821713619e-01
-1.777434172524108291e-01
1.108030529476367487e+00
3.976582076309586600e-01
5.083509307061149229e+00
-2.794943742189689440e-01
-1.351057149481872166e+00
-2.086776706965985717e+00
1.694861108808197070e+00
2.909541934504351612e+00
4.861228937490655877e-01
1.510311297994820556e+00
8.229994570705487789e-01
1.840090799271026367e-01
-2.604857208144968350e-01
-8.291967896766998525e-01
-1.798500695574936914e-01
-1.263603501120996730e-01
1.393271578361165552e+00
1.257774115895535338e+00
-4.337021599281243311e+00
3.274814271078319017e-02
1.524349925024866548e-01
-1.130287452253950775e+00
3.038205228804022329e-01
8.789088358341429208e-02
1.346659438277581833e+00
3.959603455195898625e-01
-3.044774225540097801e-01
-9.737254322191086775e-01
3.855307664427626291e-01
5.812526538905299356e-01
2.767964687655070088e-01
5.530340908669755251e-01
2.197795607587534061e-01
-4.968103364814941969e-01
-2.737658462238606871e-01
3.714263352623140557e-01
-1.723240455753988432e+00
-2.257983025290372092e-01
8.138101096855080430e-01
3.086835561213830958e-01
-2.291180716898190695e-01
5.303745287481937964e-01
-1.536142381407275881e+00
-1.234866823887289800e-01
-8.156768076397895584e-01
-5.962900196648746043e-03
-6.164100444167415205e-01
9.602296109636432320e-02
-4.243539169515034293e-01
-1.277818295378709834e+00
2.187444457562489064e-01
2.357693274129904482e-01
1.602128623810661623e-01
3.180874474896021320e-02
-9.585946148137265421e-01
-2.499538739256823128e+00
6.665160840294273581e-02
-1.609846644744782895e-01
-2.258677914271718379e-01
-2.791342074339564050e+00
1.197607386359416243e-01
3.452580099839901995e-01
1.390155728069404795e+00
-3.824151954152558153e-01
2.324016608679070894e-01
-1.335699564467307976e+00
-2.688167223740065559e-01
-1.620274277752750125e-01
9.765955175007314804e-01
6.802242092496937342e-01
-6.710141347764055908e-01
8.678959656006658419e-01
7.632615582600719151e-01
-1.350100648493942068e-01
-4.604366931403472973e-01
2.307851342179138843e-01
4.047422946966572344e-01
1.048241112716985945e+00
8.946510954773522206e-01
4.320162640059301840e-01
1.460141996872737824e+00
-4.722598885849873529e-01
3.031238278543222364e-01
1.841902518092279339e-01
-1.840915575254963965e+00
-3.280623930279041867e-01
4.351077896439761172e-01
-6.881413276142901436e-01
-7.369859542294001642e-01
-1.793821231819113793e-01
1.578194327650628503e+00
9.381595922546454025e-01
1.277251254287917748e-01
2.260865810259191089e-01
-1.497462217237411242e+00
6.946437748169032034e-01
-2.111129701085316945e-01
-2.611620771221012660e-01
-6.148014131386077968e-02
8.450731809052993704e-01
1.250322134566584253e+00
5.364428633192305229e-01
-1.357667386153607048e+00
-1.317275690340269811e+00
4.316482774840581516e-01
-4.626988675601861889e-02
-1.020996842049090025e-01
-1.529357310879864151e+00
2.643763332005056865e-01
3.269793077614512322e-01
-2.048063354894965327e-01
4.306228124537081481e-01
1.271256120419138824e+00
-2.777235077129946994e-01
1.040543650569553780e+00
3.276455932657682091e+00
-1.359996339826652356e-01
-5.625609061260050670e-02
-3.479425310659750581e-02
-4.979348979017572119e-01
-7.717383113737819045e-01
-8.736461153912436495e-02
1.381837000779079005e+00
