9.913308875023436606e-01
-6.545969943662022228e-01
1.676087674120219917e-01
-6.005377274403556065e-01
5.947233245447026695e-01
-9.924999109972626465e-01
7.696732466045030918e-01
2.656314796366013864e-01
-8.399619617142384254e-01
7.270945990760927513e-01
-4.301581178283648832e-01
1.559806394723718126e-01
5.418583365369982197e-01
8.012817106568439485e-01
-5.192693846916451861e-01
-1.359311689680737512e-01
-2.362084583031075768e-01
1.533352306794377173e-01
-1.266822765978641074e+00
9.687794272408500884e-01
3.652895128338289055e-02
4.528726592377655402e-01
-4.999428731059536446e-01
-1.054236820087727677e+00
-4.558229383513404676e-01
8.151884712519149589e-01
2.711189969385502385e-02
-5.567871678611500119e-01
4.093456612005332285e-01
-5.612583103254720207e-01
-8.022437143576924834e-01
-4.961384761934183873e-01
-8.009573143862797062e-01
-9.277402873589288279e-03
4.794964143246341348e-02
4.884430415002909420e-01
-4.659294277548133856e-01
1.041401012603221238e-01
-1.007088856221822537e+00
6.273072558311350022e-01
6.730660254339865256e-01
-9.544386830569540070e-01
-7.135565248211696021e-01
5.381850114754772596e-01
6.988263140180310806e-01
7.768963548654601592e-01
7.088116833258434335e-01
-1.026109852687392632e+00
9.729323403274889870e-01
2.260446519298103529e-01
6.796453592336129113e-01
8.093514094702011219e-01
1.128672648287745162e-01
6.216016301119493548e-01
-1.098838112105300580e+00
-6.890566745913193625e-01
-1.448605842240104913e+00
-1.260767621596796950e-01
-2.050153129204716207e-01
-9.153536593541675148e-02
-1.317952368690440856e+00
-2.722504720890829844e-01
-5.784278833645896123e-01
9.084021698272455314e-01
7.941094398424657363e-01
7.149027031378276664e-01
-5.550099528683469785e-01
3.128022056733985035e-01
4.059452851886153346e-01
-1.352007640405631816e+00
-7.865985220026290303e-01
1.840416245879535756e-02
8.372997431184298067e-01
-1.304681176716087743e+00
-7.548991628480310467e-01
-1.994479099233985031e-01
-2.139753299277934867e-02
-8.448707997209193854e-01
-9.387637901130898577e-01
4.243768907298259840e-01
-7.857176504420867458e-01
6.725285839578735159e-01
-1.056449677957636557e-01
-3.983117658096887448e-01
-1.444603403579826528e+00
5.127179275632758326e-01
3.373824492256677354e-04
1.272986645481009350e-02
-7.350152265421132647e-01
-4.073815516064798747e-01
9.329980320593036502e-01
-8.892729915327842738e-01
1.527466999290142402e-01
-6.013069584136925272e-01
-4.597939665038905943e-01
-5.287512415048798431e-01
-3.415312040482120781e-01
1.447692442382206623e+00
-5.080997889377835142e-01
-1.476500925544834697e-01
5.017926893210848949e-01
-6.164408286367226708e-01
8.873872495165840979e-01
8.720277217724210495e-01
2.934448379847240940e-01
-5.399398965750517032e-01
-7.846724438962296433e-02
-1.591911712606172424e-01
-6.107810169737144523e-01
3.411993786299814535e-01
-4.416041312959608223e-01
2.842769043319681166e-01
-7.627851798426610319e-01
2.499940461523360580e-01
-3.105090943237023837e-02
1.207175991567649431e+00
4.675764346486169787e-01
9.263470865985934388e-01
-3.866680225217725142e-01
-5.134094220998607350e-01
-1.834802826019601873e+00
-5.506475531952301772e-01
9.665265360194021937e-01
8.497271525671531434e-01
-2.386181191425969933e-02
1.080128720936024689e-01
-1.305282016360539199e+00
5.634402169132787241e-01
2.719872859751924499e-01
7.901915494712263843e-01
-2.244865937376220866e-01
-1.260997399553161591e+00
3.755224542013868572e-02
-5.447722397388818916e-01
-1.193848746379288617e+00
4.513352939354061677e-01
1.041746781165466124e-01
-4.636744804633721184e-01
5.126802573737804236e-01
3.118792624049603057e-02
9.784681675964461423e-02
-1.261054474957782778e+00
-4.251797473162635121e-01
-9.191454186602793230e-01
-1.664290497381336609e-01
-4.030117190854490272e-01
9.581839931825765488e-02
5.764868476833995281e-01
1.647883580050116814e-01
-1.162293339532528558e+00
-2.242228451437558168e-01
6.647359097638658176e-02
-5.705972267190364544e-01
-3.400662706208892883e-01
2.441367425618510834e-01
8.367044613442975454e-01
-5.907690305054515978e-01
-7.049472576138522406e-01
-5.682440174334889571e-01
2.306790286231743536e-01
-4.380570650191415588e-02
-1.470652622320153480e+00
-1.245980024747833648e+00
-5.578983340620543574e-01
-2.749928490118573321e-01
1.071991798248909944e-02
7.170229311243353498e-01
-7.335434580329809329e-01
-1.513480245163934423e+00
7.507780021317940200e-01
-9.155445320930254427e-01
-3.822162343180331434e-01
4.107949888676722949e-01
7.203179607256361416e-01
6.425080576921606834e-01
2.804992437968699681e-01
3.688763120816002106e-01
5.361618473349718528e-01
1.613054768335056011e-01
5.885012817630271842e-01
9.330733282541338047e-01
3.911337998322283460e-01
-7.691892073889406989e-01
-3.129397046802747523e-02
2.419069286051968581e-01
-1.041617258686292069e-02
-7.370929663143327426e-02
4.822014358546476975e-01
7.412527438481901765e-01
-7.816445260010256302e-01
1.017842402927217282e+00
-4.982301716536726710e-01
-1.442976014025071918e-01
-1.722896827759375693e+00
-2.100225943305382703e-01
3.582579049811178695e-01
-1.341212141384987566e+00
6.133798266342891381e-01
-6.751642242030454488e-01
-6.716829310206585690e-01
-1.243612284524099998e+00
-1.435124946194778817e+00
-6.694276816072350922e-01
9.611257082597671753e-01
4.321421807631697365e-01
6.873487119007798407e-01
8.639646134302418901e-01
-3.888984896064158758e-01
-5.528810704146694954e-01
-1.157800283565975086e+00
-3.269689567993913637e-01
-4.235505600361310630e-01
7.819879013685709923e-02
3.036186713053000696e-01
8.038612648573797426e-01
-1.222552930719699865e-01
-9.000546543982168579e-01
5.344636567818202844e-01
-1.352933293300619677e-01
2.770530775916780208e-01
5.014215094269295347e-01
1.275014812179846302e-01
-9.235828834148454014e-01
3.483917621737449011e-01
2.497422735969111185e-01
-3.572743967856463199e-01
-3.687103270381191233e-01
1.426446091138594330e+00
4.391242892818251198e-01
-7.556750867433629226e-01
-8.220554147000534995e-01
-1.251802731159854298e+00
-8.037434076140022032e-01
-1.063879075194731905e-02
-3.712739094334320256e-01
-1.318706949319975452e+00
-3.911834047965101480e-01
1.013986008482000933e+00
-4.344935814602468582e-01
9.465603846660837206e-01
-2.698647121545423300e-01
1.922093726932384783e+00
-4.726522913556617800e-01
1.162263421722027346e+00
3.562644094281668117e-02
2.331009072517855607e-01
-3.934144587378291535e-01
1.612797811968240957e-01
4.912815752004698333e-02
-1.452726481285039339e-01
6.915781281414428161e-01
-1.332316162149536076e-01
2.560562862016413366e-01
-1.177422204607171619e+00
-1.065947425362831907e-01
-8.866436078450959934e-01
-1.816637836448141141e-01
-5.496746306800336379e-01
-2.282086580754512928e-01
-9.334017671671317462e-01
1.028007268082826720e+00
1.374430433409490615e-01
6.506192079649119053e-01
1.051741250413977369e+00
4.906123317202489287e-01
