-3.263829679532019856e-01
1.024251196080721904e+00
1.774434884200552509e-01
-7.864151626193214284e-01
-8.104292490712112773e-01
-3.508039142999651028e-01
6.894877355332225122e-01
-5.475068690810770411e-01
6.709678337089869382e-02
8.122444257923040478e-01
5.942284275478713074e-01
-1.021118595163317710e+00
-4.045065985970717759e-01
8.068168548684366836e-01
5.222024416732962138e-01
2.048118273669288669e+00
7.581498678113151035e-01
-8.128367947759971290e-01
1.891032268576680275e+00
-1.109970057484679362e+00
-4.254598312352884659e-01
-8.713733384329100939e-01
1.001901507210303022e+00
7.513876264819777662e-01
7.441667343430107273e-01
1.269817304838605887e+00
3.666270650264370490e-01
-6.507875914744905010e-01
-3.647034258860916145e-01
5.021338174222398365e-01
-9.099155120710378242e-01
-1.448941596054091063e-01
-8.020125530551353021e-01
-1.151639225760800356e+00
3.040541936173953852e-01
2.363270218114410515e-01
2.927997033151282236e-01
-5.386953586909120073e-01
-8.199571976527735284e-01
5.856237554738186191e-01
-7.720407752604048213e-01
-1.559521483627339944e-01
7.427808839582124012e-01
8.840750981433859179e-01
2.408401262157227052e-01
-9.963588372796896575e-01
-1.062489565829933591e+00
-9.347499567558975597e-02
-2.125834771231574494e-01
2.725355553104647291e-02
-2.605474783210974532e-02
-2.226358332076291968e-01
-9.969492634516100016e-02
-1.194769115838096418e+00
-3.926113378403190968e-01
3.596352082611398160e-02
4.514811980535257119e-01
6.147281144898264493e-01
-1.295982308746607692e-01
-2.722037520858709425e-01
-2.708230456571433242e-01
9.026347061063857424e-01
-8.688540881908668467e-01
8.127929929750790095e-01
-5.788441447867882506e-01
7.685407713749429215e-01
6.696933388735757386e-01
6.831668284423951798e-01
4.940097344972641524e-01
8.724483943176077894e-01
2.227976307931973654e-01
7.438119307824506699e-01
2.564825723765408738e-01
1.526172945513971868e+00
9.293003071298693296e-01
-1.221392526600378226e+00
-2.918028029085641961e-01
4.741750109329763707e-01
5.681998993145425114e-01
7.452634904132162674e-01
-1.200539417470590120e+00
2.782386507512583096e-01
7.264970742810318571e-02
-7.650514064453122209e-01
-4.244692421747797151e-01
-3.271966030177826390e-01
-2.068650708980709574e+00
1.215519826627535771e+00
8.417079519119800013e-01
4.644006943010723365e-01
8.626247777465793076e-01
-1.752862529763303256e-01
2.148760621090207157e-01
8.265175714049437516e-01
6.652570344527574120e-01
6.613839776644252488e-01
-1.649094657626763771e+00
-4.431317886455083954e-01
2.647405410402362547e-01
1.077153529896971218e+00
-1.232000637347715338e-01
1.746287955914243906e+00
6.511288477646466344e-01
6.097604249685645295e-01
1.276090164176507891e+00
-4.307696651564749124e-02
4.562547039698451878e-01
6.497488588588312686e-01
-5.883803055442423657e-01
-3.160774960846632897e-01
1.653952550837788915e-01
1.076371876626870394e-01
-8.820792536639679993e-01
1.121997463386103788e-01
-1.319095622483120067e+00
3.048698516068780173e-01
-4.634037517581410248e-02
-9.861871447351712172e-01
-5.075985907274312980e-01
-1.319883108784908554e+00
1.818279894895310500e+00
1.811543728859766667e+00
-1.019719447932262657e+00
-9.993719684129336311e-01
8.072490448407944053e-01
4.960362616753902221e-01
2.351000149452003307e-01
-2.191059063750624980e-03
6.314918481808080575e-01
-7.351774162653954559e-01
-8.132089200748116031e-02
-7.509785410033031905e-01
8.830017148858027021e-01
-3.572610965506795022e-01
3.434157459767689380e-03
-3.478628408273320538e+00
4.123248194386199827e-01
-7.363866587464057423e-02
-1.466048337814348068e+00
-1.482110247587808405e-01
2.201549260851418666e-01
1.558351302338628175e+00
6.982514093203222583e-01
-8.892969913157613426e-01
-9.159973711451316891e-01
8.574748921689204217e-02
-9.119390011365423321e-02
-2.965018426049687572e-01
-4.928614975609920679e-01
-6.437832418600974993e-02
-1.497408701522433550e+00
1.340903994755402895e+00
1.313864428025340314e-01
-2.295584802479477826e-01
1.494098972123605873e-01
-1.706332119137952685e-01
-1.498592532220561990e+00
3.766042912306911683e-01
8.411454036231725828e-01
-4.075862128518612515e+00
-1.260394911245862337e+00
-5.090485002005593618e-01
-5.532513535259946380e-01
-7.535134754102097432e-01
-2.631510129471019699e-01
-6.753498410417274611e-02
-8.840513059290739939e-01
9.530611165840654486e-01
-6.309641257099397604e-01
-3.728383232344774645e-01
3.039658816531500829e-01
-1.199206711166546924e-01
2.681963073313519130e-01
1.394573235289845892e+00
4.052817014477902435e-02
-4.205809185958209739e-01
2.085690467081317834e-01
5.931798954630369547e-01
2.406160736007962875e-01
-1.240205985941663203e+00
5.854668293481464225e-01
1.318264361125962125e+00
2.912805224384107383e-01
-3.652558194436034134e-01
7.064773473049755503e-02
5.428073421600758675e-01
1.794767754342313504e-02
-5.654304501619842327e-01
-1.235123823470943294e-01
-2.939530055903472050e-02
-3.552345706342257881e+00
8.179522877745197540e-03
1.320128324279546961e-01
-8.725766464848696558e-01
8.853239666472154101e-02
-6.369658041086745381e-01
-1.580038303308562986e-01
1.050187337744472593e+00
-1.302015619432711713e+00
-1.334133772685429431e+00
-3.584910009777729223e-01
5.207112579931958418e-01
1.163292175847791654e+00
-9.724099978551468126e-01
-4.283240034054973666e-01
4.606955742740069804e-01
-8.636102685482621721e-02
8.948053103649822315e-03
5.250542555369073217e-01
-9.125588769970589542e-01
-6.530954912413481361e-01
6.944749736914915261e-02
1.680296062940141999e-01
-4.470049918325087468e-01
5.409295784920342687e-02
8.401928509689761126e-01
-2.419311196393070240e-02
1.043771406258807488e+00
-8.672815484884466297e-03
6.518045065698722107e-01
5.568935078267363004e-01
2.274600689377377805e+00
4.598789887005810817e-01
-6.635234011796984355e-01
1.023327197069363148e+00
-5.811839169637122993e-01
1.511086077687096019e+00
1.999902878092384872e+00
-1.493947078708081078e-01
-1.404685574453744312e+00
2.946520577037521349e-01
-1.056502269461611521e+00
-9.587156878956853978e-01
7.933518842259287274e-01
5.130939934195353214e-01
-6.697775504457907925e-01
-5.193173140311267977e-01
-1.132029900756195584e+00
2.171038316142320568e+00
8.596571297583729399e-01
2.184816310712629939e+00
6.659897788943391905e-01
-7.257605631572949800e-02
-4.785448904369263845e-01
1.333131715047556121e+00
-4.051881632165882374e-02
-5.227280913637135651e-01
2.609542537350236224e-01
-7.213090071797663150e-01
-7.530611429302530579e-01
7.424417731840136092e-01
7.332727788951225456e-01
-6.945927051086570048e-02
1.275955829286961718e+00
-2.447710733373757996e-01
-6.720158796256756606e-01
4.071893136056572438e+00
-6.272558376417920467e-01
5.382854579654925420e-01
7.834983326595057473e-01
-5.817976096757664362e-01
-2.464946929868231662e-01
-6.226405875887481844e-01
4.312681088139611596e-01
-2.964254266759361878e-01
