1.345567325711254925e-01
6.369587639790066369e-01
6.909048294395914169e-01
-5.851105036632664458e-01
-7.749968546109091694e-01
-2.658926466109332032e-01
-4.747828294915901193e-02
-4.766867445220646649e-01
-6.815865448349553435e-02
-7.727399104749416159e-01
8.101033153510561746e-01
-1.373219487667229011e+00
3.516203019602087698e-01
5.264468686303271916e-01
-2.177489567028691453e-01
2.271537476034408254e+00
5.042945895756725250e-01
-5.123596759270167000e-01
7.146228199380478818e-01
2.851240575491723050e-01
-2.249332640667025748e-02
2.146560649012802802e-01
-7.355422197069365620e-01
-9.244367551466440291e-01
-7.564807753471085583e-01
-1.342839599815218499e+00
-1.052276698543521904e+00
-3.923055965932413791e-01
-6.706775993847016726e-03
-5.753057947264970107e-01
-2.031400296670777816e+00
-8.982630617944225015e-01
1.365329362193107743e+00
-9.261320796179921544e-01
-6.139022223724793781e-01
9.384281305737267598e-01
-4.946264206409738406e-01
-6.453259030572457977e-01
-1.051953922115972606e+00
6.162861779829456044e-01
2.302279963006742883e-03
1.549994547899426721e-02
4.893603345209420752e-01
-6.114169109817589876e-01
-3.709379024157354321e-01
-6.693030558897347659e-02
1.278692117470753065e+00
4.617663693963430793e-01
-5.860509320762270491e-01
-3.885330970633521508e-02
5.063386515816979738e+00
5.407382593743452759e-01
1.434518841829715674e+00
1.821816346916109164e-01
1.664283621968159488e-01
-4.195325018548120566e-01
4.175591243294212163e-01
-6.792660193840702743e-01
-6.955176487524661333e-01
-6.620171693879156605e-01
-7.649355307599516873e-01
8.538029355234292295e-01
-7.343621227001111140e-02
-5.345577764435769375e-01
-7.361345960811831457e-01
1.060578751722891289e+00
-9.826629341653715377e-01
3.192181100932609539e-01
3.289248085600965377e-01
1.008695939528391650e+00
-4.571035023547109222e-01
-8.851828210834844501e-02
5.264891774549798065e-01
3.571862948597362419e-01
-5.260465220355943217e-01
-1.628189795047552568e+00
-7.098549591410341364e-01
-1.987710392748050225e-01
1.525217843600978895e-01
-5.583353096382291936e-01
2.978819790889789543e-01
-2.050793703413061608e-01
3.909291482122108086e-01
4.992093995139018081e-01
9.718852087228575520e-01
9.456178771061417576e-01
4.749656716510662346e-01
7.847287798871993569e-02
6.103078871034882669e-01
7.652552800098392227e-01
-2.734856377606271760e+00
3.666786576202024084e-01
-9.738471644870345667e-01
-6.616764868381441733e-01
-4.271295035631212933e-01
-1.271903696579370635e+00
1.226678482891415678e+00
-1.819774269784489862e+00
1.613339323411089543e+00
-6.122912981199593041e-01
-4.292547933335503219e-01
7.291145405310823779e-01
-6.714947673857397659e-01
2.470961258679549299e-02
-1.368697211251416190e+00
-2.965073650032630681e+00
-4.549730571977913529e-01
1.118565382523865337e-01
1.186385035359043494e+00
1.220629519699569343e+00
4.123272781471377657e-01
1.107457179397398628e+00
-1.079789015025717891e+00
5.011303632822123877e-01
-1.996468098350629994e-01
-2.375613385107430142e-01
1.198456954696865306e+00
1.639184719009075586e+00
-4.594286929212071380e-01
-2.839373381326870671e-01
3.617433451065984323e-02
-7.525273889435901697e-01
1.413123085305002524e-01
8.156179849697761108e-01
2.633746259912146392e-01
-3.789410253403088791e-01
5.317206396672941038e-01
1.931667020839733170e-02
-7.733569925302765657e-01
-2.009756402965556799e-02
-5.771141178716423514e-01
3.803309049971821398e-01
-1.140564674487527075e+00
-5.665314555129908891e-01
-3.163841957002319627e-01
6.506584000810333723e-01
2.382482811253101296e-01
-3.940097078948594511e-01
-9.096721637740889932e-03
1.324472525789210930e-01
-1.387718082839964673e+00
-1.081642885277129817e+00
2.365344770405950481e-01
-7.076498000502140506e-01
3.870639925886936727e-01
3.150458764249585708e-01
-4.535912450893820891e-01
-6.209634771656413754e-02
3.141037821009032283e-01
-8.634610900096755248e-01
-4.116813188724087469e-02
-1.969465186834504999e+00
1.370908423175384083e+00
2.108944664244356559e-01
2.952490564186238231e+00
-5.507227089102146866e-01
-8.090079861637003988e-01
-2.728696792896868617e-01
-3.718002568647635342e-01
8.693859391424053618e-01
9.282697354526603384e-01
-5.906708603624957199e-01
7.775214478034108145e-01
-3.904776785373777204e-02
9.554295289204118857e-01
-2.301970846999632947e+00
9.918909680038338061e-01
7.702832717325858169e-02
4.784035117058648701e-01
-2.443739684763418241e-01
-5.839539876530324136e-01
-3.154976052869451486e-02
-1.372546645088461026e-01
-9.275121728112966091e-01
4.508813448494663478e-01
-8.489711102630368433e-01
1.007744638888584454e+00
2.658863211890292177e-01
-3.053995366231027075e-01
-1.955388623412828375e+00
-2.435251640119892258e+00
-1.364957336695356571e-01
4.174491149486033725e-01
1.425870189778823405e-01
-8.503515312198368648e-01
-1.654780711205627308e-01
-5.215118285562434508e-01
1.888472451894487869e-01
8.768672290549611725e-01
4.657083264292830593e-01
7.378589554599220834e-01
1.094120670596169020e+00
3.522434776115898614e-02
-1.330071530773996313e-03
1.102371984848815156e+00
1.213068964548340012e-01
1.108686946410834540e-01
1.441040049247085952e-01
9.776154688498039924e-01
6.153924533315097145e-01
-5.877551204976547705e-01
-7.072412618637556880e-01
-1.242445701233543809e-01
-1.171451223804778952e+00
-5.586898747829653900e-01
-4.828622002250597678e-01
3.825643749298363039e-01
-2.878577650943092703e-01
-9.459377912527400234e-01
-1.080157939878185758e+00
6.425101226116185504e-01
-2.101801281587884485e-01
8.853952889115193070e-01
1.512754007166540626e+00
-1.790563954967806293e+00
1.301524485877522119e+00
-5.943782685226286187e-03
1.011737455864538004e+00
-1.948123875513044223e-02
-3.818928022531213884e-01
-1.042213986052990260e-01
-3.705532984358681503e-01
7.458500173236439768e-01
-1.327118943422695985e-01
2.638413102871468019e-01
-6.842167399269114547e-01
-8.103995243896100487e-02
-8.075009483191672999e-01
4.190978645900441113e-01
7.058959305771213000e-01
1.458520159124534032e+00
2.189907365844843135e-01
-5.036406891992630808e-01
2.676567058808547173e-01
-5.591088797239995856e-01
9.164500748297763622e-01
3.538933178407937530e-01
-7.681146323379057783e-01
1.372412407854629590e-01
4.966421957050336511e-01
4.336485580247979588e-01
-2.639030499577132094e+00
-1.285992977139504889e+00
5.913027319675142612e-01
-1.758281821882363705e+00
-7.224582656605478270e-01
7.534729906105911423e-01
-4.965543357414751724e-01
-1.460417550408662501e-01
1.927461211151167975e-01
-4.963029926370438050e-01
2.513149512909859107e-01
9.659265662102910488e-01
8.508768283585350645e-01
6.848299174504031139e-01
-7.504595853167115305e-01
-9.747710218531190351e-01
7.419098038525862027e-01
-4.979064334365196909e-01
1.272879043406826671e+00
-9.568302570864041234e-01
1.153793986338490729e+00
-1.078363883037327664e-01
6.163291533352124318e-01
8.697131544778498036e-01
