6.172301152002519498e-01
2.823783928287517675e-01
-9.659268018436667491e-05
2.022048960490104574e-01
5.391373271321138194e-01
6.662577067240204043e-01
-8.829693446416144731e-01
-5.306451195485569761e-01
-9.235930643845379207e-01
1.816376723199444598e-01
-6.662022194685248699e-01
8.178618519782823171e-01
-1.447348490184481862e-01
6.148499646472338487e-01
6.762928509004086930e-01
-1.985762560032754143e-02
-5.699193986862426398e-01
6.723077039598333027e-01
9.409019224540891013e-01
4.445697270471241080e-01
4.787903087732736651e-01
4.064193506159241576e-02
-1.412374013820451579e-01
-3.234746452767298663e-01
-8.125658407504783298e-01
-7.004664984427234897e-02
6.844732344375569211e-01
-2.432457073667160588e-02
-1.000724960102920003e+00
5.068505501955654635e-01
-2.206172691536212316e-01
7.276853137087990753e-01
-1.743255226222448773e-01
-2.800911811951659613e-01
3.908642426822547256e-01
-8.873773103656930061e-01
-4.900204687260416581e-01
-7.281749551070136883e-01
-3.343459736624083689e-01
-6.996627073059898949e-01
-3.228902329690083728e-02
-2.027235757553336459e-01
-1.369769459202350992e-01
-7.173448696595350338e-01
1.176517056023938412e+00
5.906450297064638200e-01
4.880866402088838152e-01
-8.720230845700441269e-02
-1.499316354987825228e-01
-3.258164869243544981e-01
4.141908888230272923e-01
-2.477424402854827845e-01
-5.571595100926743926e-01
-2.756757223009627111e-01
-1.004626345042385127e+00
-2.875607495078421616e-01
-8.378045463554768535e-01
9.373709687080709063e-01
-6.406451772803287703e-01
8.276022351025418278e-01
5.476311334825367805e-01
7.312665595058392976e-01
4.160175063849831378e-01
-9.331895368083649167e-01
4.518447249216718253e-01
-4.300889543504084478e-01
-9.009927559807004993e-01
3.435110045777756138e-01
2.787068377875705494e-01
1.552198438019004867e-02
1.589744929724707517e-02
-6.031304452554106521e-02
1.889114786548785063e-01
1.616620106745698671e-01
-6.959487307141881685e-01
-9.485988148027706401e-01
3.540324238370634591e-01
-6.062984092354004595e-01
-2.035476287352570024e-01
4.113344171717556175e-01
-5.250515129902514483e-02
4.613124919924015410e-01
-3.469136019244858371e-01
-2.778300473231083423e-01
-7.134504858987299469e-01
-1.599195878283500016e-01
-9.648165407030052654e-01
9.827979837344442693e-01
3.845220212771018331e-01
3.201518719929630774e-01
1.429703879043655035e-01
1.686511073575670538e-01
-5.775401027646727137e-01
-7.119464632044091024e-02
-1.095216138476712286e-01
-3.886203345729039582e-01
-7.880900179884907653e-01
-7.530044278767455967e-01
5.823415782709573385e-01
-7.039665292638219718e-01
7.757537342687512716e-01
-6.064232878448033714e-01
-8.354070773244074433e-01
4.907878662760730704e-01
-1.054186946522175927e-02
-4.239365656544750172e-01
8.196703544796287710e-01
-6.805928817378946449e-02
4.378623664387225611e-01
-6.758186731915445389e-01
9.526979964131663259e-01
7.668420511831794961e-01
-1.354451481308213134e-01
1.991169744030288347e-01
-9.914297029032511643e-01
-8.621253065084374390e-01
-3.594727249766163646e-01
-8.710910289984971633e-02
-7.105879202656895099e-02
-9.434065806305449442e-01
5.129390986357020843e-01
7.042140130398537590e-01
9.909634228221673169e-01
-6.080549176847084292e-01
1.351490310826881092e-01
-2.222816044369883837e-01
-6.347964429168331257e-01
-3.429995369635621683e-01
-6.706704480481532338e-01
2.558930266929502206e-01
8.048647363757556183e-01
-1.263989736426061605e-01
-8.144027602317565062e-01
-2.670427804755105550e-01
-5.259502665791192522e-01
-1.452340864055109895e-03
-1.697920963178435605e-01
-2.472574014142698839e-01
-8.543115302056751847e-01
1.251157071637689355e-01
5.031812367359792537e-01
-3.498659395848258691e-01
1.025907799911201401e+00
9.399799604970302536e-01
4.445008435719402518e-01
-1.183521612947852075e-04
4.777079742237611559e-01
-5.174300206980488870e-01
4.928750073333103554e-01
7.450713725190372116e-01
3.461828579210833590e-02
8.745435660015968837e-01
2.028725556556523479e-01
4.752267051010055643e-01
1.093995322137199633e+00
3.799987210265316495e-01
-8.566735807291282478e-01
2.198378869936465363e-01
-5.888756772239748249e-01
5.088355642136949131e-02
4.212152350958116021e-01
7.466771984771483073e-01
-6.134129811052554393e-01
-6.934289978702273816e-02
-5.060395621839459679e-01
1.016344794185309652e+00
-9.766404485704668348e-01
-9.199739063844236675e-01
-7.123863449735697850e-01
7.406251461580549700e-01
7.294906731562360580e-01
-6.296123053046416285e-01
-9.258627522461709836e-01
-7.887603391226114535e-01
-1.864940278787609873e-01
-3.208412364475485279e-01
-8.374527375367479820e-02
-9.014527604446065379e-01
2.531973995536115907e-01
4.076066260048614720e-01
2.940352573063111929e-01
1.078186387805868396e-02
-5.205200284421399592e-01
6.469851144603152582e-01
4.751956762324281991e-01
8.625336870521701504e-01
-7.490789216580964194e-01
1.162998428358388292e-01
-1.599135676809609330e-01
4.420179346665296660e-01
-8.440210014816754702e-01
1.884672001494891169e-01
8.534464604615050742e-01
-3.932722667166800301e-01
3.019229384881536027e-01
1.150877252678025875e-01
-5.248504429854097264e-01
5.895654900661746051e-02
9.492790809213484948e-01
-1.262468864452140904e-01
-1.846449711870176702e-01
-1.144584186797647646e-01
6.172113858408667664e-01
-4.853023776055414018e-01
7.578944824365169142e-02
4.835754951370437316e-01
2.523844917813996003e-01
-2.160816261958826423e-01
3.909241929066450405e-01
-5.582654555348083303e-01
1.860750309603298180e-01
2.951304743376257367e-01
7.146422390492406240e-01
2.405173152368164646e-02
4.827365451714401567e-01
-7.021838898339866075e-01
9.715636930876910826e-01
3.656272072560508013e-01
8.082977074745026913e-01
6.413442151538599756e-01
-7.756003835468621155e-01
6.493781018631841206e-01
3.857958600587076958e-01
1.972559944921198349e-01
7.201969409121132815e-01
9.258458872441414078e-01
9.426182941684729810e-01
9.504201797280255049e-01
3.573819355541048015e-01
6.878561824350106768e-01
6.097063612798597765e-01
-3.633763215396091928e-01
3.765870775558271544e-01
-7.470145688703637710e-01
-2.359479720255588109e-01
8.588406773027332242e-02
-9.081963514913705682e-01
1.806387665366829265e-01
-6.527471452135787944e-01
-5.465198900272547622e-01
-4.469996341552078256e-01
-3.669874691828172164e-01
-2.662603506036732570e-01
8.625409390317216873e-01
7.384100362352177260e-01
-5.113890830770833063e-01
-5.680938627632525773e-01
2.219413515197311559e-01
-8.742899434164568273e-01
4.724091560238227738e-01
2.845963115206862071e-01
8.238468753560734825e-01
-6.564218162535241374e-01
4.110836886999996720e-01
2.884779982494407591e-01
2.541664485931015571e-01
1.050709974071787345e+00
-7.287598680019780062e-01
2.250610126339239181e-01
5.004696459063586733e-01
7.539483707561882575e-01
4.031002970474668601e-01
-1.344680316707864975e-02
6.043805908942184724e-02
-8.936401618007102643e-01
