-1.039036398397894745e+00
-9.732119936930866411e-01
-5.529705610617877132e-02
8.115904570150179742e-01
1.085898307733937473e+00
4.519769938015210653e-01
-1.092066985285143677e+00
8.336613411286456499e-01
2.156017864684809937e-01
6.119064470153530166e-01
-1.462173867629504187e+00
-3.041368393481607146e-01
8.099744360965073220e-01
-8.631586591330142610e-02
-2.012105469436240135e+00
5.775987007043146271e-01
1.715353738966450270e-01
-4.979547612436744375e-01
-2.368196480290060135e-01
-2.047506329490313082e+00
-9.454469256134154231e-02
-1.036910263592513370e+00
1.333565073628963926e+00
1.715406492207199318e-01
9.512779257897993612e-02
7.358172613492549585e-01
1.155192906334430392e+00
-1.999672629617023079e-01
1.128917253102813767e+00
1.574566515828675684e+00
2.939335855817561960e-01
-8.181524300295310859e-01
-1.157337812973934454e+00
6.095765591165606123e-01
-1.294578642404224267e+00
-1.210482644070877578e+00
-8.690616376790959441e-01
-2.147963632439681414e-01
-5.650193323311675231e-01
1.518986227094025976e+00
-7.439382095082237578e-01
-2.220680290404783430e-02
6.352570247728726027e-01
2.049611051693078223e-01
6.151858010087887241e-01
-1.385381371407248707e+00
4.180022216381562572e-02
3.447443771821073755e-01
1.305744794719361224e-01
-1.481427544604839941e+00
5.008953371652486997e-01
2.374581910949860042e+00
-3.061876427609960816e-01
-8.248902037467182868e-01
5.181903761606364567e-01
9.953878512860829808e-01
-1.191533116545832272e+00
5.233658180107625402e-01
5.166418010242643244e-02
3.688508352469745399e-01
-2.857767874730000601e-01
-1.119557855423405801e+00
-6.213120497921651442e-01
-1.194728919499712938e-01
-2.101614729280779081e-01
4.179590722895649146e-01
2.439357907203205666e+00
4.358269756994685717e-02
9.963207083997885349e-02
-1.458495597345173644e+00
2.483102967438164110e-01
9.520213919246045542e-01
-3.480651856853454740e-02
1.650504781595898640e+00
1.174044546442665427e+00
6.733406909556559627e-01
-1.195609456507111257e-01
-1.848613472369855959e+00
4.088434204014937956e-01
6.082361139779264292e-01
-1.956101107394983663e+00
-2.073476025880570450e+00
1.207676055802995752e+00
4.698470212304983185e-01
-4.193303283308424390e-01
4.286664008108435064e-01
-2.441567273026051810e-02
1.743355482467010553e+00
4.357288702756829113e-01
9.410794339379092710e-01
6.267029702459073204e-02
1.837553395803057654e-01
-3.467821948189713233e-01
9.682409527377258129e-01
-5.735699253673227638e-01
-2.514662657985239913e-01
1.152763954816091729e-01
-1.585093758535774722e+00
1.719664878747047876e+00
-1.416947208841789374e+00
-1.902771779880738645e+00
-5.653504692749713456e-01
7.083195009563952871e-01
3.635851378071713880e-01
5.044985277926744560e-01
1.817913055682020829e-01
7.738022070000234454e-01
6.601262329512026517e-01
1.255496675498428416e-02
-1.227082412080555129e-01
2.255319361858491023e-01
-2.393502100903007079e+00
1.254990052254532307e+00
-2.993643932172384559e-01
7.125651170278179958e-01
-7.365979848995671819e-01
5.354643169264858837e-01
-3.150219916917859631e-01
-1.647907646995211639e+00
1.766520258168261748e+00
-2.661025229484837440e-01
7.029145497855006086e-01
1.563723681910938579e+00
1.396793870004565452e+00
-1.165297487722484648e+00
1.452855586103688479e-01
2.185802712155321625e+00
-3.179319156911925015e-01
-2.460610142487143825e+00
9.842237575044128495e-02
2.257671281925139051e-01
-3.936679118369966757e-01
-3.156236520483225449e-01
-8.803113849517658629e-01
-4.984790641955969548e-01
-7.631738982123630333e-01
-1.075343442048510983e-01
-8.652665514225033050e-02
-2.174850341987169811e-01
1.959714884002466961e+00
-1.999127339337412490e+00
6.423114461444706658e-01
5.228487500948280076e-01
-4.546280288269428649e-01
-2.948816379351455463e-01
1.348495773949981658e+00
1.159290607140500251e+00
-1.413770979782618342e+00
1.431040868858483917e+00
4.394017153908958973e-01
-5.244531483207479639e-01
1.660212687451684488e+00
-2.109038720625223962e-01
-1.457171891043941292e+00
-1.153574786065281188e+00
-7.655454341357372794e-01
-1.791480561190437748e-01
-3.094610095939464012e-01
-5.364313741439097338e-01
1.138764153102885146e+00
-1.389098019639649406e+00
-9.146264047558738675e-01
-1.378992296594161671e+00
1.099822509472368592e+00
-1.651810717523240379e+00
4.038293805820875049e-01
-1.060445321032982946e+00
-1.072745640577081883e+00
-2.154381282363357630e-01
1.140030879894351035e+00
1.424996856692145819e+00
-1.131564618162268054e+00
-1.443715191343381665e+00
-4.290280954608449160e-01
6.407976254723599108e-02
-1.349662889513349340e+00
1.136744166865774508e+00
6.004809849311699699e-01
8.026691294232805030e-01
-7.067458789940254116e-01
-6.208947138812961342e-01
-9.535271708747933284e-03
-7.555468834457476079e-01
1.368370805268997459e-01
8.098538879608652152e-01
6.757203741897797045e-01
-1.789659418756898379e+00
8.235536412953647911e-01
-2.058419216308901234e+00
5.038129999979517049e-01
1.637158024821047109e+00
8.048609041841983114e-01
-1.279198698743694851e-01
-7.310494880555423736e-01
1.980850177655121058e+00
-1.750076481832998798e+00
-4.433937737740489826e-02
3.574888882711494964e-01
-8.849930339464688600e-02
-1.927804363047139535e+00
-8.792946352966721779e-01
1.001956636727025396e+00
7.919919399532834303e-01
-1.246656823155085192e+00
9.339957342052229716e-01
-1.322605420034278056e+00
7.997589187502066599e-01
1.986695234915070607e+00
-6.605246062864265078e-01
-5.779709001131794199e-01
1.957050630138310043e-01
-5.536972216928427448e-01
2.048487001394378559e+00
1.921508314009223728e-03
-7.531842884462109922e-01
6.802008866190090153e-01
-1.883103613472799864e+00
-8.776690467354903991e-01
-2.979046288152594202e-01
-2.661917761840288499e+00
-1.643252035694759972e+00
-1.834611444475828801e+00
3.101714181124836656e-01
1.347092184293938733e+00
-1.168892542967423065e+00
1.037917441010777209e-01
-1.213758366983056947e+00
9.462176841539766681e-01
-1.629445361723002472e+00
-4.634718027729067824e-01
-1.470468640924389003e+00
3.748071433581279255e-01
1.552934953633785531e+00
8.323419945285609467e-01
-2.204641967665121438e+00
1.302651528150402971e+00
-8.993435073516881095e-03
-7.765473888627955068e-02
8.598917322105601446e-01
-1.907802655119449353e+00
-1.211839729373844321e+00
6.699591200976401373e-01
-8.659276937381331640e-01
4.652172282473336362e-01
1.218216195539393865e-01
-1.635726028895061024e+00
-2.595505997560873634e+00
1.037804923745750729e+00
-2.043787614810718800e+00
4.177520072489355751e-01
-4.852568915333290711e-01
-3.734944147063857800e-01
-2.535558298960057799e-01
2.174586867541530300e-01
7.532508364093402076e-01
-6.136054816287560554e-01
-6.847151253799629855e-02
-9.984246901431663712e-01
-1.103830443038821718e+00
8.252125586686742675e-01
-5.049341850563110468e-01
6.967788341688555542e-01
1.848437293812086046e-01
-1.572485906776121545e-01
1.502453751223584710e+00
2.398128805503487726e-01
-7.302720636440196422e-01
-6.882066372818063105e-02
3.995235561080489051e-01
2.182464656206040132e+00
-9.044991932471138085e-01
-1.058789671614085215e+00
-8.980994817764094418e-02
7.874172016521544526e-01
-9.482832345590077594e-01
-7.545768668914966393e-02
6.729446434031498558e-01
7.152535041199903354e-01
4.810334051511029330e-01
-3.213383282618390013e-02
9.394441502770554120e-01
1.074156840092493459e+00
-8.536626125858813863e-01
-1.469947044875631326e-01
-1.102303314133157519e+00
1.024367885501212383e+00
-2.154468317555500168e-01
1.365161184736254141e+00
1.763727851105531874e+00
-1.739997536400833544e-03
4.198245093909285242e-01
7.017069993849495146e-01
9.332240578646417983e-01
-2.076979565481562595e+00
1.043049350317247326e+00
3.250491482667200449e-01
6.805066122542929863e-01
4.257801708464605817e-01
-3.925273914816558574e-02
-2.029376810425235433e+00
7.262150913584218825e-01
-1.304431708101232656e+00
-2.808623062558050609e+00
-1.256597639171148417e+00
3.222385595814564185e-01
1.215082311118880209e+00
-5.765584519790943885e-01
1.801855167891623255e+00
9.646371440466721126e-01
7.180326583506706495e-01
3.517071307115477441e-01
1.711463292941946879e+00
1.298670942072419177e+00
-8.109928143592968208e-01
-5.320839167152806581e-01
-1.513165757030337399e+00
1.393183377278887747e+00
-1.492263024649869374e+00
2.262016077645985779e-01
1.196842404114945302e-01
-3.164267856945027546e+00
-1.864644860341486909e+00
-3.937523566244532369e-01
1.824698536020181061e+00
-1.759242954874027376e+00
-2.867076910881271590e-01
1.352377847896470753e+00
1.140979738605861549e+00
-1.366493806386534837e+00
-2.620848604099612622e-01
8.779910421075544091e-01
-2.650940740570515430e-01
1.556170730403437785e+00
5.980828910779223406e-01
-8.872688161942600127e-01
7.433090262350106059e-01
-2.696563988892558328e+00
4.970214778061394223e-01
-9.924645964049015889e-01
2.919004628828800740e-01
1.181336842688769595e+00
7.632009609306640296e-01
1.147989687084827626e+00
-1.356023035048632419e+00
9.619374154832093238e-01
1.415524688910108519e+00
1.478565629428200801e+00
-8.750766216839087619e-01
-7.672085051804483635e-01
1.297188979281695520e+00
1.359393768618060383e+00
-9.530912686041100867e-01
-4.094874730100128701e-01
-3.610649150200666013e-01
-1.890761986696397390e+00
1.206949004114837409e+00
-2.570270989104477266e-01
-4.111051174246236339e-01
3.403148194996454823e-01
2.203485803766538909e-01
6.798934184740725861e-01
-8.878185320926449409e-01
-2.673215605143921536e-01
-1.261725373868605615e+00
-1.190046132285893510e-02
-6.132210932558851413e-01
-1.426896301843683101e+00
-1.619593480894811144e+00
7.968228020947784040e-01
