-1.521974606964437426e-01
3.552514609329034956e-01
-7.972284360010320481e-02
6.299245770666062061e-01
7.795577338742512019e-01
6.284402046982044965e-01
1.043689270668789693e+00
-2.513100699476443545e+00
-1.277073852078097094e+00
-2.470515976099745548e-01
-4.413803009163257407e-01
-1.392508393480405560e-01
1.405950225947304455e-01
-1.142847366808042775e+00
1.495055639662098979e-01
1.489307668081615854e-01
-1.231213850202691473e-01
1.701749341715338426e-01
5.814441730701307431e-01
2.674513162297134650e-01
2.841164971402370121e-01
-4.613344766528304497e-01
-9.281346958501851541e-02
8.952730514610014456e-01
2.659700151412307534e-01
-3.784531514025739618e-01
-5.234960209163577183e-01
5.983458408671848971e-01
6.304058434479917761e-01
3.710252295615679152e-01
1.059652178210262752e-01
-5.015161298366594966e-01
3.840504301341224336e-01
1.036937767461632021e+00
1.557721565739671910e+00
-1.081118452923371942e+00
-1.486901932117418834e+00
-3.855322645076914023e-01
1.048040629005821733e+00
5.953917668900521321e-01
5.620538647130794985e-01
7.700261725534514046e-01
2.557374580527339569e-01
1.504265763973884340e+00
9.172297822362022179e-01
2.176725298336356085e-01
-1.098346184810752524e+00
2.738833244419403012e-02
-7.216760461771107305e-02
4.954683035355272880e-02
-1.332884268543088058e-01
-1.029275572625589774e-01
8.087069877911137183e-01
-8.480984803609106226e-01
-8.266386957563556237e-01
6.252930358320709647e-01
1.145930188884001222e-01
-5.239448308681962097e-01
6.911078225677207421e-01
-6.268368589502613109e-01
7.258545827104205816e-01
2.682685109202352924e-01
9.852930800689035928e-02
6.858893306678419677e-01
1.029072260768664648e+00
-5.592515846476318053e-01
1.540433318508230176e+00
-6.020730881278961721e-01
-6.235259695973494054e-02
2.240942412840819242e-01
9.133910483696650040e-01
-5.883634853100463413e-01
-3.709149899162876574e-02
-9.605565883798317106e-02
2.271040567293434176e-01
-9.143767696588338545e-01
-1.382047297590291990e-01
4.047214588758145382e-02
-6.259991110046863039e-01
-4.089581519661768250e-02
-1.410040826844222717e-01
1.299240890667549442e+00
-4.810736590329741103e-01
-2.671556315549803884e+00
-4.525703093363855900e-01
1.248175058855149899e-02
1.053350906124409736e+00
1.254117736115683890e+00
4.775192317252308083e-01
3.627558954806173186e-02
-9.687761666157779228e-01
8.852130265605108184e-01
5.918529647013041073e-01
-1.479949169126932862e-01
-2.591648191198864942e-02
3.387837673424290985e-01
-7.447289438238058334e-01
5.028295793802231017e-01
-1.126831536422257418e+00
-3.264058575111978833e-01
5.400100723758247678e-01
-2.446036136695259045e-01
-4.812261818172545169e-01
8.817267269717985467e-01
1.700358391709859140e-01
-1.098195012858341313e+00
1.095900293618725208e+00
-9.253673045280294551e-02
2.066652775549533971e-01
2.957026258989531309e-01
-8.388178921908792662e-02
2.052912892636961362e-01
-9.848645005416054587e-01
2.451998463387096983e-01
-5.879482909345892239e-01
1.780356453429898789e+00
-7.388975531331687385e-01
1.611037990214969629e+00
3.011829044412689949e-01
-4.420528816906915681e-01
4.204581909370245785e-01
-1.187112535099244859e+00
1.146216402531994527e+00
-3.599360835501000944e-01
8.821662116576931001e-02
-2.726141072324654302e-01
-6.705084500088533961e-01
7.939910467757514967e-01
-3.786466217049657690e-01
-2.206575836736270890e-01
-1.108037986562521726e-01
-1.229058907237849496e+00
-1.116621698815202679e+00
-1.370840832361629680e+00
-1.372072440250605485e+00
3.154897814551529400e-01
4.112532940568661699e-01
7.074564814237715993e-01
9.449502444980114602e-01
5.992645233989394443e-02
1.288503230905798436e+00
-1.434976091674787513e-01
8.022786535095580707e-01
7.165965562225937724e-01
-3.790445791219663740e-01
3.828835045561641559e-01
-5.026966285456160310e-01
3.064925695756301471e-01
2.990586112412824682e-01
3.688398281840177262e-01
-7.798668684477636504e-01
-9.225956287297252256e-01
-1.192787502014424073e+00
-1.429078524075218848e+00
-1.457769163680116886e+00
2.037817546142355773e+00
1.381351954923605074e+00
-1.394088689073224585e-01
-4.843168614745777534e-01
-4.255725299452365329e-01
3.385901601360666868e-01
3.046867927107495544e-01
1.185139612382820173e+00
-1.830451951241167108e-01
1.126399298890870121e-01
6.371224464573530533e-01
8.302446926646625536e-02
-1.661755121431042426e+00
-7.336277375596402806e-01
-2.187304105258559839e-02
-1.172529429359227215e+00
-8.864113259019232860e-01
-2.804127200272910070e-02
2.043151475540012640e-01
4.684345109451182321e-01
1.286426055343691477e+00
-6.773244691603997891e-01
7.081855889064334608e-01
7.123773069202063990e-01
3.272387106504623944e-01
5.486242665141916053e-01
-2.122609589453166024e+00
7.519939416320038372e-01
1.502912222957844546e-01
2.477398802091851093e-01
6.933373406715632736e-01
-1.005648464642175388e-01
-4.511996736243848449e-01
1.164209903285047254e+00
5.785192622224573089e-01
-2.928714470012726556e-01
4.294481740141511961e-01
-1.882650133506120205e-01
-4.954840170204175553e-01
-5.320710579095635495e-01
8.952757722726257805e-01
3.451077896566078218e-01
-6.113848580186643789e-01
4.547955103816609945e-01
-3.045650334581205820e-01
3.364297337840603253e-01
-6.373993185767312664e-01
8.752691550916977814e-01
7.226271878722179132e-02
2.456599519308738655e-01
7.376238299387261055e-01
6.348568385222795873e-01
-1.028050450155055362e+00
-6.374895317916526860e-01
-1.284902961997737680e+00
-3.286266984806178737e-01
3.456273898183422899e-01
-4.483862431038539154e-02
2.052398411243822052e-01
1.072361995243392707e-01
-1.524806383314975644e+00
7.740957376855223115e-02
9.287555898119950193e-01
8.106887080949450874e-01
2.472330360378077740e-02
2.688696995477002805e+00
2.941791213687716677e-01
4.900720392590558472e-01
1.580626364925730609e+00
-6.046319468462115765e-01
2.545445228387754888e-01
4.900168351800309186e-01
2.690272785385313448e+00
4.081951470177364039e-01
-4.044730261123239412e-01
-1.380008908047754446e+00
-3.894435467978709653e-01
1.110470173777639458e+00
4.841478444038224693e-01
6.141601997304939609e-01
-6.939053997621611458e-01
8.998513735880062092e-02
1.155423783947425953e+00
4.587468895722771611e-01
-4.545805772371929177e-01
1.548705742937929106e-02
2.792179792340069300e-01
-9.536860380637183221e-01
-7.570461720817379669e-01
-4.098684016989865286e-01
6.346880659676352732e-01
-1.712257493826301546e+00
7.452276434466348354e-02
-2.704314791424522468e-01
1.268809175622582108e+00
6.538640610653150276e-01
-3.739030373400482055e-01
3.905290553654315877e-01
1.052949484633497690e+00
-1.123270716725980112e+00
-4.901871236025610035e-01
-1.128882713085852085e+00
3.174415892109532233e-01
5.859370222054360866e-01
-6.433716359382306814e-03
1.115074963918416984e+00
1.069957232918894885e+00
8.504439236725298557e-01
4.976153155098079761e-01
-6.638692744762011433e-01
