-1.802513953015137282e+00
1.106165974843202005e+00
1.008607020777818386e+00
5.563956388559689881e-01
8.986348783747870328e-02
3.437298205041003918e-01
7.629377505673897719e-01
-6.153713536812197571e-01
5.449754247609108759e-01
6.361450250727362921e-01
-2.007489989225345051e-01
3.249699616304603245e-01
2.354773399707958403e-01
8.213371795387477414e-01
6.246081517867416721e-01
-1.969382155945567758e+00
9.434175422790884724e-01
8.438430745657284904e-01
-6.965720502606977949e-01
4.026950132815207972e-01
1.939708497228028961e+00
-1.644350331788507480e-01
3.748613054196668903e-01
-5.560679632486713597e-01
1.007735123399199573e+00
-2.129731841427439099e-01
-7.095655406524197240e-01
3.015749078080245393e-01
-9.193024145522974422e-01
-2.825392462156901985e+00
8.143639855704019881e-02
4.287838046502753797e-01
2.455325020260152313e-01
-1.606649278334812081e+00
9.104054571158134990e-03
-2.934766530482337821e-01
-1.579173235079832649e-01
4.175063403089460667e-01
7.499000633174650599e-01
-7.449300398391676126e-01
3.506131545543475503e-01
-4.495863619901996899e-01
7.692036511154509704e-01
-1.577088520216485712e+00
7.888312310915837067e-01
4.130147577306900741e-01
2.286000727505962171e+00
-9.456846008913638579e-02
-9.728177467213199037e-02
1.673977005934336806e-02
-9.989362223825656306e-01
-4.907769056373851857e-01
1.488701585874706801e+00
2.643843380292121736e+00
2.772743449500537083e-01
8.166529415874791697e-02
-8.602990461550650281e-01
-1.705182050174980646e-01
-1.410387114442799961e+00
2.563160056418638977e+00
4.281250107173686370e-01
1.652102095351336009e-01
2.523771084339530846e-02
-7.554207032967112934e-01
5.035296922013461351e-01
-2.883978805774470300e-01
-1.869947553711349131e-01
1.430155485916472013e+00
3.322386685565141551e-02
1.014181339166878804e+00
-8.179226335136282611e-01
4.907085730814457758e-01
4.865898043762363900e-01
-8.081251711909226421e-01
4.350255912808436709e-01
-8.579530098316674458e-01
-5.637066545347695357e-01
-3.602389755488115686e-01
-4.224585841221875637e-02
1.263805305358268960e+00
3.587063724237324891e-01
3.307661131089452144e+00
-1.137795513258863078e+00
4.520025344162174052e-01
6.636818745522277130e-01
8.394808796984482013e-02
-1.118612992468668160e-01
1.461840378171046950e+00
1.002003683066554407e+00
1.838362781429766724e+00
-1.009201891091892733e+00
-9.205794011145282951e-01
-6.202034476479889591e-01
5.519146220165802585e-01
-3.266792387168213629e-01
-5.689598745931920831e-01
9.511766387596656269e-01
-1.828177353571857289e+00
1.223537230295274281e+00
-3.762326684390451259e-01
1.408531655463435839e-01
7.080794380552546397e-01
2.708217784216000013e+00
-5.195018052593185498e-01
7.703265752644765652e-01
-1.009503740489475554e+00
1.409679074471966498e+00
8.503868649511350242e-01
1.378312587798254940e+00
1.678882156856704722e+00
-5.610596727465293476e-01
6.696246206283145153e-01
5.386649354975744375e-01
4.440937219115335260e-02
9.050560013556656624e-01
-1.452818759534576065e+00
2.830093682823712001e-02
-2.888996072048142238e-01
-2.031799810714077226e-01
6.525151292247920176e-03
-1.761530695437163008e+00
-7.464252609904687974e-01
1.292528232482086148e+00
-1.395140337720428114e+00
-1.031816981896586327e+00
-3.551112771377374355e-01
-6.047225769791494399e-01
-5.672959268294897051e-01
-1.854543150513019212e+00
-4.243112826142141358e-01
1.236750575930017249e+00
-1.121493067881260686e+00
-2.068246125855806028e-01
1.187851553994117904e+00
4.005798942997424450e-01
1.381141227917940917e+00
-7.213228575070259607e-01
1.154530825320868370e+00
-4.712799791703436991e-01
1.984096059696989656e+00
-1.459549384302512465e+00
-1.635755728778067741e+00
-1.669179458188060905e-01
-8.788442312906671883e-02
4.258246330646897615e-01
5.490307718300870832e-01
2.586624864791971234e-02
5.547882906134535830e-01
8.524517577807327884e-01
1.684421776611500832e+00
6.192065057735783862e-01
4.267447897129945655e-01
1.126040827985268056e+00
-7.502492373380322821e-01
8.605192856093977216e-01
6.277932262333989488e-01
2.279791587558255284e-01
1.979273092265256606e+00
5.238482136736288819e-01
5.114145929593748308e-02
-8.367230313901473648e-01
-4.467281781818118191e-01
-2.458609775000900055e-01
2.827323191130066693e-01
-5.879811969836936658e-01
2.383841738397214804e+00
1.811010127148339421e+00
-7.640348212552243723e-01
-2.586258990390716273e-01
4.868936410001577508e-01
9.369499505595395572e-01
8.228668060950141694e-01
-4.981167427878453458e-01
2.760682208843321384e-01
5.482597679581889816e-01
8.888916266601537552e-02
4.525140990033030830e-01
-2.822460448976541469e-01
-5.584225171403824906e-01
8.008851596032845466e-01
9.647559240596057517e-01
1.506500348963358604e+00
8.550916975538906950e-01
-7.341172922383469857e-01
-1.165895595854976152e+00
7.442208367802524704e-02
-1.385131066312786929e-01
