-4.052058546532470995e-01
-1.141002991228740271e+00
1.859045107371348760e-01
-3.106120957245084857e-01
-4.816808546255764156e-01
4.690122333510737818e-02
6.830152709164515334e-01
2.426739646889579660e+00
6.271412456926364065e-01
-9.199532476420093641e-01
9.900623900903477992e-01
1.268115715448794312e+00
6.255834691680532966e-01
6.495518540183000678e-01
1.642074086820707102e+00
1.944214040197687066e-01
-2.175803759297194606e-01
6.909507136156101126e-01
-1.729513995805653792e-02
5.251008963483054792e-01
4.311710354389197697e-01
-6.297015437639870150e-01
-4.776016754080436577e-01
-9.406724272949389398e-01
-8.574362657775898011e-01
-6.343360620235312108e-01
-6.280610109151820719e-01
2.253127895633817435e-01
2.692508656430425695e+00
3.970194767102690481e-01
-1.048485686193922767e-01
-3.383216643420714487e-01
-8.246259229575580996e-01
-9.432442268381853179e-01
9.370133666296289743e-01
4.366508344785468010e-01
2.464589534715360131e-01
-1.415635858265740232e-02
-2.241875788709455364e+00
8.980257116414923635e-01
-9.027162886763638872e-01
6.228955831705973445e-02
7.739487470309613926e-01
-8.108522876749710839e-01
-3.895426744814978193e-02
-2.414508994512956086e-01
-3.985793542396750544e-01
5.854896507116099519e-02
-5.688747629390913385e-01
-2.318157135733207586e-01
-7.618450686485749301e-01
4.961862929009818179e-01
-5.287455939399268168e-01
-7.048350926875499578e-01
1.412224887644099258e+00
-4.921602772291832073e-01
-5.190065419336249430e-01
-8.201396043472786168e-01
8.369220240738390881e-01
1.387242851417558986e+00
-2.130639094206552286e-01
6.459835350026383871e-01
3.595900962901948272e+00
-1.146372417483402517e-01
5.531426804030714628e-02
-1.540641516586347404e+00
1.421806243569787576e-01
9.353413607998743995e-01
-5.995570089925470469e-01
-7.432043196671951346e-01
6.309733127804291186e-01
-1.194791785448336086e+00
2.679490605300585138e-01
8.956063984726345684e-01
3.642060246923879419e-01
6.009355211542692921e-01
3.641674228997890395e-01
1.824078346684978591e+00
-8.883348955118215429e-01
3.903242748720183730e-01
5.666545171628032396e-01
-6.147631488061477967e-01
6.196418725983208198e-01
-4.415537417750230453e-01
7.421756548865913183e-01
-4.153628528697606015e-01
3.637417133062407215e-01
7.080834835971965280e-01
3.379569780499738219e-01
-3.592676053267154224e-01
5.051284255783448085e-01
-5.692981990053851415e-01
-5.265716559828366172e-01
-9.394143019399592287e-01
-2.336985798976122908e+00
-1.077269616737519670e-01
8.495499736688063575e-01
-4.488328692470755499e-02
-8.528408615182189179e-01
2.198820884846464097e-02
-2.452085442999083487e-01
-4.604722875294324225e-01
-4.655808333014077594e-01
4.387167039481681963e-01
-6.415971249838714474e-01
6.601751679418019769e-01
-9.652166134149136045e-01
3.311168637824977168e-01
-6.591938305070883519e-01
-5.538133114522740819e-01
1.106514022404747610e+00
-6.974517210377282339e-01
1.881480943133165273e-01
7.471744938329472063e-01
8.631359984637314575e-01
1.070234624194647821e-01
3.898546521091896810e+00
-1.038754283990739324e+00
1.220734797350120360e+00
-5.713733724750120757e-01
1.413281691743260016e-01
-2.280407475158221509e-01
-3.926101544310747204e-01
-8.897738960827125121e-01
6.431808458207988188e-01
7.677270392216927197e-01
-6.142273425336923776e-01
-8.467781045998101774e-01
-8.200294025439479606e-01
4.199714881728966454e-01
6.651320688246609159e-01
1.479651760761676815e+00
8.280065504051260517e-01
2.345927317080758190e-01
1.228852121973986605e-01
-1.732514027528197831e+00
1.084331818585045681e+00
4.096520860164611921e-01
5.346671279127055421e-01
-9.511540873965378395e-01
7.935427626278669377e-01
-1.752786629389209816e+00
3.676052130334734880e-01
-3.181267584556646266e-01
-4.399478184983137696e-01
6.805677083277109629e-01
1.730528568208505868e+00
5.665468135125102389e-01
9.895353964937052549e-01
-1.287074044471485657e-01
-4.559818213107443285e-01
-4.167301066624803929e-01
2.092948900216013985e-01
4.499122088099680727e-01
6.203299670813189337e-01
-2.262897213171293775e-01
-4.118381047930932404e-01
6.026940879343244406e-01
-7.928551064862576769e-01
8.623491519785762005e-01
7.380035492603052028e-01
-6.353913573270477677e-01
-3.526279812792303403e-01
7.802187189685396707e-01
-1.538665712746992709e+00
-1.205062096462048205e+00
-3.177587668423367262e-01
2.521893688124967614e-01
1.695829066663561369e+00
1.637107319189774479e-01
-4.688301220426538407e-01
3.545098680434795035e-01
-3.308431701901648481e-03
8.350010262923784898e-01
1.546650305775991718e-01
6.089892377553780545e-01
5.421500093322995095e-01
-6.964737396612763476e-02
-4.968736394119699362e-02
-5.876745265108742622e-01
-9.406077515566879654e-01
-7.228365810356862653e-01
-4.149204153418329932e-01
9.772479971662153542e-01
1.024436708034763388e+00
5.759954471251558239e-01
6.554643682122947013e-01
9.357445175143719318e-02
-8.161888878424436999e-01
2.783948938972657938e-01
-3.528615844455333939e-01
-7.920598091842354638e-01
8.159798242508180532e-01
1.756062103936185004e+00
2.060060026519566989e+00
-2.041401777243761373e+00
8.402961921734144468e-01
9.746507888672111264e-01
4.747271577243983298e-01
-8.277269087452854279e-03
3.767282246452854366e-01
-6.916192469986928715e-02
7.262128671190004603e-01
-1.502057068647289162e+00
9.434385811954841827e-01
-5.651051992495044196e-01
2.697662956317955496e-01
5.949515485468905851e-01
-6.166173062623649948e-01
-4.657300369663006645e-01
-7.890680447110542950e-01
-1.604810585410832324e+00
-4.220213279756109270e-01
1.792005264041069967e-01
-6.623614975327203336e-01
4.413300896136309603e-01
-1.893652366065715631e+00
7.535013074924095111e-01
-3.656854618502192178e-01
-1.868590291755871213e+00
-3.434694623064828978e-01
-3.209158520664380787e-01
-5.540687635646496245e-01
2.368839337009508716e-01
-9.117911407419700964e-01
8.900953912616398345e-01
-1.486472538110740649e+00
6.496411577301757223e-01
7.040636957562722564e-01
-2.224907014891833068e+00
1.080350665730127613e-01
1.102955052120035973e-01
-1.192916157298602231e+00
2.743192683065553972e-01
-5.348736776811934268e-01
9.542792414403500345e-02
4.839934168497506128e-01
5.477040484254582786e-01
7.102402573931476670e-01
-4.242714926519640384e-03
-3.968119573926538468e-01
-1.512670117921822932e+00
-7.929964073033082261e-01
9.984616864923514523e-01
-5.959883112532377014e-01
-1.951210224815851380e+00
-1.381298032255606767e-01
9.486013704274238734e-01
-2.898023292997207179e-01
8.261011394010941977e-01
-1.668058419204299536e+00
-3.716698243580280892e-01
-8.310284668658706186e-01
-9.200292244688177412e-01
4.339658469433871346e-02
-2.073713058072502058e+00
2.050818189118851720e+00
-3.494096888035393977e-01
-3.985041329830467660e-01
1.365896019837376851e+00
7.025653144417587370e-01
-8.080130471000473991e-01
-3.499924612337863561e-01
2.879473452047685011e-01
-6.412409364178948135e-01
