5.398651774342504428e-01
6.511266515004539013e-01
6.281607149716788019e-01
0.000000000000000000e+00
2.246310499480317358e-01
1.480331933019420898e-01
-9.676230564401322454e-02
-4.880296713258782670e-01
-8.616643843841682582e-01
9.543134039996914453e-02
5.819189161161015811e-01
5.034707996246292616e-01
6.261007013071935301e-01
0.000000000000000000e+00
0.000000000000000000e+00
4.265550995892632979e-01
9.611157368836615866e-01
-1.000000000000000000e+00
-1.214539946211423693e-01
7.945271857327245169e-01
-1.000000000000000000e+00
1.000000000000000000e+00
-7.302193300552475286e-01
-3.000358770286004617e-01
1.995120396410035024e-01
5.476855979994881274e-01
3.814718653392334957e-03
0.000000000000000000e+00
-8.893155896244231418e-01
-2.830699634080215965e-01
-6.315233651161424877e-01
8.384574580195560678e-01
1.213027115113030074e-01
-7.566682553301846692e-01
5.834410068474187305e-01
-5.432601344186354098e-01
1.132438472638421789e-01
-4.129486064132570355e-01
-3.732210511711770984e-01
-5.827261448787213194e-01
-1.000000000000000000e+00
0.000000000000000000e+00
-6.150288551726006414e-01
2.389857037396885264e-01
-1.000000000000000000e+00
0.000000000000000000e+00
-7.069362742557483426e-01
-8.400306075083654456e-01
3.432856840169793422e-01
8.530863546068994108e-01
-5.642012969231364750e-01
-1.627764036282812743e-01
-8.963961072765791460e-01
1.000000000000000000e+00
2.067576838323386124e-01
0.000000000000000000e+00
9.529176320035370740e-01
8.421991079388717605e-01
0.000000000000000000e+00
-1.229080881273156844e-01
-1.000000000000000000e+00
-9.272944473287245692e-01
-6.370229969679352955e-02
3.391246169489152695e-01
2.887815622720151243e-01
-6.937588858256575897e-01
3.538634626763372815e-01
-7.751821523075654863e-01
-7.979232710243380211e-01
-7.390629859472748198e-01
-4.390841050784350941e-01
1.000000000000000000e+00
1.550062511784826569e-01
-9.040408995499324973e-01
-4.659257323642014281e-01
-2.071743129628647040e-01
2.012694216161927674e-01
-8.356857392727574663e-01
7.441362272805740474e-01
-6.149920839890632429e-02
1.000000000000000000e+00
-3.800885819403345689e-01
8.385877273251274300e-01
-3.501241405380139948e-01
5.628573330687229870e-01
-9.649509934135152012e-01
0.000000000000000000e+00
-6.189366676910412757e-01
-9.767933897651337460e-02
0.000000000000000000e+00
3.432594690967747386e-01
-4.654101201453479941e-01
1.000000000000000000e+00
-1.648217062870460659e-01
-6.596508133146086195e-01
-4.239190413109472644e-01
8.419557006603921590e-01
4.788148354867034495e-01
1.000000000000000000e+00
9.059070993372051461e-01
-4.490498239714089124e-01
3.045157550650232636e-01
5.890006294436676004e-01
-2.246619136209071499e-02
4.266265827571709135e-01
5.767518500268151715e-01
-2.366483799150533862e-01
8.443271947448851567e-01
0.000000000000000000e+00
3.722536359989967458e-01
-7.533212636928594552e-01
-2.714970251110222499e-01
1.000000000000000000e+00
3.985780899023201318e-01
-1.971783146469214820e-01
6.648720440371165274e-01
1.520784864344515430e-01
-1.000000000000000000e+00
-1.000000000000000000e+00
3.134109103629532100e-01
-4.856578678235492497e-01
7.908788398336337178e-01
-2.885456139966866562e-01
3.084894191200526770e-01
-4.437183178176855591e-01
-1.000000000000000000e+00
4.278478744807567846e-01
-1.000000000000000000e+00
7.687822998225555260e-01
8.555993440837228459e-01
1.000000000000000000e+00
-9.566469973014224415e-02
9.354325638346856486e-01
1.000000000000000000e+00
-8.130140149790858750e-01
-8.122974556608739682e-01
-7.941570197114431462e-01
3.316319235002853638e-01
-1.000000000000000000e+00
2.324241724061282266e-01
8.895904863696912912e-01
6.177111757421589466e-01
-1.000000000000000000e+00
-1.000000000000000000e+00
-1.985331679117110504e-01
3.597852402311618736e-01
4.092643770578960893e-01
-1.000000000000000000e+00
5.381376882883015522e-01
5.879364427958564399e-01
-5.315144949639842853e-01
1.394619950222295568e-01
2.142155347531342624e-01
0.000000000000000000e+00
-5.849497909904879389e-01
7.873323507189775583e-01
0.000000000000000000e+00
-8.192746270232631467e-02
-6.720119293931283710e-01
-3.855253360231027937e-01
-4.803908095813058665e-01
-1.000000000000000000e+00
0.000000000000000000e+00
8.289789790869159791e-01
4.022625588838733002e-01
1.000000000000000000e+00
-7.331944435216612987e-01
1.000000000000000000e+00
8.935807539028643998e-01
-3.977555878532978983e-01
1.934981228813348331e-01
0.000000000000000000e+00
7.311116066270073599e-01
1.972364955626999539e-01
-1.000000000000000000e+00
6.668026080025395430e-01
-5.698998323449195880e-01
1.153849092431964429e-01
-1.000000000000000000e+00
-1.000000000000000000e+00
6.240258205037461092e-01
-5.801358364652007271e-01
-4.006105651807867485e-01
-5.700137773954505604e-03
7.480159609926295694e-01
-4.750686825848999817e-01
-6.827749730609791179e-01
-7.106770059939382378e-02
-7.728871888320916206e-01
9.744011078820726812e-01
-8.190184347073372617e-01
2.435521525103458984e-01
0.000000000000000000e+00
1.000000000000000000e+00
5.126551085337687219e-01
-7.158939073303836054e-01
-5.587667861408232017e-01
-2.979362908268405885e-01
-8.016411738470263781e-01
-1.000000000000000000e+00
-9.382421236775326800e-01
5.360945595890029836e-01
-6.632340060851613650e-01
2.563522674304030691e-01
-1.000000000000000000e+00
0.000000000000000000e+00
-8.809160274783245370e-02
7.458630562798718167e-01
-2.661401904786226957e-01
2.028986739333982214e-02
-5.476345048878570321e-01
-3.888942529911343371e-01
1.000000000000000000e+00
2.150857885175878614e-01
3.569286134101787855e-01
1.219711158194303202e-02
-3.936247669458947662e-02
-5.528871854186623302e-02
1.000000000000000000e+00
-8.992324022163240560e-01
7.089821365208370807e-02
0.000000000000000000e+00
2.574818121178967800e-02
5.552022211330889245e-01
-2.915824631885299834e-01
2.264199587150979021e-01
0.000000000000000000e+00
-8.720708478974150690e-01
6.593927487669657417e-01
3.158578605475566015e-01
-8.947335458016860699e-01
8.694267307537939526e-01
4.379720005234311042e-01
9.855508455652048916e-01
-8.035429392715611741e-01
-7.169575504275393918e-02
3.219054252465671784e-01
-9.787800621682387625e-01
-7.654097116141249657e-01
-6.825030770599964658e-01
8.070624543458662092e-01
1.476297016258372174e-01
-3.962470213216566783e-01
-3.103169229524949113e-01
6.703478031720460084e-01
3.974099863327453797e-01
-8.529128297805148584e-01
-6.867905784090999610e-02
-1.346174852455805926e-02
-1.805896272818541259e-01
-3.205956981060797961e-01
7.692905663244928860e-01
-4.147881517376810212e-01
-1.000000000000000000e+00
7.890264932562371936e-01
-8.990594235166871062e-01
-6.830225293473555226e-01
-1.000000000000000000e+00
-7.547775274061834239e-01
7.547771155346152394e-01
-9.187319844929575652e-02
1.000000000000000000e+00
-1.000000000000000000e+00
-3.923226261109635793e-01
-8.687720770941635973e-01
