-3.335145583296665328e-01
5.200495401896738645e-01
1.714862533496007424e-01
-3.510542537103711891e-01
-1.077444537697642035e+00
1.125232798997626293e+00
1.555533243717654779e+00
-1.648764092518737456e-01
-1.189731337761909674e-01
2.108336857397356656e+00
3.529961281035607357e-01
-7.392489199972772651e-01
1.196535213952365506e+00
6.253992896314622962e-01
-1.248436221797634832e-01
-5.982598861382274480e-01
1.348135812176073089e-01
-1.547344825808566471e-03
7.043244994807893455e-01
-4.447054400197844592e-01
4.199996738174198718e-01
5.549348396556028629e-01
-4.714276986841019201e-02
7.089277781272436130e-01
-9.426093592234386920e-01
2.988054231156339613e-02
-1.155191853503430899e+00
2.700942554652438488e-01
-6.749119854074283609e-01
4.619620513983049293e-01
-1.557077757503245286e+00
7.509114221883501639e-01
4.650376451409820033e-01
-1.576356317816896668e+00
1.925519932280535529e-01
4.999177254224773659e-03
1.004082268880208684e+00
-8.559005656545787266e-01
1.309248691926957697e+00
-3.484842620705493887e-01
-5.612942002276406495e-01
6.732217524236223660e-01
-8.247682899597283956e-01
1.364128459859692555e-02
-3.074962548451228850e-01
-2.935939800903663022e-01
2.605262023653891479e-01
4.176928788219325672e-01
5.895841948392055443e-01
5.691200941040348571e-01
-1.117136139913966902e-01
8.095977156295625088e-01
1.315236435644542845e-01
-1.080959492071471351e+00
-2.315353793418682415e-01
3.333624638113384386e-01
5.456412917040852628e-01
2.921099847101129021e-01
-5.383859795583241237e-01
-3.435136296919543142e-01
-1.477001716886976235e+00
-9.466435164140682423e-02
-1.885827219371490615e-01
-7.403785362801199588e-01
-2.707471774643748219e-01
-1.555286543040515168e+00
2.500925789060469695e-01
-2.542665952278721497e-01
-3.527796930746012194e-01
8.221642405220020988e-01
-7.137929412324731659e-01
4.677550688568705706e-01
1.046505021551901393e+00
-1.238479088127626415e+00
-1.047102390386822623e-01
-3.982340767255821978e-01
3.284219364939326424e-01
5.623643852409986321e-01
-9.942365699011301849e-02
-1.970982942514770409e-01
4.488147471149403489e-02
-2.270769558710387659e-01
9.678466226525050953e-02
3.588489438999520331e-01
-6.308302909301567452e-01
-4.737205494032739606e-01
6.229154484446515205e-01
-1.285886629677059356e-01
8.626366549683543994e-01
-7.011264845287933367e-01
8.686979644187901028e-01
-7.495799530758240348e-01
1.400571077008711196e+00
-2.955807668748678951e-01
-1.263173282698610844e+00
-4.431231725362229090e-01
-3.093198760856865071e-01
-3.396613407726643552e-01
5.830895700362076495e-01
-1.310480483239449268e-01
-1.307490349823581033e+00
-1.243952103879733539e-01
-4.661172700095985721e-01
1.512075126930738644e+00
-2.480891628689063377e-01
5.107157993559400255e-01
6.114608663331100313e-01
-2.057792183656989293e-01
3.700386410326534925e-01
-1.088267532631469470e-01
-1.387934951032427033e+00
2.008755375355300909e+00
-1.649452334682485755e-01
-5.128611285382684848e-01
-5.406951661101558892e-01
-3.390938346525403935e-01
1.838931405839642208e-01
-8.265632866342775831e-01
-1.101321997843621725e+00
7.831153988957405554e-01
7.850417704404534236e-01
-5.254549515584164832e-01
3.441472423156800575e-01
-3.989407249926029686e-01
2.051767396078454930e-01
-8.908147810733439975e-01
-3.129393977158964613e-01
-6.463928617700084867e-02
2.535533128074683451e-01
3.940103898456581710e-01
-2.272924426548345589e-01
2.729134357675332412e-01
-2.398750310601596158e-01
9.369706483734634161e-02
-8.625768633445589639e-01
5.788065641853050447e-02
-1.152325620442773868e+00
-9.093772670880495568e-02
-1.266478095339187648e+00
9.611257103428533233e-01
1.594305042145565787e+00
-3.840638023198411077e-01
3.459623613526714436e-01
8.479428645340031379e-02
2.549411352315295587e-01
-3.095031033157589762e-01
-1.979003207993623448e-01
-2.518633631648662385e-01
1.125945262492799470e+00
-3.377379700892337855e-01
-8.468656449965283883e-01
8.332794280916517859e-01
4.625073118380748638e-02
-2.255934290828671696e-01
7.091379171659109582e-02
2.562475915344172295e-01
-1.827080404413325754e+00
7.987302306057539880e-01
1.506424032134467295e+00
5.732619411385134756e-01
-6.363355780841239984e-01
5.383631529421368800e-01
7.337516421388903254e-01
-1.589729286409013731e-01
-2.466988503084391882e-01
-2.992918441154939213e-01
-1.629922695452437065e-01
-5.808323655092058058e-01
-1.042129937164965714e+00
5.143114245524027517e-01
-3.950277707408171302e-01
9.550900760198739459e-01
-7.449381530453991207e-01
5.390995299567432619e-01
2.506292836573980609e-01
-2.252938446211970869e-01
-3.439593961178117887e-01
2.139985112335709289e-02
-2.245605592020647467e-01
5.242029694384777727e-01
2.838944757351086201e-01
-1.648600117658950204e+00
4.141941428524342217e-01
5.996513433397315795e-01
-1.855830557995551411e-01
-4.075588165546503161e-01
4.754374331289804023e-01
6.151987543072671150e-01
1.017192448874727762e-01
1.747306138305516343e-01
3.084723451855935217e-01
4.157499854376205950e-01
1.179956125862737792e+00
-2.868407633925083022e-01
9.422194708506886895e-02
-8.469383250292303877e-01
-7.149919931657405803e-02
-6.811964042840007449e-01
-3.473456327586822434e-01
-1.396723268778100047e-01
-3.563671344306447164e-01
-1.143936780508260087e+00
-4.867164277320422672e-01
-2.644630478304692001e-01
9.379533051382362707e-01
-3.549681001568651961e-01
-9.134324136975793262e-01
-9.690935642682799722e-01
1.071451691602022471e+00
-2.169071230851759013e-01
-4.507221580702850949e-01
-3.836417442939538125e-01
-5.575515875193051141e-01
-9.873434714567248527e-01
1.017251174189842122e-01
-1.712550523439972106e-02
2.261336416201717436e-02
-9.291315974454836812e-01
-3.562895012201103273e-01
1.292776574513534227e+00
-2.911194125640421682e-01
-3.051625773327035773e-01
2.707631076533296710e+00
4.134514459873989689e-01
4.571493197084993687e-01
1.145258202932634806e+00
8.037253754846019893e-01
-1.198877562166863253e+00
7.666505705423805050e-01
-1.195040722367972208e+00
9.730656754885466109e-01
1.466906572544409038e+00
1.160070166016712756e+00
1.730637343176865128e+00
-1.220538064353480001e+00
9.306400662778117061e-01
-2.975612308278183793e-01
7.329632211143254361e-01
-2.061546660491402894e-01
-7.569914626558001958e-01
7.449745910077107958e-01
6.512400089488755706e-01
-7.820793908722584176e-01
1.277621780980859462e-02
-8.504186334234066225e-01
-7.116815922768519043e-01
-1.039940088090457682e+00
1.816040988815298685e-01
-5.758388821491444709e-01
-1.549896966725916314e-01
2.593388967797998212e-01
-2.265286749809577171e-01
-2.562061595599729458e-01
2.085548275883954417e-01
3.446097472288708885e-01
-5.683667119035168414e-01
-9.045284911674629225e-01
-4.555977750342932175e-01
-7.983815767875461766e-01
1.097933301182328236e+00
-1.576604310442648316e-01
7.143029571203826089e-01
4.989634801648720197e-01
6.036130470032040618e-01
-8.808547373150978910e-01
