3.845099306383169546e-01
-1.770185886452936508e+00
2.256490430558885651e-01
2.599289542691108235e+00
1.400737827502328781e+00
1.871110483494413668e+00
-7.917391568299292359e-02
-9.887139716607442619e-01
1.145879234553416559e+00
-5.387222220082862195e-02
5.706245008484368553e-01
1.357462671246060792e-01
-1.253213986858948137e-01
9.209254948722114253e-01
-8.347580983618174688e-02
6.705293559810582282e-01
-4.855604023127776947e-01
-8.665607798902874581e-02
-8.598820282391654857e-01
-1.162539793294370405e+00
1.239324356950470607e+00
3.876543851676796049e+00
4.082703097047659657e-01
1.741842165721134705e+00
-6.365685652584077703e-01
-6.035637850277588701e-01
4.691583410043866087e-02
1.520978640388590541e-01
-2.823796091972389011e+00
1.899438445351639304e+00
-2.119323485105995553e-01
1.611581160231810861e-01
-7.608430526471344768e-01
-3.443482669604372992e-01
-8.101905023586666310e-01
1.601254952939762610e+00
1.857890258640306491e-01
1.615304585594941278e+00
6.019363856283158620e-01
-1.412705639846774996e+00
-5.495079166754055500e-01
2.100345415954097406e-01
8.897228478722537526e-01
1.176345030612849563e+00
1.620886538539524580e+00
9.282746707822737697e-01
-3.101269452887226441e-01
-1.615643598988367180e-02
-8.129786232613211983e-01
-3.935217823204996801e+00
-2.700723676524103833e+00
-3.475179402944181262e-01
-5.998295346055333432e-01
-1.081528620950030772e-01
4.756845098365686253e-01
-4.849787233863023239e-01
6.845793196963476657e-01
-9.008706126818212256e-01
-1.159310216438301511e-01
1.017924583962106055e+00
8.538729331660869226e-01
-1.317632432257585862e+00
-1.417990402285561058e-01
-2.234673743169786952e+00
-4.073526904017208405e-01
1.652278442380760382e+00
-3.074906237557932798e-01
7.681602896851353890e-01
1.048984393147804006e+00
2.906451822175166733e-01
3.375625204201997964e-01
1.365444910839302528e+00
-2.095890308486628939e+00
7.537214587609956939e-02
5.718198399763846362e-01
-4.335277254109474732e-01
-6.519191703198741195e-01
-9.930050799739603695e-01
1.277798255308342235e+00
-2.379271995441258891e-01
-2.530086885641361860e+00
2.947406826075849473e+00
-1.366905734822553509e+00
-1.177156359295370436e+00
1.363450317424914182e+00
1.821030402224938616e+00
9.126989638782369019e-01
1.690464010354462809e+00
1.027228985089076563e+00
-4.495307285180494827e-01
-9.646055980234986560e-01
2.873350850258747369e-01
-3.164263611749641991e-01
-8.319366436205052340e-01
1.391579548609545025e-01
2.599366692516305033e+00
2.931983221555889974e-01
3.127221985227427448e-01
-9.893181190829778426e-01
4.282349928901918457e-03
6.337486344437263108e-01
-4.900982241426895536e-01
-5.073944456869474706e-01
2.807649106677280737e-01
-1.047667349340104526e+00
-4.178565873867186586e-01
-3.951996161307025357e-01
2.025218726038327866e+00
1.098467151355576155e+00
-7.836483458490521858e-01
1.000240495266154994e+00
-9.576674750554881044e-02
-3.005244752081801529e+00
5.017789129603029696e-01
-8.380492584253210753e-01
5.483474328419364330e-01
-1.160804016392273041e+00
-7.101746606360527514e-02
-1.578524292302712517e+00
-9.620073917967426613e-01
-2.401896440507274022e-01
-7.746834083678791338e-02
-2.894211618691423293e+00
-2.472531567296605559e-01
-2.061982271110509579e+00
-2.436104414395200202e+00
1.280671035532937596e-01
8.805091009457339801e-01
-8.610644041649470060e-01
-6.330747462958916660e-01
8.897507501044988887e-01
-9.089295070445316815e-01
5.631769595614343205e-01
2.277766030341636661e-01
-2.742625848492931118e-01
-1.016897861890842858e+00
-9.379434193188285196e-01
1.747522227175302811e+00
-3.640591875643238717e-01
-1.489967623571287980e+00
8.637470087865153356e-01
1.741774009340373741e+00
5.472308753893613265e-01
-1.125125659272110390e+00
-9.847579669916971534e-01
-5.765264466734544291e-01
-1.343927948668644401e+00
-7.059406191545569698e-01
-1.967330953947879824e+00
1.308790586900216713e-01
1.400912312645310465e-01
-4.496031786132481667e-02
-3.638957097554450515e-01
1.639965732463573911e+00
1.697721162468957878e+00
-4.897734043010867344e-01
-3.552719766282637082e-01
5.812210198711818127e-02
6.128259489590560660e-01
5.417987555905653396e-01
-1.446054850733454078e+00
-7.001491949323375152e-01
-4.531457778384406776e-01
-1.057060331513811346e-01
1.270501548887963850e+00
-4.489717383037464815e-01
1.566059073851229222e+00
-3.966576500545733186e-01
1.701263793615352515e+00
5.666641821979325755e-01
1.707913690609497159e-02
6.540772694206964388e-02
3.213569662861626153e-02
-3.113380293536687216e-01
-1.116694947300765461e+00
2.643470481904654168e+00
-5.327518762413407938e-01
1.155803233120692441e-01
1.492005320413599123e-01
2.067183230472925681e-01
-1.103482555612294913e+00
1.375768962445805821e+00
2.848419972366625252e+00
-5.063306273350857145e-01
6.743822659399197894e-01
1.207216183477531679e+00
5.294603710207106406e-01
