3.070717788366957857e-01
7.839880772394915986e-01
-5.136121160609457004e-01
-1.201509141289934135e+00
-2.922121586494538903e+00
-6.216883341756556103e-01
-2.595061359494272857e+00
1.483195348652304180e+00
2.363430444895431859e-01
-1.629893525343539595e+00
3.635195089768528676e-01
-9.172017341195985995e-01
5.092442325604961129e-01
-6.352627090661593368e-01
-1.173740767931331419e+00
7.898861400380033371e-02
8.285977078391197903e-01
1.111343224129409252e-01
3.088199712001149955e+00
-8.593886816379996407e-01
2.118584162564459972e-01
-9.543386868683110258e-01
1.202470602073157480e+00
-6.932762411696654636e-01
-1.169498288768143990e+00
3.001354329608555416e-01
6.601164891321251726e-01
8.058646862473762829e-01
-9.262296001364569986e-02
-6.564496493014684297e-01
-1.016664341288669782e+00
1.336415790053491648e+00
-2.408548711247601171e-01
-7.331210231003376654e-01
-1.220799057000217847e+00
7.674083525546753215e-01
1.179023740475200865e+00
-6.806363077601905731e-01
8.476539672065434017e-01
7.525911002073024658e-01
1.217001335316900246e+00
6.940901120912688071e-01
1.280568210876758650e+00
5.944099358132077793e-01
6.624459605081309821e-01
-1.669483963337843324e+00
2.091701407097532606e-01
-1.037781069274911205e+00
6.418943559551452127e-01
-7.760059342232297208e-01
-4.823553296498334642e-01
6.938233151391490772e-01
5.741626304461155961e-01
7.600189943048306640e-01
-1.636914571312761524e+00
-3.758242369692543328e+00
7.858160094663149131e-01
-3.827257136510812674e-01
1.691335717747421974e-02
-1.107772066329342220e-01
5.882419165029939556e-01
-4.310032729625607462e-01
-2.435990037518377171e+00
3.774576889752655484e-01
-4.557338316037307102e-02
1.039003818692617376e+00
-6.248852884333082613e-01
-3.067197871372514539e-01
-4.692500907154456558e-01
-2.646619953206491016e-01
-2.525671166136118639e-01
4.662424320775480080e-01
1.784880312686507597e-01
-5.239242418396581336e-01
3.234152836780973539e-01
-5.891491943489528538e-01
-2.887603478902569520e-01
-3.850665699503090234e-01
-2.573840523565158023e+00
7.174097730544168328e-02
-4.707698499411067106e-02
7.922448274856218609e-01
8.126229993207759739e-01
1.704381313775542583e-01
2.609138732240163239e-01
2.295590134804708971e+00
-1.035704349706733751e+00
-3.333137151909523199e-01
-6.681412875898521397e-01
6.608479062460163034e-01
6.918731098305547222e-02
1.663209434099746642e-01
-1.107167210820574343e+00
-4.531102683855195989e-01
-3.896015461910622424e-01
5.279571482875348165e-01
9.467487210451450697e-01
4.912574797295991558e-01
6.334776052809291957e-02
5.813728040162913224e-02
1.218036330132138412e-01
-4.266239600796981613e-01
-6.105262416490687682e-01
1.625708578898112378e-01
-3.664414587063807849e-01
4.698099554824264334e-01
5.919310867372081786e-01
1.477179433116166507e+00
5.976864001251191993e-01
-2.040872617599668093e+00
1.099570571261877294e+00
-1.808841743006197600e-01
5.199012462267851298e-01
-1.229202519436827235e-01
1.263881871478603980e+00
4.897645669009083047e-01
2.523396893221211412e-01
-7.709770604178751707e-01
-8.725586210904121565e-01
-1.262765796297602439e+00
8.733237450474375940e-01
-5.951647615964439364e-01
1.653863247042641760e-01
-5.826938204272884558e-01
1.457996287266696944e+00
9.227682511758070749e-01
-6.515624879537462721e-01
1.180112044399768800e+00
3.653606291181917820e-01
4.916180832006700752e-01
4.539746532951686731e-01
-1.549544310627423982e-01
-4.887727473347692753e-01
-2.945284214692132085e-01
-5.492865314766091078e-01
1.023280669951676991e+00
-9.476381979766768104e-01
-6.249011767379055726e-01
2.669618660956668554e-01
1.879639151109687267e+00
4.121439324770577173e-01
8.128718121516981254e-01
-1.598413996704204809e+00
-1.049523938126793787e+00
-1.531965797178928279e-01
2.869613069237724745e-01
-8.267457254465375716e-01
-2.301724161527297086e-01
-6.283342744359914356e-01
-8.018660032631194645e-02
4.465681287877040218e-01
-8.416550320115621098e-01
5.994980781718075580e-01
-1.931922275649794685e+00
-6.007949870120893321e-01
1.158283342769064639e+00
-6.280667100581160955e-01
-8.772806273457854909e-01
1.132589153350789246e+00
9.381705617644578998e-01
-2.005022688081175286e-01
-1.084176052933669560e-01
6.440958646168091217e-01
2.684283436300854420e-01
-3.833854552900847201e-01
2.543437120008062546e+00
1.566412255878859794e+00
3.119889487726883459e-01
5.338869609564902419e-01
-1.922364767071044422e+00
5.562978041638901860e-01
-7.666118340597273262e-01
-8.807820349519639436e-01
1.419310825979238189e+00
2.647758717442321719e-01
1.557305220994929851e+00
-1.271533154689561129e-01
6.296351689766674919e-01
-5.315088459465598936e-01
5.098117830855080079e-01
-5.958376617826752764e-01
9.575139731513351293e-01
2.178149080153589101e-01
6.038962532025236030e-01
-2.046598347759023273e-01
3.801592355112535238e-01
-2.984813533148279463e-01
