-9.850635031080940962e-01
-1.323599769957220840e+00
-1.208306427422268126e+00
1.455381909932480511e-01
1.960770667540397083e+00
1.121683845156786985e+00
2.086871542381339706e-01
6.890680698006689253e-01
-2.343312322837131312e+00
4.398949317269345016e+00
2.248761856863539688e+00
1.998863947481658299e+00
1.070379218578565661e+00
1.783799607571299184e+00
2.402824334089102010e+00
5.691166873123709724e-02
1.220078383384151754e+00
-3.711188084383916674e+00
1.011881982854587886e-01
-5.349123233288373136e-01
-3.682057195059777466e-01
-1.903187282623874932e+00
6.152216228676454790e-01
-1.198426941392902956e+00
1.713995304957252053e+00
-3.927159268442803608e+00
1.708147797555578329e+00
2.802278135425579353e-01
-2.894285412761266607e-01
-2.771671919948835994e-01
-1.803865718345414981e+00
2.649191001081094843e-01
2.311833389126618066e+00
-6.187918794286680069e-02
2.859402097432199419e+00
-7.820470518601817522e-01
-3.028374302923811712e+00
4.881250422947737699e-01
-1.025673903852959645e+00
3.012307197530421643e+00
-5.472687137689439041e+00
-1.707187524007530044e+00
-1.857855190838529680e+00
2.202998945292438115e-01
4.579846388969940202e-02
4.552014631938076095e-01
-2.349004114402424737e+00
-1.146012320593716938e+00
-1.100711443786334343e+00
-1.027725771431069468e-01
1.456726084246018127e+00
4.230780509893568575e-01
-4.729216310183232963e-01
3.421460945666616738e-01
-2.090854527347404179e+00
-2.029420599158169303e+00
-8.135572392514573981e-01
-9.803010754438248320e-01
-4.210685263833337189e+00
-1.018065596885381341e+00
6.163695642607075476e-01
-3.305183546402865602e-01
1.730291753145041245e+00
2.308786069166061106e-01
-2.484800072764429824e-01
1.626697405498001903e+00
4.275872863447905958e-01
-5.136490395438648271e+00
-7.429855142822014979e-01
-1.186714473237867162e+00
1.024210624273985903e+00
1.381826102966255965e+00
-6.213658202681630049e-01
1.001125441710952524e+00
1.415432445491751290e+00
4.886261286186054376e-01
-3.613296972844171062e-01
-1.694287219774541497e-02
1.303239775413852497e+00
-2.747198099974991425e+00
1.250460679308869616e-01
-1.553892237384481678e+00
2.403984084661055398e+00
-8.786641089622506673e-01
-1.661360347241709112e+00
-7.316501699815869397e-01
3.715826263461573742e+00
-5.877592118674243693e+00
9.640766708001963226e-01
2.964130798232100350e+00
-2.406415775240178245e+00
-7.559852261279926822e-01
6.965709988906888306e+00
-9.770549017576252160e-01
-1.076844565182816682e+00
-8.656320401045053403e-01
1.109174571390864728e+00
-6.948781950499548499e-01
-1.742589137038808023e+00
3.990337960085961200e-01
-8.808937099720371977e-01
-5.872938621832610728e-01
-2.224415106457235669e-01
2.603017307484698950e+00
-1.180420996862950656e+00
-4.870040358978975359e-01
1.153309504738066593e+00
-1.258178223866849299e+00
3.690861630299948626e-01
-1.989935678746865833e+00
1.028548364131959408e-01
-1.172119882700875193e+00
5.034548392064570610e-01
-4.067464790565802346e-01
-1.752204976458559216e+00
-3.311406499306828177e+00
4.501921632614284796e+00
4.795096745480245115e-01
-4.353894240956162953e+00
-8.453643929570295867e-01
3.835665176027432954e-01
-1.141717736394628036e+00
-2.352455162069024830e+00
1.798282532192993610e+00
1.638995923842301750e+00
1.127647417112645156e+00
3.883443832841314780e+00
2.416933096695307981e+00
1.934806179115100833e-01
-2.628381127046246046e+00
5.191078116766016937e-01
-1.143287990900474727e+00
2.422958635395042304e+00
3.791024629614661023e-01
2.721759128606306977e-01
8.971988467246565513e-01
-1.305957405385993697e+00
-1.433107443360335687e+00
5.169658345059178206e-01
1.309461874384835189e+00
4.935358620729710211e+00
4.587760654308468133e-01
2.592747683810281423e-02
3.373457477154206963e-02
-5.251969788826141849e-01
-3.743438806114287587e+00
-1.103778316795322567e+00
-2.753232613262690087e+00
-2.253333950749622172e+00
-7.510308181462400645e-01
2.022382275501374060e+00
1.663908866693400768e+00
-2.866683831856875475e-02
-1.264146685523063196e+00
2.092561347843556963e+00
-9.029264191314354537e-01
1.889818079347564961e+00
-1.507331551985706231e+00
1.805491372019156771e-01
5.935191971059559091e-01
1.201100884415976955e+00
-8.474046597691044236e-02
-7.373171928719363111e-01
4.838308787518823539e-01
-8.449184002690757200e-01
6.967075363371083574e-01
-2.085020621487811532e+00
-1.475560103473993134e+00
9.460453778812553116e-01
-4.059892564063010134e+00
-7.515848055250351489e-01
-1.622719572937945554e+00
1.292496682623047288e+00
2.153402290478287018e+00
1.030607123986669649e+00
7.723176966087627049e-01
-5.237582330715381929e+00
-4.356423982144994156e+00
-7.384323105167274193e-01
6.617794562145639325e+00
-8.816102192351395195e-02
-1.539950702162425245e+00
-1.137821408653188149e+00
-4.521083674245401363e-01
-1.825581362287950205e-01
1.545259105679419820e+00
8.138293380824539458e-01
