2.681897170897944438e+00
-9.803488405261842065e-01
-7.087084299456400949e-01
8.439146864843046769e-01
9.391782092526059778e-01
3.371832272841716049e-01
4.010555173528518313e-01
6.786877958336985373e-01
8.476440797102245961e-01
1.044926555098832477e+00
-1.106755424861584292e+00
-3.262959621102626828e-01
-7.802290034981735900e-01
4.323386251066413943e-01
2.883376775278195581e+00
-6.681827930977405350e-01
5.408797975912238432e-02
-1.817148438628852503e-01
3.735580960140810980e+00
3.932278606349087768e-01
1.520570086036908908e+00
8.977676554060147751e-01
-2.190465197918361195e-01
-1.254712447416455046e+00
-2.292519154557276728e+00
1.537520334973524472e-01
1.682023774653630399e-01
9.577779556192895782e-01
9.723627041471420984e-01
-8.490463840119204519e-01
1.447381512238272716e+00
2.495519206175743410e+00
-1.024732619539978185e+00
1.306469447280532048e+00
3.223983429331684469e+00
8.691748601147332165e-01
-5.715104146124092566e-01
7.010386074580479132e-01
-1.724276733545836882e+00
-1.823462591940849808e+00
-1.499790327112331401e+00
6.948793676999360791e-01
-4.571868837001085706e-01
-2.544216667103270435e+00
-1.145403929208381077e+00
-1.183548350546971051e+00
-2.151923896748192178e+00
2.021301560950978515e-01
-7.932935764785368216e-01
8.704521733723306065e-01
-5.340170619191610957e-01
-4.851370223380615521e-01
-2.673983446277887199e-01
-1.919676046152430926e-01
2.140205518832002607e+00
9.981611808864696567e-01
-1.032250188431081961e-01
8.409057452166142088e-01
5.490788912792768928e-01
3.092097847762518725e+00
1.146482633721401245e-01
-2.189020397223502279e+00
-1.369704054137321325e+00
-6.999290166388656420e-01
-1.833785432242179825e+00
1.901156933640801849e+00
-9.431022229747367813e-01
8.034350071734861487e-01
-9.325324940430844700e-01
-5.322747269899146261e-01
-9.143987894324246968e-01
-2.574980724104629637e-01
2.701870145687844005e+00
-5.034638881594976079e-01
1.910230454210375850e+00
-4.722013016181746958e-01
-3.798803938068049391e-01
-7.265467541330850043e-01
2.145875595586883122e+00
1.874711501820980897e-01
5.062213114340892162e-01
-1.522662023191459157e+00
-2.066930930215248319e-01
-2.051887746258122536e-01
-3.199216093168283370e-02
1.944131490716790589e+00
1.238394013221008616e-02
4.392952701366479862e-01
1.298991641111626905e+00
2.093432076674278441e+00
2.041087702679585392e-01
2.677689139030222432e+00
-1.373316848973033411e+00
3.125093051546368628e+00
2.968532637097356819e+00
1.437768354072170629e+00
-2.267986549568217214e-01
2.561628106764192392e+00
4.461638208550314233e-01
1.813912879528936539e+00
7.762973325346512743e-01
4.493985041418668280e-01
1.696580025407313119e+00
-2.463598935089077013e+00
-7.287983129270272364e-01
8.081153988369061958e-01
5.737569736588813418e-01
8.233762858854689615e-01
-8.126392900837651201e-01
5.832933578825630905e-01
-1.153599940965179815e+00
3.967250890578808420e-01
2.157326574824288135e-01
1.121196830729876970e+00
1.666339807417098751e-01
4.570478650604210547e-01
-1.789618779365945045e+00
-1.434278892283655127e+00
-8.927277901086054790e-01
-1.214901060648044373e+00
6.814596638506533743e-01
6.649126032510556117e-01
7.572721792002243824e-01
-1.879380106727501332e+00
-4.639084718169756566e-02
1.555113851402696090e+00
-7.018312835313368359e-01
1.052279513994764493e+00
-5.184891381560997603e-01
3.649471711260890983e-01
2.981222109748472349e+00
1.197137481569870987e+00
2.187946968829080074e-01
-1.427147462223119279e+00
-1.379436329925239069e-01
-1.337028894054256956e+00
5.912348706947030408e-01
-1.398426038361377577e+00
3.389585885554918798e-02
1.646948252999053786e+00
2.283274964390156758e-01
-2.361952720642719772e+00
-1.903148959135294138e+00
1.502346049375687720e+00
-3.903280110208798170e+00
1.262414439203953243e-01
1.898544062412761635e+00
-1.550350736480980984e+00
-5.496071768009476166e-01
4.331026111443232907e+00
-6.973537829553103640e-01
-4.805457387513527578e-01
8.754132894648369856e-01
-3.337708089447669613e-01
-1.178867741399003188e+00
1.089273037998357507e+00
2.322362999006776896e+00
1.962789472150678005e+00
2.341999990411317789e+00
-2.661149251582554331e+00
3.259561477408849939e+00
-3.707592530083717586e-01
-5.280254469448001364e-01
-2.570160909767114088e+00
4.974585008201677372e-01
-3.214937698288926171e+00
-1.322317863147417949e+00
-1.932069252838520601e+00
7.392582709475969960e-01
8.980183130441111716e-01
2.762900679585899244e+00
-2.030038092648744907e+00
1.417689834886059153e+00
2.366026396085970651e-01
3.075501601950460517e-01
5.832437205043730089e-01
-5.675180644523599716e-01
1.446814042249936705e+00
-1.099566104019813917e+00
5.326651467594832212e+00
-1.994122900206084070e+00
-3.053151358359969869e+00
-1.373032194553265084e+00
-1.586316303742659528e+00
-1.175718658955851925e+00
3.995479006658169130e-01
2.802158552940808622e+00
