-8.607890682381387215e-01
8.311001360596273480e-02
-6.507962638899403851e-01
2.239738208345249670e-01
-1.301691866557679322e+00
4.779709452210458842e-01
5.684382834588544986e-01
7.412415672201774219e-01
1.720653580647197867e-01
-9.912365346692147972e-02
-5.021611227846874970e-01
1.027132837126873088e+00
-2.750311836974621560e-01
3.019188884520006000e-01
-8.228559528789979316e-01
7.907231796124810641e-01
-1.258498015458383357e+00
2.649157891897187533e-01
8.572423336938169713e-01
9.422193771410609653e-01
7.914387167611168783e-01
-8.325387231638784469e-01
9.559245449104786241e-02
7.867452384990124281e-02
2.292470232638379457e-01
-4.979346334994636525e-01
-1.581926335693371044e-01
-5.144054438954701047e-02
-8.196100284125370505e-01
1.080968250971259481e+00
-3.829569080382660973e-02
2.885846928055849081e-01
3.295185940642577638e-01
1.508222579206083269e-01
1.012834714342003117e+00
1.472425580374608245e+00
2.893103583307932714e-01
3.963002777100952390e-01
-3.543818895927574042e-01
-6.878932843666490937e-01
-2.243983393076808830e-01
1.420679564194721467e-01
1.577400488203045958e-01
1.956448139693723887e-01
-2.142258560528748079e-01
-7.049354748900442669e-01
6.534105433328027956e-01
-7.536887161432631599e-02
3.754890737096084341e-01
-1.946650450481793304e-01
8.144322688006909727e-01
1.529431879294265717e-01
6.412066750774874091e-01
-5.139744196279725230e-01
-1.048806769026085495e-01
2.279837964357653846e-01
6.669268043560603321e-01
6.023185978636590165e-02
-1.390357900708439898e-01
-3.775598466003202147e-01
8.510257755145240743e-01
3.200639312356303723e-01
9.187660786522851009e-01
1.929380853202385671e-01
1.076072661658149743e+00
1.029129135533346645e-01
-4.982346888180410049e-01
4.426709661546630037e-01
-8.717261937818976403e-01
8.150635225539661077e-02
-2.845946914862300392e-02
-6.619469223751263121e-01
-6.706734649784619196e-01
-5.424338677142271914e-01
-1.931073233745547457e-01
-1.393386151644327997e-01
8.078447134135586793e-01
7.962534507046079013e-02
-3.097720183906747526e-01
-7.829581824974027882e-01
-3.380990437808870652e-01
-3.585044208666827714e-01
9.461412742433956691e-01
1.092418616478243731e-01
-8.594713658889590047e-01
3.814073455936091150e-01
7.473304289453188698e-01
-1.079875397812069648e+00
-6.807471939491652746e-01
-7.706579577014210924e-02
1.011350019004206013e-01
6.733045302423497358e-02
-1.770745856961517539e+00
3.192086431247439515e-01
4.717994823801447968e-01
-2.436340132735234087e-01
6.413763496266103870e-01
-9.920176303202280499e-01
-3.509384802779806356e-01
-8.937379150751014745e-01
9.967575275340561092e-01
9.287009792880106529e-01
6.229656652151749352e-03
-6.875972769914540095e-01
-1.285294228121334870e+00
-3.456474595017529072e-01
-7.418164967313097824e-01
5.504143079807712891e-01
7.771920526608536162e-02
7.685175140859954457e-01
2.840416698343793400e-01
3.182019513066070004e-01
-1.899637400441328561e-02
1.326839776780313285e+00
-1.392234252771489045e+00
-2.331751931109282139e-01
2.548338291884832407e-01
6.612454247893684300e-01
2.586767635005866039e-01
1.630871555220473057e-01
-7.403675692616055182e-01
-4.135839035893568716e-01
2.648570523732550197e-01
-6.672114932578079305e-01
-3.274948300138908475e-01
6.046754573757699980e-01
6.885010709637239268e-01
-2.098776672552479516e-01
5.627699134971750894e-01
1.234175030048993094e+00
5.510296748677245837e-01
2.482015392635512074e-01
1.070391695793742270e+00
2.227906735761107648e-01
1.981069958451281976e-01
-1.176644322360681505e-01
4.543255820536888645e-02
-1.150570473453894405e+00
-1.579830602696976893e-01
6.770856043115657252e-01
-8.782444349720999188e-01
9.752926446302194463e-02
-3.884443974964847945e-01
-8.815836360183465503e-02
-7.132531558697947638e-01
-3.779444823950610655e-01
7.418510169582217539e-01
-1.116047422972308967e+00
-9.846844741303383275e-01
-3.934986201628564162e-01
1.187188540151777216e+00
2.060486252433267662e+00
-1.068083234998621789e+00
2.199921949704194413e-01
-9.962014787957926831e-01
3.462847160227630616e-01
2.929943573490513264e-01
3.823204680809704215e-01
-3.891578628761037661e-01
-5.732772559930534584e-01
1.239517070892876882e+00
9.313913370711067452e-02
-3.183655752083693335e-01
1.267056002529871828e+00
-8.220460555858322138e-01
5.779325994987811743e-01
-1.216639802836678053e+00
9.489042502202610363e-01
2.265597885287690960e-01
1.599890845261438821e-01
1.015759171784359705e+00
3.928789714926172461e-01
-5.277704451908600269e-01
-8.739028039649346380e-02
-5.427730032517350534e-01
1.468949579056796129e+00
6.120178019598604413e-01
9.911893593816352432e-02
-5.477609255679465328e-01
-4.277031421561682256e-01
2.955178647556702121e-01
2.600512393627553709e-01
-2.721436492310312372e-01
-4.795902376749462959e-01
2.693996419936836029e-01
1.443289792383666559e-01
-6.213445504367646199e-01
8.895188748533340573e-02
1.057422547587432593e+00
1.345001241288264204e-01
8.178792676562669506e-01
-5.273909929419583476e-01
1.023123678222655375e+00
-6.115606569761473654e-01
3.477418652569857493e-01
1.150566803065221078e-01
3.790450332300130953e-01
-1.270508943941767860e-02
-6.675036886931468016e-01
3.990882528687721420e-01
-1.826252525780149849e-01
5.582329779274377568e-01
-1.117212935507153837e+00
4.631284615357628143e-01
-3.377883837870749861e-01
3.675510671114779471e-01
1.747189117036439310e+00
1.496766916780761125e+00
3.622978878979896677e-01
-4.693545953572333951e-01
5.106381055932168733e-03
2.521584173647575255e-01
5.696444451958071475e-02
2.748353749197208762e-01
-3.249016896789710396e-01
2.065107662618569928e-01
-4.759883842396663289e-01
-3.210372441612484029e-01
-4.345157731765585396e-01
2.224515651027951235e-01
4.653202762563861672e-01
-8.334081312730780011e-01
2.101500933926035430e-01
3.712139868648607344e-01
-2.377277573032191837e-01
3.638410962924317205e-01
-6.005036069179895408e-01
-3.469636391178044788e-01
1.248109598380103824e+00
-8.981970827752704389e-01
3.853769002093325735e-01
9.918545410178126742e-01
2.434541104365595676e-01
-3.059381993088889917e-01
-6.086484548372552705e-01
-1.189422042484159725e+00
4.974916339191272074e-01
-3.903949576584376246e-01
-3.186710033482405002e-01
-2.700549687000993737e-01
-1.323246347459229977e+00
-8.079922445538987308e-01
-1.042353380322057932e+00
-7.996348117841544090e-01
-1.481250077020014599e-01
7.182396248120115345e-01
8.727099329550755957e-01
-8.295690448999983868e-01
8.563490214430250491e-01
3.694733370624770918e-01
-2.895740507147371301e-01
7.161085827440303309e-01
-2.452030018951701362e-01
5.295250143471498250e-01
7.742694914426789810e-01
-6.296143764628054917e-01
-5.858354233902218766e-02
-8.406623665128849510e-01
3.394561692247792528e-02
-6.917014776447250046e-01
-8.811871077529956908e-01
3.753459969422950904e-02
3.635529830418967601e-01
2.432020894980427284e-01
-1.360239698140469633e-02
4.261815232903088391e-01
5.435203659283669442e-01
1.024857021555017011e+00
1.595464351729589225e+00
4.478402961466286802e-01
1.228677147477343023e+00
6.109529341832985461e-01
-4.085616482378109371e-01
8.741941319921582298e-01
-9.277655040185961433e-01
-1.193228368827564889e+00
-9.092770016641911202e-01
2.800492688515334727e-01
-5.331377619820332203e-01
-9.691370687462472766e-01
5.064762424784605699e-01
-9.669016575303865935e-01
-1.253168985163781946e+00
5.694040206019537198e-01
-2.180448954987472820e-01
5.194303173167551246e-02
1.364946829189032762e+00
-3.114035627764688563e-01
-1.630185410058732964e+00
-5.105067165589812772e-01
-6.049230735140430359e-02
-6.218469058014668427e-01
-1.908148651361207537e-01
3.677241943416702519e-01
-4.395515902401071484e-01
2.806721202457805875e-01
1.135817694097885466e+00
1.165567661837679792e-01
-8.899570124719017317e-01
6.868970802522017527e-01
-9.837818182639720410e-01
-2.487046842112248524e-01
8.323154586037182501e-01
-5.023144010148944405e-03
3.534513785669523567e-01
-2.128940644070608235e-01
-7.777419816226537330e-01
-9.249503950719299983e-01
-1.989380618602118456e-01
8.239096248397678179e-01
5.138572840002441078e-01
1.141640498608778254e+00
1.790106194335018830e-01
1.315448794096227392e+00
-4.181396941465425066e-01
3.720472653066063118e-01
1.190855696423654742e+00
1.103272634909604033e+00
5.606158055568777332e-01
1.736557204301406032e-01
1.656289877285237022e+00
-1.035538061871482673e+00
1.608399744339484627e+00
2.432299567994555822e-01
2.423735431873933754e-01
5.202129497914351752e-01
9.985856624416145078e-03
1.474066890265889551e+00
4.747081026648504176e-01
-3.474613103383101809e-01
-4.878125623196597482e-01
6.594477054610821121e-01
1.678288786752692441e-01
1.248403833892490544e+00
-2.272613180035429614e-01
-7.584623712951961139e-01
-2.835125158377997945e-01
5.463983770270141038e-01
-7.875869750268260638e-01
4.628912451223415880e-01
-3.293832880124031304e-01
5.797179802185495889e-01
8.601874163864903222e-01
-7.651194398600462687e-01
8.784072708453376510e-01
-5.029763408616326759e-01
7.391820587696678047e-01
6.494249752381977547e-01
9.146988967830105288e-01
-5.092699333639578718e-01
-4.285106872789152810e-01
-1.196219332944794267e-01
-2.557659920885336224e-01
7.549375826605038420e-03
9.668327289827973736e-01
9.084164505585899940e-01
-4.358985544398531753e-02
9.520166575765380834e-01
-3.696054583140871985e-01
-9.534082431868415863e-01
-5.382582647301322742e-01
9.516985585158452832e-01
3.665036864829833707e-01
-5.540253409462481127e-01
-1.429696692255319368e+00
-7.224717811695593461e-01
-5.324362468235178669e-01
-4.862400842009910185e-01
3.754581327839563443e-01
