-2.220004886519948428e-01
7.386011214340737485e-02
-4.079999647429619625e-01
4.783567016348146128e-02
6.488355385317030599e-01
1.437721576036055104e-03
-4.520494035692203538e-01
-4.496686058270892294e-01
4.955813529552745011e-01
9.965950279820000313e-02
-1.258356759694654547e+00
6.875240711154229079e-01
1.283794751173510829e+00
6.762733071198731571e-02
-1.853722568099270829e-01
4.842884918467796340e-02
-1.192481732590716215e+00
-5.725461861365563343e-02
-1.660730169830281211e-01
-4.756638051208462725e-01
-1.122775266998519289e-01
1.037809341392502416e-02
-3.640184484383223174e-01
7.462679900099723485e-01
3.916692659929895681e-01
-1.002433643966074372e+00
-1.330099414146236558e+00
-1.434074081386106592e+00
1.449958682804836974e+00
-7.650435254031516807e-01
3.184998688409518275e-02
8.207359531740749947e-01
8.372180321771164335e-01
-9.391384794518733425e-01
5.799472839085988429e-01
-2.686171740388058615e-01
-6.943764865255674934e-01
-6.421272967481591598e-01
-8.266324010588745885e-01
4.561289044953708016e-01
-6.328520268930125647e-01
1.851649389007221091e-01
9.371440178456160730e-01
-1.792317215856542800e+00
-1.020225385779488736e+00
-9.377466322069077931e-02
-5.714442227289486809e-01
1.552799738982306721e+00
5.999118276295697383e-01
3.005296969707406743e-02
2.337419536394522157e-01
2.151707483625002471e-01
-7.914976632113319699e-01
-1.106452981215700015e+00
-2.704614653412453218e-01
1.961401659458128777e-01
-1.024644686064170918e+00
-6.822688803205407826e-01
1.022309681456698427e-01
-5.960608415185095765e-01
-5.783645082322933506e-01
-8.790265186803535302e-01
7.935422375390361882e-01
-1.033313234531368474e+00
1.800905377333127610e+00
-5.960393046919318927e-01
-5.181891271884206951e-01
-3.189180579525780490e-01
-1.066841402338245398e-01
7.420392330416121229e-01
-5.797516116167328315e-01
7.385809445905715531e-01
-1.033986036621634130e-02
9.908570474178676202e-01
1.925003403080212117e-01
-5.472591247479514642e-01
-1.081234227703923967e+00
2.823578832286486318e-01
-1.182960122388864832e+00
-6.147184571499364480e-01
-3.019055191090673218e-01
-1.053361470239987607e+00
-1.150652118740964625e+00
-8.893036289969218355e-01
-9.469803528070253051e-01
1.363461534853323220e+00
-1.843712719050659074e-02
-1.028664474464409340e+00
-4.706562599622604037e-01
-6.250631475880097376e-01
3.483551284595421960e-01
-5.965515037463906545e-01
2.411049403322414353e+00
-2.109644891066541628e-01
6.813215179854101855e-01
-6.620657279003970830e-01
9.146259337652808963e-01
6.469882248737188757e-01
-6.919244099525203584e-01
1.730424452889896436e+00
4.721379965003952295e-01
1.830160314188589821e+00
1.003420519248876541e-02
-1.243731333406586037e+00
-1.450601627223299106e-01
-2.254474594833311696e-01
-3.465112015804154844e-01
-1.282647812398805875e+00
2.796820212743529321e-01
1.085576553638184949e+00
9.615647196057297563e-01
-1.110681728555570624e-01
-5.702587327333964451e-01
-4.449075889782654336e-01
-1.040460562688267698e+00
-4.134408848324171992e-01
1.934370275940408557e-01
1.219462674855882334e+00
1.086615079898417102e+00
-1.390265792487855423e+00
1.234756786729205580e-01
1.059092858505716883e+00
-2.639200255266439532e-01
-1.509916655942002528e+00
3.991517555617551949e-01
1.561276237206710826e+00
1.580496171919480164e-01
4.042654333624970397e-01
1.892517484805407380e+00
1.445189374404449500e+00
-9.429408687543373579e-01
2.528092525232926713e-01
1.437039821095460745e-01
5.501454202273147187e-01
-1.622323683747402656e+00
6.901305169311775511e-01
-7.329042218515102736e-01
-9.454295568594738297e-01
-1.426781016381210909e+00
2.473249733516711957e-01
-3.914946024060862451e-01
-5.806022492554336889e-01
-2.026522147165646937e-01
1.451770129102084361e+00
-1.050241248401420746e+00
-1.013898439015769704e+00
1.587583253198279865e+00
-1.451776780383333465e+00
2.158634757852986752e+00
5.388911707846144594e-01
-5.997385546905312781e-01
4.367861901838687166e-01
3.707256914561224415e-03
-1.633669275413147381e-01
-1.654144111621961732e+00
1.141652295687151653e-01
-1.594565124998515104e+00
-7.705968276806303141e-01
-9.157201220062520797e-01
-2.136468189790133865e-01
1.199867863814263913e+00
1.531564651628487261e-01
-1.927637209236675586e-01
-1.248885100703466478e+00
1.013282777195778639e+00
-1.896931851232508681e-01
2.342426491276216605e-01
-1.913893373692529210e+00
1.133537699675472160e-01
8.241731086745638368e-01
2.132324322284246954e-01
2.894218094477044589e-01
-6.244076793936501613e-01
1.862881349123246544e-01
-9.092231235902571429e-01
-1.344461554869933018e+00
1.559306280981400228e+00
-1.803117662875341476e-01
5.825622361972012664e-01
-8.534579304269374056e-01
-1.332977763702249963e+00
-1.779782032406446612e+00
-2.684293563095633064e-02
1.666836862425777444e+00
1.650542943122805140e+00
1.045808054358553951e+00
-7.253383234449914951e-01
6.506907996040874054e-02
-1.562856496983217269e+00
1.819647877733129304e-01
1.611086116988263983e+00
-7.768932793279597071e-01
-2.842541522929449838e-01
-1.452811922772458963e-01
5.683940965297922254e-01
-1.614266738464012585e+00
1.151213257007309698e+00
-2.300465598909360865e-01
-3.088894262923231882e-01
-6.165943897061770818e-01
1.391889497936231734e+00
2.084901442670355765e-01
-6.035515254200137791e-01
-6.293385038294916356e-01
-6.239711463591528506e-01
1.259940975156500720e+00
-9.677367039719313446e-01
6.958774477883497567e-02
2.152442863196123435e-01
1.271758236306615109e+00
1.671942112165043071e+00
-1.499775720224472808e+00
-4.691769253521443361e-01
1.262580453698864513e+00
-7.428650267303797960e-01
-1.084722479109358151e+00
-1.166943104863001068e-01
9.138589590971174514e-01
4.569095312491840422e-01
3.518117436641654550e-01
-4.260760603772423272e-01
7.171254136134633250e-03
-3.782140083666837294e-01
1.334417733172477583e+00
-2.665822443172027878e-01
8.374584552143875260e-02
3.849033312426736186e-02
1.360332286216006381e-01
5.042895397513436073e-02
1.592439403219414906e+00
1.808504126769327758e-01
1.202918609226522717e+00
-4.445383908012637275e-01
8.913156864194379247e-01
-4.866034000802027526e-01
2.560809816130608929e-02
1.560460822005964587e-01
-4.599560097628475064e-01
-6.821733945518767550e-01
-8.560778196860002742e-01
1.333195523703865348e-01
-5.698195651872245415e-01
7.917964069370586611e-01
5.082042047725685713e-02
6.332554364126259383e-01
-1.206606368845476229e+00
1.114506800221557459e+00
1.592703172341989104e+00
-6.513237477452743507e-02
-8.780433324136112105e-01
-1.240900728794062102e+00
3.553800415872983565e-01
1.249156495441146930e+00
-6.064733429200714898e-01
-6.850394056006163801e-01
-2.466702496510277121e-01
-1.801997242536817367e+00
9.484958591738145151e-01
-1.031978781144848645e+00
4.187914947599459259e-01
1.086812741591764109e+00
1.038056756709798023e+00
-1.891901896670544064e-02
-1.100154107210430610e+00
2.557745368329200630e-01
-2.021766814178440619e+00
6.932502918743060905e-02
6.860909994171504600e-01
-1.612619894181892555e-01
1.442898546543092575e+00
7.117370692046482983e-01
-6.800279852086840715e-02
-7.775829858229045266e-01
8.217529919029143981e-01
-1.103099945442205021e+00
3.215428084385872354e-01
6.931286424168283666e-01
-4.088430204394248868e-01
1.206113457625567431e+00
6.737283853144491186e-01
2.624716239978046151e+00
-2.315232201945778279e-01
6.636088367325756465e-01
-3.633112442848897561e-01
-3.376994897186731959e-01
-6.010259338368565407e-01
8.108442942754844340e-01
7.297639760001820575e-01
3.050055669691665861e-01
-8.552470578591752082e-01
1.276480752412588737e-01
1.773985363601964460e+00
-2.708741779256356730e-01
-1.216629529638872498e+00
-1.373237340105679660e-01
1.387932938930997340e+00
-7.323832019022402662e-01
-1.637063334034737361e-01
7.482766961094190483e-01
-1.041898311497641672e+00
1.454047415735151949e+00
-3.041498393654666343e-01
-8.437985835245448429e-01
6.474494684467966277e-01
-2.092405797837176840e-02
1.033978873325680281e+00
4.075594407048307999e-01
-6.003953648309301450e-02
-1.580443227039407539e-01
-8.389631039371030496e-01
-5.261141255883624579e-01
-5.325784401099229459e-01
9.952772108924088368e-01
-3.387066458940635738e-01
5.622019421825151797e-01
-6.227535293674758554e-01
1.383898474804762913e+00
7.679419125312905159e-01
-1.828228001173622497e+00
6.115786934365483596e-01
-4.508618381390473717e-02
-4.443990120971478275e-01
2.001381314947852652e-01
-9.425345303168313205e-01
3.080948499389520312e-01
-3.904711638782935590e-01
7.737985867535704942e-01
1.485640304903774522e+00
-1.310303875624474479e-03
9.746273750771053956e-01
7.326806480654828313e-01
-1.962187934664811617e-01
1.906212531469510862e+00
-1.655173341018820077e+00
6.998358994961035862e-01
1.836391633358154918e+00
-4.825447296278497222e-01
-1.164690489795367628e-01
-6.762527024051732116e-01
-7.231994310096224732e-01
2.901112309940451217e-02
-9.070203295048592240e-01
-1.663735866982878564e+00
1.499165721832571574e+00
-2.369335241570964812e-03
9.332013027174921316e-01
4.383109536062423928e-01
2.173846277051157294e+00
1.016034765116790861e-01
1.611835037586949737e-01
5.594273447045643444e-01
7.306425642527680786e-02
4.483364557463218047e-01
5.414079915980636315e-01
5.852124751064100572e-01
1.562013757354742793e+00
1.174828921575878482e+00
-2.111139674944383926e-01
3.886351844863156213e-01
9.684555836470365442e-01
1.783333921827307877e+00
1.801737484217055041e+00
-1.463865048362126942e+00
-5.570499600048255395e-01
1.658533417660564391e+00
6.336003725658903019e-01
-1.207671587960923887e+00
-4.002071073598706397e-01
1.694949774365279938e+00
