-3.440462842120332043e-01
1.085360124206247723e-01
1.163375112328080219e+00
-1.369923957584933127e-01
-3.700745456783564591e-01
-9.351364612141764565e-02
-1.237130698922490613e+00
-5.982518893135344018e-02
-1.597131413033251679e+00
-9.167564372274185081e-01
-5.709762744000059786e-01
-1.064471191704354502e-01
-1.900619691826860524e+00
7.667975870742830269e-01
6.755649902631271075e-01
7.510824102954827275e-02
4.372011239089341750e-01
3.628566972088520526e-01
-2.284358528102162222e-02
2.056719330341496565e+00
3.547375139934788035e-01
2.934113893118350802e-01
-6.274830887641019705e-01
-6.384941157555732438e-01
1.152323857309423438e+00
2.083666693871472630e-01
9.818312306804234391e-01
1.033454064724945720e+00
-9.991192918997430228e-01
-5.680422898175259139e-01
5.432805182057629523e-01
-4.866199951405840718e-01
-6.725640531368718422e-01
2.361885592503769060e-01
1.896759549321552218e-01
1.007828624269510698e+00
-5.389812870384449450e-01
5.721068786009789742e-01
-4.089592617455534151e-01
-8.676659209258169581e-01
-1.326198003543962445e+00
4.529813989360479409e-01
-1.916013914114603478e-01
1.808387819884099690e+00
-6.780300129339446313e-02
-1.495111694543621583e+00
6.922567520808942110e-01
1.931149137688557227e+00
-1.712551685879818986e-01
3.960290561237463924e-01
-1.283187091699002469e+00
-2.982047385991682398e-01
5.854069778032086058e-01
-5.441373879727500196e-01
-5.581678419511704181e-01
-1.985915659489058127e-01
1.220275177631558128e+00
-5.736489121884144060e-01
5.562729852945254017e-01
2.543526221608897186e-01
-6.092970742716374843e-01
2.598793350885143516e-01
2.051641695375545638e-01
1.244727073701515918e+00
4.648445091175734678e-02
8.402718742457395695e-01
7.085882209613780791e-01
4.788309260314368987e-01
-2.767023052180221376e-01
-1.138762001268070589e+00
-2.528319401954663981e-01
4.739044604726246335e-01
-6.949506073283913121e-01
-3.905570294648972318e-01
6.732902609210299483e-01
-3.951901369638401995e-01
-2.635103061578098482e-01
1.257476938538284905e+00
4.342405571041563772e-01
-1.909332371983104570e-01
-1.297508102011274200e+00
-2.478740923659367712e-01
9.194183898331177440e-01
3.434317302805345862e-01
9.953558092701992877e-01
-3.353311231933488457e-01
-6.216372657088097275e-01
3.091729972566138684e+00
6.547460444063686325e-01
-4.540046906826728512e-01
-1.546760432616313796e+00
-1.075267926442435851e+00
4.173445894827813030e-01
6.026128392201934858e-01
2.856076357484252926e-01
-1.934591704561092751e-01
9.387365717063556048e-03
6.370491938137283761e-01
7.847181709641108949e-01
-2.141116475461365631e+00
3.051733194291028628e-03
-7.286921418916512128e-01
1.190231042841175091e+00
3.951571535854353501e-02
-2.807712133889552764e-01
-1.583313021167545909e+00
2.670020067542491216e-01
1.747032471904605533e+00
3.806368388359007149e-01
7.069685559532908059e-02
4.125595390533368656e-01
-1.047680013598043663e-02
3.222723052625081630e-01
-1.511897530947875268e+00
1.232361522811584953e+00
2.101843591651159637e-01
1.728032227041110258e-01
1.318572612874485017e+00
1.936516020571844854e-01
-1.584989800529501114e+00
-4.651274430536037618e-01
9.736159753058286626e-01
7.810203269868809528e-01
-6.928786326675495655e-01
2.662228661399076990e-03
-3.688907475345614695e-01
-9.426266224632265933e-01
-5.001521917160118846e-01
-5.329300748194415460e-01
-3.152043173902680517e-01
1.040286080673398894e+00
-9.884711436325144263e-01
-3.179491350760836332e-01
1.073719639949716864e+00
-2.495188340830276630e+00
-3.926672591401577650e-01
-8.871638683025475647e-01
-4.770453572917758567e-02
1.670880898346958077e+00
-1.304296667055174330e+00
1.019920090034501348e+00
-1.301371990389671995e-01
-4.838219833191970132e-01
-2.601271231734380018e-01
4.623599940601333946e-01
-7.518562850810961429e-02
9.011772023496037454e-01
4.202671958696529986e-02
9.343963250103086704e-01
-1.226972923805996762e-01
-4.874922229545589625e-01
4.975663829165006824e-01
7.223668374183092045e-01
7.253247286240170899e-01
6.072725529547494672e-01
3.645859430592787720e-01
4.371375327761384710e+00
-6.139698035429421719e-01
-2.214913093993912674e-01
-4.834228172888925812e-01
-7.497606938762476636e-01
-5.654674254303738712e-01
-7.584359517075635049e-01
-1.079176337275443709e+00
-5.175559556654954485e-03
-5.304392739309224947e-01
-4.784065549646086546e-01
3.607844216417547267e-01
-1.401639005190654430e+00
1.711085249323510027e+00
-9.298652378827482190e-01
-1.010413231939009338e+00
5.012024469833032958e-01
-2.302039252869018338e+00
-2.668499051337958505e+00
-9.385967968582276111e-01
-2.075523056831214963e-01
-4.196232204714020475e-02
-9.356766292356601955e-01
-4.756375915396590659e-02
1.271797023596028087e+00
2.818132075411959869e-01
-2.394800524401152209e-01
1.335588149944281655e+00
4.715809905535319757e-01
1.186958572036786341e+00
3.102339797356074014e-01
-1.433188086355252633e+00
-4.262051869089297784e-01
-7.038200905835743093e-01
1.870529330601676143e+00
2.890902342827576521e-01
1.453731855355243630e-01
-1.791308960433889430e-01
2.208912533921734145e-01
-3.806305263727784993e-01
8.036490305732799100e-02
2.256172483294653475e+00
4.811159749304722566e-01
-3.219420376292668196e-01
-1.278382937610389458e-01
-9.517229553434081168e-01
1.310608480547024834e+00
-4.505908994539020163e-01
2.432072629039729560e-03
-9.700488187257869654e-01
-1.700443137253867310e+00
-8.021636853957843094e-01
-7.405266697822375788e-01
9.566714746491398191e-01
9.734195802797698804e-02
4.952334489686223140e-01
5.258923321708196541e-01
-1.028191141387806429e-01
-1.221701419434580993e-01
-1.005766604157192656e+00
1.475502896697333144e+00
-1.459396353489476605e-01
-7.888274189241073486e-02
2.561948370318807289e+00
-3.265729501386905320e-01
-4.876186980824674944e-01
1.019380371043355216e-01
1.632883265281113716e-01
1.119556754204774851e+00
-4.904939612811594629e-01
4.648128134516102961e-01
1.189410793125251331e+00
-3.004356342207066266e-01
-4.406562497240968934e-01
1.145376453243569514e+00
-1.717241658555548334e+00
-6.413385524979460239e-01
7.882943228979764072e-01
-6.926792199077336232e-01
-1.822751540118174862e-01
7.461410260527088223e-01
3.173798877124553441e-01
2.021390437281940788e-01
-6.806429453177911260e-01
-1.511414896686485987e-01
-1.892124193703232482e+00
-7.382997575300503934e-01
-1.319728284123934392e-01
5.330508607498475326e-01
-6.388570012009329169e-01
7.250330006573376673e-01
8.075695989362985383e-01
-2.517374590232780984e-01
3.140693045181404131e-01
4.607011596744806647e-01
-6.442517474110899256e-01
4.086318407627558824e-01
9.541447613835996044e-01
2.302727989669334230e-01
6.286077605446157568e-01
4.169450482059948726e-01
8.487572463861856042e-02
8.182152832741678150e-01
1.205781725884197186e+00
-1.626572037829153716e-01
9.988294576378428102e-01
-3.394188784065838016e-01
2.671030044748044507e-01
3.088295695830156617e-01
