-1.568823952593492832e+00
1.283305787735460335e+00
6.681662891621138745e-02
3.184785087274761284e-01
4.710441872106558292e-01
-1.653052435694759570e-01
-7.936052340507967484e-01
6.557663498951856740e-01
7.471073097704922228e-01
-1.694821541116267705e+00
-5.157628186384106694e-01
-1.505982578628286550e+00
4.304358706781226396e-02
-4.032970437538249131e-01
2.414887308014982970e-01
9.271456912406725315e-02
1.531141009339379799e+00
9.869678588063784952e-01
-1.037499891852778244e+00
1.544626023237910539e-01
1.768769133842242325e-01
-3.985378380039850121e-02
-1.296015711976829632e+00
4.468140866549284995e-01
-6.010490272933336486e-01
4.154643490301457298e-01
1.294973996311305608e+00
-1.431212265469420153e+00
-4.996387916363348447e-01
5.529279438184171447e-01
1.799362339204671479e-02
-2.799083807652391620e-01
-9.940231964857648705e-01
3.128942206938737369e-01
9.522554298803637129e-01
-5.515794176494759338e-01
-1.135689635843972978e+00
1.345355746015435727e+00
-1.716037484432691773e+00
2.505155755062671297e-01
-6.705362395891166782e-01
1.704144633493045458e-01
-5.780383978959333646e-01
-1.842389208037400472e-01
-2.210685249763206794e+00
-1.057925752929639307e+00
-1.936953172272095181e+00
1.815172158901700694e+00
-9.565860770966140292e-01
3.808862970828922334e-01
-1.624579736802371110e+00
-6.956215105460797909e-01
4.658005439070339593e-01
-1.653886177923491241e+00
-2.540110743214869515e-01
-7.190288917666920465e-01
1.268653924113672726e+00
6.894723703054697062e-01
-1.085106364155837610e+00
2.377952285244774311e-01
-2.026412115181883411e-01
1.936988874717606723e+00
-1.320357808766897456e+00
3.295641991484150601e-01
1.042050644604133991e+00
4.766225451815341296e-01
-9.356395833667212336e-02
-5.651906288883267182e-01
-1.635365766851422986e+00
-1.795746367815549416e-01
3.242077991733008924e-01
1.431959030371147412e-01
-2.312265756236539238e-01
5.895199297079984913e-01
-1.057001023391410888e+00
-1.152194161252131144e+00
-1.117469236518564779e+00
-3.427511469740508465e-01
8.331841447062882100e-01
9.334197418259830847e-01
1.042609886120337892e+00
-2.013260789084660440e-01
8.234933068928510513e-01
-2.694436951378746392e-01
-4.877711951759011733e-01
-1.771839422331503988e-01
5.494251917211940839e-01
5.406400192855976838e-01
1.192762270255928625e+00
-2.336375421433994071e-01
1.731667476944007245e+00
-2.328105514615943061e+00
-1.993571214059746577e+00
1.087043314335284006e+00
-2.780358926914541229e-01
-8.164805421397036689e-01
1.048090800702264347e-01
-8.392684899804895293e-01
-1.332327207926348733e-01
-5.242563987681690962e-01
-1.094590500372017994e-01
1.849323137769841585e-01
1.436334201996530613e+00
-6.538754176358325676e-01
3.881262183225133167e-01
-6.957851608350129613e-02
2.059492267987132141e+00
-2.211283654681940325e-01
-4.992827675335834159e-01
-2.593645006252430996e+00
-1.848127855981261947e-01
-2.094517093442331834e+00
8.864615511202554865e-01
1.334958933909949352e-01
-1.956180536308537443e-01
1.293283864906092262e+00
-9.375168137403611102e-01
-8.944450169674729167e-01
-6.877805475954676950e-01
1.274279439746077713e-01
-5.922928423526516162e-02
-2.837729291374164187e-01
6.622731834340706003e-01
2.658734863205881871e-02
9.251768919289637960e-01
-3.479155484472401527e-01
2.003650179363053674e+00
4.945522915917656137e-01
-6.637652984288031632e-01
8.246646390104699353e-01
2.050710307455883563e-01
2.334905438901838937e-01
-9.481777520763847722e-01
-9.571897745109497757e-01
1.242127494681937616e+00
-8.237170434680420872e-01
5.695520161026734751e-01
2.668006430330623902e-01
1.277029990402429593e+00
5.359797866284825574e-01
6.333703183497412237e-01
-6.221260795225601326e-02
3.014787740447854580e-01
1.244784061222566907e+00
1.433780562294947880e-01
-2.268231042845747780e-01
-1.684232425904766739e+00
-1.511022638200064105e-01
3.666607061114245947e-01
4.907163673131351711e-01
-2.042894781782230940e+00
2.335274835416761563e-01
2.496488745273502396e-01
-1.050308080413842715e+00
6.123603367648365881e-01
2.677249555321569718e-01
2.194308383889309155e+00
9.801945641878626603e-01
8.208574095231622181e-01
2.079948728121194357e+00
1.851228772585993054e+00
-2.287482841909705300e+00
-2.578877799503532797e-01
-1.558305566603557901e+00
4.572239888840300415e-01
-8.004693356277828298e-02
-6.283577491786704883e-01
1.114929198016421763e+00
-1.236808189074705799e+00
9.415318154229150860e-01
-3.244938157596174433e-01
1.081764435188190099e+00
1.631459740684912285e+00
1.213280853758024858e+00
9.844377535919848210e-01
9.584344696836502031e-01
-2.366627589570398094e-01
-4.601973288169803888e-01
8.979505231457853842e-01
1.640152071371851150e+00
-1.762067130108992075e+00
-9.371392832231696390e-01
2.491144086263049340e-01
1.383433282883754778e+00
-8.607546710267391932e-01
7.125054721677414049e-01
7.309294784540230072e-01
5.070976001063306482e-01
-9.323633489133957841e-01
2.742033197996960880e-01
-4.296500955268230809e-02
-1.196674516121616794e+00
-1.396746224851738993e-01
-5.552949709512936538e-01
5.363853773791579238e-01
1.590500859642341558e+00
7.391954006715001357e-01
2.379028984834456739e-01
-6.866498098660309690e-01
-1.641982393991826550e+00
8.904111209795523285e-01
1.319456535346124282e+00
-1.142642389493444322e+00
-4.295896851260861959e-01
1.064905128073045049e+00
-2.325565335287704816e+00
-2.447436152018733324e+00
1.472009625294030677e+00
-3.929285077979182139e-01
-1.597067865429407707e+00
-6.900589610385868822e-01
-7.845485741864195450e-01
-4.748687536991912927e-01
4.869548775491088777e-01
3.338431939348133204e-01
-1.490772503330954457e+00
4.532838036487742139e-02
4.551508136771771351e-01
-6.598286475601383705e-01
5.534451972259057939e-02
-7.052357112002822781e-01
6.979650135325288218e-01
-5.781317387160144206e-01
-1.471764972038955843e-01
-7.206252149731386947e-01
2.799168413004521905e-01
1.226827934949197063e+00
-9.779713816375664726e-01
1.346734646320830064e+00
-8.622773609941526418e-01
-3.883359641820501307e-01
-5.107678462107870243e-02
-9.644059512081221142e-01
-5.933709658115804420e-01
1.025688780173907633e+00
3.722136640528962426e-01
-1.254860500741949325e+00
2.884499153170311248e-01
-1.314352362190374990e+00
-4.839075662515233966e-02
-1.156629645696728215e+00
8.663995720928011623e-01
1.225183534581603784e+00
1.111758898077731095e+00
-3.282447359636413153e-02
6.833595726379552149e-01
5.627768273696758250e-01
-1.186111567873874284e+00
-1.211036855911914012e+00
-1.424487200038814516e-01
-8.036612431909198051e-01
-7.590500938034591139e-01
-2.798426178286659294e-01
-7.801314791133473481e-01
-2.634510881019753725e-01
-1.676535036441854754e+00
2.093542611124599162e-02
1.168955186200651530e+00
1.054163693951255309e+00
8.502937722717648361e-01
1.840545732237309773e-01
1.645794120802900107e+00
5.266610545739731641e-01
5.423327908167000500e-01
7.089240510671573903e-01
2.592845335298235909e+00
8.467652484882962072e-02
1.088522039346275505e-01
-5.450569949495299715e-01
-2.931008611136723951e-01
1.302089076503061937e+00
-5.590925296210791373e-01
-1.120162154389685361e+00
-1.896745465499628802e-01
1.438183646392552140e+00
-8.383521012543251327e-01
1.587208187161742168e-01
-5.970141048698018871e-01
8.581038406150753861e-01
-1.251677799864298279e+00
-3.266985895746783441e-01
-3.190543414654580801e-01
-6.672560097981949934e-01
-1.266924423621275109e+00
1.199040158556622382e+00
-6.844551732280366174e-01
-1.256668950651334660e+00
-1.785768729356256745e+00
1.089905726591120949e+00
-1.728320780998385819e-01
-1.961321109644150740e+00
7.100570708077882376e-01
1.411842070910252378e+00
3.113758383551527009e-01
-2.205692679010065604e-01
-3.614204497193364007e-01
-3.331066297475119842e-01
9.161013206249160046e-01
-5.128555090117057347e-01
-1.162049475799377785e+00
7.732991723414220919e-01
1.297809617291746154e+00
3.559441486908009322e-01
-1.203587037218866396e+00
3.516011491713486037e-01
2.141494906269965526e+00
4.357300034491185525e-01
6.938814618208306584e-01
8.552828295903409928e-02
1.362111188764919545e+00
-5.754411756849009407e-01
-2.972062962510823025e-01
-2.528179322391762018e-01
8.607504910610881410e-01
8.069517528862980571e-01
4.119720431769209879e-01
9.254796602239236947e-01
5.753645991402784876e-01
1.310350414860681711e+00
-9.171379720661940738e-01
4.575420390327133990e-02
5.676906181082973513e-01
-1.059442052582892924e+00
5.801539951586328486e-02
8.806840970885078113e-01
-2.583360198988537415e-01
-4.234777600396759656e-01
-5.274509889007834573e-01
4.069503217259159977e-01
1.460277893240467195e+00
-7.143794504749880758e-01
-4.838321779445852178e-01
5.588480292261778226e-01
1.206771258170191707e+00
5.615942217556927490e-02
-1.988200087671603500e+00
9.777241707868975507e-01
5.300809004569878580e-01
1.090950619743248806e+00
-9.669042991894856165e-01
4.140415202625655766e-01
-4.756965505707030362e-01
8.830771857275203640e-01
-1.205280295120378931e+00
9.789225240177356069e-01
-1.116946689747073673e+00
6.666477844928954122e-01
-1.446102199884055750e+00
9.958088677401838451e-01
-8.117750006060610035e-01
9.523455422091167688e-02
-9.143018574590102698e-01
-8.475241709875994678e-01
8.038649487844959918e-01
4.678292935875595360e-01
1.236277368877803262e+00
-6.149194618394304701e-01
4.612505160164469542e-01
4.866821369304836775e-01
-4.683875336996452809e-02
4.992589007184724537e-01
-1.525754871468512630e-01
9.924700203316358937e-01
-4.829243800505459983e-01
1.975636752734238666e+00
3.028939641909822456e-01
1.527104351651950576e-01
-2.184752987585693307e-01
-2.657035968295209938e-03
