1.682170082893845731e-01
-9.123840015063404696e-01
-8.577002405552880404e-02
-1.802090266249660733e-01
3.675011324949719604e-01
-2.996745659613282431e-01
-2.103284429686289592e-01
-8.118909399518392522e-01
-4.011748233176450906e-01
8.965975394675984589e-02
6.161292294891587140e-01
-8.914890858756875369e-01
6.659962274991997333e-01
-5.204295356745136658e-01
2.804584370433125251e-01
-7.204444378811050154e-01
-3.791324119271044513e-01
-8.698272180464570180e-01
-7.411093593839686022e-01
7.292525128184401684e-01
-3.035936682860826963e-01
8.488951982127623808e-01
-3.732757265409558656e-01
-5.365127609211368664e-01
-2.853485799293813407e-01
7.325049264480203437e-01
-9.771958761476398081e-01
9.849929187292774113e-01
-2.692630346195068469e-02
-8.961788145403382089e-03
-1.731564515683492456e-01
-4.716941429846244205e-02
-5.972476637825046009e-01
-5.022781313711415230e-01
3.574213549512312849e-01
9.334467102004397887e-01
-3.269977533390198143e-01
-9.181780074238732325e-02
2.797319308738275279e-01
2.409798566586518476e-02
-7.547774883971363202e-01
-1.317412457685978033e-01
-1.068787305315002101e-01
9.104257493731082729e-01
-4.224800995924002933e-01
8.828238942562947056e-01
-5.864529743767961101e-01
6.101126417958235848e-02
3.321909964857350239e-02
-3.914035036481335883e-01
-8.375763195447236686e-01
-6.872457836767585926e-01
7.120641646226024690e-01
-1.574978814251173365e-01
3.176605941059515992e-01
-7.591260338094634186e-01
6.893964289098182263e-01
7.995738625723716186e-01
-2.288667310076626382e-01
7.830843427135936174e-01
9.909174258187112283e-01
3.896465907392954175e-01
4.730583944064408186e-01
-5.486378842585837301e-01
-3.322211406261579292e-01
-7.429995944444618416e-01
-7.883350930966137593e-01
-7.875305720549099497e-01
-9.356548686497443423e-01
7.118987872815021323e-01
1.751994575654494679e-01
-1.243246030075906283e-01
-3.820145458768273716e-01
4.561220388750788501e-01
9.726029331568026848e-01
2.396700153522899335e-01
1.876939676845615357e-01
-3.857896880131670425e-01
-4.546064196630612564e-01
-5.476964838224265275e-01
-2.118367263992249061e-01
7.023012247675697317e-02
2.252504174097793577e-01
-9.747876126420562670e-01
3.086826629728509630e-01
-6.991187179463400625e-01
2.704875788641973866e-01
9.083746992655103991e-01
1.394815063423100465e-01
8.617889511128046243e-02
-3.403320114033979715e-01
8.663775223883183330e-01
-7.956121634779700358e-01
4.590656955546896789e-01
-3.573506845397649290e-01
7.053757818121111356e-01
-5.962994577786089323e-01
-7.915439124122856107e-01
-4.828396419337728229e-01
8.370799512796716080e-01
1.122643012449398014e-01
3.824696514736416475e-01
-5.012982558717551385e-01
2.699074105509022825e-01
8.476603274393612608e-02
-8.469639083668283330e-01
9.291257646519657243e-01
-9.948873440330641138e-01
9.079569924722523666e-01
1.209833888618954134e-01
-4.684669858441858903e-01
-2.237907032075590053e-01
-3.785242767631034067e-01
6.985483702758961133e-01
3.530079522044859974e-01
-7.293943111497196430e-01
-4.359511566602296551e-01
7.896711014492625580e-01
6.182607770136303582e-01
5.180442026724838556e-01
-7.802920677726670196e-01
4.134717485631256295e-02
2.244290547090532773e-01
4.807017899124932381e-01
-5.866245715862004051e-01
-5.919338179028019731e-01
-5.586575637502437797e-01
-9.489447531715731188e-01
-3.765843073578543088e-01
-7.238514570074423560e-01
6.278000345206278254e-01
3.617594141736821811e-01
-8.403869511753412347e-01
-4.424356949004069062e-01
-4.032314622202932686e-01
-2.762011052765611652e-02
4.929752262853663858e-01
9.413207536395784558e-01
1.914205748961756992e-01
-1.208801910851065031e-01
-8.980452906181048967e-01
-6.825526469840934585e-01
-9.610922973147231207e-01
3.035438811255386504e-01
3.108408509996489766e-01
-6.027217533404651828e-01
6.201631825435345302e-01
-1.854860499247810157e-01
5.704329193253605546e-01
7.605585277240713982e-01
-5.653380935962160070e-01
-4.840238580362810072e-01
-5.164916088176643161e-01
-9.725300002967132151e-01
-5.182376639231083271e-01
4.538171592555175771e-01
-6.283852624217567406e-01
-3.336560136055173320e-01
-8.723129558796629546e-01
7.223468768731544642e-02
6.976028084393017803e-01
1.558655871030512063e-01
7.283662397629451224e-01
4.966671221565255312e-01
-3.681736180162860084e-01
4.157005893913123806e-02
3.885165637667682415e-01
-9.488827505385299954e-01
8.543519030423407656e-01
6.795887407609588760e-01
6.652174558730132858e-01
9.964069916721404185e-01
8.844639218201280073e-01
2.471654983667997962e-01
-8.781718639368127910e-01
9.670830829457817135e-01
5.763362757263668090e-01
7.436035760228534297e-01
-1.242203376774834833e+00
-8.419361143963890459e-01
8.665943395083282041e-01
-4.818584602887727719e-01
-1.865026396512827755e-01
7.892177215246976019e-01
-3.533701260223711671e-01
6.801817319753824531e-01
2.395209390128445470e-01
-5.502846298611687725e-01
2.395611013966369995e-01
3.779892335028878225e-01
-2.115565695968872340e-01
3.233671441863297247e-01
2.204686890705620517e-01
4.590925518201194322e-02
-9.032390812356982934e-01
-4.571723343712195131e-01
-9.410242359035350113e-01
-7.936904153207631207e-01
-2.858084504712821161e-01
-5.527051080882106060e-01
1.034078845897774546e-01
7.087363306379508288e-01
4.379993396125356764e-01
-9.855626839602127376e-02
9.014166151129481275e-01
3.276792932789451829e-01
5.875205074809248806e-01
-9.882263272186813108e-01
4.534219861047334987e-01
-2.538483358600562845e-02
-5.430247839100903473e-01
5.082235184237529069e-01
-1.561633538865108140e-01
5.062463006467943227e-01
7.723376070101999336e-01
8.417506232033709068e-01
-4.406501685222548037e-01
5.651102191612882297e-01
-7.969996886669654668e-01
-3.922007762237731399e-01
-8.723613587559611027e-01
9.054616520406792990e-01
7.221063262809623851e-02
4.267463873051000611e-01
8.674690149035699793e-01
6.299347237679102651e-01
-5.194105277723211067e-01
9.214144172258584842e-01
-1.706547519316270467e-02
1.867812151471057724e-01
-6.792293105597644320e-01
-3.007657633150360166e-01
-2.739111196935355430e-01
9.645299427448239538e-01
7.755900425162913780e-01
2.840113236834362898e-01
-9.166620208635376521e-01
4.364731261431353815e-01
-4.179610121174130999e-01
5.402619639996979473e-01
8.320907484328565751e-01
-4.845394942530476534e-01
9.453321916166292915e-01
9.656664450171925651e-01
5.133598508665393467e-02
-4.049934833153474578e-01
2.819173410535900093e-01
-4.886257564704374889e-01
-9.824060722926983846e-01
8.741701693499321912e-01
7.481757893735032638e-01
1.652533571076102437e-01
2.611810628444937166e-01
-6.397602743600638853e-02
6.061633809420425845e-01
5.289321846419614559e-01
-1.215710583542004786e+00
-3.833369283199430377e-01
8.477632191217570057e-01
7.806076726891870710e-01
-6.449829685845624994e-01
5.808259168341030065e-01
4.939190306036096434e-01
-1.899095968654539446e-01
4.820964076498284179e-01
