1.976478494888961546e+00
-4.669381130032526084e-01
1.956417194985847541e+00
7.296019564556300852e-01
1.706805464977421138e-01
8.761747687950066643e-01
-9.389170638459708451e-01
-6.801313959453887392e-01
-4.032483971576505954e-01
-4.081038633622653400e-01
-1.004011175271032119e+00
-1.142883908922669667e+00
-6.195421826712277369e-02
-2.174910775810725561e+00
1.475609537859952081e+00
-3.429464602169081111e-01
-7.428352077718203272e-02
7.627720228583194650e-01
7.461469373300102514e-01
2.582408602238243089e-01
-6.429902078464588833e-01
-1.947730643253688110e-01
-3.316938775045084609e-01
2.604776632462284525e-01
-4.692174833205787210e-01
-8.641114446078856925e-02
4.729424191963390034e-01
6.103710123534361598e-01
-3.050823240311422158e-01
4.955026225742509283e-02
5.911184864155342167e-01
1.322468948935734634e+00
7.201906769070891556e-01
-1.002708691843539279e+00
1.011155186172041365e+00
8.119000748108292642e-01
-1.258075384258461327e-02
-4.782717073203610614e-01
-3.711597831636511136e-01
-8.918739712030783195e-01
1.824876930157008914e-01
7.392344586165581211e-01
5.837242547574901241e-01
-5.007717500444703873e-01
4.030402827493687612e-01
-3.297764257058972276e-02
-9.088610150569163437e+00
2.963948377263461165e-01
-7.611115333075730849e-01
8.776260767766426163e-01
7.253215516222193404e-01
3.262762181192559452e-01
7.062796964860311721e-01
-4.233575037061502178e-01
-7.070909729780870956e-01
3.896781994086839229e-01
1.096465414818583728e+00
-7.897376327355510872e-01
-3.711439225444366774e-01
1.526282275386439680e-02
1.402127498966539099e+00
1.220098800186066423e+00
-4.618674196472823401e-01
4.207110935372843086e-02
1.605045817732997149e+00
1.280122501200249729e+00
3.208065674494834929e-01
-1.535034246379055611e-01
-1.739525670617824593e+00
-3.983539335803065740e-01
6.489477787355537597e-01
-5.915752415072713655e-01
-5.249049905982475783e-01
-3.497975339334633560e-01
-1.789409683438926590e+00
1.446002526598302529e+00
1.778460293122548830e+00
-2.812245191706511660e-01
-5.239391954443446409e-01
2.845280064575350654e-02
1.582204878060065045e+00
6.284897379069460666e-01
-4.640103967200271962e-01
-5.189053854767418095e-01
-1.561281708356061504e-01
-1.489468241545656602e+00
4.559005831664584285e-01
2.317701022174248893e-01
9.718902623811382924e-01
-2.860159616827839257e-01
3.014987798772902350e-01
7.400895465695158659e-01
-1.022057104327074528e+00
-1.023210360553450160e+00
8.356604686691375683e-01
1.466635465236855396e+00
4.780067557816891632e-02
1.799847616894054037e+00
2.264680522278752495e+00
-4.131773398588856061e-01
-1.478174977408191482e-01
-8.151339641081425391e-01
-8.771781384579200314e-01
6.832796699337147228e-02
-1.488809588834062225e+00
-1.288096832003748027e+00
-8.295209631360558333e-01
1.852473420230313916e+00
-9.587109869527707939e-01
-8.638234775911522723e-02
7.182066681776903827e-02
-1.244169582502917093e+00
6.532433267192960802e-01
-1.927768964928068929e+00
-1.328623295340608523e+00
1.230029977020313581e+00
-2.195131498176713158e+00
-3.252470630663973905e-01
-4.164513081359407787e-01
7.097324230446255822e-01
2.843424404439973241e+00
-7.812747519954817144e-03
-2.996781014995321124e-01
6.407348957928722666e-02
9.401756075288699721e-01
1.132255115175071269e+00
-3.991171139340749519e-01
-8.864687790751768492e-01
-2.342280126812070207e-01
1.561360538081136839e-01
-4.191199171624061526e-01
3.217264852001973097e-01
-8.810184386092247966e-01
-1.716283230795447645e+00
5.173525160651690769e+00
-2.089136057487475662e-01
-1.262530527873275688e+00
4.406018902122465497e-01
2.727246586837707376e+00
4.384637133485884686e-01
-5.842704860237915021e-01
2.978350138469138542e-01
-1.292064806642796992e-01
-2.226661052095656679e+00
-4.270228227059956749e-01
1.396893176092631750e+00
5.695112236421542296e-01
3.728581117143589529e-01
1.622413184558451071e-01
5.171502545080823854e-01
-1.515131667760396539e-01
-8.535397887860410315e-02
-2.907651220024166649e-01
-3.877181513539408875e-01
6.571630030090934715e-01
-4.434004510361294060e-01
-7.991721258558670549e-01
2.309302662748448642e-01
-1.231136657043876426e+00
2.425079650995718705e-01
4.953452877136352850e-01
1.628651476912746254e+00
-1.724384464151531293e-01
-2.050260515576499909e+00
5.825077709837847006e-01
4.097682804724264716e-01
1.600199594485657739e+00
1.105831298886284841e+00
-7.880230732746179578e-01
-1.121320179528144223e+00
-5.024382857743607822e-01
-5.778618471537863011e-01
-4.036136699346771772e-01
4.977712459869250428e-02
1.806852065736236579e+00
4.588647185993035005e-01
5.155459827259782912e-01
-2.479233741516833955e+00
-5.065159844020984403e-01
4.851935774353927089e-01
1.868496564462832910e-01
-4.590659748869153622e-01
1.188506340170688347e+00
1.592535215818188021e+00
1.584085385770207743e+00
3.447728611663411158e+00
-8.499118264188987304e-02
