3.985996677567280599e-01
-8.369045585328320769e-01
5.587065276553468962e-01
-6.451704331716283658e-01
-5.219071540651345487e-01
-5.939119049045251675e-01
-5.147849351245057381e-01
6.578584391615307503e-01
3.821290954362397407e-01
-6.480427571157377775e-01
5.541640956085137626e-01
1.720208730950573139e+00
9.967410562333243185e-01
4.134240618993672012e-01
-5.151447020206958438e-01
6.161645172057632625e-01
1.387942235520135403e+00
-8.422321047554470752e-03
3.647793117518836059e-01
3.172749337775198075e-01
-1.065755442829701138e-01
3.640824373332010033e-01
6.415518426995014956e-02
2.503596554102609506e-01
1.269912271733641962e-01
-1.805955128966805212e-01
5.711135219818881392e-01
2.866510518491427462e-01
8.691414401548804847e-01
-1.215310443846523869e+00
-4.322513636228473288e-01
-4.613249811798542099e-01
1.717738385738738938e+00
-1.590880512446781747e-01
1.044613944561243235e+00
7.153252735207937807e-01
-5.518796688158986719e-01
8.773614886404625945e-01
-9.678133103776649371e-01
-6.749151962951336348e-01
-1.499583887219222422e-01
-7.363709613735094361e-01
6.739896021252280711e-01
-1.867324649737146736e+00
3.166973165434665560e-01
6.114266825174667908e-01
-2.469342378616838918e-01
-4.884426971603517131e-03
-6.970249168892579394e-01
5.746522441349275478e-01
-4.935857905510292465e-01
1.491318828772584704e+00
6.529952071931257596e-01
5.105890849319263403e-01
6.906027557000027350e-01
8.951678596440006963e-01
-8.207292626806613756e-01
9.635056131419728054e-01
-3.534759316717679400e-01
1.423346190736335615e+00
1.112107418188632707e-01
-3.815121211399064016e-02
-7.992150903068941936e-01
-7.014900879881726947e-01
-6.311313134941107794e-01
-1.807437531314694423e+00
-7.154371128199521479e-01
7.415273458079358893e-01
9.082993262009251278e-01
7.428269175750965569e-01
-7.568804866640488349e-02
8.023568975870474240e-01
1.579253858829954726e+00
4.089022470080774241e-01
-2.747754768485761723e-01
-1.793676194310850791e+00
9.813905595890113354e-01
1.023690258659260000e-01
-5.118440434470139522e-01
8.614255378415642816e-01
-7.951842108815426746e-01
-8.435049531024308989e-01
-1.116637081959076738e+00
4.961083693895838032e-01
9.326504671193847074e-01
-8.187060781393840081e-01
-4.139279575492292862e-01
-4.436365036646490179e-01
3.132269902716209309e-01
-9.942704425407187241e-01
-5.644722142586438007e-01
-6.263445700843024433e-01
8.813736668344287484e-01
3.474990635846331166e-02
-4.623078754958389602e-01
-5.137755020588592458e-01
1.043895311587659247e+00
1.218899375823496056e+00
1.758086606290591436e-01
-1.024152673460847041e+00
6.069894543749410065e-01
-1.182878527130259982e-01
9.622452869832716082e-01
4.791505138122607033e-01
4.112692473771237811e-01
4.209795047992390682e-01
-2.038126494525809740e+00
-1.827197783804124231e-01
-3.279695626192359881e-01
9.470723733689432322e-01
1.008981090336426245e+00
1.793668374926357778e+00
4.917761503900905939e-01
2.473463366724659718e-01
9.531396704980945600e-01
2.705466710735149327e-01
7.143320781645392525e-01
-9.511448517578584561e-01
-2.028478582870641977e-01
-6.427134530835285631e-01
1.317010952475959895e+00
1.270320106379282166e+00
-9.386126860945767092e-01
-3.995642998308857052e-01
-3.452943414306428593e-01
-4.529623179315722670e-02
7.951758848844663330e-01
-9.694336898296920246e-01
-9.029436123659608793e-01
-2.287413416614136885e-01
6.128431028524421453e-01
2.730572355743279278e-01
4.757814346500636171e-01
-1.609762433705302365e-01
2.181108057612988760e-01
3.546113245144062454e-01
-6.856110907883032901e-01
-2.702542122615938514e-01
-2.307478739678150426e+00
8.922734151701496863e-01
-6.360934656926131581e-01
1.675374470660498938e+00
-6.812576410682427142e-01
-1.531893311718277584e-01
-3.136932960866993803e-01
-3.725087256845117656e-01
-3.009128278175720261e+00
6.010677435335403107e-01
-8.864284817135308359e-01
2.024362896680010238e+00
9.463528340162523644e-01
1.555069852386278928e+00
6.043840576992272062e-01
4.100332048643957616e-01
-9.554629082998624678e-01
4.195012424129673789e-01
4.404630317924846938e-01
2.425184851357665927e+00
-1.293669908958708481e+00
3.664344423333623091e-01
7.570764496766275720e-01
-8.256834802230959003e-01
-8.620798426667830583e-01
2.801273486259061585e-01
2.965152893097900977e-01
-1.007934559754466219e+00
2.200528208089432836e-01
-7.485166490144634643e-01
6.714645387475364213e-01
3.682148806791436524e-01
-3.151991358099740514e-01
-3.695718269656536048e-01
-1.392396501313986068e-01
3.491507770801851596e-01
-1.718733555315592465e-01
7.631054044858642804e-02
7.981666664364737152e-01
-3.535142735380425449e-02
-1.226786239991328742e-02
3.962769459801311900e-01
-4.131903659421409802e-01
3.014290198431681667e-01
-6.611007616349444671e-01
-6.340033414342283180e-02
1.291339228038470566e-01
9.867807820877685376e-01
-6.921836911062797526e-01
