-8.217783030066349026e-01
-1.518051935624750159e-01
5.553745627532750140e-01
-2.366407427339878855e-01
1.102434943823157876e-03
-2.866222107543178188e-01
-5.496298233446301751e-01
-7.352765450604475950e-01
-4.164116346556268056e-01
-4.422744924502003405e-01
7.054918520269022331e-01
1.279190471260697182e+00
1.090583633274428754e+00
8.656117242945482460e-01
8.868705549264679355e-01
-7.572941184989361307e-01
-9.769200211150251834e-01
3.608892336508638943e-01
-1.053420367481320064e+00
-1.703084170230998451e-01
4.222090051244114517e-01
5.662217386970417321e-01
2.570466039097902833e-01
-7.753698275953336827e-01
4.299213045189937410e-01
-6.562959295347835509e-01
-1.217851904603395319e+00
-5.537241134061412495e-01
-4.838425723886474739e-01
-3.094367437337719462e-01
-3.754190902374806571e-01
6.793503163234493325e-02
4.569429171588614835e-01
2.738804048676863889e-01
7.065085185767443487e-01
3.201482208085412173e-01
1.034579690987657674e+00
-5.706023021319255317e-01
-9.482786299185462786e-01
7.868140439504267558e-01
-8.116903517739474383e-01
1.564797783619802818e+00
-9.630704446012841591e-02
-6.287138341490925431e-01
2.710146523969576837e-02
-7.211279605856613095e-01
-1.167155200770138901e+00
2.245245103609951609e-01
-4.140021013159954633e-01
9.917901833569080505e-01
-1.789663791680009275e-01
-9.338544804394014465e-01
-4.457518285237770106e-02
-7.220596381581876333e-01
1.491797022683400975e+00
8.677189928282449394e-01
-7.229656771067022314e-02
5.113222426588890368e-01
8.871831248589516772e-01
1.280796862022841154e+00
-1.511017337469066635e-01
3.957445255087300717e-01
-1.810612199100929409e-01
1.076317277717754983e+00
-3.700032494111439307e-01
-8.198797550790656308e-01
2.157137149887320138e-01
-4.087444040514308097e-01
4.508545718386546275e-01
-7.559570935305008899e-01
5.499129561574694902e-01
-2.540436518093254215e-01
-1.857356554932391990e-01
-9.011145513307583510e-01
1.959080172750923832e-01
1.860935271705557448e-01
-9.281877285172904779e-01
-6.273502025605329768e-01
-8.560900513147089441e-01
-8.991075666039425318e-01
-3.458900281140864230e-01
-8.856410575021164133e-01
4.570773735165133411e-01
2.058139632164289745e-01
7.319993767952019947e-01
6.640487542757712580e-01
-4.657176098632862526e-01
6.075231070513066323e-01
-1.656221282643195181e-01
1.174456103121825024e+00
2.904312046301291139e-01
3.308283913712705693e-01
3.587335429100545481e-01
-1.009413148753596001e+00
-1.544697001159593519e+00
3.973492985704801805e-01
1.107966712857517910e+00
-5.504844430570161595e-01
1.127095255810883323e+00
1.425432608325429840e+00
-2.703520354533697767e-02
3.419457733310411474e-01
-4.229824491730962976e-01
-1.124380403545415241e+00
-1.462111447765199745e+00
7.635829780249224763e-01
9.729808027411848137e-01
-8.577971570101563525e-01
-2.596252216403766022e-01
-6.060062131956762965e-03
4.602730983959952837e-01
-7.310354357449112550e-01
2.459647032828790603e-01
6.390342117379176345e-01
5.944941366722921172e-01
8.595917452731538511e-01
1.188552854562191952e+00
-2.104729363520721486e-01
-1.147691994136047500e+00
-5.156481640137977607e-01
-6.589786190069507610e-01
1.523382007487648071e-01
1.577774840984045857e-01
4.485070337338451507e-01
-1.911896101570819684e-01
-2.685608206444258239e-01
1.362056320715520741e+00
1.144996205312672322e+00
6.941821875132936359e-02
-6.014196301647857235e-01
2.644851535913644303e-01
-1.085712534955247888e+00
-1.633039359034451632e-01
-1.117792701663026522e-01
-2.916242183427916745e-02
-6.086743189033775314e-01
-9.052903438662993629e-01
9.035056204088752763e-01
-9.216813582274714367e-01
5.904399636874937407e-01
-3.785383777262714688e-01
8.159778460056825722e-01
-7.317857620091785531e-01
1.718717889178574820e-01
2.440686706163580078e-01
-1.393896903930049058e+00
-6.890918793094265027e-01
-4.724403587779344993e-01
-1.299810459207697555e-01
8.360568869448377072e-01
-1.063047716551420052e+00
6.090991708755452150e-01
-1.095674478281079889e+00
-9.036336418615406041e-01
8.425703043417545057e-01
2.705650213896529377e-02
9.652336483919195242e-02
7.475605232338522477e-02
-1.292798246122749184e+00
4.716215619266011516e-01
1.155874178165615884e+00
-1.689692796414715426e-01
6.974421349931516634e-01
-2.199802009619265253e-01
1.806704274013050115e+00
-2.262328743873736892e-01
1.175119623722213902e+00
7.778135513398729550e-01
-9.269417984521067799e-01
-3.778653883352715570e-01
-1.495445065064105183e-01
5.526157599086815031e-01
7.313341776078791101e-01
-1.211184157238726966e+00
7.446775365146925951e-01
-1.287920422755862937e+00
-9.322878855443159640e-01
-1.142927293179022419e-01
6.034620552352870648e-01
1.203607337894498253e+00
-5.825669303977265567e-01
2.212105999188378747e-01
6.489248509004581500e-01
3.176660505209928931e-01
-1.550991770795132618e-01
-1.515220224297110230e-01
6.633663368316350395e-01
-1.456788889014817290e-01
-2.263309006918051425e-01
6.761785960515888094e-01
1.592670256182956989e-02
-1.208334796360404362e-01
3.378949327157774740e-01
-4.067115950672144931e-01
-5.521811855544296599e-02
4.341609470676893734e-01
5.052611726865388064e-01
1.035926548255984070e+00
3.252777176184584729e-01
-1.223647618246753943e+00
-1.067237691781712128e+00
-7.188852125650041502e-01
2.515468919252132896e-01
7.821016510170712976e-01
7.556969676418477944e-01
4.369705519304274421e-01
4.691466106064862696e-01
-9.156020584832930131e-01
-5.945867348519006113e-01
-1.026455407147949028e+00
2.293485905438772954e-01
-4.421556141145672192e-01
5.141672244457179408e-01
-3.120046238227363045e-01
-6.314612352082623614e-01
-1.884519968080081709e-01
-5.728020570655548704e-01
-9.762417514070962365e-01
9.031422541322127184e-01
-2.612164153468193861e-01
4.333887250885246067e-01
-5.854071314454031283e-01
3.629873723097679084e-01
2.458015634997011145e-01
-4.959386051930542161e-01
6.577277101760201639e-01
3.582986820108087778e-01
7.174333594596848940e-01
7.232661815937944105e-01
-1.111167056813257670e+00
-3.991805860052618504e-01
7.505883611957377965e-01
-1.640545064449537016e-01
-1.070825132114674449e+00
-1.373074294205922641e+00
5.589359645738600779e-01
-1.191949968992494835e+00
-9.479785990693437858e-01
-1.224170900714082855e+00
1.014209673556771829e+00
7.617062636756550820e-01
-8.021416063356576753e-01
-5.761529893306536199e-01
-1.387814256823593162e+00
-1.496954866443611643e+00
-6.589740882338409600e-01
2.035601016158352650e-01
-5.247546860980635275e-01
-5.991155402745578229e-01
6.954731926418746824e-01
3.799593385707193682e-02
1.000552186224169526e+00
-6.046351705268941945e-01
4.076351174567059976e-01
-5.639266442231835041e-01
7.427492325211956237e-01
-4.576301401649530698e-01
-7.865139879343906459e-01
-3.042651056889370542e-01
7.175822797249962193e-01
-5.188215352622638221e-02
1.285743780699469374e+00
4.255828127323143528e-01
7.716121745203524673e-02
1.204137735088483874e+00
5.032153103875305344e-01
-9.197843158410043962e-01
-1.038987510171322848e+00
9.031231339622224352e-01
-1.612674640606350795e-01
-4.266653763344139816e-01
-5.800995333436927970e-01
-7.637053555881201383e-02
8.829603802160602699e-01
-1.240156333636235786e+00
-9.224113158340572216e-01
-9.175169952565601639e-01
-1.859382789423634497e-01
3.923128644777969520e-01
-9.331845853747937625e-01
1.823534788340132051e-01
-1.605771851614714363e+00
5.949574681033762413e-01
-4.541405269823117763e-01
-1.556572000079297913e-01
-9.762152840627794648e-01
3.528159806968522716e-01
1.208672961358209674e+00
1.031027434425746403e+00
1.264813827844707195e+00
1.441059243010910373e+00
-1.824302164482700661e-01
-4.047098198483029541e-01
1.481923334144166771e-02
1.023925323305525659e+00
-2.680676003216159176e-01
-9.184155341162986153e-01
-6.395730441002069888e-01
9.167794579488978135e-01
-1.198652438491641492e+00
3.449192505399248931e-01
-1.990467851160643065e+00
-1.384527150980548793e+00
1.399761506150363211e+00
-9.498446260915275330e-01
-6.085116419164399160e-01
4.740757819169912346e-01
9.574615507710351192e-01
1.087238657616313331e+00
-1.048682488987134231e+00
5.476818254171123002e-01
1.864931353445128837e+00
4.925368674297699312e-01
-1.061396925136084635e+00
-6.762907272476126330e-01
3.852616162873904737e-01
1.856631704973281671e-01
-2.903050832763038880e-01
-2.473310070824352724e-01
7.226853183844423878e-01
-6.879757777983512845e-01
-1.390582374783381647e+00
7.257121779923705329e-01
-4.805950448467823932e-01
-1.377367291621129364e-01
-7.808666908928174610e-01
-5.126551747796408154e-02
2.821602695848097198e-01
3.895152951509389672e-01
-1.470688748184404204e+00
2.829402948357384595e-01
-1.080651301906099704e+00
8.459040046511447919e-01
3.913790179881603826e-01
-1.038289773447041320e+00
6.678372939831659361e-01
7.858596585919177535e-01
-4.416957117626015838e-01
3.396415898592482496e-01
-1.257836853134706834e+00
-8.195467210242822764e-01
-7.033416889422567930e-01
1.694246136746304920e-01
-1.675860557674985762e-01
8.814540474775067747e-01
-3.480090253123371280e-01
-7.075173429194311359e-01
-8.479663336484138947e-02
1.069257979753321930e-01
-1.592155211013102978e+00
-9.313482782232401780e-02
7.830151912062267572e-01
-3.060873085763923807e-01
5.778072277649286548e-01
9.853226029632704552e-01
-5.213664315814114242e-03
5.506719291765244106e-03
1.518894018500762444e+00
-2.002604959629153747e+00
-1.085688548856454494e+00
3.979023369505947649e-02
1.850715699200501385e-01
6.229254438835909458e-01
1.708505477913594861e+00
7.602137725274379365e-01
3.960905329565941879e-02
-6.127974248071980101e-01
-6.889035538160706018e-01
1.028062113572451253e+00
