1.354362302189640044e+00
-6.125265293050243809e-01
-4.665798265888433383e-01
5.509491231394962885e-01
1.144091637172994780e-04
6.513217192339022521e-01
-6.084647796061193326e-01
-2.078466059208829986e-01
3.467835402892451846e-01
1.452097379751773332e-01
6.001385605756694996e-01
4.081353821712072616e-01
2.475368658909409270e+00
-7.245856947970761297e-01
2.025789710344060857e-01
9.622582051740863340e-01
-6.337891698667141860e-01
-7.710031651333526526e-02
-2.621085034988193563e+00
1.202732708957116259e+00
-9.805591678390044308e-01
5.774086600712708961e-01
7.080188664594122550e-01
-1.792520848120111587e-01
5.759933474852817897e-02
-5.019028898121297155e-01
8.204968350119004050e-01
-1.084580119609770271e-01
-4.154320727596116924e-01
3.615909311803373605e-01
2.159899281145062133e+00
5.820463071284820433e-01
-9.447733347567875972e-01
-5.450707130372622888e-01
-1.125943136875373340e-01
-7.158868575355881170e-01
-1.045510302240425515e+00
-1.156534688375440378e+00
-5.582826155576443572e-01
1.975233269386579837e-01
7.005637118580021472e-01
-6.744702416079457752e-01
-1.809183634510875827e+00
-6.299120301938583300e-01
-7.358573377735431187e-01
-1.882485111945217948e-01
8.800384395921156955e-02
2.107427850692338289e-01
6.899806247736004483e-01
8.217788404342756259e-01
-1.246131229720716521e-01
4.373858354809506133e-01
8.057378476676594348e-01
-3.642182591074090148e-01
-1.669227846057377285e-01
-4.393369806881297079e-01
9.704635309950442323e-01
8.394912068465496535e-01
-4.258435801742475046e-01
3.204701924655857237e-01
9.123313597706115274e-01
-6.402245545486195955e-01
-6.647842023115859700e-01
9.533835600541680222e-01
5.083257959906364309e-01
-4.019199201240476471e-01
-1.027918543103295113e+00
3.536484564505650852e-01
5.624371927962297235e-01
-9.662478097668014687e-01
6.328585417945253866e-02
4.710019938525006333e-01
-4.364133456402496253e-02
-6.310432298892673098e-01
3.409500787384243115e-01
8.911474021819073554e-01
-2.966994804644269568e-01
-1.121093314869134883e-01
7.745261671570120576e-01
-3.479620537532641666e-01
-8.515737974309439684e-01
-2.366982075577503952e-01
9.736727599698167257e-01
9.605520989069175064e-01
-3.454784356864601946e+00
-2.406013065635694559e-01
5.415926697321804539e-01
6.824780241614974985e-02
-7.780784132823178600e-01
4.721628509768198700e-01
7.412723552479105749e-01
-6.813588884887293862e-01
1.380378852493933106e-01
-1.299722160082360967e+00
7.860759064277687003e-01
-8.612252444514160166e-01
1.154732317952713583e-01
1.806839097052939103e+00
-8.914526034623636297e-02
-7.891866328711673040e-01
-5.043924441774136902e-01
-8.947160351381553411e-01
-1.964827810322200552e+00
1.895839216899765312e+00
6.144603279795199935e-01
3.831392699628444198e-01
-9.208436354215141506e-01
6.863952235316360673e-01
-7.851666025767145562e-01
3.184465976655185826e-01
6.996569774382632723e-01
-2.829547252947988145e-01
1.876509374307457678e+00
-7.681517923382645829e-01
-2.799719979239135431e-02
4.756285498129856348e-01
-3.949720662156754880e-01
3.017403582453404010e-01
-2.962689005223690941e-01
5.708227539349857160e-01
-6.208489466766233811e-01
9.378625970511620391e-01
-1.352381801495674551e+00
-3.528510037133212318e-01
-6.330037487029813725e-01
-7.542548645989273215e-01
6.036784477287751027e-01
3.125222056683962801e-01
-8.832922679577960290e-01
1.590300083555746813e-01
1.465065335988926520e-01
8.923127783301423865e-02
-2.751603634596371251e-01
-8.979895951723654290e-01
-8.330978980468113360e-01
5.103871141157254598e-01
-2.939339242989836287e-01
9.938809225176956641e-01
-5.299247735130927506e-01
-2.240902142921292750e-01
-1.383113845150987231e-01
2.628993353004836386e+00
2.135581815845648268e-01
-1.766268853303195052e-01
-8.452610096891586267e-01
-1.708251989867225484e+00
-2.051680768267163668e-01
-4.333411069427765550e-01
2.936718252107498595e-01
-4.472240878272923381e-01
-7.904848046654746607e-01
-7.411230385019995648e-01
3.972991546456237089e-01
-9.710375773158223811e-02
5.408626750790601623e-01
7.479095731816917114e-01
4.880122764445807837e-01
-1.637820068167437082e-01
-3.086568085941927553e-01
-4.083930103379637133e-01
5.179991915232242672e-01
-7.054015561810949020e-01
9.154789670332014184e-01
-9.189825707130545585e-01
-9.418526102882153195e-01
-5.884211065260593898e-01
-8.427165654268172768e-01
4.773862537557227448e-02
8.867639563076029630e-01
-3.380160281159430014e-01
-7.471326040471397700e-01
-2.507269784580497540e-01
-1.370633352134424277e+00
5.399554278064044865e-02
4.933031736521433230e-01
5.125087037603792695e-01
-4.093384971384590454e-01
-8.024229758218194286e-01
4.335103114151102055e-01
-1.533415102507516670e+00
1.154180849389201846e+00
5.639708822114244402e-01
-8.405414276038198906e-01
-9.556121643430257606e-01
3.189708872834229325e-01
4.558953852849232380e-01
9.274400137347504902e-02
2.045198671123280132e+00
-3.978056280588002647e-01
6.052885105086667217e-01
3.322752142594640468e-01
3.972616688959154652e-01
7.606841154486253531e-01
-3.158515452202488305e-01
-3.336238516938936360e-01
-7.432215910657633540e-01
-5.158540026160278735e-01
9.542171209158887280e-01
9.685647715324222640e-01
-8.265948591907703591e-01
3.575316396887613379e-01
3.736003769475269021e-01
1.195772144020379596e-01
8.248143548197361952e-03
4.414305166216927478e-01
2.882395375760314904e-01
-4.470940971464143487e-01
-6.465265803187481009e-01
9.778622757152916067e-01
4.274915675925100578e-01
-9.813285519587369166e-01
-1.500936615467154400e-01
6.711496008151934811e-01
2.827592083666137235e-01
4.372897737190060141e-01
3.498550733023795267e-01
-9.884285566947002000e-01
5.511828753859264740e-01
9.295349386235740585e-01
8.723561954008949293e-01
-7.498285353516240814e-01
-6.012993505555688234e-01
-1.795389549074684066e-01
7.363424890652514598e-01
-1.456799034614258304e+00
6.699909337855003422e-02
7.044292653154855532e-01
9.147990020633764985e-01
4.634911328917594719e-01
-2.273596624533242405e+00
-5.813962819391499393e-01
-2.215133558373260925e-01
-9.211603928720468737e-01
9.696157807972842768e-01
5.178356825082597314e-01
5.152465961252659099e-01
6.205489927520604354e-01
4.272520322847439544e-02
-1.117332031714539514e-01
5.320966941842188991e-01
-3.271353148653688425e-01
4.222171713856227582e-01
1.323131521158500634e+00
6.935550298844839201e-01
4.522447440173884559e-01
-1.728513492844838406e-01
-7.379944748969125001e-01
-5.722390814377302792e-01
2.660747652365791360e-02
3.062798575917913615e-02
-3.648642713379419700e-01
5.339901590135184284e-01
1.005769063870847191e+00
1.645526120247198243e-01
-8.129783312805920481e-01
4.362527914226928538e-01
8.271881301208414694e-01
6.688010268072952513e-01
2.685586755667721537e-01
9.323372148668810366e-01
-4.259259974982585462e-01
-7.462396721338884209e-01
-1.592771775558146086e-01
7.520973788685081374e-02
7.885702204579847496e-02
