4.987354316739049942e-01
-1.530962594362476614e-01
-6.177897799104548060e-01
1.667798517342333975e+00
1.221002717188451214e+00
-1.432013208625227296e+00
-4.615355456277773216e-01
-1.839670054194734616e+00
7.697761399490921086e-02
6.333001390233237160e-01
2.967615630549399336e-02
5.190582308010419643e-01
-8.071148447452125563e-01
1.412035015846029751e+00
-6.214919590125425053e-01
-1.796841635166242512e-01
8.517848654728790159e-01
-8.322607862968443848e-02
-9.019285577604041482e-02
-3.278399182731663308e-01
-7.863717377852355028e-01
-6.975358256548351843e-01
-2.169497791095789552e+00
5.071877196393675957e-01
-2.131473273342931574e+00
1.235267253329435100e+00
-1.386285292951213721e+00
-2.950533265093002178e-01
-5.626800421190953916e-01
4.688335786262746163e-01
9.297451714355242647e-01
-1.367677615993064533e-01
-2.308920899751407685e+00
-2.887758245714636685e-01
5.707786225624009724e-01
-6.267992284380524692e-02
-1.320932100989441749e-01
3.588335573090838115e-02
-5.772747514179623618e-01
4.725379616884426426e-01
-6.666714250801523134e-01
8.661670443568889599e-01
-1.304741467552390066e+00
-5.893162471353511345e-01
7.530815466605339514e-02
6.365647732101211709e-01
1.946654341529301391e-01
1.649423316639595516e+00
-9.803553438167874612e-01
8.071637340810252637e-01
-5.553893906147595594e-01
1.037872577019985476e+00
-6.216408091450337237e-02
-2.586773422947505452e+00
-7.626493959468945150e-01
-8.017809863211349253e-01
-1.023106430258089006e+00
-7.285747332035740209e-01
-2.883312648162131842e-01
-1.884753544203409348e+00
-4.066702835148187090e-01
-9.952473793949277725e-02
9.013395893360636180e-01
5.075769636133345974e-01
-9.937377418102008031e-01
-1.702542434808904104e-01
-7.281615199230404567e-01
6.754036787263405228e-02
1.408821473157047421e+00
1.092918532137997945e+00
-2.093856067683830258e-01
-6.163817975144306183e-02
-3.903505510465850592e-01
-9.861387278634494713e-01
8.176228552667835769e-01
-2.234783200595704677e+00
7.727335254835897560e-01
-1.187119585203236127e+00
1.772949204822397151e-01
-1.243848449541802292e+00
-2.221917758711863922e+00
-7.971285818944690016e-01
1.316277605687641294e+00
-1.244962715179435353e+00
5.384060230571997563e-01
-5.046921469511073122e-01
8.040005218907075868e-02
-1.824968826936545496e-01
-4.079590984720377622e-01
1.737454968512257558e-01
1.822503658190426812e+00
-1.731054461352118823e+00
-3.728353586260692576e-01
-2.651525450319008881e-01
-1.162581730192115304e+00
-1.549020533037301472e+00
-3.595467290733722621e-01
-1.722634028231973424e+00
1.192981031834257521e+00
-8.032199418212535580e-01
-1.224496442731144885e+00
1.514713823475439369e+00
1.755195499925604308e+00
-7.216519425079249705e-01
-7.104698800094287892e-01
-1.482621712450309381e+00
-1.244970549961479600e+00
-6.290766654298909355e-01
2.915394984134609402e-01
-1.042685162075305261e-01
-6.325439254049300963e-01
-1.074385716882705788e+00
8.076825781824285011e-01
-7.876269911692046488e-01
-2.475414998963311741e-01
9.996211420152846250e-01
8.626313980697046802e-01
-2.338909640738521811e-01
-7.955563187537082470e-01
1.929302029275347108e-01
1.710396216945171632e+00
3.545523699531419881e-01
9.501066915837508287e-01
-1.229073102125941008e-02
1.269950442884411501e+00
3.552947385469540365e-01
2.080384950198684024e-02
-2.148583227111050764e+00
-7.421775918261868110e-01
1.358232886542190876e+00
1.774312330598142085e+00
-2.541012818846855037e+00
1.768937894059973148e+00
-7.525937571469863974e-01
2.385661899456667512e-02
1.469798669155870208e+00
-1.064652950211702365e+00
-6.824899768774641551e-01
3.091047812807951045e-01
4.099005068809165042e-01
2.524888428592355072e-01
1.108834082204998572e-02
4.683775052037199571e-01
3.430558864591445878e-01
-3.437796050033934403e-01
2.852350384992355714e+00
1.546008963753411791e+00
-7.612129142081696109e-01
3.888490437952419887e-01
-5.845726300403044640e-01
2.547185310874874320e-01
-5.133467735033259149e-02
1.734505898882137687e-01
6.772980166570234939e-01
-4.318866230453204391e-01
-1.640474327159984425e+00
6.202691139905067708e-01
1.532831474320858867e+00
6.420493432812498513e-01
-1.852662362848500166e+00
-1.330335662713169054e+00
-1.928438331139293860e-01
-8.562020942103211185e-01
-9.917203261260124636e-01
-1.457885441536882709e+00
-3.828955197608521765e-01
-7.494382717229354229e-01
6.254525081881145976e-01
-1.926313779058669962e+00
1.200921026987246787e+00
-9.072624715283446051e-01
5.621331386277608200e-01
-1.179222681247461102e+00
7.476972489478951323e-01
-1.407743103132143903e+00
-8.650678001641816106e-01
-6.916443602125096346e-01
-5.526771808677606312e-01
1.660395008794381955e+00
1.076307798269588778e+00
1.023018522912393147e+00
-2.152409408697654403e+00
-5.109628245537843894e-01
-1.377824199077622852e-02
5.721398613552908241e-02
2.298375087667891004e-01
1.209358013183647329e-01
1.956819327631142080e+00
9.807546925285254291e-01
9.012606762425897644e-01
-2.073950454353750694e-01
-2.634222998626744694e+00
8.058077266533749672e-01
6.358186445583151325e-02
-1.956761113552436260e-01
-1.253777338094489990e-01
1.583294866638084830e+00
-1.047985553769201217e-01
1.191439770495945627e+00
-6.603114988338596447e-01
-1.242993884313986275e+00
-2.434175460244234201e-01
2.892667416989310181e-01
1.108667821632415729e+00
-1.132978032784146549e+00
-2.407622830502011979e-01
-1.809478156077699351e+00
6.120498910160129258e-01
1.368909346857221099e+00
-9.095450246201988165e-01
-9.161974749165546772e-02
7.603257378782808384e-01
3.313395385916556024e-01
1.250805110848382862e+00
-1.133058129332635139e-01
9.071634110574302579e-01
9.172660714724317765e-01
1.663011641792530471e+00
2.088736145195205562e+00
-1.182941342055569667e+00
-8.787560186421139452e-01
-5.670825116624729212e-01
-4.764236682116396171e-01
-6.681904424283815480e-01
8.426863724776170184e-01
-1.190167219583667446e+00
-3.023153897126636958e-01
1.648257126917586080e-01
-2.539507410840952106e-02
-5.935522021128660786e-01
-7.630444110580104633e-01
1.803413455198126514e-01
-5.832407633001363001e-02
-1.498919198101133166e+00
-1.163084428218844169e+00
2.983104643629440611e-01
-2.216336115806785578e+00
7.954889456598258912e-02
1.336908239411522814e-01
2.331612556222320887e+00
-1.216634332169018506e+00
-2.457067654548238111e-01
-5.817396839472952497e-01
8.341810908229521093e-01
-9.316171286895977843e-01
1.706555299745116550e+00
6.111464225981675380e-01
-1.491948450300482065e+00
4.659708674982344090e-01
1.578600672717441977e+00
-1.522536288463263721e-01
-1.609496502133320517e+00
1.403596313409498642e+00
2.666161729800748947e-01
1.467279222603222966e+00
-1.224640514893296173e+00
8.995030259007426032e-01
5.721354057129031112e-01
6.072243221279887138e-01
-1.186568110902834622e-01
4.879706506314233638e-01
3.943994242075472556e-01
2.931892857336301783e-01
-8.756289302980200251e-01
-3.987510089161967058e-02
6.508103353002058222e-01
-2.002727829771122625e+00
-9.878134516879968352e-01
-1.573046434499078661e+00
5.002144827421804718e-02
-7.267735958801364582e-01
7.220160694291832826e-01
6.993041938880351083e-01
2.082553119730009561e-01
-1.717156829702883414e+00
9.086784949437769487e-01
-1.643977367268785628e+00
-8.383362858578004007e-01
-6.735492304088103177e-02
6.806805863303087845e-02
1.037218108514922799e+00
-2.699241330787814919e-01
1.319206227545609789e+00
6.827360737571501748e-01
-2.633484463411015053e+00
-9.966256682121550636e-02
-5.120153528753208505e-01
4.286973928903518583e-01
4.764500818982138064e-01
1.580504822923325614e+00
-2.357686534146532509e+00
1.769396771978064553e-01
1.160942421357756604e+00
-5.259223573545251246e-02
-1.409568415919531859e+00
-1.320347287046975238e+00
1.118814678322949119e-01
-7.813218393349830038e-01
-7.996183123597777609e-01
3.340288633279575592e-01
-1.831599301597837404e-02
1.889247168192318194e+00
1.139116799731128671e+00
-2.571348935958821524e+00
4.301997000683108752e-01
4.783721471721316121e-01
-1.160852059387023488e-01
6.003594772137775815e-01
-5.809734997880284801e-01
-3.978162898298156502e-01
-4.216151460667107997e-01
-8.781118271361891825e-01
-8.517521543196507894e-01
-6.816229029291211994e-01
-1.379444768828712142e+00
-6.959355062585335094e-01
-5.644439933283267319e-01
1.243811740678828937e+00
6.281011325938226086e-01
-9.737054002694394139e-01
5.903530402705595148e-02
1.611589112502561649e+00
2.006391072586009572e-01
6.712167557293180487e-01
3.499777279816735920e-01
1.670677938462075796e+00
5.016672732269856355e-02
1.463252437080537982e+00
4.429938702964438257e-01
8.951211749963859932e-01
2.897290673473440492e-01
3.989601792851324991e-01
2.102144202434601539e-01
5.146812290822246894e-01
-1.232954197181477474e+00
-7.359190537795747833e-01
2.489971966294568517e+00
-4.072977821982867175e-01
-8.784121336401459201e-01
-3.445108077280844006e-01
-4.968744893949344488e-01
-1.499288867275173631e+00
5.053099112744979804e-01
-9.441074094273711470e-01
-2.336152876333616568e+00
1.571962905285867684e+00
1.896810912193721999e+00
6.831077046048834589e-01
-5.959046264262073400e-01
2.963735227311311005e-01
3.828502102479444114e-01
-7.813408492326383570e-01
-9.955389211504398483e-01
9.450134194091064366e-01
-1.844848847935261160e+00
-5.789963501458350592e-01
6.557759766751926067e-01
-1.297831038827358396e+00
-8.313430659772871323e-01
1.049297844974432792e+00
-1.490050167584140717e-02
-1.955942975465240763e-01
1.311691504333627911e+00
2.669899497874187233e+00
3.226856467073904167e-01
-2.309709642706457289e-01
9.329961110425639692e-01
-7.885268739844492059e-02
-1.162665899171964279e+00
