-8.529417944161548082e-01
6.147937890628438762e-01
2.866710065155035903e-01
-9.763124661143350869e-01
-3.068256757494227660e-01
-1.849966474125190885e-01
8.117243777890834622e-01
-6.247921271978572610e-01
5.375078383863853837e-01
6.391982949115468937e-01
5.843209617457967298e-01
5.488662951643170640e-01
-9.129734249719994033e-01
4.017947787235254253e-01
-3.440211722014330231e-01
-2.986001741302837242e-01
7.288919584917640249e-01
5.114316073472302548e-01
-6.630908146749364684e-01
4.787013756485772875e-01
-2.871515324914568623e-01
2.817859285966786143e-01
-3.840011563196376598e-01
-5.321590554111940014e-02
-8.015997029380957928e-01
-5.023611010560333767e-01
-9.287181758000869758e-01
-2.155644546169659115e-01
-3.936442200908064071e-01
7.505501047898625044e-01
6.041881950957218583e-01
-8.023091777114539358e-01
-3.772154631660575852e-01
9.705975408795236570e-01
1.407320399709245606e+00
5.195036504858585591e-02
7.034745019645742836e-01
-3.644625088673656421e-01
5.341465922770851638e-01
-9.792710897733216679e-01
7.604206629212442170e-01
-4.126777991858313621e-01
-2.695127844431075004e-01
-2.618911382185242775e-01
-1.247489824055980634e-02
-3.811638777018769297e-01
-7.744956508201721324e-01
-6.775235823805320079e-01
-9.695245453967474836e-01
-4.480523637889048394e-01
6.216537807718909292e-01
-1.317455741313240392e+00
8.735064523492940269e-01
9.689787487488863427e-01
-2.615402728933537979e-01
-8.635508874081250230e-01
5.971185172016892917e-01
6.300151384589813830e-02
1.540703333774500861e+00
-2.868485738055852607e-01
6.009083072571530515e-02
1.017483652400662741e+00
3.968813473173600226e-01
-7.148124718316036796e-01
-5.648411068984113825e-01
6.286959362094166615e-01
-2.809477937876982967e-01
-8.415175396566385579e-01
-9.071380541238127648e-03
7.563612115531122004e-01
-9.480170754062601235e-01
-6.256308936644934260e-01
-4.320636863797528981e-01
5.071882622694006137e-01
6.078307779464948712e-01
-1.472605344801196647e-01
2.032491673120053743e-01
-1.364547266997669039e+00
2.414437424472348770e-01
6.727765783823274059e-01
2.603714002778070302e-01
-7.200587563186977569e-02
-2.803881351118004961e-01
9.586709162147688534e-01
-6.275332546612122364e-02
2.358908808614312846e-01
-4.377180184353094416e-01
2.910404286261220719e+00
-2.961480474419200259e-01
8.399159618323368548e-01
-7.548120535351990901e-01
2.837408624779849120e-01
-7.774804405850535005e-01
-9.575930940944373804e-01
-3.371014812955828999e-02
2.731914204000632784e-01
7.875900960934103523e-01
-7.605518358288629877e-01
6.157352908537490066e-01
2.246035903056313732e-01
-3.693051960855646687e-01
-4.880466773698181604e-01
-6.416616610689114264e-01
2.086468656366859964e-01
-1.198364546132601793e+00
3.511651213421402851e-01
3.018918817856960368e-01
7.889114893105488857e-01
5.658402021723862863e-01
-1.357521097729761150e+00
-6.409828677716555845e-02
6.184774383164588496e-01
5.111170936382611885e-01
6.846926638844446078e-01
8.988073030099262839e-01
6.901142599141520950e-01
-2.148018416272472475e-01
-2.214455747392121698e-02
7.479017477705204864e-02
4.583245352583199539e-01
-5.092167283860105087e-01
9.592598134229761708e-01
2.087121651374372333e-01
6.921645660888349205e-01
-3.477569497057114156e-01
-4.577280357149180468e-01
1.632494624516576120e-01
-6.673276542174781945e-01
-2.020012876217175124e-01
-5.017280875561302977e-03
2.409111578550987287e-01
2.791513025179235274e-01
-8.488894896882281937e-01
2.816748153831925006e-01
-5.938038743802471764e-01
-1.868075300355866553e+00
1.945964399538503004e-02
-1.503915254273247015e-01
-6.790610510989669724e-01
-3.471649789154130361e-01
-5.009093353441266272e-01
9.736843910260738477e-01
-6.908380985204543023e-01
-7.868027910000874314e-01
-1.697334911967868232e-01
-7.838148908319479968e-01
5.539406657426193537e-01
-1.309747408511804601e+00
9.092195555691320319e-01
1.388734409345109277e-01
7.475659533704155368e-01
9.165491479368919059e-01
1.347559848212787070e-01
-9.297416727901101074e-01
5.421694556794500741e-01
8.292783398469489864e-01
3.427180043676023580e-01
-1.838787321405930042e+00
-1.599838277675060816e-01
9.700252305001743069e-01
-1.826265234959056905e-01
-7.286526004541673540e-01
1.031536247923949157e+00
-7.257043573507395706e-01
5.515481003006654781e-01
4.919691207668429600e-01
6.699818054959544300e-02
1.227362096173937989e+00
-3.914352332352277752e-01
3.237590613467136169e-01
-2.265081874199381673e-02
1.260864469541012056e-02
-9.110449259361785845e-01
8.528896436673580883e-01
9.328193581385425537e-01
1.633570023961187001e+00
-1.023400943740922081e-01
-6.875550675768378195e-01
2.274336360993816086e-01
-9.225115916109173364e-01
1.696632070889250166e+00
-4.533202652059131754e-01
2.526225382321616308e-01
-6.402213672111614073e-01
5.319569577107134961e-01
1.526526636147739792e-02
-4.045538224464307886e-01
