-8.366479203713250712e-02
1.057987636278927557e+00
2.385694412071968973e+00
8.738984820240101037e-01
4.829279702244043904e+00
2.174229698688279200e+00
-6.626637781376063518e-01
-7.359706963298259241e-01
5.499108118797916278e-01
-1.632898302545924052e+00
2.134650496017700849e+00
-1.044954571150673306e-01
7.296160838911460722e-01
-8.965706098890049436e-01
1.069958542536586510e+00
-3.367285455242571501e+00
-1.281948721271969349e+00
-1.172715777980365859e+00
-6.691395823195562809e-01
-5.319849479789178215e-01
4.685854492768585788e-01
2.018406509069078592e+00
3.485825627215109801e+00
4.116996807475570286e-01
5.689643416426201084e-01
-5.996281718587344045e-01
-6.052969933555678583e-01
-1.847096935933959738e+00
1.343261284580616888e+00
-9.494934487513410071e-01
9.063819336536624860e-01
6.064436425701693612e-01
-5.848313024716758068e-01
-2.405870952188566836e-01
2.935647354424218980e-01
-1.239601759268697867e+00
1.131613187886595373e+00
-1.127146123609542139e+00
-1.181885084520374996e+00
2.323046695883599799e+00
-8.095206765337004118e-01
-1.980547243806305646e+00
1.432747793875124298e-01
-3.106459353071317486e-01
-8.431550001095529379e-02
5.880394808709521470e-01
3.301285113250591596e-01
-9.935610653902091638e-01
-5.653299398312030544e-01
-6.611493210897305683e-01
2.062167388251634481e-01
-1.113149437407423337e+00
1.096026792967353947e+00
-1.602990119489939413e+00
-2.546043614923754639e+00
1.241902450906438915e+00
2.552375740611638189e-01
-8.521990919287181221e-01
1.371108476492603145e+00
1.888606645479169011e+00
5.498837235487827879e-01
-2.185414016229597856e+00
1.085904253105310024e+00
1.068812564111206731e+00
2.646287554311643753e-01
1.901202945237069786e+00
2.623582625103147437e-01
-1.680919278490541902e-01
-4.397480420537634993e-01
-1.183991045868133751e+00
1.065209357172375526e+00
2.598876984213611685e+00
3.324985996233518204e-01
2.301719003498887695e-01
1.495129739282055281e+00
3.957782522478712206e-01
-8.363654573523555680e-01
-6.115660635783648491e-02
-3.529567540622687849e-01
-1.325972910976867203e+00
-1.010298879163948005e+00
-2.262698271183181120e+00
2.946603749815806528e-01
-7.773616620917462861e-01
-4.556076293547604850e-02
2.197673269246413597e+00
3.097432745835437817e-01
7.165155842535391173e-01
-2.347338541028481274e+00
2.990463895108267378e-01
1.491700438071238199e+00
-3.387343037051024908e-01
-1.293664661256975545e+00
2.874898892774622183e-01
-9.975928222965779746e-01
9.601679299511133303e-01
2.698376416163612568e-01
8.523514580182178779e-01
8.443744237418171483e-02
1.312088477906263151e+00
-1.291515168733168295e+00
-4.826989332099680952e-01
9.590918728964903384e-01
3.395106215102316471e-01
-8.462148895971354223e-01
-2.727365645988054865e+00
1.116307369758723078e-01
1.854949259653720928e+00
-1.414937899089677931e+00
3.573965242605245507e+00
2.661344749833606915e+00
7.806989648153870309e-01
-1.085396840922369321e+00
-5.954984475559437218e-01
-1.426564278123499396e-01
-1.645750356110635026e+00
1.150941967527962184e+00
2.396369899419865224e+00
-1.283162547585774416e+00
-4.701491341933601298e-01
-5.030510353999928519e-01
1.557288375681062487e+00
-9.548466440879914696e-01
-4.586520283398558551e-01
1.428204596771055712e+00
3.363915317283325823e-01
-1.498795865433800278e+00
9.896555038600511889e-01
-1.561941361611918655e+00
-1.852120585594379421e+00
1.426542797785979311e-01
-6.636059085400491941e-01
-4.416054096894480585e-01
2.971627591265763035e-03
-1.574433615907933626e-01
-1.692810611645776397e-01
8.480967213280387051e-01
-4.947102088436233780e-01
6.234050625455844763e-02
2.192038769739177162e-01
-2.079558313828252736e+00
-4.650176782183534918e-02
9.729720072045395796e-01
1.995212335911191071e+00
1.142069704423127607e-01
-4.509526631121634210e-01
-2.111732424936649366e+00
-4.814547202896968248e-01
3.584403609593342921e-01
8.548703302201841048e-01
-1.512571489000172242e+00
-1.284377180163608911e-01
-1.824949561820508936e+00
1.289494601336945934e+00
-4.755772846721622038e-01
8.713751419750467297e-01
-1.228986382868485272e+00
9.058294306107661509e-02
4.571126572830652712e-02
3.252776694571115623e-01
1.080703409532985049e+00
6.886220433136259755e-01
-2.129920926835085770e-01
2.100216379306994452e-01
-4.448932797833364816e-01
-1.354542358579914119e+00
-2.859679901360131282e+00
-6.152151485909436168e-01
-8.068385992942112006e-02
8.533110480865557790e-02
-1.739195522695442975e+00
7.785561406246839233e-01
3.109551363612627628e-01
-3.530417406155478277e-01
-6.400882008583932414e-01
3.234247452419732327e-01
-1.506964938527150188e+00
2.371861759083510601e-01
-1.658371739624120433e-02
5.298732802986584334e-01
8.559321180099335180e-01
4.572811190713481633e-01
-3.475559037000046203e+00
2.413557714913242003e-01
-6.329308593401903327e-01
7.920598494824560021e-01
1.682586258063255791e+00
1.559385459545507668e+00
-5.750189424949135875e-01
1.421924064827857492e+00
3.010045292694906172e-01
1.378991492839675814e+00
-8.691366466796628387e-01
2.784361003709538984e+00
-1.002994762686304053e+00
-2.085268527622422319e+00
-2.668444795627173960e+00
-8.604878778291912278e-01
-2.357454302781090277e-02
1.003934826388543700e+00
2.934139067901104792e+00
5.255379589425149822e-01
1.257876659288196919e+00
-2.315825924415561232e+00
-1.168538231726994781e+00
-4.816013412768962443e-01
-2.867573003299336287e-01
-8.228631847478462547e-01
-2.986518716945497087e-01
-1.602410836656880111e-01
-2.834972589402341647e+00
-5.849678264161968233e-01
3.328806195060593609e+00
-4.449525436894024577e-01
4.038608288307775074e-01
-9.000217834378891890e-01
-1.085796378884475999e-01
-1.802098957958454539e+00
6.761070645037612348e-01
-1.913112073112345213e-01
3.389964269666213559e-01
-1.665873036803239282e-02
7.392889450002375629e-01
2.402589197572396085e+00
3.387939643931869860e+00
-2.215150553402212896e+00
8.996789291108647779e-02
-2.616863450338881569e-01
2.755199528141299981e-01
-6.252879965506064064e-01
-1.228355680115971627e+00
-5.638432299000901704e-01
2.531562658212149763e+00
1.655841410510497713e+00
-8.507470887853975094e-01
-2.508019428750960067e+00
-2.963038443382960407e-01
-1.244373344731147135e+00
2.024507199256161183e+00
3.498520931244075705e-01
-4.653558973827784939e-01
9.186299643290314343e-01
-1.590427450874483117e+00
-2.400758150972414906e-01
7.358706227546483181e-01
1.289953762609814092e+00
-7.719887091794779721e+00
1.089906229580455577e+00
-8.910235154010999192e-01
3.639094239644067308e-01
1.600188061543631468e+00
1.444327694215181701e-01
-1.112408552212092172e-01
5.935630827874760485e-01
9.017562417418107934e-01
9.897664895338745827e-01
-8.329588213098211291e-01
4.478539824478057207e-01
-3.049080740319118354e-02
3.618912306617271257e-01
-2.554529151421517597e+00
1.021171580945414270e+00
1.416735063813463757e-02
1.155082427572492687e+00
9.596907517553674438e-01
