4.401944993568642772e-01
-1.335672803839941691e+00
1.147327977365305784e+00
6.660093957260658781e-01
-7.963756997820117256e-01
2.014264991763812240e-01
1.218630655112954209e+00
3.180714946603543369e-01
-7.233668417920893212e-01
3.035304326589223667e+00
-2.425554166907147646e+00
-2.318997412776822920e+00
-6.373616466087006494e-01
2.524454417520243799e-01
4.537491561995657952e-01
2.275027127498104873e-01
4.961511636091610056e-01
2.173319342445169333e+00
6.151203885046369058e-02
-8.671019665728465498e-01
-1.869767068004424271e+00
-1.379610709822571391e+00
-7.164867147672193681e-02
-1.686173115216234863e-01
6.653101277339472652e-01
-8.520309550363913687e-02
-3.788318318504071414e-01
2.074353968650535229e-01
-1.425358761931601048e+00
5.080717484933761074e-01
-4.594205131058773928e-01
-2.098196473662688799e+00
7.177985093753214141e-01
-3.335372247757693032e-01
-3.424689313988242279e-01
-6.296194917472000552e-02
-1.168270394095237474e+00
-1.495263959531438092e+00
6.461910184279353597e-01
4.380429654429386366e-01
1.731395006947426429e+00
4.158431356633227050e-01
1.284413137686675643e+00
-1.696896904729703337e+00
8.899534879016134381e-01
3.168790546550908971e+00
-1.304814789861158619e+00
9.276947156130346261e-01
-8.687259625630672222e-02
-1.223473590028744784e+00
-8.986716182853954349e-01
-1.080557757944183184e+00
-4.983497993689912087e-01
3.417691902983872598e-01
8.980317082005420115e-01
-9.200322363389790148e-02
2.972354866840219989e-01
1.047053917166028913e+00
4.338526736091589120e-01
-3.917503258574115410e-01
-9.263173497459621375e-01
-1.454427962260236018e-01
-6.353232496353389269e-01
-3.882872877564295111e-01
-2.098666828032974552e-03
1.035202615652091873e-01
-4.833494693409308152e-01
-1.654498914016545585e+00
6.603619763790722352e-01
7.563297286489644167e-01
7.690965522264257004e-01
-8.549139332898065824e-01
8.088766684380580690e-03
2.652089046525021310e+00
-1.282050355268376851e+00
-6.091209642880535124e-02
3.056550838251466118e-01
1.455405565738596696e-01
1.105124341154833378e-01
2.112601649405393689e-01
-4.978265891630182516e-01
-6.823140607711307704e-01
3.339020366054676892e-01
-2.938238023927122189e-01
5.802968026537700386e-01
8.349892097067235230e-01
1.590356388170495627e+00
-5.468892386545824991e-01
-1.146803248396646435e-01
9.525422985090989947e-01
-7.054638873035570246e-01
-5.068791952997089290e-01
4.177173821775008733e-01
6.568819404846070187e-01
6.765867094801214510e-01
2.661348916325974034e-01
1.922728678964563676e+00
-1.189594722368510493e-01
-4.826829290079623913e-01
-1.046232281080252541e-01
3.324746291265302522e-01
-6.361556755909753003e-01
2.719521300865472280e-01
5.385355648587895061e-01
2.556927082769344217e+00
4.195477233783757032e-01
1.974695159989639515e-02
8.620269223604364317e-01
-1.713471850517210626e+00
-3.457166212906572778e-01
2.270720022279039685e-01
7.141938904998350601e-01
3.253646856163922241e+00
-1.004549631828229428e+00
-7.847694638217893592e-01
1.065329190559156203e+00
7.351537299540040760e-01
-3.294657566362570122e+00
4.181515121694293624e-01
2.683752690233565552e+00
5.551350055520324345e-01
9.019624829192662840e-01
1.189746797484109164e+00
9.959148162262685400e-01
1.693348802067787262e-01
-7.522941622498606762e-01
6.844790255126811385e-01
-1.197333296811385062e-01
-5.387637194427155052e-01
-7.150892707964082717e-01
-5.553265651290251181e-01
1.462079872171803685e-01
-7.709277209645357676e-01
-4.670943283329773155e-01
3.556076940773816863e-01
-8.323677657520911488e-01
4.692686453888470499e-01
1.414416230715496603e+00
-1.035299818466854482e+00
3.052879853768711849e-01
-1.475581312771733211e-01
-1.459101261967515661e+00
-6.536765921819287506e-01
3.755451904088272785e-01
8.407617131266904575e-01
-6.013532727055088678e-01
1.518393116815686783e+00
1.125225486397520430e-01
-6.800347151827009773e-01
-9.859195497247571494e-01
-4.085159522778729069e-01
-1.275361898573345254e+00
1.571963829586675576e-01
-1.105747039083095906e+00
7.116578892830534020e-01
-2.341612875479412437e-01
-2.033393206463711689e-01
1.510649988764077856e-01
-5.870931717890539581e-01
7.548279146051883881e-01
-1.028545722937449725e+00
-2.183828321593406230e-02
-1.081874644773257010e+00
-2.352612990964158435e+00
-1.482781280991670725e+00
-6.827866229398338316e-01
-1.852798185038498913e-01
-1.347488246870334194e+00
-8.427026231411613999e-01
1.399185627684893962e+00
-9.272223703507277426e-01
-7.554957807598918773e-01
-3.793895447051016112e-01
-1.235281682687234150e+00
-1.654688922947288532e+00
3.154568475131346028e-02
1.397770993164926256e+00
1.359240896903078699e+00
3.121059265912203839e-01
-1.084378782004873365e+00
-4.752782537835597010e-01
4.042366828763442888e-01
-5.961357698382467596e-02
-8.236874770588105132e-01
-8.407334237299989299e-01
9.052182062460012446e-02
-1.344929894844518969e+00
-1.223879379547343493e+00
-2.245376875030536734e+00
-7.717355068376477445e-02
5.786725111524353843e-02
1.528468295147838329e+00
2.426712088218985208e-01
1.556001933477475507e+00
-3.832317849177311331e-01
8.282682456537636684e-01
8.724531314975846330e-01
1.123218782770692092e+00
6.457860182299925977e-01
-1.250542024473288105e+00
1.059082591774981985e+00
7.332477142005027204e-01
-7.677474219517506082e-01
-1.201485096428868582e+00
9.470075649768938675e-01
-7.840341901669203306e-01
5.949888300571863908e-01
-1.253548007416873222e+00
-3.732235020283027893e-01
-1.281789744148121635e+00
-1.391663986543274500e-01
-1.218792139494269344e+00
-2.903422717452129251e-02
-4.556546599213253668e-01
1.751747678947932929e+00
2.234387967370168759e+00
5.673204919845453720e-01
8.995498369947749762e-01
3.099428724030249827e-01
1.074500222323907295e+00
-1.296200115078991910e+00
6.272581798662494323e-01
1.691732247169329129e-01
5.643292587336623534e-01
9.218615176424360680e-02
3.026797392140925247e-01
7.319385600937675651e-01
-2.183319285229481654e-01
1.615317746843717872e+00
-7.214016325752292680e-01
-1.551666785725985820e-01
-2.114811120074040929e+00
1.102832913394480752e+00
1.070016117902638508e-01
-5.968067414395625825e-01
-2.767164650577336182e-01
1.721119757753190038e-01
-1.120442054846949864e-01
-5.641318918289995876e-01
3.870709504644310739e-01
-1.314190368868851655e-01
1.208529768894964995e+00
3.619010787250114269e+00
8.057327187745659813e-01
1.920290663649451002e-01
-7.740391216548043740e-01
5.729294454691362670e-01
-2.798822644624744393e-01
4.553438740432996235e-01
1.639014463448733139e+00
5.306740286043288846e-01
-1.485307604333658382e+00
-1.035529363743389331e-01
-9.275738671635855859e-01
2.990597294130760808e+00
1.193172969588421672e+00
4.131556184868202530e-01
6.240144335064838899e-01
3.733121392028806440e-01
1.644086051835861317e+00
7.757788639997403868e-03
4.291107589239944176e-01
3.387951103786537743e+00
2.964071568326739126e+00
-3.931808310965045905e-01
