3.656573311612860699e-01
3.012859088057173729e-01
2.376883090011525645e-01
-4.425691868225599124e-01
-5.790304842093395576e-01
5.929806571305853286e-02
-1.022878054116673097e+00
6.512721090021558190e-01
1.135741011051853711e-02
-8.324782469708976729e-01
2.146936343164149164e-01
-9.567237476549445008e-01
-7.107142059851156990e-01
8.987869667975211252e-01
-9.952572363199908567e-01
-1.016435085478791800e+00
-5.177645151329193229e-01
-1.784156814133929791e-01
5.872503407242457563e-01
4.339099228574481160e-01
-6.088096663535969011e-01
7.051744787466548425e-01
8.509999619372671242e-01
3.827113796623453634e-01
-3.008966472830139072e-01
4.706968896088575827e-02
-3.504843942840384363e-01
-2.294286922163400189e-01
-6.351599610042928390e-01
-7.006230865184213119e-01
-7.780480762017484286e-01
1.002922409788680191e+00
-6.425814881180844651e-01
-6.730351547954305236e-01
6.878777734334738936e-01
-5.053251796434573562e-01
-9.257758185209239432e-01
-7.795316533938023706e-01
-5.082538351888791217e-01
-9.917220786686507805e-02
2.308332688005546585e-01
-9.513321825316501945e-01
-9.427561837628297692e-01
-7.780468996102983814e-01
-8.800536330489189263e-01
7.782907706608809262e-01
8.822748524174204299e-01
6.744742197570372522e-01
-1.913902990956838079e-02
4.527428067479055129e-01
1.045308289654724998e+00
-5.979279892336206714e-01
4.744045391839254444e-01
1.789374688686204418e-01
-1.427947430381528438e-01
5.274353298559815162e-01
-8.524077297674634845e-01
-3.610692165323177716e-01
7.161923641820608921e-01
2.205517649007520120e-01
-1.156860209123906635e+00
-2.710289523944514611e-01
-4.697307024961506761e-01
-3.812134582571637953e-01
3.821878320179946664e-01
-4.031853577450814075e-01
8.054156773896596899e-01
-2.973988111753572694e-01
-4.043750124734118434e-01
7.602015743969605666e-01
-2.716310938594038160e-01
1.006699536447079601e-01
-7.746791274627797819e-01
7.679321499841786913e-01
6.666084079506977567e-01
3.491708985754961025e-01
-6.565158155796658734e-01
-3.176152698347782799e-01
-6.682498390742981353e-01
7.419886411753349176e-01
5.499014952228764574e-01
-3.166611360651305218e-01
-5.940385141125777979e-01
2.403818677682073024e-01
8.567442710951956863e-01
6.612413625361871494e-01
-7.377570995765088124e-01
-6.905850344609174574e-01
3.558786522168264077e-01
-6.366153867168993230e-01
1.882833601249974675e-01
-4.645322407483016280e-01
-4.022021897329785545e-01
-3.904371697227208560e-01
-6.784410862367122874e-01
4.426361232757077824e-01
2.530983013123463965e-01
4.862768387443976992e-01
-8.364713747219183482e-01
7.220062384708683112e-01
-4.999165184087586006e-02
-3.300321832589765414e-01
-7.402419345077516644e-01
6.362503967992237941e-01
-1.064447712247202221e-01
2.229971382473283081e-01
9.107923244604523294e-01
-6.178663673376696419e-01
5.980732611642101126e-01
4.848105924980714021e-01
-5.877398585752671156e-01
2.868957686358255404e-02
1.119429334949440413e+00
-9.941926466129691331e-01
-2.045303232548800754e-02
2.573817869878454179e-01
-9.422135905308458570e-01
4.709642662742465902e-01
-3.175681088429645471e-01
-1.823252940681250323e-01
-6.695080867253008217e-01
-5.580917929132312993e-01
-5.917047001938062767e-01
6.692530913716039642e-02
-6.983697673355200308e-01
5.563775458566371235e-01
2.146994751112832056e-01
-5.316388164305307917e-01
6.314467570307108479e-01
-9.944467851004110681e-01
-1.342265831995192726e-01
-7.960810140057024420e-02
-6.646584334708853792e-01
-4.038684471452982927e-01
2.975232333120660932e-01
-6.982315376050017841e-01
1.562224016574493557e-01
3.765369215443968853e-01
-8.791649304125168651e-01
-2.129873278483875032e-01
3.771992134039331424e-01
-5.582094797931893559e-01
7.410059463735267915e-01
7.442802594220551682e-02
-8.416265055655439697e-01
3.480022210581314446e-01
3.784308449605719993e-01
4.272675613631890523e-01
5.960178583629223148e-01
-4.107048537303760183e-01
1.692054728881771941e-01
4.184563069926161560e-01
-1.820073414290157565e-01
-2.613638387240542760e-01
-6.442414020961390042e-01
1.116898160734025730e-01
7.606654653420342749e-01
6.303186806457526936e-01
3.762318371862450328e-01
4.224613492887160926e-01
2.620412232852774026e-01
-6.074242021405444891e-01
-6.491890960993919046e-01
5.045474454610785475e-01
-5.566784951807635107e-01
-4.971380179463910642e-01
-7.960768168324388050e-01
4.399870633684545007e-01
-1.690823598444351206e-01
-6.611254172725440359e-01
-1.070662212314076323e-01
2.509905526757101879e-01
-7.520320857713661544e-01
2.274278585223844795e-01
8.715554759002629159e-02
-9.126467896266226010e-01
2.063903286081855137e-01
-9.437672033543361705e-01
-9.656517581968891983e-01
6.699703912213193779e-02
-6.539373849856037202e-01
-7.801979247882454560e-01
1.022541234499423801e+00
9.868633649583180567e-01
1.131104037362423709e-01
1.005665622045750718e+00
2.597185675346153078e-01
-8.368945986274098914e-01
7.830255446551241949e-01
8.207769064993037933e-01
4.559731727058796147e-01
-3.911304850468341199e-01
3.348019931823981860e-02
-2.192720671797612209e-01
2.604779105051088228e-01
-6.773561505491554335e-01
4.761573082060807094e-01
1.179146004762626487e-01
-7.726385278372696064e-01
-3.517359429523891912e-02
5.701778394141457929e-01
9.763166030357057767e-01
-7.382969453067164678e-02
-6.326639190034923921e-01
-5.230858499258581595e-01
8.323570435706739712e-01
-8.720964088435450012e-01
-2.261849179258491604e-01
-5.818236784705307363e-01
6.160029474316792708e-01
-1.998678989449580168e-01
1.616341228174045241e-02
-4.218121506987318470e-01
-5.670018802157544835e-02
3.982492551526172209e-01
2.666713033193915394e-01
7.309575971948504280e-01
7.382473994416428598e-01
-3.165725874078109126e-01
-1.691836572431104080e-01
8.146788718469155643e-01
-4.890287687684244933e-01
8.730794026630898097e-01
3.877125827269328751e-01
4.742209206576333269e-01
-1.063977015029137663e+00
9.946040706771205886e-02
-4.184816691414871559e-01
-8.172260277390491767e-01
-7.086647009052767787e-01
5.920598300466155262e-02
-2.170910567394448987e-01
-8.974679151173305947e-01
7.338702298489694353e-01
-9.809783223940299335e-01
-4.770190781641385214e-01
-5.539066166409908343e-01
3.782357805402173367e-01
6.768821697887966726e-01
-6.003102681251547557e-01
-1.938600169498325976e-01
5.256983461506969935e-01
8.806465848481672687e-01
4.728283502079274614e-01
-5.615325555222370202e-01
2.078632989250287499e-01
-4.293978776694447608e-01
-5.085142285608561519e-01
-6.820203954251589096e-01
9.876994760594130784e-02
5.647924051141779422e-01
-1.017558711600875521e+00
-7.228586825021432460e-01
1.075932874655699756e+00
1.857217426158732643e-01
-2.732318443433951471e-01
3.056321244956334421e-02
-3.872176743428005219e-01
-5.292790527921562571e-01
-2.000279923988343977e-01
-3.127293494932524842e-01
9.014007750381039519e-02
-8.553191138785252168e-01
-1.783907059374323367e-01
-6.163773383933447703e-02
