-1.230356355431007076e+00
2.121346754121384848e+00
7.592795465507180819e-02
-2.473431271880407678e+00
-7.002720238980155720e-01
-1.977297888608058551e+00
2.032092584446493877e+00
4.542051256653225622e+00
-8.209736408487510184e-01
1.376047067232649912e+00
-2.663009970576291074e+00
-1.849861658286116928e+00
-1.338315967905054471e+00
-8.134524842017013535e-01
9.721639524922619513e-01
-4.277052269172715526e+00
1.669236473025010214e+00
-2.823203778674162390e+00
3.494089274973402048e+00
-1.831215150489763133e+00
-7.339896499145737163e-01
6.140166526525007162e-01
-2.459902483995678457e-01
-4.300012845378553550e-01
-3.142464043346759883e-01
-1.468220283608264953e+00
1.728844217684625817e-01
-1.212665044741114473e+00
1.315601371383982032e-01
3.427484642655235447e+00
-7.829320271979609558e-01
4.507711480882117816e-01
3.967263928005412055e+00
9.676112656720772254e-01
7.744415298872011633e-01
6.369485191416642822e-01
-2.530161561222701305e+00
-1.745000461016178228e+00
-4.145132658578468465e+00
-1.980841984816368750e+00
2.399060309511754863e+00
3.751916825377857645e+00
5.190474007695641268e-01
4.377108803712235763e-01
2.296906130982167227e+00
-3.650132241015660028e+00
-1.560379413491131295e+00
9.988792789835628128e+00
7.270279657331408352e+00
9.501933154779935720e-01
-2.558513073443302144e+00
4.637279841978032002e-01
1.471706394508321969e-01
-8.963108867732053620e-01
-3.688977544152474142e-01
-8.031646006893713441e-01
5.695068903035241936e-01
6.736553543990053683e-01
-2.204821228034460123e+00
3.782352726256624997e+00
5.021293824315375964e-01
-1.561234598122061890e+00
2.638899571498999119e+00
2.262708519394251994e-01
-9.955531654635366712e-01
-1.492526230926953801e-01
-1.690353180279183132e+00
1.514487813880940559e+00
4.674884003568604562e+00
-2.393437123840062686e+00
1.928317885585670854e+00
4.647913881637014910e+00
1.009162316438860507e-01
8.834521307782022825e-01
1.190016820974151734e+00
1.569969061851070879e+00
-1.281515768431289004e+00
-1.205952295662662044e+00
-5.058964556901014431e-01
-1.185831546851015661e+00
4.388090633853775069e-02
4.119072908833206093e+00
1.196190420805275600e+00
-6.360313766079006115e+00
-2.103678225166536464e-01
1.123471822638650197e+00
-2.610693199298125933e+00
-4.466446340718095431e-01
5.540645791827221167e-01
5.013385595671411288e-01
9.609987114166709254e-01
1.384142287225428980e+00
-1.735962427795561869e+00
-1.535297195810219062e+00
1.312034203704352420e+00
1.703131991912795185e+00
4.078227898242213101e+00
1.478329094858876203e-01
1.341805270289774032e+00
2.405670654186132240e-01
-2.007451010718731332e+00
-2.735033208858661524e+00
-2.846545248145617713e-01
-1.117919746498354794e+00
-2.592500934746626129e+00
-2.869455066060030202e+00
-8.519381426254236667e-01
-1.619798513795865036e+00
-1.625665894976705328e+00
4.861461372276992821e-01
-1.053649262494104066e+00
-1.567052772780948455e+00
2.041476034552098362e+00
6.230849288339748160e-01
-7.896868951793990510e-01
1.675333148744958756e+00
2.122751776833205373e+00
-3.214398253117581206e+00
-2.715892587097358479e+00
-2.440972335121001091e+00
5.953219923718751083e-01
1.069353086929899721e+00
-1.492989074160967711e+00
1.960467021603615745e+00
-6.818467528407465839e-01
1.761470113048488884e+00
8.426433708666722366e-02
-4.208182267456583858e+00
-1.079374977393875668e+00
3.535796491039592260e-01
1.325199919276050853e+00
-3.473511233866874548e+00
-3.340404951563425984e-01
-2.909455645830866466e+00
-2.616622336064984289e+00
2.079560665659666796e+00
-7.375362898904427311e-01
-1.357100150861837662e+00
-5.796026096047979248e-01
-1.069263315519019208e+00
2.576291738534532083e+00
-1.203266821947967857e+00
4.397854210954013077e+00
1.064482036258352693e+00
-1.240243660765504963e+00
8.115676974883674344e-01
-2.420717841347681976e+00
5.673503400354051429e+00
-1.138739837546065115e+00
4.717339676898469336e-01
-6.799394546549133445e-01
-1.970435313662088905e+00
-5.165094980659089785e+00
-9.789159113611381469e-02
4.130649764824327885e-01
2.472903396536830112e+00
-2.438978261817611681e+00
-8.347281303755251791e-01
-1.675207919335895690e-01
8.009337409969803367e-01
5.565092244520171150e+00
8.318018109515441516e-01
-2.056836957579055714e-02
2.973622002330308156e+00
5.045742137117749770e+00
-7.264209329092101708e-01
-7.237857122900714923e-01
-1.948318030577772531e+00
-2.089564585430015775e+00
7.369896721780770932e-01
-1.187453617632094005e+00
-2.023706665373365965e+00
-2.907092229340711320e+00
1.612710239739656659e+00
2.242183137430298956e+00
-2.925116220006352297e+00
-3.713447958801683768e+00
-2.705482753867737955e+00
-2.143611028655045381e+00
2.974126337509833684e-01
1.249628236396958636e+00
-2.553606408584057963e+00
2.163190128385268807e+00
5.258596406826112180e+00
1.327756794608075275e+00
1.612468946414607585e+00
1.225949841864248047e+00
