-4.122483539817535236e-01
3.838561673964809851e-01
1.436923027315678780e+00
9.710538858543500407e-01
5.784729093880722206e-02
2.211879389508236704e-02
-3.993360336846751846e-01
1.234000073268114728e-01
1.014571524780087719e+00
-6.996883585083982227e-02
4.510574195313463708e-01
4.492758798586387603e-01
-1.936014278369235342e+00
-1.597435728365784513e+00
5.110558517661462075e-01
-5.979490927418431578e-01
-4.933913079929521106e-01
2.139773746363678786e+00
-2.458107477402049046e+00
-5.733205459110018998e-02
8.046666578339655151e-01
4.771024723424727720e-01
-8.773165103099662687e-01
-2.724462422955221119e-01
5.092712005733152081e-01
-4.023417732456865958e-01
3.990882474902241461e-01
-2.271453391793653298e-01
5.882033058189921615e-01
7.353918513958197511e-01
8.172969744970896011e-01
6.533311751303827464e-02
-1.869093302909623222e-01
8.059311130540192103e-02
9.351458783686277254e-01
8.222736735166580324e-02
3.459686353074701293e-01
4.844425617111550730e-01
-2.218756188176251420e+00
-3.760685777238712002e-01
-8.175588964054518737e-01
6.257257668935587436e-01
2.529196145057767686e-01
1.564746877792128732e+00
-5.834142011721199506e-01
-6.511237663105488016e-01
1.218075419339745613e+00
-1.457078951662533317e+00
2.947277742022199387e+00
-1.064547625553007082e+00
-4.438352179356293281e-03
-5.410669558556604475e-01
-2.890783517797306690e+00
-2.095087528725401604e+00
-1.307628969205715697e+00
6.387019398078653820e-01
1.935493411793880014e+00
2.875118224221567820e-01
-1.293587637704018745e+00
-2.009484686552498900e+00
2.334126437176441971e-01
2.297345914533819033e-01
3.000110124051639460e+00
2.685029091684798530e-01
1.316757911625484057e-01
-3.691014826189294773e+00
1.446056178070645348e+00
9.548265143408952715e-01
-2.796736744990361290e-01
-8.136157803756086104e-02
-5.380188671495966801e-01
-1.143830675731607016e+00
6.974632542619192410e-01
1.274114901122962440e+00
-2.827300994302870962e-01
-9.795315155875314872e-01
-5.298263012291484220e-01
-1.123335600686978103e-01
-3.984173860908547526e-01
1.457185572986702926e+00
1.582860967612699676e+00
-5.300764100838878390e-02
1.945973568299665946e-01
7.166814497740221501e-01
-1.224662607499676092e-01
7.803200088530753975e-02
3.012433617740570835e-01
-2.954457655754248457e-01
-3.249263050685516907e-01
4.628594832113676061e-01
1.398501902756877691e+00
2.733204885236654391e+00
8.487486009677385201e-01
1.965417706904048212e-01
1.898969702049518427e+00
-2.372565172902922459e+00
-5.396001301307466747e-02
4.647223239340222967e-01
-2.127576856976380049e-01
-2.372023276406210468e-01
7.988689830176531892e-01
2.050081970193817771e-01
-9.129655857040390732e-01
2.397737028141089688e+00
1.391727838990416410e+00
-1.748197730547798590e-01
-8.399843035280498693e-01
-8.205545624359384949e-01
-9.089746522728899825e-01
-5.321559097104581193e-01
-1.346481047079682636e+00
2.474426224578124001e-01
-2.384791798349704894e+00
9.484096350390420760e-01
1.818652516623810167e-01
-1.386014385159358930e+00
6.711826283194068932e-01
-1.580319506985315758e+00
-7.159410659962748280e-01
-1.148217337126331283e-01
-7.603021381241722443e-01
8.674261796972271288e-02
6.666059983208654227e-01
-2.397186541222623424e-01
-1.758565691220160543e-01
3.989408940315860352e+00
-6.782338817502724382e-01
-3.156029994993395094e-02
-1.087980959135645520e+00
-7.107937701130387365e-02
7.928199775389943582e-02
3.666340584385086032e+00
1.369492223649496632e-01
-1.138358076875300995e+00
1.417823809290252035e-01
1.245632333773886019e-01
-4.167089437993609646e-01
-2.936906385741941516e+00
1.763977679409096944e-01
3.329813140017461315e-01
5.253261849401527073e-01
7.052090295978388212e-01
-2.321880506829196555e+00
5.206612178979374006e-01
-2.886671228091009844e+00
1.293162698538521393e+00
2.626513720171994581e-01
-2.133068057195987688e+00
-7.576817911270889994e-01
5.241008066208008298e-01
5.500238402698792717e-01
-3.456121929876072141e+00
-1.191773804075968446e+00
-4.691982178358802269e-01
1.334450061468609450e-01
1.391659737726868906e+00
-4.305397582466005679e-01
-2.239938900635997321e+00
-9.601373289957860768e-01
4.408265607034109745e-01
-5.244076561720906193e-01
1.705858840063869009e+00
5.927266093994073559e-01
-8.600074586454008463e-01
1.362945226611665950e+00
-8.400672001183170368e-01
-8.515417470054951199e-01
-6.659257899872986775e-01
3.287687281623105640e-02
2.964644549446076582e-01
7.656357598523810815e-01
2.247537110514986336e-01
-1.613170785855231104e+00
-4.762465688576491551e-01
-7.937976626500647948e-01
1.134215028869129283e+00
8.931183781478958528e-01
-7.437852177599372228e-01
1.261140593682217981e+00
1.330831131098285658e-01
-1.202051925601073323e+00
2.765893806016855194e+00
8.110038839648527897e-01
-2.122667263089979273e-01
-2.325670157076722422e-01
9.439704668786551567e-01
-2.848694673808453981e-01
