-8.433359565440844419e-01
-1.012677348256581178e+00
4.965699921154156371e-01
6.015407650854839305e-01
-4.956009838970373838e-01
8.746843049065272657e-01
-4.690096765332994466e-01
8.356415744197127626e-01
-1.869190553415877920e+00
1.045014814758727262e+00
-2.994504098559669369e-01
-1.298012282234446202e+00
-1.531913391315632644e+00
4.285110981844060252e-01
-8.118088758327804966e-01
-4.316229094037299929e-01
-8.591368732389370599e-01
-1.384410122568269230e+00
-1.504093873880714582e+00
9.259857803407879340e-01
8.769885723250352427e-01
-1.462606366022122462e+00
-7.229107202437445867e-01
5.951056188371010025e-01
-2.084231516795440331e-01
1.594342562462024215e+00
7.144296136013205123e-01
1.543408585652022547e+00
-6.741682790551485338e-01
2.055966880253072837e-01
1.912088306930653514e-01
-8.611722755812209473e-02
7.368584711740744364e-01
1.031739290502478035e+00
-3.264823569362796940e-01
-2.018840493789592350e-01
-3.878143129534964428e-01
-6.804341641432118948e-01
1.383074209024168999e+00
9.739032769212626617e-01
1.329217737275770528e+00
2.023081518209048024e+00
-6.166446665895828350e-01
-8.344790464992020151e-01
-2.386246821652660888e+00
1.914136311233797794e-01
9.911723534479972564e-01
-8.765272512558535123e-01
-8.364938598377746892e-01
5.462860149960782064e-01
2.724262321034968126e-01
9.758981513009443720e-01
8.198360629038169145e-02
4.263876631561209773e-01
-8.314652111810550972e-01
-1.868284173164658502e-01
-1.406335601068602559e+00
-8.801033235050420567e-02
-6.613614849209199509e-01
5.575734999551035243e-01
3.626427988924356693e-01
-2.268631531333338280e-01
-1.539604372692140732e-01
-6.790935540233167256e-01
-1.305942778831131523e+00
1.066671635205131308e+00
-2.730028721712609574e-01
1.085464448612147192e+00
-4.797557010250589338e-01
5.179554407362111368e-01
-1.128274390771518421e-01
-2.637064141284658492e-01
8.925832089994325536e-01
-1.339120682441576005e+00
-9.927691866261681430e-02
-8.280014470628864753e-01
7.985292160855806953e-01
1.091579318366160178e+00
8.392331046352816681e-01
6.396093884254724360e-01
-1.274042748075523646e+00
2.710303246207670380e-01
2.103482543945668581e+00
-3.563798240262603945e-01
8.456048268810509860e-01
4.868288386029160364e-01
-5.304921744048940457e-02
4.386944439112213656e-01
-3.381327187060955558e-02
7.677705441166917666e-01
7.747442245350888435e-02
-3.967667167661447225e-01
-4.936739262222975544e-01
1.149806098862130033e-02
-2.703393369675710645e-01
-1.068116868549543463e+00
1.282651821215438082e+00
-5.263884115523635998e-01
1.994137750246374741e-02
7.831352101743855876e-01
-5.136316257845719990e-01
-9.079146622082391316e-01
5.527238336910094141e-01
7.400276187611799783e-02
4.392427397571447845e-01
1.227846155896731517e+00
-8.207854540473524807e-01
1.411020032171894090e-01
1.264515380695828251e+00
-5.999208666674259449e-01
1.739151461739637972e+00
-1.572440849568610632e+00
-1.633920002517398884e-01
-4.787701447689718393e-01
4.709540493477581413e-01
-4.073312202671576787e-01
8.409990802954320221e-01
-9.218833167129747430e-02
-9.100819173569593135e-01
-1.317663193622526929e+00
8.488512552807763178e-01
1.723243138975166788e-01
-5.485881526541274145e-01
3.557587610334410622e-01
5.905690903256113344e-01
-1.266263856425350609e-01
5.425581584991387984e-01
3.751662015025032382e-01
-2.352373652628943768e-01
2.822300570370635531e-01
1.541339524780815928e+00
1.301701114322231789e-01
7.779352435183287118e-02
-7.711924115894421838e-01
-1.191140925265349981e+00
-7.976322864929228373e-01
-1.915787636632681479e-01
1.330136398156730460e+00
-8.014681017052807110e-01
-2.328455773171058674e+00
5.418847667462350914e-01
2.202503624462828768e-01
2.349806167344141716e-01
-4.647002517303828739e-01
1.728253761826454404e+00
-1.851551805217305890e+00
-3.759405715300103701e-01
-6.291618847011789528e-01
8.808836885073876299e-01
-1.000145548868015322e+00
-4.187866145163240406e-01
-1.110374018569204591e-02
-1.184542526946877672e+00
3.206634509561619439e-01
-5.025290151133549044e-01
8.262618772514902510e-01
8.560306531177431788e-01
-5.817827744482007013e-01
-1.015322901698125557e+00
-9.779992434550052183e-01
6.055148331747610690e-01
-1.111895844108806486e+00
1.036318363878424575e+00
-3.357893557530012285e-01
8.462783815596213177e-01
6.612457408435471473e-01
3.628484915954388601e-01
-9.530077140160221338e-01
-3.674683483287549679e-02
-8.106281492115642306e-01
3.333163579188506143e-01
-6.196924181676732868e-01
7.555152366015862597e-01
-5.078324774443814249e-01
-3.533983204176017190e-01
-1.384197745124300938e-01
1.313838584792963227e+00
-4.348321053953138060e-01
-7.764511789790725857e-03
-8.854166300157451097e-03
9.108212268931363820e-01
-2.512533611846120563e-01
2.403817963962428528e-01
1.829880382475926215e+00
-7.413463199958671146e-02
1.098580484367685850e+00
6.249145136325829908e-01
-9.126182711653506585e-01
-6.314118651695375117e-01
2.998467878635769912e-01
6.290867139361634441e-01
1.008485146649625186e+00
4.031383741356593386e-01
1.427080164946047613e+00
-4.543561172137137727e-01
1.530180414425840407e+00
5.182427058615365345e-01
4.990083384270851963e-01
2.069811558772955140e-01
1.582825679075914871e-01
4.771796094344568084e-01
-1.167812826021844774e+00
4.756909862276332279e-01
-7.025827544362094335e-01
-8.760298875208876179e-01
-7.032603860231095849e-01
-1.715256308431456933e+00
1.511938204721537726e+00
3.987155467509788664e-01
-9.677028507895261145e-01
1.563515539018942579e+00
2.868052100850627117e-01
6.567441291039548545e-01
-1.000836921337027452e-01
1.016730620284097331e+00
8.721392831587860828e-01
-1.679331406742448740e+00
-7.993171337083906369e-01
-6.176280054737606218e-01
-1.155855361249415569e+00
2.201809176794479461e-01
-8.102402298865616359e-01
8.665546401035209012e-01
1.451807224369910665e-01
-4.214205121156013867e-01
1.460432520229142606e+00
1.750090024084891782e+00
-3.141294666845075301e-01
-5.086244746509454018e-01
-3.837026387875226985e-01
8.231114307091648152e-01
6.865731955739892145e-01
2.295462834821346276e-01
2.891123200319039022e-01
4.600163221009960779e-01
-9.834249699202308737e-01
-8.067367003755426813e-02
-1.655739678477474719e-01
-1.091420245832822600e-01
-9.204888894822361722e-01
-1.005634724256833756e+00
1.397261096863538832e+00
1.451621125917040844e-01
-6.145982869720127972e-01
7.247409237551156735e-01
-4.696510459014503480e-01
1.324695119125124387e+00
2.084139781431776639e-01
9.727569640327665690e-01
4.279294345126976040e-01
-1.583079078653429062e-01
5.279665921119873762e-01
3.579280086412600648e-01
-3.728415022434191650e-01
-1.577661130225592068e+00
3.789531199598850653e-01
1.571775533537332348e-01
-2.708102036091083464e-01
7.179729435994635089e-01
-5.799945590849044930e-01
5.728838260278089622e-01
-1.041397438668365538e+00
7.953168327738289189e-01
1.813928535602330749e-01
1.759207137341258775e+00
-8.234370346929300588e-01
-1.205406226036032979e+00
-1.105140584873381071e+00
-1.152668708276131326e+00
2.245846288820168846e-01
4.271173097209232106e-01
-1.079573633715660952e+00
-1.097664180614521978e+00
7.827275182336744797e-01
1.354786681484154487e+00
6.790844976459937676e-01
-1.112361983702786494e+00
1.711181535647265384e-01
3.128633365117191589e-01
-7.872456370617548771e-01
4.829304007911727759e-01
2.420820510140884174e-01
-4.415884812220950417e-01
2.073788920859961360e-01
1.114913801326218534e+00
1.503152680495153382e-01
-1.182639331289925044e+00
-1.203231422178495880e+00
1.618510246733689595e+00
-1.136049065382497725e+00
1.501932069022498650e+00
-5.316375899713728925e-01
-2.099017394058277086e-01
9.533171740253745252e-01
-1.148131626579607767e+00
-7.709910650485817252e-01
1.379714646708953163e+00
8.109334091432879310e-02
2.330149047806445162e-01
6.927320812943668082e-01
-2.131938594010217847e-01
1.512346521856438031e-01
9.263449956089780946e-01
8.927031567030116466e-02
-3.912318296650434957e-01
9.758599363920209546e-01
-2.221959547620087350e-01
6.290916229894838452e-02
-6.116384159096205364e-01
-9.410200326842499408e-02
-8.656141598203082044e-01
1.682937710899395922e-02
-7.874425817945356343e-01
-2.404756654817724881e-01
1.591163830718009597e+00
-4.421328910619326535e-01
2.694459667381396417e-01
3.138581665834002665e-01
-7.384548149668348493e-01
3.053579287727586911e-01
6.507542885397728932e-03
-3.998708171256314392e-01
1.198226846386798439e-01
-7.032390013955899244e-01
5.878232580304195709e-01
7.115299675851869399e-01
5.618150528425407408e-01
-5.516077188558794475e-01
4.625711636253573844e-01
-6.995382385641801815e-01
3.550163709185852889e-01
1.728014252130478212e+00
-8.432147903156272939e-02
1.220785301026334202e-01
-1.301359243228705553e+00
7.619345526785965550e-01
1.056391156173367873e+00
1.018095334279471187e+00
8.012213364717454822e-02
-1.053391817907704642e+00
-1.215480686476115846e+00
-6.447440178194365767e-01
3.351275632131319737e-01
1.740522437235201725e+00
-9.191403884652081802e-01
9.931022820437965248e-02
1.357337002634742884e+00
4.564851518893407456e-01
1.690985050031382775e-01
1.110741201044591620e+00
3.907842861631249387e-01
8.182678846520718974e-01
-1.445361589861220875e+00
-6.793732068207034569e-01
4.205333060812460610e-01
9.899998214757745885e-01
1.547480271165994736e+00
1.646724752912733791e+00
1.633084892099417318e-01
-1.202533273925253887e+00
1.585522016705440129e-01
1.289440802600724911e+00
1.798020897550142827e+00
2.114498802842102732e-01
-1.486550831540287998e+00
-1.205576009569037099e+00
-6.753658142769106698e-01
-2.255358388768562428e-01
-5.388760530628227130e-01
