-5.185510866984789358e-01
4.493885814714023708e-01
-3.159260500837680063e-01
9.973240236229028444e-01
-6.110134506070914462e-01
3.397738375436004654e-01
-6.586751215604487175e-01
-1.605123249903059324e-01
6.255134018534055373e-01
1.510247378083727998e+00
-1.870166002958765450e+00
4.984736605784640395e-01
4.847195784392714923e-01
-2.540339979353731584e-02
9.606379701115018710e-01
1.718388089074738279e-01
-1.225327832483059515e-01
-6.009961318700678401e-01
-9.498063948911412702e-01
9.421093912179365759e-01
-1.006237162496931292e+00
9.432512784042585974e-01
-1.621011960083794001e+00
4.056958104775750251e-01
1.443913416239033520e-01
1.431989758656471989e-01
-1.737717293124913409e+00
3.447497459901970318e-01
8.821235957013340290e-01
-1.304965605152836883e+00
5.423718246030140300e-01
-3.191901159316212766e-01
-2.638897718417813620e-01
1.924548785650024019e-01
-4.815719194787070889e-01
-6.366829057472227493e-01
-2.112828549881537454e-01
-1.526385176788691567e-02
-1.296740824135383718e+00
7.483124921691304277e-01
-9.242814614761174496e-01
-1.027442069951578774e-01
1.003285600999894056e+00
2.962879269512926350e-01
-2.397421912505611985e+00
-7.452758011192264220e-01
-5.682638523169804279e-02
-3.551728000385923067e-01
-4.481841234000897289e-01
-1.928668394076374082e-01
9.559036467610398935e-01
-9.953461808540884359e-01
-8.968140739059877742e-01
-6.211424733088266592e-01
-9.344282167486424040e-01
-1.414071349803493360e+00
-1.334036649744586356e+00
-4.452401737189040087e-01
-5.483802889910184275e-01
-2.124625574069026523e+00
3.558564303920600524e-01
-1.738503026267441270e-02
-4.698997821182293588e-01
7.419700444579107046e-01
-5.083435031243478397e-01
-3.496498437587796104e-01
-7.517836845822276626e-01
6.789434670792904303e-01
-5.153399922443798603e-02
-4.537152689769459180e-01
-7.036956782271647226e-03
-4.052353742645405710e+00
9.249239674421394497e-01
-4.748544086890099658e-01
-1.108490926082238648e+00
5.847554201220933612e-01
1.374872644680765532e+00
-3.884041056345991505e-01
-3.744065421129683102e-01
-8.940868609048099325e-01
9.945419177956751344e-01
8.277969144989980599e-01
-1.546004566334842956e+00
-8.479573966694592402e-01
-7.081639007899770411e-01
-4.497656323473474549e-01
7.416637097376439502e-01
-9.738818107432007931e-01
-8.564394278145176509e-02
-4.968539468324400521e-01
-9.122294076073551861e-02
5.269371930631765455e-01
-6.605009194877756173e-02
-6.715535793235063444e-01
-1.076616358516511440e-01
6.300767263134865459e-01
-6.186116944328519385e-02
-5.163987024547378457e-01
-2.528233084743653158e+00
4.997449021045997641e-01
-4.226436437254141865e-01
-3.353005911162393882e-01
3.880421220620520750e-01
-5.871372459447808945e-01
-2.870590279038524040e-01
-6.490328068058205668e-02
-1.122876069870665239e-02
5.918678420618884717e-01
3.350177143816552294e-01
3.643469096110885097e-02
2.390534889753524739e-01
5.015070335128886114e-01
6.741914892407128157e-01
5.544153129905580180e-01
2.058684604961512621e-01
-2.542285840774600292e+00
1.344008622520632912e+00
-2.468611362919890695e+00
-9.954123867766480338e-02
9.613101262897550958e-01
5.482460529995840659e-01
-9.087850599301866561e-01
9.742698658707859005e-01
-7.004093072079854432e-01
4.493600068132421604e-02
4.571569610890001689e-01
-9.095472675096107906e-01
-9.085005696053203295e-01
-4.898651340305715252e-01
-1.326206575813763777e+00
-8.306544826534165704e-01
-1.544423101335428705e-01
-5.106043523684499208e-01
-2.200397329209881347e-01
-5.721439020014047472e-01
5.571153906230126296e-01
8.111596962845822878e-01
-1.799099995244653138e+00
-9.719791320912167798e-01
9.046826218104179196e-01
3.304161297957328713e-01
3.460791358167117360e-02
-1.073882788064362215e+00
4.192846941997889210e-01
1.079719262246084804e-01
-2.017737721108645911e-04
-2.669356963634862412e-01
-4.185923015058624075e-01
-3.678030967858875178e-01
5.890240937722639458e-01
2.975031346972724644e-01
-6.092024129109308017e-01
-2.564038102143235132e-01
3.737181958981352636e-01
3.813114540634825467e-01
6.094792978427325814e-01
1.392625571674040108e+00
3.513409437347099207e-01
5.393307453115342431e-01
-7.018983268954650523e-01
-3.310220585086315337e-01
-4.893294941695309763e-01
3.028766990394727854e-01
-7.554258340388052551e-01
9.718963059992742348e-01
2.720778514425198358e-01
4.836992527892111093e-01
2.186996410480718467e+00
-1.208619693522587690e+00
2.270415292992926659e+00
1.020512098090786690e-02
1.530144356458563726e-01
-4.774082259893204228e-01
7.757411638928690678e-01
1.024149550551773036e+00
-4.462577219104509052e-02
-1.736958741587272259e+00
5.536062358361111269e-01
-6.813589910997985832e-01
-1.850254639480466701e-01
9.619860336768243370e-01
7.852223838712695247e-01
-9.438501168563290245e-02
1.983273671492923329e-01
-2.458371993591303983e-01
7.437075401169180866e-01
-1.241737503055435898e-01
