-4.090834638040665716e-01
-4.432567703350812072e-01
4.315755202295042947e-01
-3.568449515712060482e-01
-1.204122091209608003e+00
6.413276610206821715e-01
2.095267758193386509e+00
-7.718871279214775116e-01
5.652327497838102177e-01
1.787291171343239060e-01
-1.174378661369540611e+00
8.738879161239930804e-01
-1.359721718586792694e-02
-3.843479029191715357e-01
-1.857880519762220572e-01
-8.363083797954945497e-01
-3.101502069950606844e-01
7.644219024730636303e-02
1.580257227317831692e-01
-3.940793732266174576e-01
-2.698184878754697480e-02
-1.155069053999977058e+00
-6.245375064000060483e-01
-1.286341662133321517e-01
-9.605430365206298893e-01
-7.906023521258824793e-01
-1.394501654251828482e-02
-1.673472108095177824e-01
-3.242636931536442280e-01
-4.735575439673302411e-01
8.216414366297939420e-01
7.767220855917897904e-01
-2.678504433637862031e-02
2.622729000296096236e-01
1.421415627885166177e+00
3.959402789027204328e-01
6.526648232856357978e-01
1.443508936941828580e-01
-2.860042391338205370e+00
1.355239450360161468e+00
-1.702157640403308525e+00
-8.668290946069896474e-01
-7.407596265939689895e-01
-1.166533885914531887e-01
9.529574535518343659e-01
-4.512322654471010441e-01
-9.638127717345073009e-01
1.985324417651068263e+00
2.173121740599133211e-01
1.689410830995409674e+00
6.796728816320446454e-02
-2.116380458316998947e+00
-3.621530594620141486e-01
5.998342911538112610e-03
5.267137993069239688e-01
2.350377566904970628e-01
4.253976606680258121e-01
5.137320928826250022e-02
6.341798274453260831e-01
6.100164942548504943e-01
-1.178815787194542886e-01
-1.456659360652207691e-01
8.466885049190833179e-01
3.095971427264763154e-01
6.260998909189580131e-01
3.046994373751617413e+00
1.014087495726327948e+00
4.445206983042798710e-01
-4.303373540001408371e-01
-4.672900132676249263e-01
1.260262472785892429e+00
6.000851225781453913e-01
9.227627104608299158e-01
1.023025683279716658e+00
1.358888890316616305e+00
-1.082743307689161549e-01
-4.129499068183262178e-02
6.052440263650438190e-01
4.789121081222168508e-01
2.509239863364915238e-02
1.539921792886811414e+00
1.779893422286380200e-01
3.426631857923069235e-01
-8.863619755673350920e-01
6.331213011574086114e-01
4.286014731703551850e-01
-3.350729369797320611e-01
-3.241282104072086279e-01
-1.355156636563194184e+00
-6.101770479240799239e-02
-2.219864564524307859e-01
5.436545293024851455e-01
-1.331239881385834156e+00
1.994378590283341302e+00
-1.170634534416412187e+00
8.775896594548806065e-03
7.151589763402886879e-01
1.073441460153852001e+00
5.217590313972652050e-01
-6.477612213579500011e-01
1.361978882638174237e+00
-1.691782272693583833e-01
1.001546300300184100e+00
1.533199664522886696e+00
-1.303414655227172481e-01
-6.704887417044269604e-01
3.994128758062776008e-01
-3.682534562318887095e-01
2.880401504371293830e-01
1.953356355820170254e-01
8.050928186492375960e-02
-4.059263714967656367e-01
1.096913515823658321e-02
5.992241574654658814e-02
-2.966712235033161504e-02
4.473140113454909805e-01
9.623033389614683575e-01
-5.809735054360697371e-01
2.410703682754714305e-01
4.125381575115475985e-01
-8.634111504236578749e-02
-3.768003840688315398e-01
8.001527283052916051e-01
-1.591123251286193363e-01
1.454978289110164247e-01
5.784292331166749346e-01
1.695172313867120417e+00
-3.365603479251395025e-01
-2.771397977252598177e-01
-3.602167413460528045e-01
-4.019012393235047442e-01
1.122261072963296469e+00
-4.163701126500619076e-01
6.493949152727704899e-01
-1.221784521605410623e+00
1.004328551051852259e+00
-5.273438381990476209e-01
-6.293446470882436694e-01
2.212059846932994400e-01
8.354891465023465136e-01
-2.289351706298194400e-01
3.239767509567296755e-01
9.242506315856192645e-01
-5.019789665174823057e-01
-9.156645593403890393e-01
-1.252890218427823221e+00
2.625574956049224751e-01
3.474252637819246203e-01
-5.650696145697092776e-01
-3.065647028219817827e-01
4.250857674991020407e-01
2.480325218565895828e-01
-3.684671899857947519e-01
-3.973720465710945948e-01
2.649971791328706305e-01
3.472182771377871346e-02
4.387970765217563685e-01
-1.052396859058719158e+00
-5.293254437638087451e-01
-1.769960185783464313e-01
-2.943489172372590335e-02
-7.882967358199139962e-01
-3.104986338631491871e-01
-6.298561998545223473e-01
2.302765658244348423e-01
-9.699597435339998297e-01
-5.009872729759909382e-02
4.202827928287902193e-01
2.110962661724617995e-01
5.151358156738244931e-01
6.554965004127392136e-01
-1.076825968502148179e+00
-5.437555841489115638e-01
1.421829537181084069e-01
-6.513859211184931386e-01
1.295707348119237379e+00
-6.529494067300116444e-02
-1.392887017611190437e-01
-3.561215389820999722e-01
-4.042116760660584007e-01
1.095951814406598501e+00
8.191891988632118426e-01
1.293157173793923476e-01
1.378109749171117837e+00
-2.564777660025379102e-01
2.216872188832936796e-01
2.525508192546327413e-01
2.794223042762158826e+00
-1.427605013977081727e+00
2.344724420918597729e-01
4.766645002689037791e-02
-5.445311707492943576e-01
3.359636649297281785e-01
-3.794387833150940637e-01
-3.851891510225982085e-01
-8.288919360037071415e-01
-7.014190124903092460e-01
8.544703191825200328e-01
-2.082503843373151586e-01
-6.983303450183453442e-01
1.634887537666470658e-01
7.891835494397140272e-01
2.088746039382958219e-01
-9.292932323952529661e-01
3.749360004816791880e-01
-9.558207803795111257e-01
7.424852014682785661e-01
1.151453035181592699e-01
4.726926686836574465e-01
3.749765254568948603e-02
-7.016514553851709302e-01
-7.371493311421351002e-02
-2.540581339553510176e+00
1.871796938949310540e-02
-1.688605809512655043e+00
-4.658784586629624025e-01
4.471508180322744108e-01
5.591895267126256730e-01
2.937180194860312454e+00
6.417019175523369645e-01
9.041447061522065454e-01
-1.153195841949107958e+00
-2.695787043370077019e-01
2.269564068530902368e-01
4.293525882565275009e-01
4.755244131187361667e-01
1.878575358641320747e+00
3.491456847361986693e+00
3.864915981121453403e-01
4.466375018846963085e-01
4.913845174547303019e-02
2.073116810238466723e-01
-4.752732285586820371e-01
7.276490513650817338e-01
5.621932444552221186e-01
-1.233702501843872756e+00
-7.376605596791832031e-01
1.387375747121031844e-01
2.877715640389246765e-01
2.678157630476464268e-01
-5.050651457252796073e-01
-8.566189530966804577e-01
5.733330815523984825e-01
-1.003023727597740056e+00
-1.144798725109560378e-01
4.329392080472235782e-01
3.793241801177843486e-01
1.568873722325693498e-01
-1.256906849973898344e-01
6.409951296103361118e-01
-3.103763563312238530e-02
5.327487282050128448e-01
4.195394218296758515e-01
-1.375380114361667516e+00
8.510022907972305539e-01
8.384818476030798662e-01
1.551563923208485463e-01
-2.591784424280977328e-01
4.976409650953340091e-01
1.252002511290091213e+00
2.974404710573937405e-01
5.816136781222928098e-01
9.115183123850263414e-01
-6.081337419983183501e-02
-1.153557342411041242e+00
