1.088128958763157073e-02
9.067534906685059681e-02
2.292021818375298281e+00
-1.761974974733180099e+00
2.103457743899241894e-01
-1.322320276470226208e+00
-1.853741870919805024e-01
-1.668204570185971569e+00
3.022732334501189388e+00
-2.904990680277497739e-01
-1.054591499813461564e+00
-1.529829438074395975e+00
-1.559356241790071262e+00
1.594860316114187437e+00
-1.925149455078275063e+00
-5.172644910409399666e-01
-1.360999595820520103e+00
-1.376223677598657602e+00
-4.458907841410026940e-01
-2.005135150643487574e+00
-1.826685907433978739e+00
1.599783007044438821e-01
8.734076668282156342e-02
-1.118396215357076118e+00
-3.044303999868201993e-01
2.801467293588700613e+00
8.516916627463637646e-01
4.064531322413089676e+00
1.068055957403404754e+00
8.919424588820212829e-01
-4.920536608232751519e+00
-3.202934787448574294e+00
1.301597846012481297e+00
1.401594924148068078e+00
1.286272470596051321e+00
-8.529796207905122607e-01
-1.283198359516893650e+00
3.011037425803819167e-01
-1.869968796216034956e+00
1.280223887991681853e+00
2.414572845130702028e+00
8.289172316624880965e-01
-2.964959021436319730e-01
9.538784421991286511e-01
1.943015590603391907e-03
5.793325886978362149e-02
-1.671375171212144295e+00
3.949440641417819586e-01
-7.094109884583857939e-01
1.702696508862556080e+00
-1.577979933148496272e+00
-6.209398048822422078e-01
3.065159302004730080e+00
8.510808318554178298e-01
-6.081498886323346564e-01
-8.956446364729706566e-01
-7.452163848890344111e-01
-3.966054111241927860e-01
-1.939263834972091649e+00
5.177844400496860455e-01
-1.747373148540881438e+00
-7.883726471627738874e-01
2.136764666468720097e+00
3.693657653122954798e+00
-2.792832518683661114e+00
-1.563855702750054810e+00
-5.616333921780950478e-01
4.411081868950383900e-01
1.062413593631770459e+00
-6.000143714331374056e-01
-2.644704365574370275e+00
-5.550783037307654988e-02
-4.426183605707526558e-01
6.225575179813800375e-01
-1.282775419009645423e+00
4.608514903830244203e-01
1.573327455346622106e+00
-2.969930110952561653e-01
-1.235386984619128548e+00
2.811487210080730881e-01
2.408638225505348451e-01
-1.087897572933177015e+00
-2.892177217857564431e-01
9.231574937111990398e-01
-4.905810449192029132e+00
9.340501985404621177e-01
-1.116681642606644820e+00
1.415460637104090758e+00
-5.857656358456081458e-01
2.326301908779147831e-02
-7.050023441190168549e-01
5.340252774172438155e-02
-9.214339938716658018e-01
-7.263952099959903874e-01
2.717060417917755433e-01
-9.523116934402322542e-01
-3.692200697410709109e-01
-1.653649716444525186e+00
1.179626352195726202e-01
-6.135885874665162332e-01
-1.285595469852866435e+00
1.940000209447956259e+00
-5.801642107019100436e-01
-8.660311330451075928e-02
-3.052032620808807772e-01
9.351499437602455167e-01
1.318470670640806919e+00
-6.408646535327769955e-01
1.863972802812045915e+00
2.158651240395907056e+00
1.833036137598648363e+00
2.114202382655613055e-01
-4.545771228581740875e-02
7.202518232432641998e-01
3.151098201937315935e+00
-2.937851981923317313e-01
-1.373539084497626961e+00
-5.397533038389150661e-01
-1.136625138093240450e-01
8.227363071063685807e-01
-3.118990679800775823e+00
1.237846316808602243e+00
-5.979671681469235223e-01
3.138030734933978216e+00
1.874005452425474338e+00
1.627409108785387915e+00
-2.527456615072881663e-02
-5.355615829946921425e-01
-9.741904250417146027e-01
-2.904796225018984046e+00
2.564004256170737683e+00
-9.638628959063559876e-01
-2.986424931612289280e-01
-1.302693916257064433e-01
-4.650570343688827935e-01
-9.245688747866659396e-01
-2.647641601470562822e-01
-2.754625982795154027e+00
-5.095702468803237073e-02
-1.423643303968935570e-01
1.453465707688783803e+00
-2.610143728254604722e-02
1.050503292444837644e+00
1.849568184459130515e-01
4.157195287387157601e-01
-1.507764494316621073e+00
-3.104261602900978634e+00
-1.212921219664182981e+00
-4.203864309536586852e-02
2.517938747098018015e-01
1.092026200809061764e+00
-2.221794355521434783e-01
-6.363755581347774193e-01
-4.152586360286281142e+00
-1.139987798762171378e+00
6.326987528303807951e-01
-2.392582802046958612e+00
4.565436951885491479e-01
-1.049669496120006817e+00
-2.230621745263202671e-01
-6.727686080713265460e-01
2.971933589904266482e-01
-2.150515340057609581e+00
2.130928384412008825e+00
-1.596824557170685832e+00
-1.340415495374349453e+00
2.584797215332681031e+00
-2.520195636898201919e+00
1.037860609298784542e+00
-2.434307777794274541e-01
7.400414704700608581e-01
-1.105126010326570984e+00
-8.456375959250966856e-01
-3.224008833416385222e+00
2.522896529839997459e+00
-5.328879701197538621e-01
-1.957648634290935497e-01
-1.833886883053817751e+00
2.757002159778612516e+00
-6.766288149001472574e-01
1.347590634308593716e+00
-1.090877043781047329e+00
-6.646237597702835398e-01
1.421539370437979066e+00
3.133760058062375897e-01
7.211199950065404485e-01
2.815988177045801955e+00
