1.770401030704444212e+00
-3.855071084233998580e-01
-8.382502712731066952e-01
8.382422734415808652e-01
-9.327063625400052738e-01
3.379319837863760667e-01
-7.848579710338916549e-01
1.289005769282824398e-01
-1.189552877253559071e+00
3.928639222691870936e-01
1.694522877021158003e+00
-2.603073184433838172e+00
-4.367287463211424470e-01
-4.878308709869955684e-01
5.830768701055897285e-01
4.940779125259420201e-01
-1.256761907800385547e+00
4.517525842789632540e-02
7.635206054857882063e-02
-1.972293245060930289e+00
-1.001114549861875647e+00
-8.023209515417257798e-01
2.444487936153789676e+00
5.835601093495991210e-01
1.007142412214380445e-01
-2.200176974774306904e-01
5.736326627742265316e-01
-5.773852022955455743e-01
1.179367877739959880e+00
-2.684698862511811779e-01
1.212482185453752637e+00
-6.522883452771528479e-01
-2.394568770563842985e-01
-3.503010290615344857e-01
-5.832522717116200850e-02
-1.260727766460020050e+00
-5.931900841863984031e-01
2.477503560384172854e+00
-1.317549065804661801e+00
-2.254266344593189864e-01
-5.031441834070750074e-01
-2.627149792191551536e-01
-2.220156435070303580e+00
-2.469857739066684488e+00
-1.915297936922980782e+00
4.307258830628055146e-01
3.560906824988745445e+00
1.906541044756702163e-01
7.803341800246836879e-01
2.645053350786514823e-01
1.209337866778309012e+00
7.826788483327187240e-01
-1.557042401794601849e+00
1.625546939066405905e+00
-4.915941847470582937e-01
-7.445049896545390400e-01
8.624195697103255176e-01
-3.401566227040144774e-01
-2.576652206142497903e-01
-5.693284303003310898e-01
7.702712004724571182e-01
-1.205802232805667368e-01
-1.918595362636703883e-01
2.831483272764892867e+00
-1.233054895659065453e+00
-2.890359678324879167e-01
-1.141708907945619966e-01
-1.070831067428800631e+00
-1.287177558962611101e+00
-3.530037984118274963e+00
2.750622573648338620e-01
7.081864715426300361e-01
2.209615972965591091e+00
-2.894798399440546288e-01
2.403320838329625619e-01
3.385953138372745364e-01
-2.631679440429817163e+00
-1.952472971146359537e-01
1.019923722300769414e-01
1.059631236118395936e+00
5.397285869919922208e-01
2.566752847925229286e+00
-1.242759289353366992e+00
2.518609046701996146e-01
9.205081302587603265e-01
3.681949103394222433e+00
-7.428249013597780781e-01
2.088247972477090819e+00
7.663305347609961071e-02
2.425713009316377011e-01
6.082956562637056308e-01
-2.304213165911122463e+00
-1.494455808890728932e-01
8.905414858088828156e-01
1.024459093917854530e-03
-6.909801405991873313e-01
1.015715723932587800e+00
1.682016094366736714e-01
6.897263671030477994e-01
6.267599634511422657e-01
3.682363021120282021e+00
6.835457284610396700e-01
-7.406735250017593142e-02
5.879193633494670390e-01
-1.331401873025671367e+00
-8.513522870649630203e-01
-2.300234056348446909e+00
-1.867041712996111158e-01
6.273002717566529274e-01
3.742876843723842439e-01
5.212721060954509378e-01
-1.005401926871521523e+00
2.482628600104227701e+00
-1.427735046131902941e+00
7.345977479738393656e-01
-7.271927961992065148e-01
-1.413047350390463364e-01
-5.560307139713358549e-01
-1.449057075203384004e+00
-9.753772029145864053e-01
8.979133250868520655e-01
-1.067082219449091429e+00
-8.519899116802088779e-01
6.189742558388978688e-01
1.503468032554271527e-01
1.168718233005743068e+00
-2.662573241628584775e+00
-4.657166144004508679e-01
-2.119575239266783484e+00
-1.393110171864422764e+00
6.345217411836308052e-01
3.043945230495077037e-01
4.170307517819437093e-01
1.281689629083879511e+00
-9.565343105986484629e-01
3.571045380682654091e+00
-3.756982670716879635e-02
2.174584992543344697e-01
1.022365560328492240e+00
-2.742666439936583878e+00
1.609748751129661315e+00
-4.487340872105352041e-01
-4.130623717933823436e-01
-8.529780465577797566e-01
3.834321332583587871e-01
-9.115062946089981244e-01
-8.800267276754375478e-02
-1.242645988577857352e+00
-3.126882568419650177e+00
-2.785714549804340079e-01
1.211753827985175169e+00
-2.171960301221046996e-01
-7.394404881595358914e-01
-6.184104725594585794e-01
1.367084112539476815e+00
-3.202572523052975573e-01
4.795399139485843620e-01
1.224835119280983875e+00
-2.624725100192272231e-01
4.119007295303852012e-01
-9.049589581275752082e-01
1.865548983634956137e+00
-2.051541189846790569e+00
-2.875131868051301609e-01
1.117734950846828168e+00
-1.603830939291352564e+00
-7.318727191206972904e-01
1.950317421723712252e+00
-5.814701065159056936e-01
9.173101672281686048e-02
3.264913923773100080e-01
2.324683842004895862e+00
-1.117274635035523378e+00
-6.624610112282237617e-01
9.548292243871768781e-01
9.373670760771838362e-01
-6.358641728477929522e-01
-3.349310886302180879e-01
-1.668723464403771839e+00
-6.498268162554561300e-01
2.529055798654040732e-01
-1.242085444024790153e+00
-7.837391975644606434e-01
7.713149938522956273e-01
-8.900184453679682584e-02
1.302159062023636960e+00
7.437595091628008692e-01
