9.126574359789736413e-01
4.025172450043559280e-01
-4.167715203069463081e-01
-1.575947959472167259e+00
6.552033119358735558e-01
-6.698753986915575442e-01
7.886993743811898661e-02
-2.260430142292924494e+00
1.800450226088897487e+00
3.563731751432867023e-01
-2.333468530544626218e-01
-2.226069245882454362e-01
-2.645863352616236175e-01
1.729408407037816175e+00
4.924898006017137120e-01
1.429439609065924710e+00
7.998516581742172449e-02
-3.923031641445409723e-01
6.278147564472320585e-01
-5.587226751673690650e-01
-5.022111627967453806e-01
1.682121186134973412e+00
4.831532561016074756e-02
2.348828484002456918e+00
-7.761459468559028796e-01
1.134862333614461871e+00
8.157448135539309142e-01
8.070980510182867995e-01
2.550010024329058655e+00
-1.098902070566510236e+00
2.413842432855729803e-01
3.309921467132734829e-01
1.432226389486960683e+00
-4.866644666554981180e-01
2.091048523858421160e-01
1.966901677334811360e-01
-2.203292443452386506e-01
-1.010720933710892888e+00
-2.877108549149361982e-01
1.225854870680808340e+00
-4.512630692498488805e-01
2.632574338031839822e+00
2.423405745519692511e-01
1.813053531481035652e+00
9.497106109269557450e-01
-9.821100688626993591e-01
4.478749282111853525e-01
6.199753130439225046e-01
1.400490526346440445e+00
-5.896717934312618592e-01
8.359346677288762018e-02
-5.639756738352338372e-01
-4.903682524625213035e-01
-1.925977736681287578e+00
-4.302133978098142686e-01
3.831791969947500043e-01
-1.873100627031563326e+00
-1.081138104339652184e+00
5.828061552236850629e-01
8.053483259182473430e-01
-4.798572880977967636e-01
8.496123436532218021e-01
2.458578969785677248e+00
-1.545972822578442207e-01
8.705101339689035322e-01
1.337385778113059809e+00
7.799907199971635174e-01
1.643847758102934542e-01
-1.915668225653304191e+00
-3.281225389975035434e-01
8.001862558442346396e-02
-6.882193942954811794e-02
1.348190927459524957e+00
-9.733784591405283959e-02
1.655528082196315587e-01
4.615723331861007472e-02
-1.424599092040104986e-01
3.603711448264363959e-01
-9.716910694511391444e-01
-1.066750449253357491e+00
1.221192043655346060e+00
1.034048452045673638e+00
7.486820667571012500e-01
1.136838549001593313e+00
5.906759834534592857e-01
-4.260046767273555912e-01
-4.943534221609178769e-01
-4.623458510081747685e-01
-1.327019734359867476e-02
-1.577393532411839550e+00
-2.962818034367168618e+00
6.593438967235749626e-01
-5.118433511959386006e-01
-1.313942973866291664e-02
5.786149861652404303e-01
3.454982971359788491e-01
-2.059837044646071480e-01
7.555231560281527869e-01
-1.149614389755867938e+00
1.085426938003814790e-01
-5.857113450527208220e-01
7.111009236916644438e-01
1.575045795445633168e+00
1.176666158966994002e+00
-7.257193438949571807e-01
8.051623189702949990e-01
1.025709985468649332e+00
4.937853324510135256e-01
1.484666793579453303e+00
-6.067748528791045981e-01
-1.636010184213603669e+00
-9.478963387436437071e-02
5.928362622037547380e-01
-6.991209828074554933e-01
-2.495594764415235978e-01
1.074872312005902053e+00
-4.430647126016539206e-01
1.486988652612655781e-02
1.074887805736001400e+00
-1.091934774929830931e+00
-1.275647571323532237e+00
-2.493269371256745248e-01
-1.244140360796827549e+00
2.218145360114558706e-01
1.321964125079916785e+00
3.044091648431621611e-01
7.332380900572135207e-01
-2.266706541060634184e+00
1.128627586470717148e+00
-1.114102453332679044e-01
-8.272451903306007326e-01
1.992774374734365139e+00
1.988788558870121292e+00
-2.764821364778277668e-01
-1.064870703407724495e+00
-1.198945935771323468e+00
1.713465992215488676e+00
-1.948042592899660530e+00
-2.251442862709973625e+00
-1.277001142847275506e-02
-5.536215692878536654e-01
-3.695792503515656913e-01
4.621416737380224515e-01
9.835756314602116523e-01
7.488788631873621870e-01
2.990821313168227302e+00
2.011470284411684961e+00
2.850023789489237735e-01
-3.093583730074233595e-01
1.475186545447336961e+00
-1.163419373305638382e+00
2.225792036247480898e-01
-1.933045638931979671e+00
-7.563030526998574254e-01
-1.482746892224071411e+00
2.708398877443287223e+00
3.261244069052945616e+00
-1.252300235810772877e+00
-4.243526671669269890e-01
-3.137822336046878213e-01
-6.556866972630831514e-02
-3.401862830883943534e-03
-5.955757432953818764e-01
-1.600591206686028611e+00
-1.639532496676792128e+00
-1.031550743318537799e+00
-1.155968900832375912e+00
1.743715810100990860e+00
-1.381075642125975389e-01
4.814234501147637291e-01
-4.405149185480795593e-01
-1.229929682806073066e+00
-1.817809571627264364e-01
-7.083284167599742664e-01
3.220527616953731131e-01
1.732932109506162277e-01
-1.093683764394615565e+00
-1.069153347561058398e+00
6.159353518751191636e-01
-1.026746500424120523e+00
-2.356525056945879548e-02
6.352484866019523224e-01
-1.277841777027412862e+00
-1.758557750693153565e+00
1.140555589322778812e-02
-9.683261012613367802e-01
1.417329812870146422e-01
9.857001797957748446e-01
-1.565769117649205011e+00
-1.113869425170634087e-01
-6.126034662016093257e-01
-1.029301499752924398e+00
9.393325240654768482e-01
4.624328728393833909e-01
1.373934193089781375e-01
-9.138080482113465630e-02
-2.579393909988227929e-01
3.214121602314655157e-01
-1.092657558799030149e+00
-7.443293844196749998e-01
-1.172616625649693711e+00
2.211270186218927403e-01
-5.109613891087045889e-01
-2.088713679595370909e+00
1.402814862280405972e+00
-2.169969502661731886e-01
-5.391882831165664136e-01
8.840239829030697161e-01
-7.574647432726550056e-01
-1.039313186232927455e-01
1.501572497273214069e+00
1.545046431027830014e-02
-1.602458936130027878e+00
1.376930136618250422e-01
1.419112630111635909e+00
1.093251157831925058e+00
4.055855050072982304e-01
1.151291336945463595e+00
-2.374954401034531370e-01
8.821409459462490332e-01
1.126971992399689926e+00
8.742612691202815700e-01
-2.025027577400853041e-01
-7.819816694308782956e-02
-1.547043211878510016e+00
1.076759276034783497e+00
-2.479751993120174358e+00
-6.406236854373777989e-01
-4.024125005194813254e-02
7.142277321973470317e-01
-9.354854629988659798e-02
1.836681656316986322e-01
1.675379193945063738e+00
3.194688244258276355e-01
8.584642286749981643e-01
-1.469611070767874228e+00
-1.407544156244880496e+00
1.061305677082737375e+00
4.073070450930198483e-01
5.097044371554619591e-02
2.195060175325914131e-01
1.167355381185835039e-01
-5.876925487964183015e-01
1.199071979891763284e+00
-8.918268989811011238e-01
-1.542932200613830046e-02
1.426379232412909592e-01
1.525780316128594549e+00
4.841045960743403653e-01
-1.164030283767348850e+00
-5.870478435889195934e-01
-9.660915888407312080e-03
-1.082370674759096429e+00
8.346958678740975524e-01
-5.182391751812006619e-01
4.495672907982878885e-01
7.623442735924871316e-01
-2.241386686152203822e+00
2.676317124798253122e-01
9.938899979188849931e-01
2.386983759081329759e-01
5.880628419994936573e-01
1.142630187289031651e+00
4.630419590593042312e-01
9.763496479091311742e-03
3.316035027134622837e-02
2.160524359631504909e-01
2.290248940850823534e+00
-1.077130769744766736e+00
-2.172464173858908998e-01
-9.727159792886808098e-01
-9.907960573497498480e-01
3.130203325677373694e-01
4.476261905965014387e-01
6.946466260505768098e-01
-1.329019689365412482e+00
-1.603097289551854487e+00
-2.202144550234878262e-01
-8.182035213420238984e-01
1.246837820502494587e+00
-9.736261788080564639e-01
1.392165858290809743e-01
7.515135570159103828e-01
-1.387705280465076019e+00
8.686994419820120994e-01
-1.951449783170986274e+00
-1.269993430991882333e+00
-6.094944728277549295e-01
6.097569936665599988e-01
1.748222392608125952e+00
5.726998514591727929e-01
1.455723960295854935e+00
4.751257130471422951e-02
1.855820719039762423e+00
4.571335871238167425e-01
-1.366885218120224454e+00
4.834007450233223091e-01
8.994575220371376911e-01
-9.092364393442997628e-01
1.425991023768485855e-01
-1.702593744621405392e-01
2.386353015001480671e+00
1.429444387052056120e+00
1.182203201887075172e+00
-1.242841069649197827e+00
1.343016836412038728e+00
-6.919061350235845842e-02
-8.748896536405365021e-01
6.962348027866692712e-01
-3.957925112178139471e-01
2.863957540501197233e-02
2.005669200663103176e-03
5.083563788898535218e-01
2.407336132423377961e+00
-2.016801040856877947e+00
1.949665930302060701e+00
2.000711618222438481e+00
1.030080921584517473e+00
-6.205360070023989705e-01
-8.744961748105488375e-02
-4.542906132849453688e-02
6.880354041298324397e-01
1.152095556701124623e+00
-1.012014243894560073e-01
-1.841548356445536605e+00
1.348241459187875302e+00
1.154983096307689028e+00
-9.516637535985948970e-01
-3.250545614877874967e-01
-1.086340572462264342e+00
-1.709062617452169253e+00
4.576438002788090764e-01
2.984593582134371093e-01
4.250771977666708001e-01
-1.464049827580020224e+00
2.622495471446593118e-01
-1.329653763316175796e+00
-1.768804653133178029e+00
-1.308283316069151492e-01
8.458507246961264325e-01
8.772175883987746170e-01
4.003190401529172493e-01
-5.671880031728742111e-01
1.605151464380287329e+00
2.194020162292138032e+00
1.020810774825082756e+00
1.637079571028563718e+00
-1.457540992545013070e-01
-1.316507695353279495e+00
7.003440638535320950e-01
1.609001153950809115e+00
1.038809821959666646e+00
1.075055849105829298e+00
-6.815068383639949490e-01
1.317273963017241867e+00
-5.260894784703880056e-01
-2.397254488795518834e-01
-1.707236161031745247e+00
-3.581306183688617861e-01
2.337725035107466542e+00
2.381555372869261500e-01
-4.300716805361991524e-01
1.015526123383274415e+00
1.696449294759451387e+00
1.647580360059258120e-01
1.048306441525679589e-01
-9.767150397895122405e-01
-2.016393845710300337e-01
-1.864173702262959420e+00
