4.168679288639270397e-01
-1.071623819558936264e+00
5.909692730612514655e-01
-3.983729800265702892e-01
1.981633850043927336e-01
3.052476333251852303e-02
-2.195343582530905058e-01
-3.010647423764181152e-01
-3.252317707150431669e-02
-1.356336387695589618e+00
9.454167904219525909e-01
1.198204173629356495e+00
-6.857571224269836119e-01
8.834442502919762630e-01
5.111862380295533193e-01
1.283094999521336710e-01
-6.278663504407910878e-01
2.240664532586953972e-01
4.008088867924469723e-01
-8.539792545086438702e-01
-8.353165482738903469e-01
-2.563354211514682346e-01
9.011808283741924441e-01
3.516836346688257398e-01
1.256026413227816496e+00
6.097101164100573456e-01
-3.936935242431287563e-01
1.324497352008619844e+00
5.598155212915746359e-01
1.936979784140857863e-01
-5.630220576904894081e-01
-1.138629087111745486e+00
5.227940696234949919e-02
-1.227543605845774044e+00
5.855521173016284830e-01
1.250822302484599469e+00
1.241504042822279136e-01
9.139493263712585858e-01
1.223129533045737682e+00
-2.518220661182271614e-02
-1.202985741155278843e-01
-2.747042437904775092e+00
2.194774047810958417e-01
-1.454932674972233331e+00
1.752584450793900350e+00
-8.927283059257840048e-01
-6.393577982029657880e-01
4.818685386813637561e-01
-2.948794636888877330e-01
7.022480253391314431e-01
-8.557323998477333049e-01
2.400146060599614550e+00
3.869679536173586953e-01
-1.556634470004858439e-02
-2.759920892580967067e-01
1.728873909490319827e+00
3.171259473689642949e-02
-1.002307941485129250e+00
4.280669649840200819e-01
2.281952317591504631e-01
2.151195364243790320e-01
-2.984140086351702581e-02
2.212337465799451564e-01
-2.878876274980247119e-01
-7.334411650141525740e-01
3.166787480443776115e+00
-1.188300468600759441e+00
6.232459005535118113e-02
-1.045872997175640418e+00
-9.795832652156077902e-01
5.334000085221194398e-01
-1.706274742550715429e+00
1.501482621783748195e-01
-6.639354296261518185e-01
-6.496849451205998216e-01
-1.698525955732378634e+00
4.753172668774245380e-01
1.632731482680196411e-01
-4.968545551291021489e-01
-5.682787539064926285e-03
1.191113410247414572e+00
-1.331009111426420199e+00
-4.578726214490769775e-01
-3.143105407629623316e-01
5.467345135023344849e-01
1.176962938117764423e+00
-1.430805745793129136e+00
5.742148264672991553e-02
1.071703434744072148e+00
-6.073306421919902887e-01
-5.066040277760680555e-01
7.699185629622804505e-01
-6.781016157845343173e-01
9.970796023958371501e-01
-9.594202845932087165e-01
1.030302869841503099e+00
2.105901692294407379e-01
6.586872935085351655e-01
-8.637212330860151166e-01
5.683707479095060355e-01
6.808238240831104848e-01
6.769028323633762279e-01
-5.655162407416186587e-02
-2.278724505425383795e-01
-1.640553352710742152e-01
-1.564216103108072853e-01
-6.280394080072121410e-01
1.687622445229085333e+00
-9.039381757216119473e-02
-4.413768692300258922e-01
-9.547869018530796836e-01
3.277779434494815236e-01
8.382689417441832047e-01
7.290079745193401850e-01
6.283556975191358918e-01
6.706254404325581175e-01
5.756357421658906404e-01
-1.060331869792878468e-01
3.502521334550730003e-01
-5.987179714423232491e-02
1.702215955488909360e+00
7.609279504548575046e-01
1.027038563983972752e+00
5.049043513279594109e-01
-2.199296639841900602e-01
-1.091258959355047020e+00
-6.595963912458152612e-02
8.145149152884466615e-01
5.559851437630985993e-01
2.769628645349754836e-01
-6.026701877586921885e-01
-3.664383646790113636e-01
1.636149422616379190e-01
-6.114666626368094882e-01
-9.918734516568923354e-01
-4.467526173732000450e-01
-1.039814567794899558e+00
-4.621903555766184724e-01
1.323512237770414490e+00
-6.071581292119725415e-01
6.960611041082014339e-01
1.915105540108162474e+00
-5.755152808064138981e-01
-2.174177795163279026e-01
-1.902300775087176210e-01
5.578697814092282714e-01
6.591797659556447586e-01
7.424958204165085784e-02
3.274812366705094346e-01
5.225872942005197475e-01
8.363111637860448644e-01
7.346410301687820166e-01
4.254059788318649837e-01
8.941075205493307365e-01
-2.709697591529375837e-01
8.207143387229155485e-01
-2.758276246477018856e-01
-3.091132688675086726e-01
-5.197854258371973346e-01
5.549853971996452362e-01
9.958885390871446974e-02
5.079319165203016739e-01
9.570782957480659103e-01
-2.239306040019866939e-01
-1.993035847615768907e-01
2.953020923894682515e-01
1.320086358434717777e-01
-6.042494229025840990e-01
-7.664594774409050348e-01
1.128777143435716113e+00
-6.680820584784487037e-01
4.996625953486932836e-01
4.464712732443956167e-01
3.611645217431287413e-01
-7.724110886809569809e-01
-4.176490128285180181e-01
-1.020179894567425777e-01
8.767142996319901016e-01
1.239405575318527353e+00
-1.288244720325854020e-01
1.035389004610857366e+00
9.856587425181584372e-03
-7.718788028503271725e-01
2.976910057490791406e-01
-8.818481841748271322e-01
-8.043651099679403060e-01
6.269311126781413890e-01
1.068341540651762123e-01
-1.224845888891712420e+00
6.438518560786862244e-01
-3.590196301763213804e-01
-1.888032413151489453e-01
-5.198006833826880335e-01
-2.292224821381710242e+00
-1.060061946360110752e-01
-4.546580872001826923e-01
-2.034468123790137417e-01
5.497719863613766134e-02
1.827713192407909304e-01
-2.739695560631466575e-01
-1.450853477258056357e+00
-2.231700179940568074e-01
4.340044457236197362e-01
-4.887064752496643738e-01
-7.546986023837284341e-01
-6.920164768997408844e-01
1.144203789317447539e-01
-4.702521781877532225e-01
3.480425167348071835e-01
5.484204047022582795e-01
-5.896143220877065882e-01
-5.026435899869148294e-01
1.819490512525372417e-01
-3.918924041890824439e-01
5.274157441983178263e-01
4.932418955246409276e-02
-5.399827315279779327e-01
1.811239159206359806e-01
8.031518923443112801e-01
3.059282962762405189e-01
-4.443785899471081047e-01
6.479683572899991306e-02
6.901230223286551002e+00
-1.048163129455529363e-01
2.805399754709441140e-01
1.643509397823796903e+00
4.145878775284933537e-02
-2.061745453664560190e-01
1.043808391550744667e-02
8.645412604238138510e-01
3.839551656232369492e-01
-1.712255348522425669e-01
-1.124065096516086548e+00
1.116400265012958526e+00
3.441627887754145076e-02
-8.143258418899420592e-01
-1.460283221210557203e+00
-5.791221109321124105e-01
8.390151345238378022e-02
6.024411255615113037e-01
-5.050729251387364727e-01
6.858785471651662746e-01
1.840922747455830955e-01
1.078063090347096464e+00
-9.863097142267800432e-01
5.111448955750897555e-02
-8.254042512714498958e-01
7.056546624481648822e-01
1.110959574395334437e+00
6.645857556869201321e-01
3.655771487470825809e-01
1.133139916841046091e+00
9.115892559576956877e-01
3.699818783366882746e-01
-1.289207623685275195e+00
-3.886427095494198181e-01
-7.498030787798771746e-01
1.227724293138097833e+00
-3.098147492066973818e-01
8.556496332680229022e-01
-1.296463188361747232e+00
6.914742930633964724e-01
5.097344252785093177e-01
4.562146437493667661e-01
1.068613862625363564e-01
