-8.575079895744253111e-01
-6.266891513045916851e-01
1.906612887564160808e-01
-9.652162616723286570e-01
4.517888012167808887e-01
4.932535785657294336e-01
-2.196281624484024142e-01
-5.041270395183136688e-03
-6.045100379076125963e-01
-9.242083377175069892e-01
8.503116649992572551e-01
-7.238892762515626300e-01
-1.287080110379905939e-01
3.732319334242460984e-01
2.774855565122373857e-01
-9.092265313262106741e-01
-7.687737431799168686e-02
-6.185439281881973672e-01
2.975902643544032708e-02
8.900811579712144539e-01
4.587029970086536346e-01
5.865591868616079063e-01
-5.081867548448077976e-01
4.363815501249343476e-01
1.034035656100085188e+00
-9.044141254788333750e-01
-4.113656352866310040e-01
-8.057651129145957380e-01
7.447241590795569133e-01
6.074998084655017783e-01
-6.912777746984463123e-01
-8.941947096355857827e-01
9.220516315356668269e-01
7.705336848370952785e-01
9.167236070278532711e-01
4.489132445862969445e-01
5.453102485172460767e-01
-4.225894668151824463e-01
2.509126149674665296e-01
-3.932716997694639671e-01
4.107151461424364824e-01
-5.905940085527956462e-01
4.901803205747496950e-01
-6.236438124700131869e-02
8.612067939415044560e-01
1.638766233012008411e-01
1.000701080220922634e-02
3.095186887049325986e-01
5.157596327893668731e-01
1.177236924090332981e-01
1.541208987162560190e-02
-3.770918348781855667e-03
-3.876708272068336569e-01
-2.744563141578478804e-01
1.075723216270284111e+00
-4.985136203092513374e-01
-6.906059622315326996e-01
-2.845675103138664008e-01
-4.020402647864568246e-01
-3.904724509528330056e-01
-2.887159566005774725e-01
-1.968417849333325975e-01
-8.426354704095253556e-01
-9.204856061494029462e-02
3.112485764672516808e-01
-8.765083313672084042e-01
-7.082407217092913099e-01
3.433421321612303151e-02
-8.692217903216806763e-01
4.368443185688709041e-01
7.444344933442728074e-01
-9.699917669065697412e-01
-3.323551533028062388e-01
1.617985417220350053e-01
3.312553283867797904e-01
-6.878537418290930905e-01
6.651548671385747458e-01
-8.747416229892339690e-01
3.085828902707925536e-01
3.671781368661897749e-01
-4.637625987991380594e-01
-2.719554053966226626e-01
6.767176382703870008e-01
-4.994329516647743467e-02
-7.497215009282898190e-01
-8.297021509285573693e-01
-2.601010976014023202e-01
-6.772654116013535619e-01
3.652923136148532590e-01
3.330298630840173857e-01
4.922958224668997351e-01
-6.453099994007045481e-01
5.203189152797900174e-01
4.868526937354359929e-01
-8.061932258212796132e-01
-5.745057074589714485e-01
-5.951869122845441229e-01
-4.591196107393730186e-01
-6.190027334917487245e-01
-9.444179646253023086e-02
2.088447625118583506e-01
9.484086909697766465e-01
-9.487616113517749472e-01
5.626822193380076609e-01
-6.969710661981874944e-01
-8.479607159029631802e-01
-3.252074141265653417e-01
5.809955579661203739e-02
-4.316361353242765819e-01
6.282915863768855080e-03
-2.323948860701836316e-01
3.101842708923840952e-01
6.094164674764832590e-01
1.171237154971746519e-01
-6.608110014068853122e-01
-1.015780820730501910e+00
1.915057480079773722e-01
6.671696414333130321e-01
7.028673226867298007e-01
-1.706538180750117872e-01
-5.261000382965004274e-01
-2.309308090358891119e-01
3.200345227121856873e-01
2.872264874026959625e-01
7.156119471854156533e-01
8.401478389977612427e-01
-9.882889305221035370e-01
-1.090109610329930590e+00
3.513150352162363599e-01
7.518600093776526272e-01
-2.159470891221921263e-01
-5.077467824477739367e-01
-5.587759860211188867e-01
-4.345749461278700654e-01
5.546738574527012577e-01
6.184984998683776825e-01
1.512066598584044796e-01
3.501221553181225743e-01
4.311699448774477528e-01
-2.404200521315994488e-01
8.391158698566563157e-01
6.830978135993265310e-02
9.242525533360128609e-01
1.227250662536709114e-01
9.911925271467283971e-02
2.415334016121721897e-02
1.210336516388921257e-01
1.295833090349580163e-01
3.541391796576063289e-01
1.056337817656540778e-01
8.435418144106235361e-02
-1.403655865207047437e-01
-2.014140452731714714e-01
7.534133087141078322e-01
1.314909774397239328e-01
-3.894593846898230516e-01
-6.586295152076384607e-01
-9.955257374322771247e-01
5.328070900494517870e-02
8.373345135955044538e-02
7.239113543273988371e-01
2.864671536138635455e-01
-3.729677456347060827e-01
4.374111799494158070e-01
3.997846565546289005e-02
6.317015258062883554e-01
-7.846041473894604934e-02
5.716367069288764702e-01
5.188247044261226071e-01
4.528012105289843658e-01
8.861972833822414630e-01
-8.928564790095222525e-01
-6.533190943184234989e-01
6.018252138585388211e-01
8.120292606190795404e-01
2.153136041707741366e-01
-5.269431293607753641e-01
9.471467385505101255e-01
1.284143560858530819e-01
-9.062566924165083027e-01
-6.467079112351611370e-01
-4.124238477037626138e-01
5.734418762500992361e-01
2.676912375214356501e-02
-8.340538874391149049e-01
4.905952067605373612e-01
-8.485405038404952860e-01
-4.205280994528085708e-02
-6.162371487318504260e-01
5.173447714860603119e-02
-3.631591989766782547e-01
3.407759227805263191e-01
-2.248099925574120750e-01
-5.115379330840781336e-01
1.120699306881700053e-01
-5.354200033413394899e-02
-8.060400587554550356e-01
3.166783136708882784e-01
-9.299869473051030067e-01
2.365490000309501406e-01
-9.378879445201547815e-01
-7.519384893562405248e-01
-9.475999058677978537e-01
1.595931812221058621e-01
-7.885070171581431975e-01
6.451552414435489657e-01
4.477564833272639211e-01
-6.054489379313818809e-01
8.435705716683206123e-02
3.255543857030070987e-01
-2.571745314033713203e-01
-3.670847503390972655e-02
-8.259358368200349076e-01
9.219282297074082866e-01
5.733852548515184777e-01
2.424992259322429622e-01
3.254091745621974230e-01
-3.228207840436342346e-01
-8.811981498616119346e-01
-9.222016025950814377e-01
-1.994302762465012813e-01
9.625630767618710559e-02
3.033673942800190204e-01
4.127983807001023298e-01
2.051815125625331415e-01
-1.709498604058144189e-01
4.612682991926987386e-01
1.143038964295160387e+00
5.523835812167798842e-01
3.231320479302098314e-01
-9.003706195228465825e-01
3.263490609142863375e-01
-7.810436885058890111e-01
-5.767095394467228880e-02
-1.885434187059945588e-01
-1.110905167527463377e-01
-4.078510542376680426e-01
2.257742390245442154e-01
-4.560549861391021143e-01
6.927959163633279349e-01
3.249163074579434762e-01
9.028777905676369508e-01
3.414011905923431400e-01
7.248932660313431864e-01
1.792479095219354224e-01
9.908213613915881623e-01
1.553586054119489024e-01
-8.942502734425117339e-01
6.908549050862092811e-01
-9.201001282238945311e-01
4.020315787951382891e-01
-3.231844602915538989e-01
7.085005032270879077e-01
7.730955558029476427e-01
-8.842118675465628908e-01
-4.032352046001956292e-01
6.770055479324255110e-02
7.295577414202552013e-01
-8.851200649169717050e-01
3.593717188899182569e-01
8.327531850294200844e-01
-3.019872262539057273e-01
3.193910507359253304e-01
4.362689462470323853e-01
-7.188650454889797814e-01
