-9.220730182655021423e-01
3.057323275689576736e+00
5.594243736765871500e-01
-7.747332288027383163e-01
9.354030045574501795e-02
2.455152252231630250e+00
-2.509078365061821358e+00
4.313644274300804327e+00
-1.151939943963126156e+00
1.953208644215431278e+00
5.096741194903737782e-01
2.308600199437143563e-01
5.116016859286626195e-01
-6.122100445154120552e-01
-2.628425991468981149e+00
5.545279984972031340e-01
5.564402081961739910e+00
1.044770313940615303e+01
1.978346124536797923e+00
-4.270169799376129838e+00
9.782584131840370567e-01
1.545890873720722203e+00
-8.952435938822836947e-01
1.630025634453029948e+00
2.245384591829785226e+00
1.879745509879908738e+00
9.986416807392146211e+00
-1.364949990714110495e+00
1.632707732115140420e+00
-1.710041039449311073e+00
1.978567485452655150e+00
6.134882731808922740e-01
-1.442771302741023387e+00
-2.460854931728598149e+00
1.163752610088178763e+00
3.564968527097631679e+00
2.755980974250382687e+00
1.150358003677263596e+00
-1.917734980251153409e+00
1.944649814119285391e+00
1.594077348447562104e+00
-2.852041234760083199e-02
8.545605410920031897e-03
5.152056396783163628e+00
1.512505497236122931e+00
-3.079375445482033680e+00
-3.757098098320920121e-01
3.023723769236586811e+00
-1.007785962972747695e+00
1.648303194929186644e+00
-4.690283772484828972e-01
8.390885715424306612e-01
2.756070810996463560e+00
3.317257232661289468e+00
-5.844839579063467738e-01
2.434143819525385943e+00
5.875179196476848498e-02
1.295675965048295630e+00
5.661467676107466707e-01
-1.590255674725751911e+00
-3.720838204080825218e-01
-4.534105875901495164e-01
7.468716911704285089e-01
1.405291526588498652e+00
1.601106226720587999e+00
1.443888425771144846e+00
-3.834982504773251089e-01
2.064596182872181718e+00
5.512368556365612626e+00
1.793047643040298622e+00
-1.748872449872968637e+00
-6.751041353564047887e-01
-8.145379211285829202e-01
-6.852686522915252265e-01
-1.674233401059662008e+00
-8.715004952103060365e-01
1.686907203354321760e+00
9.045841433641343965e-01
-3.297754359376268152e-01
-3.718802659735539473e-01
-2.670387871827294646e+00
3.513378786677867627e+00
1.262814851547159556e+00
1.602507665060932673e+00
6.655421179052087854e-01
-1.072985808604896452e+00
-8.511597598386416053e+00
1.813606175370245266e+00
1.627257863173466212e+00
-2.868624816324018667e+00
1.521150291188346770e+00
2.523650672823814833e+00
-2.117865940604155117e+00
1.799727755681463481e+00
-1.041198403463432509e+00
-1.052277495206777047e-02
-5.900042066158608378e-01
3.253485087621880822e+00
-1.137352803317659866e+00
1.526679117137995645e+00
2.390383901173220860e-01
9.160122188408795219e-02
-1.131087339488567878e-01
-3.204479431029472636e+00
1.842157742419604505e-01
6.543940487866412026e-01
-3.511372026107145494e+00
-2.593354065079255921e+00
-2.579035730789681402e+00
-1.074942763954433111e+00
-3.074808453678599562e+00
-8.219944865461543682e-01
2.157171041561852243e-01
1.120319185879297130e-01
-5.840545450823122486e-01
-2.014113317467344011e+00
-1.284516554486284434e+00
5.841811945013872798e-01
-8.280951633501929532e-01
1.780242720576150628e+00
8.351351482809385995e-01
1.774199864722874054e+00
-2.410381116780992539e+00
-1.996559470956715376e+00
7.833871920536851219e-01
1.820348413877589389e+00
-9.445732135445952249e-01
1.790289889873011742e+00
3.052573182008746500e-01
-3.073850407175382493e+00
-7.479960060038279845e-01
-1.682814098659408231e+00
6.802678333285113732e-01
-9.394570720953167309e-02
-2.497707915408905244e+00
-7.823930540023901203e-01
-9.639739610731112851e-01
2.794916081987241618e+00
3.203408498534966675e+00
-9.967312314246996596e-01
-1.489530249102201109e+00
3.467692345538386789e-02
-2.910112322913440241e+00
-5.347934953169033889e+00
1.005115704448807934e+00
1.563931490607963548e+00
-1.683358263623990103e+00
-1.940438475309856026e+00
-1.162634865326769962e+00
1.872782404135865608e+00
1.942122099566188309e+00
1.744334815194498844e+00
9.605095648294601496e-01
1.117318565286449683e+00
1.467617799449097538e+00
4.707862439557863321e-01
1.678816355582798181e+00
1.503393617916997771e+00
-1.653209640595375340e+00
-6.287181244218640330e-01
6.513120140745582987e+00
-5.467675475268420904e-01
-3.726566225186054293e+00
6.554523336926059152e-01
-2.253523307810750609e+00
-1.497156061126891924e+00
-5.606954943057096408e+00
-5.707508897702697759e-01
-1.314197266910976936e-01
8.233704427164187933e-01
-1.052185363539481999e+00
-3.825766245287580691e-01
7.292255154853645172e-01
-2.094979444995217932e+00
3.603949300441508186e+00
-2.149265035377774247e+00
1.918087567305736485e+00
1.616660722232075020e-01
-8.315934773838354888e-01
7.063160782335610177e-01
4.305449443403257526e-01
-7.556354885373162134e-02
-1.142162668564211225e+00
-6.402775260517061806e-01
9.434562903822918400e-02
9.568987112708045029e-01
-9.386981701319778715e-01
