-5.806680947536967397e-01
8.599063926248872169e-01
1.140192193461670028e-01
-8.234123762212232078e-01
3.211338966802326222e-01
-1.609716477973860693e-01
3.967388721696218923e-01
-6.190354461096927441e-01
6.261348957638412926e-01
8.072458896343125412e-01
4.155747741663722294e-01
1.043065584175587368e+00
1.255053776296392032e-01
9.968081484730519914e-01
-1.130281885850819013e+00
-1.130362732068084464e+00
-7.055599622555955297e-02
1.077392183847379004e+00
-5.933062420665059511e-01
-2.243785696928005113e-02
5.823904210337440546e-01
2.547375194435799739e-01
4.995174989749745498e-01
-5.294904244407276916e-01
-8.172543879836303704e-01
-1.171907256138309039e+00
1.247838866463969909e+00
6.750911047371599416e-02
-1.226260329783554370e+00
-5.128746435583042551e-02
-6.642110080177081599e-01
1.108209752950428673e-02
-4.318500541027888717e-01
7.900143622208526395e-01
7.663210950605747751e-01
-1.533385329542291120e-01
5.914464123406402152e-01
1.986028017172876137e-01
-3.206619357136055726e-01
-5.774642718155161836e-01
-8.662235941815188411e-01
-2.763917260454382685e-01
-1.654677168855798630e+00
-4.706712613874174389e-01
9.974543460427398589e-02
8.662745215359779483e-01
6.923756398306606386e-01
3.288224564880527501e-01
8.970185218962568596e-01
-5.200270386090699581e-01
-6.668547383160713382e-01
-3.771554168928714090e-01
3.593502370615014874e-02
-9.682678450200233877e-01
-2.812657630767478323e-01
-9.873181197190551428e-01
4.606865381733730724e-01
2.676248173723765889e-01
1.182423854051379564e-01
7.836384200087415097e-01
-1.002636632058425015e+00
-7.375409720521916013e-01
-1.783086926756325852e+00
-4.398658992639346010e-01
-1.136825544026118129e+00
-7.241331722285337946e-01
-4.506405624153082545e-01
5.486774128522384775e-01
-8.543726783693434967e-01
-4.024874481392360370e-01
7.384521623661054468e-01
-9.798003926649652140e-01
1.009259979397907792e+00
3.169438617693207116e-01
1.719855899550924327e+00
-6.076502218656901766e-01
-1.467292025246180742e+00
-9.006690101615733024e-01
-5.088406044406966755e-01
6.862930064755488058e-01
-4.139534670845890774e-01
-1.219178765639188228e-01
-7.407431481179729271e-01
-4.824082158702110434e-01
-6.069151506862293655e-01
-1.008671183434693752e+00
1.484274026367041199e-02
-4.495245654101270305e-01
6.768845241482490671e-01
-3.741376029459410613e-01
5.188987369791902005e-01
-1.769073852529445157e+00
-7.360999514157688939e-01
-6.263327061180516964e-01
8.010716620844889890e-01
-4.915145366028754736e-01
4.838603764927001949e-01
1.252226355181949691e+00
-1.196517479413799157e+00
1.004090776288266290e-01
9.170197109917865852e-01
2.028192959395544448e-02
-3.001896772954789072e-01
-9.620274083604802851e-01
3.977962875716639091e-01
4.544852797450197324e-01
9.847099028607290139e-01
-6.242564558084849613e-02
-4.893506179760589436e-01
7.796987681909131052e-01
-5.586881126811523712e-01
-5.311674330969732294e-01
9.938396875791302154e-01
1.732508385006030327e+00
5.640063322098701759e-01
-1.174129806836727852e+00
-2.865510857697135538e-01
-4.218864837185776206e-01
2.446951444355069394e-02
9.859158323410169844e-01
6.009508253538881073e-01
9.974266167652978687e-01
-3.230888957489039814e-01
2.079537727667598035e-01
8.107051762769683645e-01
-1.363668953139003381e-01
4.786310354969401382e-01
-5.082301494929884061e-02
-7.740596691546632879e-01
6.541253633231698394e-01
-3.908597375236993465e-01
6.105468977600767566e-01
1.431276395605982077e-01
-5.198727034648871204e-01
8.092532963079100972e-01
1.324938183503542533e+00
1.079881901117254017e+00
3.600790357316454027e-01
1.418319790237333899e+00
1.998099818098342251e-02
-1.267438586761428176e+00
-7.927233730490914621e-01
8.053496133241049293e-01
-1.515482492365368694e+00
8.534218889350682069e-01
-1.264483614392088784e+00
-5.575614666897763527e-01
-3.267828812019215601e-01
-5.867835966533090364e-01
-2.373641321789062564e-01
-6.679042231605911706e-01
-2.583325443688076484e-01
7.130152564993457176e-01
1.096178479341758161e+00
-5.322291758445247822e-01
2.559306575712841925e-01
1.010594482852254616e+00
-8.996788634857315337e-02
-6.034281885803334244e-01
8.376702227464409845e-01
1.001015532433179978e+00
1.261516609146581480e+00
4.548450571914685603e-01
6.353936476455885884e-01
-6.321067736872034715e-01
-1.339142888985727087e+00
2.493832892007568636e-01
-1.483802248382508904e-01
8.611746937765967225e-01
-5.936358406621985440e-01
6.846975819575319422e-01
5.767690299877343829e-01
-1.711167255103311358e-01
-6.719902200823902882e-01
-1.281279001055785516e+00
-3.205380121352364164e-01
-9.515746369113550207e-01
6.478386086373292274e-01
-8.547239580897522115e-01
2.589054144474022268e-01
3.613046219441622409e-01
1.593975350857966544e-01
-3.031091705694434757e-01
1.427118342936046558e+00
-1.011720597296137170e+00
7.092395199570724618e-01
-1.042861098825395016e+00
-1.019323372661735227e+00
5.303856631129335586e-01
-4.157221703653773970e-02
-1.744466407660379526e+00
-1.625683555163124905e-01
-9.051289011563835585e-01
9.568959804086857313e-01
-2.087044986255651047e+00
5.777571625233743902e-01
7.572362610424763218e-01
-5.694849982424654566e-01
-4.780833529859057629e-01
6.578499532814614525e-01
-7.899673542785501379e-01
-4.871788455881571889e-02
6.770084300952778911e-01
6.575211133695539889e-01
9.904340300732510372e-01
1.139851208303451768e+00
-9.850446880497059493e-03
-3.707671165715371586e-01
-1.083869399485333451e+00
1.323613243960926056e+00
-5.607437112845851113e-01
-4.805269714527553582e-01
-2.296362282924880593e-01
-6.816270562103309283e-01
-9.862295130310597679e-01
1.853480448002216285e-01
-9.794258425212810648e-01
6.436171386657657534e-01
2.114722563630804797e-01
2.968570370226805144e-01
7.782589220988100909e-01
9.492736120647967679e-01
-4.509189504922743175e-01
6.156166522418554665e-01
1.817943942826423243e-01
1.347177644344493830e-01
-6.604952369479711871e-01
-2.209641911869277275e-01
1.934715152815764394e-01
1.049942852305672636e+00
9.431549192116411851e-01
-1.056559182486822790e+00
9.067011087992262741e-01
3.318702491078233119e-01
-9.702305225252282339e-01
6.425085734831442741e-03
5.261205464112195251e-01
-8.979739677705576850e-02
-5.276002431021171724e-01
-8.785044978829630313e-01
6.110870194868347482e-01
-1.476111226775640661e+00
-1.937256882913266920e-01
1.933642306224221841e+00
1.429243214033139586e-01
-9.262202419861093050e-01
7.999364070700744067e-01
1.803135379978418606e-01
5.611358353110643682e-01
-4.795741519464858937e-01
3.996995879033764520e-01
5.631511812803042805e-01
-2.331994814008514216e-01
-5.090933181187076162e-01
8.684454258178448960e-01
-2.398332174196291522e-01
-1.948279995921352814e+00
-4.155829194926595194e-01
-2.663051668708507069e-01
1.265469223898730178e+00
-2.193960055015912736e-01
8.095338581836892811e-01
9.624295106853097970e-01
6.892650932028511201e-01
5.348182958619519534e-01
