5.116831538439003957e-02
1.642539957336496270e-01
3.963991402540609776e-01
-7.644195946729448465e-02
-4.476014932677301328e-01
-3.694933105819873109e-01
1.070202960546133841e-01
-4.039060804327514465e-01
4.400069976666116656e-01
-7.263415950481864058e-01
5.059694333219886264e-01
5.347737583290930186e-01
-4.694162905943750630e-01
-2.345962562607217805e-02
6.038648752364643713e-01
8.136121089733767686e-01
-1.520043973548437233e-01
4.909059972050828780e-01
5.490645108734140134e-01
7.511357054600429350e-01
8.527547995600077702e-01
-9.546277186472273968e-01
-8.823779465712424663e-01
-4.322977318218488296e-01
-9.130110468003223012e-01
6.562502792972877419e-01
-4.591927558631168083e-01
-5.407245292008522330e-01
7.776172887854115867e-01
-6.115597878976055668e-01
-2.068857420745182196e+00
-7.268786911548896779e-02
-5.714615726737097834e-01
-6.473274359678862222e-01
-9.554441277862020243e-01
7.861613258067192689e-01
7.970152400714081153e-03
6.722533292160848273e-01
-6.175872536837980764e-01
-9.654123332247217526e-01
-8.362432597169735526e-01
-1.351949232885019114e-02
3.528049725066078057e-01
3.375100722886621440e-01
-7.085578609207445755e-01
5.830210497783692158e-01
-5.540193451253887513e-01
-6.949550619333328960e-01
-2.082230601472661036e-01
4.860953579433608951e-01
-7.893149054422903266e-01
3.219904877968156054e-01
-6.081019340858855315e-01
-4.056372064875191086e-02
1.717895363017742927e-01
-7.752755366813675053e-01
2.354931184911281949e-01
8.202066174393420894e-01
1.602602331481293163e-01
-2.433666499704159047e-01
-8.484412183069716118e-01
-6.824211789916450055e-01
-4.878024963885208010e-01
1.115816995870586803e+00
1.824536837041144111e-01
3.460628437534025714e-01
-7.452554957104680078e-01
3.445884089317485799e-01
7.205275756425635336e-01
-4.348578207360356274e-01
-9.721936809258608925e-01
-7.942598687314768036e-01
4.378207651672381129e-01
8.306993605636996403e-01
-7.301166614643669339e-01
-1.434039656775398797e-02
2.915401680691334096e-01
2.589014359349266492e-01
-6.035150119985606132e-01
5.834997524719918172e-01
-7.512452038488806050e-01
1.145813349346035848e+00
-2.739578905472629389e-01
6.409903964755774286e-01
4.343096696602417595e-01
7.708095354162611823e-01
-4.298960932635398358e-02
4.550437432722913567e-01
-2.414907260803507150e+00
9.061847553084281248e-01
4.510755479339427776e-01
-5.254634973132072950e-01
8.543982838142443192e-01
-9.796439186252881015e-01
-7.614969655867520615e-01
8.198400982096343270e-03
7.673837350823076164e-01
-3.908931907209141077e-01
1.471106494364010642e-01
-2.353675703580777601e-01
1.488463122122156701e-01
-1.225860119259156722e-01
1.009082640224289174e-01
9.503312519494182542e-01
-9.522764000578811672e-01
1.624150936698665060e-01
-3.749601269856484009e-01
-9.254747397986411439e-01
-2.872015365119695574e-02
-5.991181783615340262e-01
1.349607400026853199e-02
9.376909513314510836e-01
-2.546400161180857324e-01
-8.396209113295427517e-01
8.441652567098212323e-01
9.023645945339155983e-01
-9.108703560231573571e-01
9.190696519140950649e-01
3.587301301972468659e-01
7.872743675323268242e-02
-8.528796952033230738e-01
-3.662087157760809397e-01
-6.721124065591805863e-01
-1.987085974556117574e-01
2.238563749369903988e-01
9.873773248583288531e-01
-8.862912280721300107e-01
5.581212987698160044e-02
-6.278047591346356260e-01
1.008153665801542642e+00
-5.732016362353318240e-01
-3.518327004796795165e-02
-7.753058257990002033e-01
3.646690143383057858e-01
7.082283097031101260e-01
-1.015190472845000080e-01
5.734323137821637495e-01
-4.911459758671001818e-01
-1.641708474557768138e-01
6.958078494750481457e-01
-8.734742411800684447e-01
3.691444528301106587e-01
4.566439892913798371e-01
-8.926342109473757169e-01
-1.935999693488206219e-01
9.545583302896172295e-01
1.247027476992436323e+00
-2.997403983134259708e-01
-2.744508451258547144e-01
-6.432785656394155449e-01
-5.398358802919720478e-01
-1.436303586693394863e+00
-3.571032943977760499e-01
-6.177308388060027688e-01
-8.875967852047499385e-01
-1.521142725534614382e-01
3.206820717453844338e-01
1.429439919468243891e-01
9.176341732944446328e-01
5.418067017593681811e-01
6.789752107117397184e-01
5.287548415930587442e-01
1.515238113399375308e+00
8.784563182721896180e-01
2.205617756828073261e-01
-6.112809000926116010e-01
-8.122863397607371638e-02
-9.002470210681992047e-01
1.671947694443244314e-01
-3.247385661183054273e-01
5.370719202886307109e-01
8.531375045592515249e-02
1.790329376930801075e+00
1.231916666311598796e-01
7.193561460524140472e-01
-5.694556150841987296e-01
-4.494195559699931675e-01
7.715126639144493925e-01
3.037500485542168338e-01
-3.804768030764025255e-01
-7.276780906929589676e-01
6.266416192160706444e-01
3.471721433327192852e-01
-6.562331151728755252e-01
6.711795242769118541e-01
-3.506285800604782565e-01
2.519993100676365394e-02
-6.759323588854735387e-01
-1.675050809914727656e-01
8.599877046033621575e-01
9.549836061791092678e-01
-3.983552335872628802e-01
4.329468323417071662e-01
-6.630717553580556256e-01
9.479309212608733048e-02
5.811581453375274098e-01
-5.309213593385899710e-01
2.583278074083048548e-01
4.699505905406620165e-02
-3.836533333838403337e-01
5.208996981900959611e-02
-6.365633104048311619e-01
8.290411468830161112e-02
-8.307806214600654826e-02
-9.811762993466970340e-01
6.190622527440079459e-01
-1.535664717517585487e+00
2.658279563833012560e+00
5.780603468057010641e-01
-6.466403514213348025e-01
5.905718058818374416e-01
-9.918566218696958092e-01
9.665198446497134110e-01
-4.236483982520393710e-01
6.552186822250416487e-02
6.697420374085096828e-01
6.689671504356906606e-01
-3.539794066364239100e-01
9.624459348290965721e-01
6.696300251110092194e-01
-8.214849235169530139e-01
-2.173653211560966358e-01
2.997699757608009996e-01
1.357492524965182579e+00
-3.601624308148403397e-01
-8.033758164803237456e-01
4.101045452554112347e-01
3.483833449665485471e-01
5.207803331596956298e-01
-6.899190736987064199e-01
-7.088161452284398312e-01
-4.822801383591199809e-01
-1.391842201747466035e-01
9.260447414801009636e-02
5.694992879833766786e-01
-3.754296021177383480e-02
9.835781724611074583e-01
-9.419221041981447051e-01
7.287876395140517882e-01
8.313191189722926033e-01
-2.096813083051834781e+00
5.678672721594557604e-01
-8.428654891471976107e-02
3.146136222265942806e-01
-2.482917047681203471e-01
-1.356338358409518996e-01
-1.247832286624309672e-01
-4.439088976871958803e-01
2.267054285772969191e-01
3.712095841214242409e-01
-1.676840317890599286e+00
-5.741216159581596923e-01
7.830691401629914505e-01
8.655746635668948308e-02
-4.746722364431737451e-01
-9.779193897538407398e-02
4.869243962142770776e-01
-1.619542352324072620e-01
7.276022630297778182e-01
-5.134314257132910342e-02
-6.267547847255996452e-01
2.084849589148360938e-01
-1.758879684945080513e-02
2.123630264386072941e+00
-1.397239516225312617e-01
