6.420154822651493731e-01
-1.017581916650578955e-01
3.202554537301470217e-01
-8.632835325334057286e-01
-1.037148503737142402e+00
1.804955337174190433e+00
-2.321330475443249552e-01
1.389770256545618476e+00
5.077903127394312044e-03
-9.490114013892440858e-02
-1.488481769477792704e-01
1.570411933677122729e+00
1.327982990275755393e+00
-1.665757491917309485e+00
9.428295198566169488e-02
9.742693906170782903e-01
-7.306791432325120406e-01
-3.012755364099759525e-01
-1.292753498354461517e+00
2.427924426591407947e-01
4.265808720292024181e-01
5.204498261371669487e-01
2.029273962218177019e+00
-6.995423923919306120e-01
7.244870635723156260e-01
-9.171802759001577154e-01
-1.533950576829546497e+00
5.900142813564606126e-01
-1.476256631350075788e+00
5.372120709777625791e-01
-1.959036624593157028e-01
6.472282056956232266e-01
1.645681083977253101e+00
-1.651476338242376385e-01
5.798773457464128089e-01
6.934915930969471898e-01
-1.646318008104344921e+00
1.277605862827863592e-01
1.402626775371727419e+00
8.723922209404118000e-01
-1.048980143292091771e+00
-1.494701690415769724e+00
6.876460264565290581e-01
-1.346579375089133057e+00
2.809257683386398030e-01
1.373631073422732829e+00
-2.128303117209072504e+00
1.603110394468322542e-02
1.052659184659616942e+00
-1.022813033802641103e+00
-4.269931516610694366e-01
-5.773279131362688554e-01
1.482222064416120810e+00
1.066625468113396202e+00
7.288872086555402419e-01
1.227197512934592005e+00
-8.333946509824404769e-01
3.987176946108805797e-02
-1.351742116786955661e+00
-1.219034155010247256e+00
1.372077459639788000e+00
2.549669222519341250e-01
-1.805482129483207743e+00
1.117514620237083645e-01
-4.031542088929686019e-01
-1.149251755212987725e+00
-5.119937961455129916e-01
-1.403861761091667271e+00
-6.373007115210824747e-01
-5.656304156015443674e-01
-4.780273142003080844e-01
-1.665138208037387102e+00
5.458756322617837331e-02
-1.002886744221693993e+00
-4.881242753296506365e-01
4.281899365023740245e-01
4.981823975901995549e-01
3.906316729627143380e-02
-2.150540512095415746e-01
-5.440544124791471536e-02
-5.048100559454704594e-01
1.246391201253574055e+00
-2.036335371131674510e+00
4.271014842496343444e-01
1.622708276749727396e+00
1.865057453976707025e-01
1.208640202493059590e+00
-3.867538532288345987e-01
1.629584752969852834e+00
9.922331299792966908e-01
-2.411639900881330512e-01
-2.815774896361449731e+00
8.931474333141709021e-01
-9.497546703807731028e-01
-9.497207983652966590e-02
-9.012136932501488840e-01
2.538551541624375907e-01
-2.075495757957823151e-01
-6.307629818959858969e-01
5.338167090270031778e-01
-2.257580389921796660e-01
-2.857460450571376251e-03
-5.738437035090138139e-01
1.140429877897118693e+00
-1.296731723736229469e+00
-1.046231744798449270e+00
4.219195397047466600e-01
3.061760702296781322e-01
-8.778138788570201412e-02
-1.306657138820433328e+00
-9.576252589557470163e-01
1.099272693347068008e+00
-6.522767978402495004e-01
-1.006071959117938730e-01
-1.456604884661827803e+00
-1.109165088363000429e+00
-3.036947777100151846e-02
-9.594989511475595645e-01
4.821132515379636385e-01
-7.072124387106368815e-01
-1.939357793980412303e+00
-3.775483212033501346e-01
-1.950139571956082341e+00
7.769872329093523433e-01
-1.039504916581519112e+00
7.723131717643528793e-01
5.350978446805911837e-01
-2.563880251919499753e-01
-2.622291024855564201e-01
-2.712771999693493891e-02
7.546380177552378665e-01
-1.120618683104375402e+00
-1.574078224668877590e+00
6.724335796836453660e-01
5.790731069369099426e-01
-7.264943542934880760e-01
1.801799875339027857e+00
-4.622296183848850770e-03
-1.112044733663609009e+00
-5.684961080715769111e-01
-6.447492726957291254e-01
6.720795501179083198e-01
1.416698243160434967e-01
1.309926796082301781e+00
1.317649299385697637e+00
4.930989279795137126e-01
-1.310605300644100524e+00
-1.396156544414301204e-01
6.453985544470756119e-01
1.536727203096430072e+00
-3.999785863053537671e-01
1.085205548310032686e+00
4.300761781156062225e-01
-8.191597574343331134e-01
-4.012015150690074750e-01
-2.971519094736407296e-01
1.102513445294915906e+00
-8.053784867739657294e-01
9.522908679497752438e-01
-1.749254925558202389e-01
-5.035577982638889116e-02
-1.001421531804879583e+00
-3.486504366382309761e-01
-6.186488492929357319e-01
-4.417835614990549553e-01
-9.704075765963988687e-01
-6.543674741180394161e-01
-6.214688360058949756e-01
6.159032084441968813e-01
9.157269298860404305e-01
-3.871537129817159001e-02
1.272937662029415939e+00
-1.128126696234917903e+00
4.898245525379479326e-01
8.112393621467597904e-02
1.028672298475644009e+00
1.089154716116222721e+00
8.719055505198677336e-01
-9.175005629127852558e-02
7.581306655535910988e-01
1.298401613227489593e+00
1.197922095423584299e+00
-8.411594974162435179e-01
2.347395857185858581e-01
4.165723041404545413e-02
-5.194608805110947358e-01
6.482934398957476141e-01
-1.055146023996477167e+00
1.585547386462063058e+00
1.256679096919791350e-01
1.515885773137705783e+00
1.158547681052809919e+00
-9.246505914497371581e-01
-5.846292857217185723e-01
-5.129156965490148101e-01
-1.404559457701046066e+00
-9.980754224386814144e-01
1.719659332242406524e+00
-6.437840953899313101e-01
1.953603715249321526e+00
1.013752400043161028e+00
-5.823539936475280454e-01
4.790009969324798833e-01
-6.058790739147457138e-01
-8.625029404162976032e-01
-8.433765190963981029e-01
9.914739281532292114e-01
-1.161000830652844235e-01
1.857725725975096998e+00
-2.618682477256393248e-01
-1.085181377189552654e+00
1.374536144729104903e+00
4.139252999435684144e-01
1.217074223080821943e-01
1.306174119237045073e+00
-2.921672210440601880e+00
1.321477659907414060e-01
-3.379303676599016981e-01
1.934429629179817089e+00
-1.175880542429143638e+00
-1.040064779688507635e+00
6.781491441138890464e-01
-9.119543970923728038e-01
-1.224585968941360459e-01
1.117925200930938445e-01
-3.207700301196597104e-01
-6.737408646335079077e-01
1.692681670992179255e+00
3.274661545558291142e-02
9.104667386944089724e-01
7.523993698221731474e-01
1.195847836463216352e+00
-1.589502119119380330e+00
-1.716037228741307707e+00
2.186561843025204219e-02
5.128587112919481550e-01
1.110926404592095906e+00
7.953156023295026023e-01
5.422177458544492901e-02
1.254803876956573916e+00
2.290246292323952382e+00
2.887191711847282516e+00
-2.060228587170923609e-01
-1.840780110771750522e+00
-1.619509355349554591e-01
1.510048072227427873e+00
-7.178449473009346216e-01
7.480025108962156111e-01
8.723063458984611218e-01
-7.286042653881079634e-01
-2.273523368207779338e-01
-5.357912763994689964e-01
2.498595526129031352e+00
-2.412342886227714367e-01
-1.462036845620743541e+00
-5.515578421344784488e-01
-1.271639812135189951e+00
1.122607670591463824e+00
-6.938208110610660784e-01
-1.547919505000073359e+00
8.322343074127801499e-01
-7.592956183422858163e-02
-2.696641604634528178e-01
-2.459082748427894316e-01
-5.516002345621641156e-01
7.633608649318521788e-01
-2.245389010092589677e-01
1.018569224652189797e+00
4.283672634054673245e-01
-9.620533866406322243e-01
1.531083092393074496e+00
-3.977903099947454058e-01
-1.792522563980045947e+00
-7.888765708207963190e-01
-9.961364219786894569e-02
1.337183176569113119e+00
1.245128536297100297e+00
1.110895142863259411e+00
1.614146464727420072e-01
1.951567036275902112e+00
1.161600308025045658e+00
4.208803697049194881e-01
-7.969070614798015040e-01
-4.167322096981118662e-01
-9.624329833149830593e-01
-6.559572316012401982e-02
-1.789898442057402006e+00
1.464873717747466220e+00
7.567888296134428483e-01
2.091957103396617224e-01
-6.805713365334060683e-01
1.714635593818874204e+00
2.488279733812701067e-01
8.510828296423481598e-01
1.658836388844442122e-01
-6.596330673093598884e-01
-6.532903699840895140e-01
5.453115614032988390e-01
1.685460376975687069e-01
-1.439853247610691334e+00
-4.755025273335852232e-01
9.366073887898316436e-03
2.690207714501103298e-01
3.700414118705619426e-01
-2.990957299669974589e-01
1.166577889916939892e+00
4.276103841639768977e-01
2.742321208323287851e-01
-5.587982178366387442e-01
-3.861769399913096978e-01
-1.805785197794213870e+00
1.016784619017485208e-01
1.944020461860604732e+00
1.527370190494828472e+00
-1.113967875581632461e+00
1.375855486802583627e+00
-4.338792437563819826e-01
-8.605188426516390265e-01
1.310634079778410177e+00
6.735633914599307159e-01
1.114833560916319133e+00
1.450484369132964746e+00
1.277774417440484589e+00
8.579902535556904741e-01
-1.531692390556034788e-01
4.327671656507059983e-01
-3.665787267216095296e-02
5.026501633718689632e-01
6.616707480775115835e-01
-1.158373751010842723e+00
1.124065145709135738e+00
5.465129063865665771e-01
-2.631606159460743444e-02
-1.671410285810474017e+00
3.704697944949744137e-01
-5.038608346172488428e-01
2.282984154565740109e+00
-1.159917722520635297e-01
-2.573097848199059068e-01
-3.575710072049514965e-01
-1.257798889404505349e+00
-5.524845615515290298e-01
-1.432965976958318066e+00
-3.379348644215704578e+00
-1.071831402087747964e+00
9.538031754482644009e-02
1.685497028703057287e+00
7.142290936736382934e-01
-2.989457901918660676e-01
1.994330242866922120e-01
-3.543327030316402171e-01
7.383401066246984001e-01
1.208316730462664745e+00
1.515800109391021444e-01
8.031127429302514775e-02
-1.102760636736787925e+00
-1.308974929115458874e+00
-7.488927608594383445e-01
-1.818338236479635217e-01
-3.843932419255947641e-01
1.062696297487510932e+00
-1.815993628650365288e-01
-8.692293362236326315e-01
-1.056533150741264526e+00
-9.797928184076805103e-01
-2.074721984382191797e-01
7.438448934947121671e-01
-1.140712518781960672e+00
1.635026411823429227e+00
