-1.225604851714215959e+00
-7.763719084380185098e-01
1.485157516864987093e+00
6.204792149485671704e-01
-1.293198484724564779e+00
6.361210632873831594e-01
1.002107040854993691e-02
2.277973692936121342e-01
-8.071153653024119023e-01
1.231951118969571324e+00
-1.728978239756726376e+00
3.276230602300116423e-01
-7.273537093729682823e-01
2.483336261981126114e-01
2.012725927939272630e+00
-9.282503197713030119e-01
4.692935742674148591e-01
2.254132345713245056e-01
-1.867523070257558926e+00
7.774931013610120178e-01
3.198685084803198908e-01
2.027031926519750615e-01
-7.331424597857986170e-01
2.641792552733878644e-03
-1.316818955613701769e+00
1.917934319816898547e+00
5.493020448829646352e-01
2.590507111024378251e-01
2.322366732400745482e-01
-1.793171767377593318e+00
1.595150670220692568e+00
7.311548959553119120e-01
-1.449875621849194607e+00
-4.690714148845652742e-01
2.213868117291016180e+00
-4.308137933343856307e-01
-7.361033864133070814e-01
1.768485255705929848e+00
-1.404869842163235072e+00
-2.644616503420849085e+00
4.646030510238161604e-01
9.226044722188302405e-01
2.079603795438501823e+00
-2.283691408955690338e-01
-2.967406987023737397e-01
4.317192819578358903e-02
-8.224104599645675195e-01
1.219359402613917620e-02
-5.864897275003209121e-01
-3.841168249188511297e+00
-6.466914764923238634e-02
-2.048174516457475391e+00
5.490385849993147938e-01
6.592089443290287676e-01
1.837580823070413372e+00
-4.336410662263849858e+00
7.651504911359852112e-01
-6.079774891733042974e-01
2.233835547274396482e-01
-8.137614886687262183e-01
-5.939800183295866898e-01
-1.178991313637115068e+00
-1.801091166376992125e-01
1.881869716256713287e-01
3.874362966780032780e-01
-1.478158903429811488e-01
3.898956240061988709e-01
1.949803649020465379e-01
-3.373027250904808483e+00
1.874116655249456809e+00
-2.323025659802916643e+00
-7.160998740819475572e-02
-6.495152604959646414e-01
-1.688760983897114487e+00
3.335315978021626271e-01
5.118260815485274895e-01
-3.024750397263916035e+00
9.440915640183544788e-01
1.995215329986426145e-01
6.449647972353694803e-02
-1.352350489042018600e+00
1.060571276470722246e+00
-8.290557227178779742e-01
3.055122021509495411e-01
-7.848521967561362667e-01
-3.766456359876023896e+00
4.244259285057631281e+00
8.440982032169697113e-03
5.379169334730826701e-01
-1.440907806387694279e-01
-2.029379366944877860e-01
6.910345989145978418e-01
-3.099026974990895522e-01
-7.938261872944444297e-01
-2.940374047005140934e+00
1.054573285872261179e+00
8.649874816559859347e-01
1.177238492732302744e+00
7.374547523329033627e-01
-1.743171567435434222e-01
2.690302121868950458e+00
-1.385548732659412641e-01
2.454116937177847291e+00
1.499619251170243583e-01
-1.506202143764825696e-01
8.809376114594286156e-01
5.383203429055911926e-02
1.513130676550051623e+00
1.180421842072744004e-01
-1.378891694220446995e+00
1.873142891745535943e+00
1.009511315720305502e+00
4.516446070645350752e-01
-6.068997377827796136e-01
-1.929164277404670003e+00
6.646530549004318056e-01
1.446103836857677738e+00
-6.695244805912589081e-01
5.053429591646445118e+00
1.072947483825290593e+00
-7.025775278632558907e-01
-1.535742903447370633e+00
-5.774766530690184752e+00
4.591815377911958151e+00
5.992394959143245714e-01
3.734591378616179680e-02
-8.388099713400087865e-01
2.006647162694333630e+00
7.445519168716421277e-01
-1.614976694067995489e-01
8.235028976769991349e-01
-3.128026294510515726e+00
-6.174897871951490202e-01
5.725074008087896460e-02
-1.578663003872743609e+00
1.844176922449317413e+00
-1.392776731126895928e+00
2.375028673301017024e-01
-4.888147649423887353e-01
1.534292359743854584e-01
-1.768309268862400918e+00
-1.121142627736656072e+00
-7.031579698189184269e-01
1.450213453119807649e+00
-2.735967110685160186e+00
1.896854088022924767e+00
-1.050169261133761633e+00
-1.972375172256927378e+00
-2.759814154070219683e+00
8.395124676216036974e-01
1.763491918861046726e+00
-3.101756782265250451e-02
-8.297420629044749418e-02
-1.226220760692503076e+00
3.633046291908806347e-02
-1.636876322111539883e+00
-3.317909691207008738e+00
2.676434016358931745e-01
-2.837156742508815666e-01
3.239565700523520775e+00
2.747033511866348032e-01
-3.095102234062436231e-01
9.889717298921958388e-01
-6.248532550881966685e-01
6.146415689315862796e-01
-1.336367224047774860e+00
-1.235257910900441569e+00
5.777815890132176335e-01
7.351786235487947074e-01
5.269246554151229001e-01
-2.581459718511038837e-01
1.715785670246262828e+00
-2.150482739091337692e+00
-2.923170642351372583e-01
-6.770296870711622894e-02
9.223617909363980294e-01
2.062130717308551464e+00
-4.317384967921861216e-01
1.528631375517333968e+00
1.105518795863603021e+00
4.809345295535749631e-01
-3.933378777112392921e-01
9.863571534236165173e-01
1.266061432114309770e+00
-3.141337043065819401e-01
1.474990437260979559e-01
5.869511048994233704e-01
