4.648636713719370706e-01
-1.666880051516322458e+00
7.392336938337155106e-01
-4.345894333195168269e-01
-3.703093831736392616e-01
1.957201293269013320e-01
2.076308779525734560e-02
2.338395785191356713e-01
-9.610857970570216846e-01
-1.228756402410242199e+00
-9.587691806567311126e-01
-5.320746558820661776e-02
6.383467863731913106e-01
2.940432815467786121e-02
6.279619923668425807e-01
-2.312606408251200452e-01
-2.426188924393156476e+00
1.218493364366542764e+00
8.074553548896792332e-01
2.133718082342513922e-01
1.751137887570330953e+00
3.192468858639994911e-02
-2.791812834175566582e+00
-6.316964886178158545e-02
9.360535464233826763e-01
-1.336410521659159301e-02
2.902969156959448460e-01
8.219284400216653186e-01
1.576779800851995983e+00
-2.704420579735341557e-01
8.102692100870001468e-01
-8.744243634207666815e-01
6.834405919400758922e-01
-1.319948224330275144e+00
8.894555694862020800e-01
-7.644817594116733173e-02
4.861154641773089979e-01
-1.248261773295558985e+00
-1.549297421749713521e+00
-2.329288864628323297e-01
-9.128822924183048748e-01
9.559651415082331960e-03
-4.761937822671025167e-01
1.125367559554809604e+00
-6.214514808231479392e-01
1.234579388857311444e-01
9.273209563720657966e-01
-7.789063891969461029e-02
5.854053460222483629e-01
3.698391131015157374e-01
1.835175591884691482e+00
-1.077418294098378970e+00
-1.114769746196806910e+00
-2.744458800838839307e-02
2.847632871532319587e-01
-4.219956361009328805e-01
-4.455771195846848221e-01
-1.311587078631480718e+00
1.192484862506044685e+00
-6.493081967261896681e-01
-4.235079333343522157e-01
1.454736579762481163e+00
1.914095092379409224e-01
3.404482668020886171e-02
-4.834954712787096764e-01
-4.867213575788470470e-01
1.592512612237404257e+00
4.980322431033900044e-01
-5.536331627354147411e-01
1.477663108966484007e+00
4.819535558219947835e-01
-1.376278005885464895e+00
-9.228369733313090961e-03
1.279110840928552761e+00
4.516325642481413549e-01
-7.906965055452717106e-01
1.828857296373553876e+00
2.497238712982713160e+00
1.110043649560677803e+00
-2.159757547780110976e+00
-8.461612470824233512e-01
-5.246074161849667572e-01
-3.505534820813573371e-01
-9.646541159137184129e-01
-2.336851767773189259e-01
-1.198872666574401169e+00
-6.171418631522445075e-01
1.827726352098003326e-01
-1.643127262647293141e-01
1.882301987364616069e+00
-4.464459948701337000e-01
-3.834929012073764465e-01
3.951171606372362310e-01
4.036130414654799381e-01
1.094845213690426089e+00
-4.074109807343587741e-01
-5.846652049011313856e-02
-1.070810526216642744e+00
4.028300983658861245e-01
1.234854934937169857e-01
-8.352541155680326401e-02
1.887503492335852462e-01
-1.029394351485489079e+00
-2.896958960499836921e-01
-6.794257197501674117e-01
-5.906774513882695476e-01
1.776641043567639966e-01
-1.612416445652585129e+00
-1.714927395454409309e+00
-7.627997906899356417e-01
-2.274654892887026103e-01
-1.469884384132581934e+00
4.508836329126435505e-01
-3.666196649403214991e-01
2.545764818941714247e-01
-2.823562619878381419e+00
5.954556558125920773e-01
1.522987920912302728e+00
3.216188912702803993e-02
-9.231212803910813225e-01
-2.088562035589490939e+00
-1.002526783600111049e+00
1.600811385066966963e+00
-3.039500725785401203e-01
3.767814776965051626e-01
7.016497265704059461e-02
-1.096319471169524107e+00
-3.851299685185304855e-01
-8.822343776299715890e-01
-1.360320216353973155e+00
1.258307042432725398e+00
2.876593546610271557e-01
3.210096728542490396e+00
-2.326135788547517347e+00
6.347365680506993346e-01
9.240552825934622572e-02
-6.649694995255092111e-01
-1.903080678174817297e+00
-1.519642533866445988e-01
4.608861502584111758e-01
-1.146966351383110067e-01
1.135980728961633601e-01
1.464648670389268492e+00
3.039007296394157231e-01
-5.304415077200528295e-01
1.301779514275605898e+00
1.214777068815206251e-01
2.833242106313254016e-01
8.973154221812466025e-01
4.414392709396901537e-01
-1.075376687639094664e-01
5.448644515360816232e-02
-5.890530665854671888e-01
-1.088086814173174766e+00
-1.316236577865289359e+00
-2.694121597949689084e-01
-6.591693452298368339e-01
-1.204305945755483886e+00
-4.675789782379448090e-01
6.139169789698232377e-02
-4.657660240937380181e-01
-1.234933286495523003e-01
7.614460035628300982e-01
-1.524583205632300764e+00
6.104347609554753307e-01
-8.610744372393699386e-01
-3.668741035987456711e-01
4.814657111694469749e-01
-8.539800631359928396e-01
-1.423687534719406678e-01
-1.066997438889362604e+00
-1.329413719014461703e-01
5.203411023148667436e-01
-1.764312614622802478e-02
-1.059056563268149898e+00
-6.019210084658839222e-01
-2.514941593334324987e-01
-5.146129168012214539e-01
7.033021885587467104e-01
-4.536579397469863162e-01
4.859190815734846236e-01
-5.878948468464894050e-01
-9.828379870946035712e-01
-3.844074703067176246e-01
5.168832313302520465e-01
-1.151526420219062485e+00
3.183552777421901903e-01
-8.945337924737241098e-01
-3.959547518780950348e-01
1.058859656066361676e+00
-1.774092641907931034e+00
5.769399490573926537e-01
3.609744968986916547e-02
-9.401009809427954833e-01
-5.456440985580228720e-01
-3.343217250987160494e-01
-5.140713844684778877e-01
1.165175838687123377e+00
2.320119674212739458e-02
-8.858578218937837034e-01
-2.245562635996513623e-01
-4.477719236538996728e-01
1.052487808871193309e+00
2.655300616269390956e-01
7.951840026224288316e-03
-1.602403710537472770e-01
-5.418359625380992917e-01
1.120114550219707183e+00
7.002997496451524029e-01
-1.018071764154926839e+00
-8.012613209848832296e-01
8.985047177622575987e-01
-1.028931306992950379e-01
1.799423709728068088e+00
7.563775627393958256e-01
2.291821335593216880e+00
-7.224765405827067166e-01
7.531470010314431640e-01
-6.729645480112235179e-01
-3.116968872605169860e+00
-4.091199593874645934e-01
2.642495097414353233e-02
-2.331664825901441418e+00
-2.881213988435642470e-01
9.366058514240793720e-01
-9.697716781463832092e-01
-1.045087786217035575e+00
5.442568214578822339e-01
-2.581555249954529119e-01
-3.069971158466394678e-01
-4.445053955259323231e-01
2.993887345486698770e-01
-1.368763472636770895e-01
-3.729754886085053234e-01
5.563783293274955355e-01
6.176839971061346551e-02
-7.868740565288395716e-02
3.370898666213627548e-01
1.395659679790176355e+00
1.143170201662982111e+00
1.903526324864277086e+00
-3.569228865408310414e-01
-4.957086814775348849e-01
-1.460660934096356112e-01
-9.195230520452030154e-01
-1.105581435791091194e-01
-7.582871489832729850e-01
9.232685899047099465e-01
4.784007777523781035e-01
-3.527330832376153191e-01
7.165017425677460139e-01
1.731568792186398253e+00
1.467203989529361485e-01
-4.220639999364358408e-01
-4.172939476020328664e-01
1.151369323113283993e+00
-1.035622553379189903e-01
1.407838135697963677e+00
8.350405341852192853e-01
-2.610655150679388470e-01
-9.200311629179693806e-01
-2.794024621812129516e-01
5.441927099045584804e-01
-1.193531086636721472e+00
1.047055824659768541e+00
