-1.014149159462220950e+00
2.253415551862877619e-01
-9.854962161361231487e-01
8.717144921240205235e-03
4.152022500936016769e-01
-9.595408569303693902e-01
2.486790945320229707e-01
6.713776078911002365e-01
-3.706538632940779010e-01
2.964284857722567779e-01
-2.915792557482244085e-02
2.603830940626936652e-01
1.254813886054002570e-01
1.100281105371745394e+00
-9.116434553025376530e-01
5.325443598004093726e-01
-2.152433655003882507e-02
7.080785384810559524e-01
-1.344161131458603275e-01
-9.257667253862049694e-01
3.549994630895945136e-01
4.811916203788395574e-01
-2.838356186240507117e-01
5.220092254050536784e-01
-6.782585026786116522e-01
5.608493898436532898e-01
-9.304842561619284247e-01
5.348511691313333483e-01
4.789118040927671238e-01
-2.519875033126491859e-01
-3.037390201475465012e-02
-1.582532859519187873e-01
-5.506474951129827211e-01
-2.832122620431380966e-01
2.978232442436232752e-01
-6.121517593406817781e-01
2.348827481636341918e-01
-2.913297436868613755e-01
-8.153637229269079523e-01
3.897279397435875481e-01
-5.260727976014718532e-01
5.339787917565104181e-01
4.368027712710753629e-01
3.186518451122961615e-01
4.628773343006000740e-01
4.488038620165357706e-02
-8.887545446630060741e-01
-3.825392751698761806e-01
5.397416761997972934e-01
-8.813075558563290279e-01
7.934856606984073135e-01
8.953747423919673487e-01
-1.457229929898484766e-01
-4.793620099010473812e-01
-9.189521474750421692e-01
5.929516409982138470e-02
-8.980382057421643083e-02
-3.553669034196338394e-01
-1.398195831094095620e-01
6.351764333352675207e-01
2.686392149957985698e-01
-4.482391806385817024e-01
-2.874971280960290088e-01
4.262051703943270375e-01
-3.693654585366072940e-01
-2.383334851978216040e-01
3.981313299904210012e-02
-7.022975365171113538e-01
-8.275430917144936949e-01
-2.267865983108525718e-01
3.739099411961601671e-01
-8.766033944290070323e-01
-9.334820056065438187e-01
1.273604925850728709e-01
-9.304121905927822400e-01
-2.244869382725960261e-01
-4.783006230329382991e-01
-1.164205600287129272e-01
-3.478899917687328092e-01
-1.532204779169834552e-01
-9.363686746839829933e-01
-5.800247945949514872e-01
-9.574596396464472026e-01
1.055749008370857167e+00
8.382375912676669483e-01
8.630139841461961225e-01
-6.212534070626869465e-01
1.778052401768783763e-01
-8.522133365699564589e-01
-1.719387333039958943e-01
1.760913721810342114e-01
-1.988044373665804887e-01
5.599127444696796463e-01
7.146143879965414225e-01
-3.687090939312369642e-01
-3.613789933240261210e-01
-2.716538982389167245e-01
-1.118931484425950362e+00
-3.201879873027071444e-01
2.338590172311438842e-01
-1.268893735788004351e+00
-5.771204042331534723e-01
-3.820790929309150208e-01
5.410585873943964952e-01
9.274862928944211937e-01
6.323618619424929976e-01
4.364615184510096668e-01
-2.015473527974276369e-01
-9.291765586401610211e-01
-7.410327181008102837e-01
3.544294952427800016e-01
1.683444607089956691e-01
4.290598251480970404e-01
-7.945640459936378353e-01
-5.722716051822591687e-01
1.099191963864782906e-01
-8.232465472109053994e-01
-3.894417615381678965e-01
2.438099860320985801e-01
3.313417533012821270e-01
-6.902647101158581044e-01
4.265893857565192793e-01
-6.146325224222102257e-01
-4.937932586033790816e-01
5.720643683635366905e-01
-5.175727941211067940e-01
4.806788506545442985e-01
-4.134280617384347156e-01
5.755708616269037403e-01
4.342348646461993145e-01
-8.521580279448870421e-01
9.219678256488450518e-01
-1.323598038599115290e-01
-9.302275677113489571e-01
-8.414073490314337711e-01
1.053943677275568369e-01
-2.370781678476783227e-01
-5.310262576071063112e-01
-1.684227092816843463e-01
-6.067509551670429158e-01
-6.654199311697663877e-01
1.133456957161153245e+00
-3.518401726048550060e-01
4.887852817779010373e-01
-2.583073402554019182e-01
9.967934211886375628e-01
6.119312210328264889e-01
-8.966906674690910961e-01
-3.964922436691571406e-01
-1.177979442123744253e-01
-4.512071638274717245e-03
-7.409117105355025323e-01
-8.568676394381955497e-01
1.662887498028791100e-01
-1.549152551627362984e-01
-1.458294119585768767e-01
-3.672528673388053555e-02
9.540172417677801331e-01
-7.692057532440845780e-01
3.378722557868303333e-01
3.050887999846236820e-01
-2.118409918087146293e-01
-7.592390909870510018e-01
2.259020606803112674e-01
-7.749723220596032025e-01
-1.468669023053281730e-01
2.579946330158702228e-01
-9.551854018892609322e-01
1.181035480214186695e+00
-8.569182632575320646e-01
-3.367529655019521062e-01
7.605327764085527686e-01
1.512106036808267273e-01
-2.899485220249902184e-01
-6.413655864607163970e-01
-7.881330843793581398e-01
8.834495089476845919e-02
7.878014337499881226e-01
-3.444917983301374331e-01
-5.367938449688924862e-02
-7.983410899563452290e-01
-8.088822145092608995e-01
5.483977339311700838e-01
6.993268474125320378e-01
-3.563276504069109452e-01
-8.489723403514295441e-01
-9.379103801489994119e-01
-6.990653394365813345e-01
6.106591252038919837e-01
-4.808808725637914172e-02
1.429810018201365107e-01
-1.143976766863545880e-01
-4.605411339944662785e-01
4.740341442665094718e-01
5.349962696769250403e-01
6.369096565303109525e-01
-6.502357795644366778e-01
-6.695181170181981889e-01
1.955828414042724006e-01
-3.029412254883593336e-01
-1.808448483608984803e-01
-2.792946657179062875e-01
-1.642745949271779971e-01
4.296293544101896789e-01
-4.612340715367162503e-01
-2.239619588284536000e-02
8.513570186021377495e-01
5.138382925895779163e-01
6.907562198483324645e-01
-4.200187391156684491e-01
-1.794655662239861282e-01
-7.512593472771667003e-02
8.597514722839857404e-01
-1.134226221436689386e-01
7.260403407464421921e-01
-1.203362037048802957e-01
-9.892058194888162515e-01
-2.553049775718621017e-01
-3.225445177335524161e-01
7.787629600410073127e-01
-9.875522684295992004e-01
-3.550540960964292392e-01
-3.910174626369271600e-01
9.868753357312363139e-01
-4.521437668641206109e-01
7.526358546710161246e-01
-1.524566038032084681e-01
-1.362108787487574524e-01
-8.779595167618687857e-01
-2.159609715744670311e-01
-2.771567195693476204e-01
1.648310922105862275e-01
-3.658292566702412429e-01
8.885972158810661048e-01
-4.939201856896940912e-02
-5.863996196768910263e-01
1.258110240752405851e-01
-4.577912036493203551e-01
-3.311534549755262846e-02
3.681103546544908234e-01
6.001455210538453322e-02
7.771544025565255698e-01
4.298277668254169015e-02
-4.729408811820090541e-01
-3.849089757650593635e-02
-7.568206406625761495e-01
4.440734263736489940e-01
2.308594467764819580e-01
-9.274249613466567510e-03
-8.334101320791398315e-01
-2.135885504916243960e-01
2.606317375722864149e-01
7.704995395225846533e-01
3.801566081904954597e-01
5.216498824997972683e-01
-7.049252064355004954e-02
-8.730874600580196265e-01
-1.886835111099751661e-01
9.471110453868880619e-01
-1.492452340718233739e+00
-8.430599486326719738e-01
-9.106098011068626263e-01
5.452427544513203106e-01
6.626879728553034532e-01
-9.827237653139373474e-01
