4.547819767751748454e-02
2.771128989138048615e-01
1.025107134288619326e+00
-2.321179134651752407e-01
1.231118533252324454e+00
-1.294873426693639029e-01
-1.278212985389171497e+00
1.724979078778382524e+00
-8.745285386718464338e-01
8.193427922662024354e-01
1.022933804148050685e+00
9.462608024651603111e-02
2.488520426627880422e-01
1.241116407745646300e-01
-6.897475183019990963e-01
8.752052771484407634e-01
-1.927224475577668628e+00
-9.154128632128429865e-01
-2.162659007814722867e-01
-2.952145394784857491e-01
-1.063676028076658703e-01
-2.800240223618267743e-01
-1.306186557694273720e+00
-2.190579894917799475e+00
-9.657396460535625504e-01
5.772907250088724629e-01
-1.645419023464644637e+00
1.558765694329609541e+00
-1.225703501325896283e-01
-1.566760374558025415e+00
4.456873444852017530e-01
2.081560401584352960e+00
-2.482768412569646421e-01
-1.726285232151254290e+00
-1.793574613379916305e-01
-7.065865926786657480e-01
-1.592922403749574833e+00
-4.695151249388741510e-01
2.615513586829015136e+00
1.140928572010529995e+00
-2.175644939884209705e+00
1.273729471178668415e+00
-9.604751780786079385e-01
1.615715693449120138e-01
-6.416309985467053556e-01
-1.894853155104856413e+00
-4.707926068191536917e-01
-3.192009931005401202e-01
-8.966760135732005921e-01
9.877919910990436980e-01
-9.572381783223837814e-01
2.163844745149915205e+00
-1.790519267342598697e+00
-1.129839344832338721e+00
-8.534042781628030372e-02
-7.464271435008985600e-01
-4.742873910687882000e-01
5.096829212433077183e-01
-1.081412624481699059e+00
-5.964063925821907475e-01
9.231830458189861366e-01
-7.103220534941625530e-01
9.376295040250036406e-02
1.668691594591555083e-02
1.887376788030136199e-01
-1.277390583197147711e+00
1.850969986587761129e+00
-1.222060708186897271e+00
2.141254224091861058e+00
2.330398322710306169e-01
2.246304085927755434e+00
2.421003835835480178e-01
-7.648844962541664350e-01
1.315863546916023585e+00
1.280200088533352876e+00
-2.749647678016941210e+00
-1.611051536657558625e+00
-8.001015563132668484e-01
3.128268728932790399e-01
-1.744558965393184558e+00
2.060912972313099445e+00
5.105243905587452113e-01
-1.274178733430740840e+00
5.480063568618089853e-01
-6.317611744440807531e-01
-1.348874936419862669e+00
-6.433475993843562613e-02
-1.783481037876051556e-01
1.969500908770633330e-01
-8.085066142393532163e-02
1.022962205088999710e+00
7.618115441329963156e-02
1.552213173308507332e-01
-1.063136458362003323e+00
7.076729362499688258e-02
-7.868116167492817947e-01
-1.176266667655103237e+00
2.873694960006213939e-01
9.126316303567318100e-02
7.813429281399181248e-02
-5.582718694335100373e-01
-2.810552452098502019e-01
-4.586934610815884827e-01
2.642685774424374134e+00
1.624159959129467090e+00
-4.982981683313328913e-01
-7.125040103887342324e-01
1.952703561006996491e-02
1.296187812084272917e+00
-2.016778404713999606e+00
-1.683293141453004349e+00
-1.781639097167008190e+00
-3.477450893093305129e-01
1.160120580431170723e+00
-4.645600226369467345e-02
4.217364021900968374e-01
-2.963104448712223227e-01
-2.263357881501630864e+00
1.692516952356342586e+00
-1.081345488975290925e+00
5.146579355317455473e-01
1.031701833074519348e+00
-9.212416144172526078e-01
4.959997229194430535e-01
1.593637202788176888e+00
1.063894996023031059e+00
-2.133072835850967075e-01
-3.067724169980032278e-01
1.823233292541414752e+00
2.338019666103611227e-01
-9.190933902849727222e-01
-1.135993050528686932e-01
-5.710081495640788596e-01
-1.581114785223514119e+00
1.324427999700066083e+00
3.014568644621608562e-01
-9.676358393039041772e-02
-1.111823862405336982e-01
-7.192269170191347705e-01
-9.308341559429241796e-01
9.411917039069263025e-01
1.613161035834157930e+00
1.270300632343320135e+00
-1.172991228867369173e+00
-5.432801892303793512e-01
-2.019685201083245840e-01
-9.693273013145340400e-01
6.633992694440686844e-01
7.269589347284727276e-01
-6.968958159940901176e-01
-1.715558812923631216e+00
-1.058161319474016482e+00
9.511413400998766088e-01
5.420269571048678126e-01
8.519303327845485496e-01
-1.752709884458125145e-01
-1.041419812074059426e+00
-6.912830378082002181e-01
-4.849439598516872563e-01
-1.488775274341432725e-02
2.137970814283446153e+00
-3.075006400124463690e-01
3.076994777710538309e-01
-1.392199800737145221e+00
-4.524401638383657165e-01
4.289580331236143018e-01
-1.910056498767659372e+00
3.840201999755970541e-01
-1.883256057739944200e+00
-9.755182925675640604e-01
-4.442344691453452565e-01
4.035981000157523590e-01
2.161748095395381597e-01
-5.002231128004887006e-01
-2.038275891268220619e+00
2.131066965563336302e-01
-4.298211455860839747e-02
-1.296764291557206406e+00
-1.728382939857256551e+00
-1.847259458189141057e+00
5.649384591950881163e-01
-9.471583900411608692e-01
1.183715227365816469e+00
-1.168265825536068281e+00
6.039354825727177856e-02
6.313416898849595338e-01
6.113648963899512845e-01
-4.267670450519104874e-01
-9.094384186959826311e-01
-1.841596031840379455e+00
1.538034172673539701e-01
-1.181173462391631873e-01
5.609292391323303928e-01
1.900503180156791205e-01
1.061704795779124799e+00
-3.231763369308421341e-01
8.759037434600640548e-01
1.417080273291738246e+00
-2.015605933242073267e+00
1.428232444699600312e-01
1.007987556115127026e+00
1.100448741628490712e+00
-1.735186676225120683e+00
-5.592411852888727886e-01
-8.219428656412259837e-01
-1.260013831986301902e+00
-3.553111253884660981e-02
-1.260266408891201229e+00
4.123395073141501999e-01
7.898937349744690195e-01
1.199333490041536998e-01
3.248071848936108008e+00
9.528239429282641115e-01
-6.285656328439286344e-01
-1.073788667870670510e+00
4.658470859140066422e-01
1.526256047114802339e+00
1.746064027345779035e+00
4.847688851484363570e-01
-4.462651895482591669e-02
-1.155199091147053769e+00
6.836367071504705351e-01
8.006784325817341008e-01
-2.016324506773304326e-01
1.385693383292835534e+00
6.149928321036860490e-01
5.463723506383024731e-01
6.648202834735983391e-01
7.171936327257595334e-01
5.005383803429631628e-01
9.997511113654961035e-01
-8.696334604695742376e-01
1.790516045722996274e-01
8.693226712667712075e-01
-1.659374303719759025e+00
1.723727659325477779e+00
-3.650611477321932807e-01
1.077656177234375345e+00
-2.116063151146778676e+00
5.521727108428725606e-02
-1.794423256399445110e+00
5.231564593157818077e-01
-7.166324096527120213e-01
-2.696284876268792430e-01
2.351780400152907458e-01
1.728592336070489954e-01
1.201297496995315517e-02
-1.531189277841034313e+00
1.659462340015155357e-01
8.460369772292102297e-01
-2.911591165927797653e-01
1.274099909805600284e+00
-8.801966754121910430e-01
-3.375353481805131173e-01
-7.487793129209524556e-01
-1.088632376129306634e+00
-4.942031189751591169e-01
-2.867166533112066595e-01
1.115850625075545555e+00
-1.344414429228207863e+00
-7.096977528234367227e-01
1.261178994822863275e-01
1.150705500572492213e+00
-6.331999018963548886e-01
1.501206673579822182e+00
-6.996919818318882989e-01
1.295316060583251438e-01
3.124324215138768457e-02
9.493185109338397876e-01
-2.545183973595690485e-01
1.515086087361566136e+00
-1.581194451314391625e-01
2.838301210708366717e+00
5.586800300238321526e-01
2.267305885207290261e-01
2.068422201771451530e+00
1.849424442875507113e+00
-5.287002573023708019e-01
-6.779609304176710260e-01
7.671004889686752204e-01
5.797406099934564461e-01
3.151441751408830538e-01
1.021275954876328607e+00
-1.477042695316253429e+00
-1.015915016473012189e+00
1.774194808741045071e+00
1.674895930182997095e+00
3.548993793653100748e-01
-2.437396617410397814e-01
-1.296842725173962263e+00
6.114909361104827745e-01
3.106921608752636899e-01
3.742679330175873731e-01
-5.490147830407746121e-02
1.074817622563462471e+00
4.285543926498930900e-01
1.306516371326500892e+00
-3.988428030328977636e-01
-1.045851344766720592e+00
-7.527880095807514271e-01
6.086729529677005479e-02
-6.396796392470970039e-02
-1.109594502370768732e-01
-1.022743831109326207e-01
-6.880417044716087283e-01
-6.291073168680320071e-01
1.537782452543663414e+00
4.314600342319928616e-01
-1.566728948359888685e-01
-3.767087734975562707e-01
3.373064612200374346e-02
-8.011775965653910037e-01
-1.147029842121402465e+00
-6.573922382603012426e-01
-1.399572178062044037e-01
-1.382601280446455139e+00
9.707208170619459064e-01
1.834497971042941822e-01
-1.228678075112939805e+00
9.674678437148411803e-01
-1.104228870013009178e+00
5.428730566964328208e-01
-2.245590490293815078e-01
2.077936108748819344e-01
9.681396612426476089e-01
5.438447101626737723e-01
7.900001451176720257e-01
1.870166960591700678e-01
7.639613680551729513e-02
-1.473555029535841276e+00
3.373681805511121734e-01
1.163160877806800608e-01
1.884988462093343031e+00
1.291101839313354871e+00
-1.755831280031741715e+00
5.354162267793285412e-01
-3.692356240071758000e-01
4.305697373939721406e-01
-3.655794883501676806e-01
-1.936161124006428480e+00
1.889652708008340842e-01
1.011984037566059591e+00
4.726015154232025561e-01
5.011049577907860098e-01
1.784972265604604647e-01
1.770488084267287099e-01
4.169148126789244402e-01
-1.373595569373330605e+00
-3.432333736244590483e-01
1.862519082408570892e+00
-2.115371613601769174e-01
-1.579915777361172446e-01
4.092643373699706988e-01
-7.483301685425175487e-01
-2.329673564933661956e-01
1.691074268525661450e+00
-7.573466817150007468e-01
-1.776838024345974709e-01
-9.257568301376333242e-01
-7.336111799315394588e-01
-9.577327773835728753e-01
-9.495692035673942710e-01
7.819960804016733436e-01
4.168611086190000536e-01
-2.296931171158314022e+00
2.780911019954878660e-01
-4.447105299795084399e-01
1.035603195249357400e+00
6.939724763873502678e-01
