-3.895026436048407148e-01
-7.380820718237944833e-01
-3.545634109909286957e-01
8.137308857783797089e-01
-3.079804741262501255e-01
4.018781764660909750e-01
-4.374867842248096328e-01
9.790903588298007637e-03
5.701704419116273570e-01
3.609790712829657466e-01
-5.951012118587426514e-01
-1.368381495689596494e-01
7.183765613529388139e-01
1.890906167443239250e-01
-9.243513343139507787e-01
-7.627710240438604350e-01
2.866528329865305480e-01
-6.293117633252538479e-01
-6.829711266573319506e-01
-8.588213623589849854e-01
-5.825857332741094519e-01
-2.731457984988039378e-01
9.115873957481565037e-01
7.865607860678749397e-01
-2.975737912238249905e-01
5.269226690493447052e-01
-9.888213107519951139e-02
1.364801926340100668e-01
-1.338525764847413591e-01
4.710502468194324166e-01
7.670289054446159660e-03
5.813256303356569843e-01
4.472748215259037541e-01
8.404844330460875534e-01
-6.038126506997959497e-01
1.003102897316447306e+00
5.863144348240417747e-01
-1.591576650139966687e-01
6.110398646178586413e-01
1.926096878080821029e-01
-8.809489331725973704e-01
-4.308207593108091538e-01
4.056979778683472149e-01
9.225574982776558741e-01
5.915526462339906200e-01
-8.481949534424149117e-01
3.127796566002098988e-01
7.607856728746127395e-01
-1.004488869723925371e+00
-7.949224531786054371e-01
-6.908120656560516881e-01
1.467095279039981603e-01
-9.761262237424846167e-02
-6.600295077978995950e-01
-4.682260175854092710e-01
2.278817783576471134e-01
6.276383840698550598e-01
-8.040849419445108559e-01
7.475502429117113212e-02
1.013361250749167830e+00
-7.468078631993507743e-01
-1.477105531852169751e-01
-7.194986932075452257e-01
8.301755067075891059e-01
-1.896696397440335580e-01
7.093708336759438349e-02
6.088679765287621226e-01
-3.708474893588411536e-01
6.141709657267603595e-02
-6.292118455769700747e-01
7.497205769496705363e-01
8.589924014475347480e-01
1.054982485598425224e-01
4.387078819111208672e-01
3.381766405030161571e-01
7.925149308204599841e-01
3.160941183399945675e-01
-5.959606980380715013e-01
-2.184358251972056131e-01
-5.677603320037775125e-01
4.048933691253799871e-01
9.071251281216995421e-01
8.201052718184000945e-01
-2.611169108252850424e-01
6.655222367784601190e-01
-1.092308732555717032e+00
-9.582533863926188111e-01
8.671475546356871567e-01
2.544223249678470578e-01
3.275391053387761986e-02
-6.018162960110327031e-01
-2.327523675407633941e-01
-1.552782372761364882e-01
9.106144441492678432e-01
-6.175102042760071547e-03
5.001776752766471379e-01
2.620158187169370489e-02
1.893278942671367815e-01
9.233769021819280276e-01
-9.655691987863218584e-01
4.550953961085030947e-03
-8.098751969252003802e-01
-8.222837984825266400e-01
5.673103910025241170e-01
1.512550831049828126e-01
-8.879943517354547122e-01
6.420961860262801579e-01
5.473191220759111575e-01
2.594523149696970066e-02
-7.193473539295951458e-01
2.762348801811013721e-01
-9.001839022331870055e-03
7.537804142815612840e-01
-4.543846097100647241e-01
3.890714177712199517e-01
7.503490136516792752e-01
4.986164615937997979e-01
3.926730487311864692e-01
1.041042027001518377e+00
-5.419846318084411418e-01
5.438328470567425077e-01
6.836657000798281036e-03
2.075039460129063373e-01
-1.089394262043778427e+00
1.774026685306199225e-01
-8.959335693599388417e-01
-3.220579391292471283e-01
5.456495087722417203e-01
-4.445335331896572706e-01
9.700341107099916815e-01
-8.657794153888949129e-01
8.614001975709467684e-01
-8.028330417558506849e-01
4.766268046600727892e-01
-4.458138661263839619e-01
-1.136614593919042238e-01
-7.227988825602194023e-01
-7.635452557777168137e-01
-7.234003388657147537e-01
-6.017134889653374952e-01
-3.006519577616132421e-01
6.977202608979902188e-01
5.097109648660931303e-01
-1.110549180003346098e-01
1.028502151258406938e+00
9.531979498108635873e-01
1.401872391043221810e-01
-5.827512910220754294e-02
7.451614023253527730e-01
-3.928347402828236690e-01
3.003023452893720524e-01
3.491323954121071660e-01
6.169042887175545387e-01
-5.304727980323822312e-01
-1.842208525762996929e-01
-4.260086771339972045e-01
-4.426478312877496490e-01
3.420787384026856004e-01
-1.093551514859297386e-01
1.130976897739440490e-01
-1.540469264013201445e-02
8.425665367992362098e-01
-8.644160534840069632e-01
-2.220494744582793972e-02
-8.176372175232540229e-01
-9.585515540468887430e-01
-3.029958395207872357e-01
3.423609979178572904e-01
4.474188562721401197e-01
-2.874602938576069078e-01
2.915185664930262932e-02
5.846670948258968492e-01
2.978064816833616568e-01
-8.944438667428851186e-01
2.033561105986292361e-01
-4.848800470451394840e-02
9.124869476936159352e-02
4.336564059772354818e-03
6.083837107079959755e-02
7.815928169516054291e-01
-8.095418198182959824e-01
1.213376061261266514e-01
-8.558811065136425755e-01
8.890427713599534654e-01
-6.399365696196791520e-01
6.808955880108134018e-01
-2.605771226920032824e-01
6.580751280125768377e-01
-9.939491575327882300e-01
-6.758291036142223263e-01
-9.762579945415296445e-02
4.061544025234842259e-01
4.656558483742138099e-01
-6.263839373949673384e-01
-1.923844799525045376e-02
-3.886401599687073216e-01
-5.123643470697742952e-01
-7.161512106808145539e-01
-1.830729712400772369e-01
7.885524746416877617e-01
-9.717066260199608285e-01
-9.997934548869424898e-01
-2.198903637855517679e-01
4.465254614134905875e-01
-6.874027744225681413e-01
2.390331420945608354e-01
-7.749798428649167237e-01
-2.933957784225383336e-01
8.303182984358163932e-01
-7.579262133783343236e-01
-3.197437864257903772e-01
1.902571263209319741e-01
1.852032410599754875e-02
-6.029725686109690397e-01
-2.993835854635376048e-01
-6.105136933811929900e-01
5.596694168025545535e-01
9.369224373776431358e-01
6.598168907214060352e-01
2.569646562261191924e-01
-2.130048909435777738e-01
3.635654979386501728e-01
4.394284454833077280e-01
-1.462687650761689273e-01
4.643996420585045914e-01
1.701700848850302705e-01
-3.046756858322830497e-01
-7.219342847327822055e-01
-8.477971138789293093e-01
-1.391805877474672215e-03
-8.222454348552499237e-01
-1.272968501667042229e-01
7.615898830530618557e-01
7.656081888508454725e-01
2.821421545805091746e-01
3.393835436480361345e-01
4.207336027414254609e-02
-3.059789340862209550e-01
-7.581135779805147079e-01
-5.000319900039791321e-01
8.125143003541315245e-01
-1.114940767379000719e-01
8.574662026363397693e-01
9.116399603747511460e-01
7.662035486262247508e-02
4.447732333206623201e-01
-7.767375291732298015e-01
4.933672790931453722e-01
-2.112594487084746564e-01
8.387765811296503671e-01
4.968265405986574956e-01
9.311581939137393571e-02
9.050221561535590764e-01
7.599355949053602233e-01
5.395280889774890509e-01
-2.554224139380491532e-01
3.610670429453575747e-01
3.469969340074587905e-01
9.496969881196539731e-01
2.693507645852750709e-01
2.697216458091520885e-01
-9.700922004176735225e-01
-5.979643628987525439e-01
8.797985081115365924e-01
6.125898031490888407e-01
