2.124091297105859533e-01
-6.298941154581236823e-01
5.316378309194130791e-01
-4.005065547385555647e-01
-2.527845104921982333e+00
5.344866380583295218e-01
-3.192461659872072310e+00
1.433023554111341635e+00
-1.279146100581735723e+00
-5.667662798960180215e-01
-1.914321078635175866e+00
1.306569557074641619e+00
-1.787131668794622041e-01
5.935477101144105427e-01
-2.536263821746158609e-01
-4.695562061096016371e-01
4.182908915868983057e-01
1.684579535485141388e+00
1.205637469936079176e-01
6.853063702952668645e-01
7.126836026506897515e-01
-5.886822707401739851e-01
6.270973830507986513e-01
2.177701256743936220e+00
8.540618077719497325e-01
2.547323906947550620e-01
-1.231496864371784072e+00
-5.319162420771899047e-01
8.468429211797460221e-01
-1.276005715694345621e+00
-1.346709542980118579e+00
1.045260742366543205e+00
-1.287306051262137263e+00
6.980230732308428943e-02
2.796315621193299905e-01
1.934151583044819489e+00
1.145406783417395769e+00
6.335812236035652800e-01
-6.384897397128164176e-01
-6.968050329851045444e-01
-8.917782703019239143e-03
5.803546188856338883e-01
1.040425594715189916e+00
1.280433550896729611e-01
-7.297651300064280644e-01
-2.564668099502290133e+00
2.317984652552067981e+00
-5.536336017201363285e-02
-6.577848651898612342e-01
2.264723837903440951e-01
1.071409631007554708e+00
-5.468510889075437476e-01
3.907985045133929303e-01
7.724677821796783750e-01
6.669354015515640555e-01
-4.444195567270593505e-01
-1.051064234604029757e+00
1.989435082379130915e+00
6.864130204162945947e-01
-7.018887256045767131e-01
2.162015382945704722e+00
-5.139612719438724220e-01
-1.035164344538937353e+00
3.196403863304839721e+00
-9.295750945015839317e-01
-8.325461465589696353e-01
-1.989962806862843436e+00
8.254519559649640126e-01
-2.866130939741004191e+00
5.547470730871670863e-01
-7.778736763149115552e-01
2.253109685887591529e-01
1.710055117947481662e+00
3.183503736519351923e-01
3.075239525479261937e-02
5.822863400137145984e-01
9.375247028383861814e-01
2.473459516290938520e+00
-1.183787886940175227e+00
-3.751556234752617680e-01
-1.022717614761682881e-01
-6.269546388172434481e-01
5.078328605691832115e-02
2.757041595808111811e-01
5.738468498669732631e-02
-7.728997214460857634e-01
-1.063498231543495764e+00
6.178462535184812143e-01
3.093794222405538363e+00
7.611496532282546745e-02
-2.975156055429771795e-01
9.315640562173885808e-01
1.259406921489762965e-01
-1.028411283012599764e+00
-9.335461360204559966e-01
-4.341433795085133385e-01
-1.178171258124838028e+00
6.162722185448421541e-01
2.241296093226949449e+00
1.283185898563964811e+00
-1.129184366594514266e+00
2.953701511179290806e-01
-2.272544819494211055e-01
1.142700276548631377e+00
-7.753120585851519531e-02
-5.024168201483355523e-01
5.559025228702758614e-01
4.282574447798251360e-02
1.035789004689826154e+00
-5.043972765755948551e-01
3.256839914016046444e-02
-8.423551479315373458e-03
-1.385477687025477689e+00
6.373012593899858302e-01
2.067597611227020016e-01
7.183014566355860886e-01
2.589970428334131824e-01
-9.222168747246400899e-01
-1.884314500397665793e-02
6.938900567564616484e-01
-8.537248931113734507e-01
2.372182667064324235e-01
6.842585303472619174e-01
-7.406335129585722710e-01
-1.132151689609945944e+00
-7.380774424685254687e-01
9.202058958632864938e-01
7.765889511176036208e-01
-1.240640216326247269e-01
-1.698833327759777245e-01
-4.228957562081006594e-01
7.963604716099310643e-01
4.210607380303243441e-01
5.253675745544917897e-01
2.959876473189488877e-01
-7.578077638611711020e-01
-1.221005074037276650e+00
-1.749777511856940970e+00
1.111479186570399236e+00
4.662343747340221833e-01
3.117155545748141465e-01
-9.569455339544765682e-01
8.885706646526048136e-01
-4.129759119076707452e-01
-2.092398592835337912e+00
-8.999322270745691021e-01
7.295555762140804035e-01
-3.183629932090548120e-01
-9.415873718163796369e-01
-2.692553679348105300e-01
5.498277836759422055e-01
-5.843386060521809089e-01
6.224084439149728532e-01
2.026816641042882949e+00
2.561011767742369827e+00
8.307852538229776318e-01
-7.687403659317644244e-01
-7.847314810123775519e-01
-1.775742130688041098e-01
7.296071936691639337e-01
3.382381646522167884e-01
-1.006042147099825756e+00
-1.159169571190828696e-01
-3.027596727523312659e+00
3.765147938171733433e-01
-6.642660498597598995e-01
-1.608428105196987090e+00
9.665354799663141705e-01
2.870473006735137500e-01
-2.045760273399647389e+00
-7.178436273251211919e-01
-4.002780950778361824e-01
-6.848454940369499422e-01
7.311080380902095222e-01
-2.266355683205223959e-01
1.972456177150320178e-01
4.405147873364670952e-01
3.618901641258832624e-01
3.824040528319254117e-01
6.805485117358114344e-01
2.012059715747318567e+00
1.888517338605237850e-01
-7.924939967271860120e-01
-3.256204810077533152e-01
1.565012439479123607e+00
-5.996430783205128900e-01
4.402812941128347868e-03
