9.333213791652937852e-01
-8.975872204565749080e-01
1.205158996929362125e+00
9.176279405800762401e-01
-1.625262883598131980e-01
7.564529473484710165e-01
9.308877481826401956e-01
1.716186900868100995e+00
-3.582273215250723897e-02
5.357186143103827014e-01
1.910246308509211122e-01
5.820721774470473120e-01
1.103602260811786362e+00
-7.677837070040752776e-01
2.630445037943868747e-01
-9.024845592336830924e-01
-8.665497995288259925e-02
-7.932461714765640659e-01
2.121182197747728093e+00
5.613648531875858883e-02
1.364077262692353076e-01
4.391406711008203900e-01
1.800289752697474266e-01
4.673759012104267141e-01
-1.536466317320966057e+00
7.099650862408379837e-01
-3.005340120181690389e-01
2.177401639300098335e+00
-1.242684264136515226e+00
-7.085717643527895682e-01
3.091962398831935577e-01
-4.224310065627300825e-01
1.224276730485680253e-01
4.502325066331273051e-01
-7.175208897809949304e-01
2.820712326301016981e-02
7.829195691884246466e-01
7.716855810095285539e-02
2.010520256518523841e+00
-3.858731212825000645e-01
7.034295729004391706e-02
-6.903257613019616601e-01
-1.481692718768298445e+00
1.862747911133470491e-01
2.902614624699370593e-01
3.123960099438355398e-01
-2.218126157530605214e-01
7.775492468140307589e-02
-2.223489748803812727e-01
-5.396753972055727822e-01
3.212487312851525223e-01
3.680657759084787761e-01
4.634959385425868605e-01
-4.339381497612578298e-01
4.498831838297421837e-01
-6.293026032629657485e-02
5.155558270558011635e-01
4.072087520922696990e-01
-1.038023944385783714e+00
1.002324551622072318e-01
4.983851223568790401e-01
-3.997656657843136063e-01
1.715598908803564360e+00
3.665174194726882329e-01
-3.936597250320392760e-01
-1.088627716336796059e-01
-1.957321189677055373e-01
-1.721881780757559266e+00
9.763804350897792306e-01
4.482185712409523237e-01
-3.040461524561841045e-02
8.421805238248974979e-01
1.068846752096376918e+00
1.098678140920728019e-01
6.104313126617175872e-02
1.421910035508231251e+00
1.424383617880319974e+00
8.155101985228748740e-01
2.159632591507373855e-02
1.030854837248166289e-01
-2.949325587578569552e-01
1.588433070887992127e+00
-8.036333264510563124e-02
-2.291673963167568662e+00
1.369972589253759809e-01
1.013365757848009530e+00
-9.781804336206563200e-01
1.178794274555847732e+00
1.683300970317404277e-01
8.749001144395737728e-02
-2.475626975181594025e-01
-8.312034556944416508e-01
-1.326498054188188558e+00
5.254451422321816390e-01
5.992839745568323551e-01
-4.624236590995627894e-01
-1.969228153968766715e-01
-4.147219957147283975e-01
4.526884798984958519e-02
6.967551508604332700e-01
-7.557625917782331837e-02
-1.242430592774324688e-01
-1.072139899703469790e-02
1.625871234686627753e-01
2.350461521846523016e+00
4.542382042596627145e-01
-1.016761607605065842e+00
8.691080664311706672e-03
2.690813894306797183e-01
-9.866576867067868850e-01
-5.311024064278552226e-01
5.002551199701784634e-01
-1.558936234692121836e+00
7.407158687151871312e-01
1.043202865479805563e+00
6.457670832958186669e-01
3.752981240476928604e-01
1.337616759734998606e+00
-1.769026121678658747e-01
5.953583050492685658e-01
5.850677544247926409e-01
-5.641582996197644917e-01
-1.265783531387937866e-01
5.114306084671007557e-01
-1.068153624361765308e+00
1.011050571052876546e+00
1.544584025652971704e+00
5.513718193097789655e-01
6.913777268708379831e-01
1.149042700797699323e+00
3.754086656790800447e-02
-6.150809521154639026e-02
1.415506073693775013e+00
1.194297374843047432e+00
1.275961388456118062e+00
-2.310090887372331925e-01
-4.089812988916491365e-02
-2.056778836225891804e-01
-1.682174381971890620e+00
-4.997279590966642593e-02
-2.011687763379325089e-01
1.443991299686513852e+00
-7.553805117684029291e-01
-9.085883228945407231e-01
-8.503589572537118002e-02
-7.309209467448007924e-02
-1.687186822034590084e-01
1.640188595008971628e+00
-1.180244396801612305e+00
1.597556227897894088e+00
6.569405122675353592e-02
6.106187846603353120e-02
-1.350980462338501331e+00
-5.109444295190357366e-02
7.984682652326112740e-01
-1.611564675174144701e-01
-9.403237499300556301e-01
-9.402806003946297952e-01
-2.917339145613112028e-01
1.063574529588464213e+00
3.434309983911432163e-01
2.463896403692346360e-01
-3.265816178353200261e-01
7.656683861057282936e-01
3.285788779823743955e-01
-7.706993622867598370e-01
9.493370999680244005e-01
-3.760843500351369051e-01
1.522151804248472740e-03
-3.583156116819552484e-01
-1.192220719511620786e+00
9.582789272327596475e-01
-1.160544593787460110e+00
-6.997860780137932224e-01
-2.324818324677748294e+00
-3.792894270210931396e-01
-2.210017789837025459e-01
6.318042954085417717e-01
-8.468409342281042473e-01
8.075408238507327807e-01
3.627046103728994164e-01
4.643753564491406305e-01
5.228493255044561749e-01
-2.123544084120224440e+00
-5.451597284675084865e-01
1.406236883338173871e-01
7.251864087581768592e-01
9.038001579180021672e-01
4.900469944732920857e-01
1.393972354061226770e+00
-1.544882792309236308e+00
-3.419277775915378625e-01
-4.586131261194543729e-01
2.276428685293412357e-01
-5.234831543098676931e-01
3.659785434157773465e-01
-4.414007363636111014e-01
4.474203633478069375e-01
-1.201695955379968428e+00
-4.935221975210799528e-01
5.029585226898078965e-01
4.552981534722523316e-01
1.986486264771171850e+00
4.178193930986912052e-01
5.701201670831976820e-01
1.972429099560366605e+00
1.077637889775025837e+00
3.072868554759358717e-01
1.171100782942094742e+00
-6.596647230356089686e-01
-4.695402925396670035e-01
-2.489235735225583390e-01
1.254090000735033739e+00
-6.891760068341637457e-02
8.161175735275184584e-01
3.538333070969447158e-01
-1.221589917233435019e+00
-1.156238006658344641e+00
-6.812266608277105506e-01
8.224688282530742134e-01
-9.400135684870490893e-01
2.876861742372103237e-01
2.140425858592307495e-01
5.334840753163382354e-01
4.833225746688934454e-01
3.446653905632365289e-01
-1.235307517380994868e+00
3.908761989872455156e-01
-3.621893465190466621e-01
5.402588998578961021e-01
-6.315589824141455422e-01
8.466788972971845961e-01
3.590940759183841591e-03
6.541094234302353705e-01
-7.425719863481285987e-01
-9.105356169778254793e-01
6.810042005066641035e-01
-4.456768303403974563e-01
1.109759889367406105e+00
-2.101751110492482144e-02
1.090285779390447907e+00
-6.327171206432302686e-01
4.246215532158695294e-02
-6.799003629055161424e-02
2.796174012366371420e-01
3.774012386946549169e-01
2.415824902253699002e-01
6.927222653801168306e-01
-2.116180014502798135e-01
4.782077763661817804e-01
4.485978834427807316e-01
4.462220425505146193e-01
9.498398529854819028e-01
-1.101674434973302086e+00
-1.522672619161657748e+00
4.062547339677352598e-01
-3.424851781455676702e-01
1.540055684765963218e+00
1.876492434794524877e+00
-2.134916395134028311e-01
2.586798723121102803e-02
7.254246226742461223e-01
9.365592756867139324e-01
-2.920199631920945837e-02
-9.407622619723089719e-02
1.189778700310751614e+00
-3.341639274107693902e-01
5.265012881965680513e-01
-3.391756263364134605e-01
-1.040397858551059262e-02
-5.183190168147967514e-01
5.130973701974234080e-01
-8.597066642093051936e-01
3.469778067921319709e-02
1.205192553747286510e+00
8.461171703839130975e-01
1.196555181117122002e+00
1.220243009243612065e+00
-1.133062810922331964e+00
-7.132238554762894145e-01
-6.097934411772473196e-01
-2.003556415586100758e+00
4.608554758256398487e-01
-9.085974600441141247e-01
2.400064623869480052e-01
7.298416362773766375e-01
5.377115445539879524e-01
-2.203251362010955339e-01
2.595391780592187780e-01
-1.786224605790076581e-01
-2.506554742253535029e-01
-1.141925193221059454e+00
-1.133547754310105349e+00
-3.441652173052729413e-01
4.080003208186067098e-01
-4.373285167060329132e-02
-2.457479605145962420e-01
9.520007780701644773e-01
6.274826018403358852e-01
-7.394558282874971744e-02
-4.500232979350846096e-01
-4.267541615829418267e-01
-1.026685445863525503e-01
4.290655909295321147e-02
-8.405803467795793793e-01
5.015055006688002859e-01
1.185317144381762500e+00
-1.043401118951959639e+00
-6.604177731084172054e-01
-8.847016385704111752e-01
-2.046231178177910781e-01
4.124953348915627593e-01
1.081596752234177394e+00
1.904223378879775219e-01
-6.753814832774416299e-01
-5.139100379479094594e-01
4.235418743640859685e-01
-3.380464200563805810e-01
-4.197178285225157124e-01
-7.434431069388303115e-01
-2.257435415789842692e-01
-3.087226970982338004e-01
5.552903267795673559e-01
-5.770255458309059282e-01
2.768799799599021561e-01
-1.943577531102326506e-01
6.670172786657955211e-01
-6.631661961132224725e-01
5.061655981341404154e-01
2.434578366874757260e-01
8.307345807415336125e-01
-4.809012575405778311e-01
1.898873851683345215e+00
1.080871627643237298e-01
-6.535057856871699933e-01
-2.008498616696347827e-01
-1.102613411750022365e+00
2.984811595094481462e-01
-3.237373775928635844e-01
-2.850415213649283297e-01
3.023803024743240697e-01
-5.519459790404764865e-01
3.516223072287462115e-01
-1.100898641912899878e+00
4.455258418892979466e-01
-1.127728904771573060e+00
1.315396265769295026e+00
1.872039600097340051e+00
-4.161801106717369358e-02
-5.571574280085587194e-01
-8.198570361255506089e-01
7.662953359284881971e-01
1.032513129308335831e+00
3.950083588110329669e-01
-4.738070290011392460e-01
5.965525168975385206e-01
3.541639583027677007e-01
1.367207379195631400e+00
1.772155396164820651e-02
1.143048450433996055e-01
-1.910115595887388995e+00
-4.257560678701849399e-01
7.203812560701868817e-01
-5.216480806917336843e-02
9.599156456803066562e-02
-8.644803223374033507e-01
1.069939369359343306e+00
-1.192166627933878148e-01
1.202229690423473052e+00
