9.420850165504809359e-01
1.995043290278963877e+00
-7.502184587680161831e-01
-1.589318290575764792e+00
-1.501206492305369622e+00
-6.414476854442770215e-02
1.572251485714497132e+00
-3.293241524290452804e-01
-4.495044880974665702e-01
-1.812713505806105685e+00
-1.186290392130464388e+00
3.940781082665978929e-01
-1.506087061313683417e-01
2.307825325080514189e-01
-1.758009760095416985e+00
-1.514196818894360419e+00
-1.117068341493169803e-01
-9.531518128508885412e-02
1.951601459315564502e-01
1.625961713649885398e+00
-1.087090567005969621e+00
4.582343153303037320e-01
1.072944147802186832e+00
1.092848434598267415e+00
1.517473620848526439e+00
3.269920942683463227e+00
-6.039942074365545199e-01
1.142063265149719120e+00
-5.210930845865739958e-01
3.713394335161631643e-01
-1.012102024404804013e+00
7.599783378620766916e-02
-4.184817467038560168e-01
5.799467666569348145e-02
-5.632947969560481161e-01
-1.478051943947838454e-01
7.939345259727771387e-01
1.001465191348914097e+00
1.848380359560276354e+00
-1.585415459106407132e+00
2.210626132431568469e-01
-6.456668217105490104e-01
-8.489978742859458638e-01
9.830850744821488796e-01
1.386374944504672191e-01
-2.172709717991045675e-01
-1.275970024646644108e+00
-2.611515800739315218e-01
4.323601293070051810e-01
2.146307215138328228e+00
3.292849667102918376e-01
3.244162198611003078e-01
-4.151947676699945244e-01
1.473399829780505321e+00
-1.286267498419029653e+00
3.424670016815299367e-01
4.524516485732251736e-01
-1.961681201568923893e-01
-5.587744685650783416e-02
1.492235782824420376e-01
-5.234181989054112472e-02
-5.471976242944331936e-01
5.735451654006592515e-01
-4.149724421575133881e-01
-1.152749481152941069e+00
7.572489351698954985e-02
1.931892689278531750e+00
-1.561867685732767130e+00
-9.853243966501252782e-01
-2.113884220640407374e-01
1.034443619563571115e+00
-1.170298151054266489e+00
-8.553600684817082023e-01
4.103351265667354308e-01
7.406193812750854200e-01
-3.329745205824688470e-01
-2.442609400944695253e+00
1.034240051930044757e+00
-7.274593715587982512e-01
1.592572467655709367e+00
-5.805523776190378848e-01
-3.514208913227903630e-01
1.888670048144579727e+00
3.343326673900642865e-01
5.108015642817267943e-02
-8.637362320988846154e-01
1.526699486106998460e+00
-6.644480776757552554e-02
8.512215167637765534e-01
7.396504613927330496e-01
7.146171671532474123e-01
2.181715867055208591e+00
-7.189589747081535087e-01
-2.188459252244431941e+00
5.935930996694692707e-01
-6.696204100436237150e-01
4.311095007914985677e-01
1.887743271819980473e-02
3.733077242889800695e-01
1.542403279514724113e-01
2.092201642237899450e-01
-8.085062899902442646e-02
-2.612440620810468350e-01
-4.717094809092133301e-01
6.579531785568807356e-01
6.223048178064306546e-01
6.421246340679092057e-01
-4.160664459330049025e-01
9.622518608283284758e-01
8.929212325268645056e-01
-9.482426148689110379e-02
-2.014655397447691065e-01
1.920822281688419897e-01
1.048361894525468685e+00
7.689948314132545315e-01
6.201079526502900618e-01
-7.075073327355541064e-01
1.062286595026252556e+00
-1.688221803573041635e+00
-8.155906348061858768e-01
-4.142238947423783624e-01
5.119932365969113164e-01
-2.288945176455431385e-01
1.415445149858084006e+00
-2.420206892345801997e+00
-5.840772404252875249e-01
3.699073595976809514e-01
-2.038380645742397801e-01
1.463296717012065040e-01
1.791353694825852161e+00
-8.390257021087357270e-01
1.400545361453978233e+00
-1.344056511597913062e+00
-1.621927565634383672e+00
-4.064409118990060521e-01
-1.328233229483447353e+00
-2.180689302469171198e-01
-5.552692434025106039e-01
1.189536954151474202e+00
-4.153712468193753726e-01
1.929109306522784673e+00
-2.287271579586135639e-01
1.473054344007170835e-01
8.291020467998291288e-01
-8.429798312813485683e-03
-6.118148887256102952e-01
-7.747792914769199291e-01
-7.574797062442759632e-01
1.767089858247873790e+00
-3.540576222245780946e-02
-3.020701025217071845e-01
5.162740810333383834e-01
1.620708470926076061e-01
1.134183447320115778e+00
-9.603524941135068715e-01
4.787398075656975061e-01
-9.203820756270059134e-01
1.820558224029195787e-02
-2.290705972326231299e-01
-1.181681291854998594e+00
1.628897526873574364e+00
-8.830764304920557528e-01
-1.384185977632940601e+00
1.139671388388164175e+00
-3.846240611774406903e-01
7.096246074809634541e-01
-1.380449899499713418e+00
-7.172992939262978762e-01
-7.440669913067926577e-01
1.533621789483890385e+00
-1.532520406871913154e+00
-1.849015450738761723e+00
-1.522179689016418758e+00
-9.287102494920573825e-01
2.380205182931134644e-01
1.665114856237746022e-01
-1.115000896442571277e+00
5.083736118641526414e-01
-5.708270725905199017e-01
-7.620894535229626454e-01
-5.549051163685038146e-01
-5.171426322896679473e-01
-4.505222679825389709e-01
-1.982875636332816160e+00
-7.770694179731787443e-01
8.006181029696942675e-01
7.073981141817231588e-01
1.405439090497132781e+00
-5.491482312412643285e-03
9.044528024100587649e-01
-6.748193392127690426e-01
1.436139978416530960e+00
-1.002042916608398171e+00
4.694547716373259627e-01
3.671071535896281435e-01
7.160282565144264755e-01
9.912873208215481347e-01
1.017708155999737407e+00
-9.115063952949362669e-01
1.832621356117833056e+00
-7.523501415958076810e-02
-9.756176533045536337e-01
1.294847589397531140e-01
2.672129599721120852e-01
-9.259717398991934578e-02
-3.281027533836827770e-01
1.294769375996463467e-01
1.553838072037825313e+00
1.183271245352143675e+00
-1.747711203451409512e+00
-2.161988584508239164e+00
-4.060385454150990947e-01
1.941709372959830315e-01
-8.844681558699207802e-02
4.806620130735497209e-01
-5.705427278567637428e-01
5.492226004248579319e-02
-2.177872411788108475e-01
-7.436326495100854528e-01
7.176313871301984171e-02
1.427661070811649946e-01
3.032228211113593419e-01
5.038676029716873117e-01
5.218156481538196445e-01
2.598900437112895978e-01
5.085723123870286022e-01
-6.519871304459154970e-01
-6.587204738910648061e-01
-1.267643929378359235e+00
-7.917892016708720782e-01
1.254021095176801159e+00
-2.518263174901682611e-01
-2.925802037542007961e-01
-9.994965388759669001e-01
-9.974666598558619146e-01
1.312330101782576586e+00
-8.845061968594486457e-02
9.795507110052927846e-01
2.204775278716971931e-01
8.633671765487659355e-01
1.693267986013028414e-01
-1.993078774982552648e-01
4.711934531210151267e-01
-9.589436509751475546e-01
-9.430404849960748459e-01
6.630774551575062681e-01
-1.671214378483627083e+00
6.799458831242320977e-01
-6.594876799861001393e-01
-1.628933905677434069e-01
-2.337566156594176880e-01
5.408729383201585916e-01
1.439160641322243972e+00
1.084629585771460514e+00
1.172972452690465239e+00
-5.146936680206992687e-03
1.806063395659098569e+00
5.209372754720060783e-01
-2.571365954772524276e-01
-9.609590515476915673e-01
-2.305272040165184944e-01
3.436507082136647795e-01
-3.052501089646832422e-01
6.192430539453745997e-01
1.053507207529988721e+00
-2.856605380901163782e-01
-2.144294945486030779e-01
-1.825336447014886065e+00
1.490713295704129360e+00
6.940596214925061069e-01
4.998543142643488979e-01
-2.753732204966056335e-02
-1.527036844581451502e+00
-2.330399909520730339e-01
2.054805813892175426e-01
4.545988432033952753e-01
1.225891880246555043e+00
-1.092530938340395164e+00
-6.248520792365146459e-01
-3.646407795787310890e-01
3.282447024971739125e-01
2.227542293146703156e-01
-4.604792659191306314e-01
1.690891571275037641e+00
-4.521430876597759552e-03
-1.434068718085460548e+00
-5.955067201550650058e-01
-2.257443410772536296e+00
-7.851966118810741468e-01
-6.142558003696346747e-02
2.587393990839527147e-01
-6.843551435839189123e-01
-7.355240045739465105e-01
-1.086210821798567538e+00
-1.263269551994179007e+00
-4.616677801603384368e-01
-3.272565369558667614e-01
-1.894110322605409291e-02
-1.348012260641860083e+00
2.017660296326566627e+00
-3.367008212374272835e-02
1.072730757631417786e+00
-4.616621133571978675e-01
-1.128497211103943076e+00
-1.697742398136822817e-01
-1.113898805756452726e+00
1.765332034149525553e+00
9.415400936504593199e-01
6.952847377806009588e-02
-1.780506183262959174e+00
-7.651445796482339023e-01
5.944044448440010120e-01
8.676777973979792336e-01
1.190607806621970077e+00
1.345852961118460533e-01
6.921868116333260712e-01
2.196833260021086698e+00
1.484367269431321690e+00
2.133310067458005777e-01
8.085002656282325173e-02
6.282873741523018474e-01
2.344493718446736263e+00
-7.525573073316345063e-01
-7.092729271454414341e-01
-6.420998007886036252e-01
-8.120966388640908917e-01
8.320748227107727102e-01
5.795905278101177727e-01
-2.199576445278306647e+00
-2.292293900039105825e+00
-2.152428511974360803e-02
1.087933767543308866e-01
1.003876974232199570e+00
-1.539546014017869391e+00
-4.202967022624942151e-01
-1.244318490654889420e+00
1.225026811604265298e+00
1.330326664250674473e-01
-2.131818298234433584e-01
-1.532680308614700337e-01
1.838617099411165468e+00
-1.275251745756049937e+00
-1.692731250175617985e+00
1.224306389885332358e-02
-2.433292905580419219e-01
-1.987778258029979650e+00
1.126431710795573471e+00
8.088268455103426735e-01
1.022228863061015014e+00
-2.582930843135817778e-01
1.584243531736530264e-02
4.802311618800910176e-01
-2.703087888096928904e+00
-7.899433414925594032e-01
-1.268352961022142233e-01
-6.515352023239828760e-01
-3.196891132280025860e-01
1.004207049987509093e+00
2.262487471129734917e+00
-1.053076224414613016e+00
1.457788133608735048e+00
8.394771371071243493e-01
1.352828967052347453e+00
-2.602109315981634641e+00
-1.644038212165975343e+00
-6.708570928502636255e-01
2.083401477472028418e+00
1.188634779682059772e+00
1.609567311343113261e+00
