8.097412003678414738e-01
-2.120212534482448508e-01
-8.567402620917177192e-01
9.114547511270321145e-02
7.725094718133018734e-01
8.225538481304650595e-01
-4.270985083168064023e-01
-7.719178204197270077e-01
6.228051161582870421e-02
-6.949485245349997786e-01
-2.753822240819618905e-01
4.793301059638974682e-01
-1.056017653083081154e-01
1.355833773097333828e-01
-2.604061829510708748e-01
-8.038038101387547929e-01
2.394143520235549882e-01
1.871997044841273716e-01
-2.448030064411417239e-01
1.267128477894023941e-01
-8.312426194191722129e-01
1.936485718874858541e-01
-8.275223420802457763e-01
-2.714891819162383868e-01
6.498686343948119060e-01
-5.969215296388494796e-01
8.947864931481719353e-01
-5.338181341065766361e-01
-1.171396327103856772e+00
4.199073333189073942e-01
2.996734162552907588e-01
-3.710135038075706437e-01
-9.111586447751860440e-01
-7.997560476627867398e-01
3.963726162973031375e-01
2.577020154521743045e-01
-1.544313733666979882e-01
9.113466811017623126e-01
-5.915417881550384394e-01
-6.285191167940327173e-01
-8.346134508021396670e-01
8.812259984815407066e-01
6.536664609240432355e-01
-2.500165466417780813e-01
-7.187436632848109852e-01
-4.647877542856257982e-01
9.470429676507166050e-01
1.384514813588549331e-01
-2.185748824928079870e-02
-2.194215645402768367e-01
-1.211415799958972528e-01
1.288159702026998588e-01
1.076186216675090179e-01
9.778874675264643823e-01
-5.471275671354969283e-02
-5.956720598491616059e-03
-2.597433824474864039e-01
7.861687250231186308e-01
3.850310739762179413e-01
6.322272874471868143e-01
-9.573171314491848438e-01
-3.929345343821610825e-02
6.108081813460104481e-01
-1.314056340008846080e+00
8.996412426276911845e-03
-4.471001716887554878e-01
-5.963282235330056302e-01
5.234051325397091059e-01
-5.520694406629107487e-01
6.375546767490329891e-01
7.276283222440118603e-01
-8.304468299269180953e-01
-3.656096737635463612e-01
4.705432805764718784e-01
6.047842066534316885e-01
-7.096002735817565910e-01
7.278981892320546265e-02
4.599909362585987704e-01
-5.841256181211846865e-01
-1.843221428090628389e-01
-1.226492970689516682e-01
6.860822820350602758e-01
2.309841879764643058e-02
2.594768265955247344e-01
1.254270775379937586e-01
-8.450990976818908429e-01
-3.874237277508219002e-02
-7.918451107392208144e-01
-6.706291970251596624e-01
8.680681440035165064e-01
8.422075320428481504e-01
2.246334830341545352e-01
9.422633765187400368e-01
9.738166531077014909e-01
-3.632667162315628140e-01
-4.944603437084853503e-01
2.978692266701807867e-01
4.372206167563272849e-01
5.600074640590417818e-01
-1.232036306877432041e-02
5.584598749469649182e-01
2.180262460605955077e-01
4.523017631359780300e-01
-9.531186589059179592e-01
1.201470271531154044e+00
-8.892282325755564987e-01
5.242618398573117844e-01
-3.658937197792266893e-02
4.641922297762417493e-01
-5.576317702436257573e-01
-2.733866418508579255e-01
7.649965264147042809e-01
-8.722595941166222389e-02
-9.601763704840819980e-01
-4.868657762295738323e-01
-6.956164907093219663e-01
9.992508233357275671e-01
3.713724631731671888e-01
9.919523903293248068e-02
2.222319984080578514e-01
-4.315404187931402014e-01
7.944064496718166168e-01
8.842027398105769542e-01
-2.838337453514372388e-01
-7.563947794490686327e-01
-6.057273680389252402e-01
-7.220947994395277014e-01
4.786454531114957556e-01
-5.084056016353131202e-01
-2.607646171568089866e-01
-3.165622670598662314e-01
9.824587923129706191e-01
-9.854448830541651105e-02
1.152303738299941482e+00
-8.809458631965974007e-01
7.771054829727435109e-01
-5.671070182517561342e-01
-1.632093832218080021e-01
-8.011953191986680434e-01
-5.021338951161895547e-01
-5.846515426372598245e-01
8.482519008036568664e-01
4.188386702075908019e-01
1.755108000931038248e-03
-1.999560178046144721e-02
-3.097413756586874234e-01
-8.925007693129785036e-01
4.769158144983780545e-01
1.056871668121149854e+00
-2.121884496433106282e-01
5.193330950342451846e-01
-3.175215318606070536e-01
-8.802045926036057288e-01
9.789022234286757218e-01
7.458731477528230958e-01
-7.115558901064056307e-02
-7.076572164605847703e-01
1.461404919624433862e-01
1.775493597204554908e-01
-9.490393555205960396e-01
6.689797353401609747e-01
2.248034354398573131e-01
4.954149238928969856e-01
8.365246040866392008e-02
8.665423985063651635e-01
6.612515411413255606e-01
-3.250518492316860630e-01
-7.394867968604093011e-01
8.233163174672810669e-01
-8.700465999883684187e-01
-9.592777845412479021e-01
-9.245617181196548184e-01
-1.953626740194533973e-01
-9.845285696394305841e-01
-6.930925661981366392e-01
-9.804574581337788253e-01
5.824199052642071717e-01
-9.590175872789110656e-01
-9.602470507420286516e-01
-4.079146400915145132e-01
7.933327981524607164e-01
9.770300674536596119e-01
4.807098726036870828e-01
2.431127019092149677e-01
-5.978076120863760057e-01
-4.214290662226587436e-01
6.312177136806187416e-01
9.936289986681732245e-01
9.269575725137837452e-01
2.795347424827308025e-01
-3.376480424225665189e-01
-1.436177359737291770e-01
-9.876646104215107691e-01
7.951583135107813671e-01
-3.680841279193054483e-01
6.870930699017249177e-01
5.841068716993689236e-01
-6.644108820395966397e-01
6.636932095589702651e-01
-5.648702913585936791e-01
-1.318610346777522313e-01
-3.667010855230483646e-01
-5.081092408391245652e-01
8.880220168982619899e-01
4.366090269232278942e-01
-3.730000675616387262e-01
6.938641028747077888e-02
9.636084406703639971e-01
2.334518523616364583e-01
4.997837508228339942e-01
-6.989220082013858359e-03
4.264813394017301640e-01
3.193569870172008329e-01
7.711737637118354360e-01
-3.530125145611515691e-01
6.220568820636434015e-01
1.212391820088503658e-01
1.069683860154910793e-01
4.325915678259628638e-01
-2.938943980653463406e-02
1.374649387402921974e-01
-5.013037220210208034e-01
4.194132821056271165e-01
4.329216769973347478e-01
-3.018303928123751145e-01
-7.990302050419437752e-01
-2.500206104501967452e-02
8.943386447953469709e-01
-7.166641828462605446e-02
-1.441560444625633597e-01
-3.321449776983389501e-01
-7.577013233231570943e-01
-7.111575934695528733e-01
-5.330124755482812393e-02
-3.981832042472566169e-01
7.109838176717695468e-01
-4.368509152458195377e-01
5.093095983563773466e-01
9.624018385542583154e-01
2.888617387732295150e-02
5.955300832500237673e-01
-2.949497016524396109e-01
8.463957148864829083e-01
-2.590667499480905356e-01
5.535288574544352524e-01
-7.721344453207307224e-01
3.766144867745058189e-01
-4.195062505341318193e-02
-8.378434064894433320e-01
6.360825788609694165e-01
-4.338165692501878556e-01
2.884983412801116476e-01
9.184840920376151630e-01
-3.999915340100999028e-01
1.586489872005072410e-01
2.735272171622575854e-01
7.665217540760547177e-01
-9.453736586841203771e-01
7.595956898352898001e-01
8.590512710665174634e-01
3.311065476001275876e-01
-3.158949849859060688e-01
-2.827365354193283054e-01
3.728237212821050583e-01
-3.532378819231138944e-01
