-1.196140412947882314e+00
-8.351703258909081162e-01
-2.395814974740799741e+00
-2.539425158978715125e+00
1.113956345123659819e+00
1.637904634781902846e+00
1.512874070990773090e+00
-2.077095315601836578e+00
-2.604255845006430814e+00
-1.574773271932882857e+00
4.817426950282249210e-01
1.451403880025671445e+00
-4.477367085109795752e-02
1.810213667281885819e+00
2.629513995898361323e+00
6.242444571305676426e+00
2.635163671051883316e+00
-3.197213638963232185e-01
1.018934056588525650e+00
-1.304855872095997515e+00
6.256401093128142188e-01
2.383158276855427138e-01
-2.142793498517490125e+00
-9.446025203902387313e-01
-4.650832219387045496e-01
4.814913681861054506e+00
1.593048472370246049e+00
-1.699520082946603061e+00
-4.904402210418137287e+00
-1.412460713134067181e-01
1.661066825378689105e+00
-1.864621301640104756e-01
7.149760669637279520e-01
-6.326124853964272265e-01
1.802703870263103525e+00
-1.254977702148186491e+00
1.441644116727756719e+00
-1.702454938928419814e+00
-1.733339045830779357e+00
2.594962013171901116e+00
-1.738903346537172157e+00
-8.709000044524950468e-01
-2.405409179833127575e-01
-1.964960668239283947e+00
2.370189894504075023e-01
-7.617728997396591151e-01
2.170158581983868684e-01
1.034430321302698630e+00
-1.257712342177634834e+00
-3.198156685740864980e-01
1.210438924255303195e-01
-8.620231554333117607e-01
3.004154381464745782e+00
1.572293165006011018e+00
-1.141543299670777056e+00
-4.710802722188976999e-01
3.874449424792458796e-01
2.683506336779747370e-01
-1.505016822230575979e+00
2.331255591602198862e+00
-6.540840297105430245e-01
2.313359386836377762e-02
1.057004771977882562e+00
1.182692397052871769e+00
-2.936736904750361643e-02
1.639453806939598635e-01
2.391557294057995442e+00
-1.262325889749164265e+00
5.293695498786557541e-02
2.493419916629979749e-01
-4.164236172073095821e-01
2.819097231427630801e-02
2.859359041873490881e+00
4.779183645638788169e-01
-6.743866628539636032e+00
9.042574968063965546e-01
4.781903039808882427e-01
1.094637764336502839e+00
-9.186504684586982439e-01
-3.112163329012997526e+00
-3.179320018886405697e-01
-5.454872799147952867e-01
4.932513737608437143e-01
-5.240347444909303209e-03
8.534462675838147550e-02
-8.564036103193456428e-01
-1.317822027053576484e-01
1.105792632598635361e+00
-3.491885396628264804e+00
1.619646268485620322e+00
-9.659963813666607724e-01
-2.179302608439753985e+00
2.382958255427942706e+00
-1.110751019422291597e+00
-1.684934854824387429e+00
-9.480420552722874650e-01
-1.995153893119768762e-01
-6.006632080420905018e-01
-1.359246878949175175e+00
-6.451542554576730204e-01
-2.715577290209044481e+00
1.657049928700000674e+00
-2.217509368334162012e+00
-8.875640998327071207e-01
1.037727876914558589e+00
-3.869650145352781512e-01
-7.273021144846461894e+00
-3.550101832825925396e-01
-2.225946005252067650e+00
-5.895793333634091749e-01
2.095739086667902207e+00
-3.515857829014509939e+00
1.083475582236841595e+00
-1.319630116866111980e+00
-2.397986687235446279e+00
-1.944766855257107352e-02
-2.962005606220424747e-01
6.763597829260638294e-02
1.049527068372027028e+00
7.564323458657391530e-01
-3.928391051510133902e-01
3.135481098970056113e+00
8.091908842990223061e-01
4.402097690728925983e+00
6.915761210776150136e-02
-5.344424848426080343e-01
-1.373729405179922702e+00
1.025575275566495415e-01
3.451939696486668735e-02
7.740470286374754316e-01
3.375806142874549498e-01
1.786599247428363846e+00
-2.726255921833656171e+00
-2.366112398932387784e+00
3.656287731959909082e-02
-4.341889076386117319e-01
-1.984447267956290784e-01
-8.903590658940857550e-02
6.041024459334211061e-01
1.773416472704683944e+00
5.821398235232208007e-01
4.735231987253437635e-01
3.120566862082168047e-01
9.570818363192288292e-01
-2.443357256757827667e-02
1.033973345289048940e+00
-1.604040581366303453e+00
-9.183801038526872018e-01
5.183379025343197721e-01
8.197659639845483737e-02
2.061404974616023011e+00
4.250814502698717634e-01
1.688060383297489642e+00
-2.625608325761370487e+00
1.641790876350047168e-01
-7.642820341831725317e-01
-5.721004848768451723e-01
1.133368350992948415e+00
-8.490464978988121469e-02
-6.764976241298548132e-01
8.367201652733710082e-01
-3.720243683787321842e+00
3.866875365006449128e-01
1.837951138442513732e-01
2.137649195883757347e+00
-1.323833450708467030e-03
4.707818706247975937e-01
-6.051827349520699784e-01
7.132840254932293345e-02
-9.114304904939621865e-01
-2.428054347066204433e-01
4.022321835378669941e-01
-6.829795708828388934e-01
3.023391900022236900e+00
-1.720596799056395731e+00
-8.708182631022698406e-02
4.788424304018493949e+00
-1.509138233520695760e+00
-1.671674715830828495e+00
1.308178857590100774e+00
2.979403975890509759e+00
2.418168680115084790e-01
5.114873765779788251e-01
-7.739189368412053849e-01
8.282078669885464262e-01
3.012100723267171709e+00
-1.968854556483095042e-01
