-3.887719644086166937e-02
-1.401055584511901486e+00
-1.146755943409317746e+00
-1.511586201131365909e-02
-9.818783889977266144e-01
-3.716831692048692126e-01
-4.779947345259464853e-01
-6.931897823638770717e-01
-3.350700922570781781e-01
-2.101000005001828486e-01
-1.190315302341801385e+00
-7.071250877607263563e-01
-8.761047597783200303e-01
-6.445971471425147037e-01
3.541170844131792950e-01
-1.743647715291836708e-01
-3.651406103387998259e-02
-1.066489800880278338e+00
1.967167982339893262e-01
-7.532816799679583619e-01
-5.623938887525467001e-01
6.948539140504540745e-02
-1.424524704925045793e+00
1.925728664674286605e-01
3.877888181103141818e-01
1.260292182223099466e+00
4.082856061406472392e-01
6.630420059924044818e-01
-5.806027511198179614e-01
1.489284371985330480e-02
3.191463442118608329e-01
1.349329945198172176e-01
2.774961927838571762e-01
2.286342670500309260e-01
9.290635858228145638e-01
4.688287350688458838e-02
9.604415268165644726e-02
-3.271513424155336747e-02
-2.761787752341696156e-02
1.615476803398410599e+00
3.388437628049345562e-02
1.120322267210771772e+00
1.278851230724183941e-01
1.540101829090199104e+00
6.104406060426081915e-01
1.345245761681113372e-01
-4.842555660292170994e-01
9.494594404196168291e-01
-6.973808008767883315e-01
2.029962355247882655e-01
7.678752390308406506e-01
-5.295259178793829680e-01
-5.589809890744540377e-01
4.495083329018196849e-01
-9.558647064970421381e-02
2.885217799405750405e-01
-7.400037021461558506e-02
-8.317620801267727737e-01
2.020169096298794820e+00
-3.567459689866883110e-01
-6.833697181649612817e-01
-6.590471415961302037e-01
-5.023125328437589854e-01
6.787963648485235701e-01
1.110740266113787511e+00
1.095520429855274314e+00
-2.205449761354218108e+00
1.089455214104593228e+00
3.246857256936191982e-01
-1.650553626691009801e-01
-4.185783600347049438e-01
-1.026007351690327196e+00
-8.452085092180732229e-01
4.436183526135321631e-01
-8.567277666671736513e-01
1.064864415551368904e+00
1.824602250398475733e-01
-4.264578605421879831e-01
-5.734468154603094003e-01
-8.910817180692872652e-01
-1.361201270513992256e-01
-1.985889274754066292e-01
-1.702610255832552433e+00
-3.213160116720783499e-01
9.037302617107595415e-02
-4.638131380114199898e-01
-3.493969533621330559e-01
-1.430505406603587992e-01
1.513378722512229713e+00
3.245547172710152029e-01
1.006229959547777497e+00
6.491462306972887175e-01
-7.095294690030131690e-01
-2.825629723923132608e-01
-8.389755616409380612e-02
7.417787186207599470e-01
9.751809785865618307e-01
-1.352466619684042248e+00
-5.849090261003964120e-01
9.354000971942477705e-01
4.558557497530908997e-01
1.034566318342491215e-01
-8.641747174663383380e-02
5.036635111840178647e-01
2.928462827719070516e-01
-2.853657582952566218e-01
1.043952993428694520e-01
1.068816820135914281e+00
1.066609120824273615e+00
1.927739684356046534e-01
-3.813895688978813370e-02
5.656264588870605348e-01
7.391364507494131431e-01
7.541006151679829905e-01
-4.250827865362058477e-01
-1.796345825694568799e+00
-3.102819952175188689e-01
7.316089117244706230e-01
2.987289659146659671e-01
1.027516648983753056e+00
3.044143120855877793e-01
-7.558480744884963354e-01
-4.264732354296016381e-01
-1.864006301820772815e-01
1.852731967671452373e-01
1.720285937463369441e+00
8.049309174425620661e-01
-3.799086810270825287e-01
-1.086604844341994280e-01
8.854769398905514288e-01
2.569977893749856301e-01
1.235983384506287308e+00
-3.369411008516936534e-01
-1.855501191325958921e-01
1.154737653462038827e+00
1.227291176806729167e+00
-5.975351090922842445e-01
1.624592670418148199e-01
-6.709493810330252606e-01
-1.395124845974243244e-01
-6.879160322369286540e-01
1.819194845277013473e+00
-1.160409358503213584e+00
3.664975034079024363e-01
-3.455638235946713599e-01
6.209404082769179878e-01
1.678328175089021657e-01
-5.931850160410901962e-01
8.489044491417875316e-01
-9.248995676607905114e-01
-2.125709138935192311e-01
-1.956650641188512063e-01
-5.841319333421088889e-01
6.287256794532575244e-01
-1.636180658187119663e+00
2.382067345339239361e-02
8.048019035880117356e-01
-7.113723745607261617e-02
-1.743551775802949289e+00
1.353367093719399783e-01
1.389518298890618730e+00
9.235574077652176639e-01
-5.797476687018818797e-01
5.237145255516881814e-01
-3.295400520686250778e-01
9.796598370821462121e-01
6.997665996669077959e-01
-2.739445494560639460e-01
6.053691774117899715e-01
-1.394299574471644931e-01
8.369473551367140329e-01
2.876403201266035659e-01
4.278893200965299126e-01
-1.066124881275788278e-01
-1.214567109651429000e+00
1.133605090755642752e+00
-1.003433185445589348e+00
1.325142378640318697e+00
-8.803363176017193759e-01
-6.528723779633820445e-01
-2.303270595331609050e-01
2.910572005061354828e-01
2.363893003014795047e-01
-4.030117497736984689e-01
5.720699558546623598e-01
3.615352642549584661e-01
-1.061593655438214157e+00
-1.408308222363111373e+00
2.764127993736276712e-01
4.952894999709132606e-01
3.411236101487992445e-02
1.246660955493165801e+00
4.171031704720525313e-01
-6.333533124323311725e-01
8.827611367225924877e-01
-9.569895172266369432e-01
-5.316999927957739569e-01
3.129699087002700830e-01
3.448253245564517622e-01
-1.172515966119192510e-01
-7.996467633464121594e-01
1.256746534439232121e+00
-1.988311674513396909e-01
1.126582716920478677e-01
-5.048902274201650942e-01
-1.005769267948950052e+00
-3.109008686917655306e-01
-7.697978623670619358e-01
-2.022985911043043705e-01
-8.136154741313721406e-01
5.141923619891157482e-02
3.305958373072919593e-02
-5.554911496491162781e-01
1.225932690978631667e-02
-1.004026374661737719e+00
1.123833947597030924e+00
4.054921660281513573e-01
-4.916420303157217897e-02
1.254380999939507024e+00
5.238569234604558700e-01
4.832449508178985331e-01
7.493731836462891316e-01
-2.441638396251415849e-02
6.466960112678876715e-01
1.532765761266882354e+00
-1.953738343092146779e-01
-5.232165841213234914e-02
-4.032655667210778283e-01
-1.820890624126348389e-01
-5.359323991019930844e-01
1.426082805492996097e-01
-1.759507713484734781e-01
-2.025641246087661607e-01
1.102507626954752018e+00
-7.722908914829101912e-01
-4.020267017273149723e-01
-5.340084881402767936e-01
1.431603670216709645e+00
3.115595371889631204e-01
-9.645027562673325061e-01
7.213616354248582052e-01
9.113838162101228768e-01
4.356631239246998022e-01
-2.174108201086244474e-01
-1.154804532061123101e+00
6.550533727619199942e-01
-4.018138428085325509e-01
8.566163267713682306e-01
-2.513692269094865428e-01
7.229080558809898305e-01
-9.282413523877233175e-01
-3.803288297550616592e-01
2.498402359321401367e-01
1.750355169047028259e+00
3.897383400609883419e-01
8.245467621079555220e-02
1.836961566166186444e+00
-2.098175092900794042e-02
7.777579183317574474e-01
-1.803853891859549252e-01
-7.916553629171441120e-01
1.365187939286458985e+00
1.559911481680442136e-01
1.571289055164027948e+00
3.988922457030926738e-01
-1.940520410554450181e-01
1.340380646171493328e+00
-1.712826506520289949e-01
-1.107077616566417344e+00
9.524634290609513831e-01
-1.563501446813129636e+00
-8.996546033238773665e-01
1.667397628735433623e-01
8.234100359646108203e-01
6.178033526874303627e-01
1.099315841675319927e+00
1.168798872964321722e-02
1.214807104161589102e+00
-7.342445665540046074e-01
1.063067516608282026e-02
-1.057811480525850945e+00
4.232350742440907920e-01
1.343202794214514606e+00
-8.209568664622400869e-01
-7.706989342201735482e-01
-2.761915160622022691e-01
7.700836393295362736e-01
-6.267301490990941915e-01
1.018188332056165768e+00
5.732537203720414754e-01
-8.580098208284896444e-01
-1.251800399980042222e+00
1.094136419655460157e+00
4.553509803879702833e-01
-3.834459710681115130e-01
-7.595539294972514233e-01
-3.162564033622303206e-01
-1.510384807819699360e-02
-1.288788779386903283e+00
8.489840403912487510e-01
-8.397901199647587189e-01
-1.086877635033679956e+00
6.196084583615587560e-01
7.577943654856337252e-01
-5.157609348369953661e-01
5.250466938074637158e-01
1.049508161170286780e+00
1.928973995656169116e-01
-1.884191194455150931e-01
-1.315050810548989313e+00
-5.616218853014399714e-01
2.048894625165990746e+00
1.523384329787101699e+00
-7.135277461040591129e-01
-8.094336013428597987e-01
6.854510478404185481e-01
-1.118475374643151110e-01
-1.646415977900465843e-01
-1.833045901268973155e-01
3.580127689247722955e-01
7.521276959269345141e-01
9.749799951112267382e-02
3.641067040011409794e-01
9.945143788544880126e-02
-1.242949390870283222e-01
5.594996888881935415e-02
1.423389770202480253e+00
-1.623588567460471643e-01
6.298301458242991924e-01
-1.114033289544815730e-01
-8.752576504850717587e-01
-4.994061094415875868e-01
-5.385307852386344019e-01
7.505805494984735260e-01
4.118718340145252066e-01
5.084615381497049613e-01
-1.046005657983742232e+00
-8.289642749280995426e-02
3.784644222043666018e-01
-9.525652578971705031e-01
4.329670856359703057e-01
4.002968616706946148e-01
6.116229475392640502e-01
1.010974565925051971e+00
-1.593320468657516198e+00
-3.454258553496246664e-01
9.241807573069200643e-01
2.118162828368341244e-01
-1.876524787609605560e-01
-1.329298014439821651e+00
-6.029265180604436170e-01
8.688181202646245715e-01
2.241572436631471821e-01
-6.799704778892451396e-01
6.021949466631301151e-01
-1.012925578947397875e+00
2.387667526403591256e-01
1.031706178633242876e+00
-1.151482587294845317e+00
-1.766651702553786007e+00
-1.647123174260238798e-01
-3.975579073804776375e-01
-1.284021384702578983e+00
4.156467056867290122e-01
-2.772211977475859679e-01
-1.601244010964233855e+00
1.269439356142512965e-01
2.627055355730025799e-01
4.879248808481848609e-01
