5.770204433779287934e-01
-7.160383907067084941e-01
-1.091631776684003907e-01
-2.516094471630486162e-01
7.074109606851404219e-01
-3.208716861043945379e-01
-1.859903720052309417e-01
3.376575368349004069e-01
1.829012207128798695e-01
-2.227850444004128572e-01
2.207558572296536570e-01
1.684121101857143810e+00
4.803072928639830486e-01
8.395779861420555878e-01
-1.033528889523916305e+00
-6.647690501093961313e-01
-3.728450354437784497e-01
-4.750264679097129239e-01
5.689486344984235888e-01
1.423345595656544393e+00
-2.203979630216296448e-01
-1.227079984030372273e-01
-8.040626936786616774e-01
-6.519281723329697353e-01
-1.168034263071617396e+00
-1.270591037998694661e+00
-3.123258922425460327e-01
-1.802726005459246439e+00
-6.528979713746899116e-02
-5.875159162504698385e-01
-1.234122697005878067e+00
-3.786952443340818597e-01
4.867212876039433977e-02
-4.464984269456405142e-01
8.500998548169275137e-01
-4.232705856991544890e-01
-2.196942315433618731e-01
-8.487346687553705138e-01
-7.470001108571806547e-01
-1.219239391439835146e-01
8.833286545828262781e-01
8.724225219028497458e-01
1.950674142076788964e-01
-3.229269114636348914e-01
2.511457194182862285e-01
-2.702324332271757168e-01
4.504451271242222998e-01
-7.585804483312973412e-01
-4.644814316404180521e-01
1.388574984795967193e-01
-9.337151850868230518e-02
1.531395603709553743e+00
5.756253450096479041e-01
3.282589445735022149e-02
-3.928856987059158312e-01
2.510491778916009720e-01
-2.961136298542360601e-01
-1.216996123262002349e+00
1.714430231474114164e-01
3.151000783908164959e-01
9.940219084620163237e-01
-6.546507273395505422e-01
7.675079614440930564e-01
1.068077740872384940e+00
2.270669363183565326e-01
-2.181720264822113176e-01
6.922437536824372906e-01
-3.258655410068362346e-01
9.190878318969085414e-02
1.467358230147861875e-01
-9.195360111143111581e-01
4.375659260172230502e-01
7.253457343686340320e-01
-1.411389470967115423e-01
-1.151777425748712114e+00
-5.753035630159917257e-01
-1.021405512502717161e-01
1.577090252023288564e+00
-1.279049547931408459e-01
9.137485618301114387e-01
5.014208222111085078e-01
-2.604681327345261255e-01
-3.854001078690191262e-01
-5.845420174274388314e-01
2.273417196771850279e-01
1.431240680912202745e-01
-3.631049072051721893e-01
8.695591917580765273e-02
7.132903453734857901e-01
2.590026131206001336e-01
-3.881781814575079315e-01
-8.491869584009283933e-01
2.997566008970789508e-01
3.858049501776043000e-01
5.298596964460341452e-01
-1.222713325267509532e+00
-4.597623295878332239e-02
8.638017154035189105e-01
-7.343613318926427436e-01
-1.331365583002910746e+00
-2.976223830434068240e-01
1.292824038906206785e-01
3.519000339759563722e-01
7.349692161005967339e-01
-8.520705961678249896e-01
-4.164180088978917671e-01
1.419932507102361186e+00
3.940911145346741584e-01
1.456111588299950910e+00
6.931368892120181036e-01
-1.294421974433372258e+00
1.162476795313589051e+00
-4.079164726858723333e-01
1.059924806673754327e+00
7.455834284442151016e-01
6.136635676201591671e-01
6.093783755467527818e-01
-1.256508551042782584e-01
-7.132034735848126195e-01
-3.500699479668693215e+00
-3.029537520207985501e-01
3.385288884031404377e-01
9.718906160014695317e-03
1.473932144802529542e+00
-1.449061016354523890e+00
8.879566046477434249e-02
7.937861453911535525e-01
-5.406460087926171498e-01
1.808320705862768440e-01
-3.313632749662747123e-01
5.566635725101923837e-01
-1.800019285077706088e-01
-7.307084772728644761e-01
-1.273653867625380798e+00
-2.330311680588616485e-01
7.324042936234123058e-01
1.416080594842634155e-01
-5.187630011250601303e-01
2.857557911072191592e-01
-8.187362623657122862e-01
8.112659535654209719e-02
3.282040076156644837e-01
8.919867856086492741e-02
-1.407240507464406098e+00
3.595896499368894661e-01
-8.565475552968252471e-01
7.073333321123369544e-01
3.422157227235519406e-01
3.922950426785024036e-01
1.118769873426927353e+00
2.248779211570866299e-01
2.460688196613244061e-01
-2.942614046893981539e-01
6.516395057251566092e-01
1.239855427997767823e+00
8.115127910123379751e-01
2.044040085059329326e-01
-4.045995028131914584e-01
-4.460584307657129433e-01
-6.281172634331468885e-01
5.964977450541144449e-02
-1.313885465946888209e-01
-2.319711761358147939e+00
-5.180787061345256683e-01
-7.712443754735731627e-02
1.488257833535451491e+00
1.705289444689551959e-01
-5.256121686446973973e-02
8.561527178746447531e-01
6.079403553211130268e-02
3.718436304575788998e-01
5.988213078905996190e-02
-2.880724630209645087e-01
-5.487748882339783529e-01
-1.044949194422965633e+00
6.886390944019038507e-01
-2.606804100140117653e-01
3.756613128996711959e-01
3.904830341735688881e-01
1.485279853829640784e-01
-3.335121530224458564e-01
-1.358263122959473712e+00
3.126853944090018378e-01
1.264426306715340509e-01
-5.876968272559884854e-01
2.412667504362564497e-02
3.922931452816967868e-01
