-9.585094694911009405e-01
-1.565553996040892903e-02
1.070806649338835737e+00
-9.835674054686441847e-01
4.932330511883872837e-02
7.064745583929754602e-02
-3.300577863990927230e-01
-9.173963251738759261e-02
2.172119219151631975e-01
3.350560537082870882e-02
-4.566137734101793910e-01
8.161989660545400094e-01
-3.896639903196310040e-01
-1.632925474481595751e+00
-4.625673048761323458e-01
1.563552132136511452e-01
6.989514938990667448e-01
5.529714676098881343e-01
-6.798226253727729373e-02
5.894574764562000579e-01
-5.181679693342934323e-01
7.202790828580681037e-02
-5.321981682903597077e-01
8.523238486712211293e-01
-7.703125002409498823e-01
-7.657911297139461837e+00
-9.484287385742642407e-01
2.312453489952671082e-01
8.677313576968462838e-01
-9.059729305208348293e-01
4.678023341370362020e-01
2.981072459460700763e-01
-1.930320079235649799e-01
-4.382859031907409553e-01
-3.022624676947605615e-01
6.427911525937603926e-03
9.061965802891581989e-02
-2.380618536202983027e-01
-1.119132787598369205e+00
6.651736883008182444e-01
-8.536902253464502266e-01
4.032713535262485993e-01
4.915141132704787391e-02
-1.674494908827309780e-01
-1.959435595259919893e-01
2.048395834547968863e-01
-6.956756368932963397e-02
7.851807616979736282e-02
6.455693376816434847e-01
6.976394903664932812e-02
-3.711995946884429354e-01
-4.629366586836364816e-01
-1.815550444599089430e-01
-9.057785576082784118e-01
7.664480521218666187e-01
-2.393017117708712282e-01
1.081324976994365805e+00
1.274097470610619620e+00
-3.366724049805034924e-01
-7.276511850635926093e-01
1.365532380947768187e-01
-8.457449657587320369e-01
-5.304565045829241487e-01
-1.026207573842627507e+00
-9.589017070196721448e-01
-7.385413487711037783e-01
-8.000832334111167565e-01
-4.855693925633864927e-01
8.152445431916457430e-01
6.951937050649400485e-01
5.892850940108415037e-01
-1.489986327887170559e-01
6.043888278768430045e-01
9.461838951789441898e-01
5.627073192086397002e-01
-6.845967596377775521e-01
8.412271427679834934e-02
9.954749218305745107e-01
3.044049004584783447e-01
-3.408040616794106858e-01
-7.730275100522903120e-01
5.331523650244361923e-01
4.049159434680185687e-01
4.965068385338253232e-02
1.830440058346326726e+00
-8.088746661531276416e-01
2.512468763549429718e-01
-1.852969199405351208e+00
1.240853058276672360e+00
-4.052063970066809850e-01
-2.147943029307033957e-01
7.861241452329158497e-01
5.810684439912072730e-01
-8.003504656919029070e-02
7.440354906129525991e-01
-9.715944038799328997e-01
-3.161833160585394431e-01
2.711375048774767649e+00
8.056766766423441029e-01
2.991615847207427237e-01
-2.524517023098421520e-01
-2.661979914737883091e-01
1.005847408898504103e+00
1.001535136777579105e+00
-6.556762328158133313e-02
2.326273489340583978e-01
-8.154438073338955428e-01
-4.166517331154410142e-01
3.099107200331854828e-01
-6.879800611239781372e-01
-6.578387678947738015e-01
-3.075725423166237316e-01
-1.261186852778589385e-01
-6.874594395241734324e-01
-7.058427903853690122e-01
-4.168363989737048914e-01
-1.540660440664024744e+00
-2.636713267538662864e-01
3.282492619152914681e-01
1.463217293727613888e-01
1.016649449798051386e+00
-9.635006440256318472e-01
5.570783783201609385e-01
9.641236777093693533e-01
4.220504558090609759e-01
6.232192132031667553e-01
3.773628719074221927e+00
8.847131883830262611e-01
-6.106443613658320002e-01
-9.781470206383305332e-02
-1.979740526240709730e-01
-5.696700121352460400e-01
2.910776446017209751e-01
-4.020906178300706624e-01
-1.612304018862261712e-01
1.055963556533724423e-01
-9.507364655335910353e-01
1.578442193667216678e-02
-4.540049366778200479e-01
4.739408220078157874e-01
4.612877069811369690e-01
4.391405251275888877e-01
-1.395998434878888972e+00
-6.518739790960665914e-01
-2.526609639733234935e-01
-1.122081676359148183e-01
1.007876780635018760e-01
-7.240764113675192126e-01
-4.275381189332486676e-01
4.253925093904245558e-02
-4.098660282412825429e-01
8.743866321664653940e-01
3.205863947138498649e-01
-6.688329647264898981e-01
8.732786270219949909e-01
7.682602130294511333e-01
9.332833176725381374e-01
-1.573645554452035855e-01
6.136126056159003639e-01
-4.174609598332714722e-01
1.145329425458600781e-01
-5.312758613752082137e-01
6.433730673397346500e-01
7.627839949014779686e-01
-1.863173188573923555e+00
-2.716008349320732762e+00
-5.345194043858626509e-01
-2.082810887989721693e-01
-6.639122745011535320e-01
1.938481629854055810e-01
-7.311867658261321790e-01
1.052571781938605594e-01
1.629769948749272002e-01
2.521152509212177401e-02
7.464848596908153500e-01
2.486113794891395279e-02
5.699923059216016608e-01
4.201144368828870213e-01
5.049579219104781691e-01
-1.114702207505321487e-03
5.311603742423220975e-01
-3.969578780857409006e-01
3.900685085809327962e-02
1.405778341833125111e+00
-4.458375555180888461e-01
5.324690749973149950e-01
2.503612368565410473e-01
