3.275503490108658267e-01
7.348686111012738831e-01
1.089215455834669388e+00
-8.958209925429406750e-01
-4.274364322808130723e-01
-4.166057949538186644e-01
1.548322642452555575e+00
-1.656072437938173603e-01
-2.369436112521608351e+00
4.763493829777664113e-01
-2.872743435866611517e-01
-8.815454975697630813e-01
6.050021169663450493e+00
1.792484833847064252e+00
5.883057504459461295e-01
1.030692579133982434e-01
2.169158055004121177e+00
2.558117666232094134e+00
1.207246269106821757e+00
-3.354493679392864802e+00
-3.345861563814688022e+00
-2.346898228628014227e+00
1.003109753089520106e+00
4.365747850871037894e-02
-1.250276390987283381e+00
-8.271958148133065625e-02
5.735414932892638484e-01
1.140801202034366080e+00
-1.468952558815710407e-01
-3.410638517361204158e+00
1.712648337551261335e+00
3.284534220359244805e-01
-6.850743759150970114e-01
-2.508751638408522888e-01
9.057784738330768026e-02
-1.380988745013380203e+00
1.706816284952420659e+00
-4.235257371079177990e-01
-4.734366001442913419e-02
4.309449697488093034e-01
-2.091341702709434980e+00
6.704480943494151024e-01
-1.175112487106459547e+00
1.223810411343204119e-02
8.900533580294344160e-01
2.800209988157667862e+00
2.428939221099732093e-01
2.312758625694872894e+00
1.891796851112311217e-01
-7.952984141631065373e-01
8.357980401317766095e-01
-1.021814166839408511e+00
1.123241524723372686e+00
4.927861041303479572e-01
-5.795663092389256033e-01
-8.525529590063226637e-01
-4.269658693531460103e-01
2.420270827323258989e-01
5.563449433530103239e-01
1.798369551759869456e+00
-2.089852004498668481e-03
1.047641602967157165e-01
1.038902151695160654e-02
5.376397127692097433e-01
1.478873833984106545e+00
2.721904684653361772e-01
-6.477023636337067014e-01
-2.640689024538614427e-02
-6.812738302452252537e-01
-1.947992070640839568e+00
4.693965923512705807e+00
-8.533660734332321196e-01
1.477759796116892899e+00
-6.350206918931313727e-01
5.849175632323950769e-01
2.801860545280898229e+00
-6.767796868525828291e-01
2.538922857212985162e-01
-4.150844163951236121e-01
-1.713480324732479243e+00
4.815131024082357214e-02
-3.268260852430566188e-01
-1.041238918541724567e+00
-9.955307171150820089e-01
9.456313597044553321e-01
-5.392444378400352178e+00
-1.807957021549563503e+00
-1.778373558246950092e-01
-1.843792889030373860e+00
9.052460962371562392e-01
-4.367389811312002434e-01
-1.774193668183709827e+00
6.240203653516790405e-01
2.803900991899154205e-01
-5.455555722619308545e-01
-1.254359339988249333e+00
-1.753177633999601692e+00
6.296424791564885215e-01
2.241606940808984039e+00
-2.078527827950249485e+00
-6.359301655985469259e-02
1.594468325308464607e-01
7.146321620942182040e-01
-2.345660905100858118e-01
2.852517980541252607e-01
2.738596446835952491e+00
2.837048432542607301e+00
7.196322501046104048e-01
-5.352479500261708711e-02
2.221533389167596795e+00
8.000158617272268291e-03
8.127134017262018784e-01
2.364991788229729996e-01
3.348911727550751283e-01
4.508430880957983167e-01
3.243284822627916508e-01
8.355294564129471802e-01
-2.115022064572566585e+00
-8.730353512833609608e-01
-2.097188786271195760e-01
-2.663364913397724187e+00
-2.099946861422587574e+00
1.636003761767574893e+00
1.115730633516573533e+00
1.717202393852718334e+00
-4.266201183153076615e-01
1.692972203969641987e+00
1.077580086370804047e+00
8.895461773635060521e-01
-1.909894185530692123e+00
-4.084228193441389876e-01
4.372458589354968339e-01
2.268298459705744563e-01
-8.802344135193060914e-01
8.578650739323745444e-01
2.310694245122325796e+00
-8.383213066825310200e-01
-2.133016761710630482e-01
-1.106846978197871367e+00
2.681092062220175598e-01
1.371398984844318658e-02
-2.389441027371459469e+00
-1.800799913278587461e+00
-9.449146498071497868e-01
-7.599274171326051430e-01
-5.404586497599130901e-01
1.452352991234338031e+00
2.300925086125785057e+00
3.991293629994739356e-01
8.330621056532000468e-02
4.779352955070922393e-01
1.633818595492158687e+00
-1.074699366745570206e+00
-1.264319601855768971e-01
6.700471949268211880e-01
-1.576012698463899131e+00
-1.350691666040811478e+00
2.169785195052819360e-01
1.164800068773473196e+00
4.129584342867326896e+00
5.075885064302246841e-01
-7.883726808818167786e-01
-1.610010871543932354e-01
5.874169339733464890e-01
2.491997046168578089e-01
4.715242191927037751e+00
-4.139243856553254108e-02
7.514306918556873383e-01
-4.026269449235753695e-01
8.351647085962549122e-01
-2.812325127812473902e-01
-3.573628320538586034e-01
-5.421298775990111007e-01
6.154723681134719460e-01
4.395052417743204320e-01
-7.423861964850664297e-01
2.277231745130233465e-01
-1.644889864167843607e-01
6.742666549700836454e-01
7.017981264481145676e-01
3.456498752893185644e-01
1.305901269250738572e+00
3.113495219851488693e-01
-2.060846167810813867e+00
-1.056558956723944620e+00
-4.966209606484553452e-01
2.639642975311538020e+00
-1.562352207574374541e-01
3.439330873186489335e+00
-3.972518747089836211e+00
-2.035203503276683090e+00
-7.257685488541280039e-01
-1.407723234090300535e+00
1.794333929830772334e+00
-7.461533481470266072e-01
-8.404242068552816303e-01
5.177653332838997313e-01
1.553223606448591809e+00
1.010284578079738704e+00
-6.640260800884499881e-01
-1.417961640532377832e+00
2.998778538541763683e-01
-2.403733122798816346e+00
-4.377075983811578030e-01
9.137008058787404741e-01
8.730476956965421698e-01
9.404754695225784333e-01
-1.171927821540867276e+00
-7.965144888627526676e-01
3.127810402726846295e+00
1.465804067403994715e+00
-4.126807884380379043e+00
-5.215704982796216527e-01
