-2.097483624730366980e+00
6.149735644346107089e-01
2.954087480706510949e-01
-7.480528645159176815e-01
2.055119031000254282e-01
1.473701633995583848e-01
-2.719205256237128832e-01
-1.763152585442439024e-01
8.768339422161056662e-01
-6.987580744306002289e-01
9.769125195979078136e-01
-8.934953549494223379e-01
1.328846127812988165e+00
2.788978659835670282e-01
-1.752205953013280249e-01
-1.184073120713697302e-01
-7.827938361573478776e-01
3.219307722892360557e-01
-1.414724915568865260e+00
1.824537324746953737e-01
-5.523298983839459719e-01
3.722149677333813633e-01
1.646502933129246615e-01
-4.121412788105984770e-01
1.842855166759914454e+00
-1.586972731368723855e+00
-4.490291269298118254e-02
2.952341580264520871e-01
1.659543467166989084e+00
-5.224119055532016054e-01
6.085144490733852551e-01
-1.761427063928382442e-01
2.252243693367571797e+00
-6.819040599930653590e-02
-2.658544274482963043e+00
1.109754129845951898e+00
-5.450132967385148408e-01
9.827367599349187688e-02
-2.902995354393649308e-01
1.435997613710251253e+00
-8.871887629566992395e-01
5.268198237180264920e-01
4.981644867618179040e-01
-5.472111916449865499e-01
3.267664571635118809e-01
1.949509516092391870e+00
2.176480115254519898e-02
-1.342921538609974930e-01
4.309151375565667963e-01
-9.642888967762734964e-01
-1.302879596109292049e+00
-9.321458414891110600e-01
-4.590090262419635470e-01
-8.973291234736325839e-01
7.623590733304604905e-01
-1.791584237411056657e+00
1.553299905884234777e-01
-1.399950998325887319e+00
-5.776279094644236611e-01
-1.010628927472796423e+00
-2.206632675649594866e+00
7.391377352444418181e-01
-6.837610210469805549e-01
5.514623998586722919e-01
2.762036324907723994e-02
3.120307694071975391e-01
1.440923919874540271e+00
8.804530797619027904e-01
-1.178273853091678092e+00
-1.677267334876197946e-01
-1.537519064120221657e+00
1.330104898058576346e+00
-5.357259073454688769e-01
6.325493249101479254e-01
-2.005019244680307233e-01
1.540427024372726661e-01
-7.323242045016451485e-01
1.410766381803191249e-01
1.231683612073659617e+00
-5.238630727389307351e-01
-5.681761308533955779e-01
2.510463641915595609e-02
-2.322629691741239788e-01
2.725908105135463888e-01
9.167964727674592362e-01
5.300010019550279589e-02
-7.686871063760536416e-01
2.597719562483259970e-01
8.500468572086934405e-01
-6.519684189422279008e-01
-1.275782894475546936e+00
-9.119074122309036579e-01
-1.872218999403932660e+00
1.113227469975859973e+00
-3.021764930321344522e-01
5.426782587535926572e-01
-1.201876812301469588e+00
4.943933366424121401e-01
-9.924652331849062592e-02
-2.987998345281319246e+00
-2.844236221201407733e-01
-1.476495596983949721e+00
7.913939440921969881e-01
5.433282878349501299e-01
-9.941065703391098740e-01
3.545282549881548784e-01
3.274916297803201481e-01
-2.293026709044385381e-01
-4.812455923754633824e-01
-7.280507608148769627e-01
1.633935173249613237e-01
4.709680372220207412e-01
-8.415493619381073653e-01
-2.867051047331564462e+00
-2.599037864859832236e-02
-8.564217120981273412e-01
-1.412966185012710096e-01
1.338067805295680701e+00
-6.367616581681798671e-01
4.348604659819091389e-01
2.260875248924266723e-01
1.092585299412626831e+00
-5.608246870001505346e-01
3.076201979707546830e-01
-1.351211245769486258e+00
9.496419315047471832e-01
-1.961532715531734139e-01
-1.220392287784235696e+00
3.751199936641735899e-01
2.688818953885647178e-01
9.473619568271059999e-01
-1.646962168546366900e+00
7.354174873893806197e-01
3.207219615517554745e-01
6.047222292900175100e-01
-3.625352152045004384e-01
-4.601850888399098838e-01
1.380704399510700453e+00
-6.387879960404511115e-01
2.924953943133601797e+00
5.214996345173698034e-01
6.191778395642806299e-01
2.077375223385454550e+00
8.038482210377817516e-01
-4.809492834437670283e-01
-4.071022322858536269e-01
7.508980546486495600e-01
-5.405047419984727597e-01
-1.209681270766841121e-01
5.353274417221641768e-01
5.332730568541057536e-01
-1.186000155310465848e-01
-2.540623453202582871e-01
-4.937998978401031969e-01
3.147905475166532518e-01
9.042410978860039306e-01
-8.081915859867223606e-01
1.745006494097512739e+00
-5.107113687304116745e-01
-6.842340966619173126e-02
-3.679504848131320144e-02
2.517603369618925391e-01
-4.301858061887493534e-01
-1.046222027658073372e+00
5.114359145267680651e-01
9.225841081318999493e-01
6.464304698621898826e-01
-9.109079639913904014e-01
1.322034925681203399e+00
5.747608263425947606e-02
8.508757937782997216e-02
-9.247705908021894849e-01
-1.591807430831531533e+00
-1.100384152170678503e-01
5.337008312371260832e-01
-2.882955413879895179e-01
2.688172837438638219e-01
-5.225127208444841909e-01
-5.857450797673149356e-01
-8.225035657288235491e-01
-2.250864832573538088e+00
-6.675646911892834101e-01
-5.207504903633475291e-01
-7.308234511232785113e-01
-5.847371340312040866e-01
5.546688126438876765e-01
2.651611199900530957e-01
