-1.144031094832210327e+00
3.426686904984330706e-01
-2.669407012021895453e-01
1.112108438004455468e-02
-1.425882137427864516e+00
1.128273697697912636e+00
6.448273106890609618e-01
3.254571479093936404e+00
1.124310471575323600e+00
-8.719429549627685794e-02
8.849938614562878891e-01
-3.972611212810938097e-01
-1.273554668308480298e-01
-9.519894874863766843e-01
-1.751096089338548989e+00
-1.287248181612997255e+00
-1.437006574679403403e+00
-2.406422945141239111e+00
9.300980841350378614e-02
-1.688572701700734591e-01
-1.035308022929057881e+00
1.255778597477629654e+00
-1.026144183955999933e+00
5.189458159902351486e-01
1.177181799869580603e+00
1.005544391624294542e+00
-4.885309746842148582e-01
7.063177321957770927e-01
1.071622741795309919e+00
6.411260144080956902e-01
-2.146772786616281958e-01
1.739384775386347393e+00
7.410317552736467306e-01
-6.889809743676615916e-01
-1.435096169550731826e+00
-4.534595962035281591e-02
5.733843558654998507e-01
8.619229244921842170e-01
1.121884524080346779e+00
-2.458031231857081833e-01
3.609479489952560627e+00
-1.288383777691567422e-01
9.274203158421110427e-01
7.933907713003326978e-02
-2.107247179829409567e-01
7.667661767187358146e-01
-2.865681049430428007e-01
-8.252888458783840253e-01
3.143479185204816506e+00
4.597770793186002347e-01
6.520829886445733692e-01
-4.763793450684676856e-01
6.290524561290102012e-02
3.650647126305404999e+00
-1.561974434868243167e+00
-1.880070857508000959e+00
2.123142109003258060e+00
3.159254832593023643e+00
-7.076896090434396658e-02
-1.521239193495783182e+00
-1.566817257967045629e+00
-5.072387156358376670e-02
-8.959119714043021210e-01
-7.952089919280687369e-02
-4.547772776278378171e-01
7.795637759501170549e-01
1.037865608638978365e+00
-3.686941502712830498e-01
-3.098272248945823648e-01
-1.481336408909610824e+00
1.159556414246328604e+00
2.809961086815648379e+00
4.098253231137383157e-01
-9.281897594474961544e-01
4.142935862101140843e-01
-3.503673142323175504e+00
-6.857271909387829822e-01
2.284264206673751740e-01
-4.739697739319861380e-01
-9.175334518244284698e-01
7.235315547943654835e-01
-1.367834405765284977e-01
-6.061335443391864253e-01
5.180774809388816182e-01
-1.596370784608324822e+00
2.185332513927951581e+00
5.285722586928411904e-01
-7.337234810290487186e-01
7.276954945893017168e-01
-1.886106404743866261e+00
-1.293018746537237251e-01
3.168017241904742543e-01
-9.212893113734873518e-01
1.194396744278299227e+00
-4.415427077597450234e-01
-5.448863189453732048e-01
1.833576275708308057e+00
-4.349002249970093104e-01
1.750620028723193916e-02
2.807894925181402268e-01
1.837866067521168878e-01
-3.762420446310335009e-01
-8.953240130778716832e-01
-2.089426420995083244e+00
-5.458047793559106520e-01
-7.093827126595003696e-01
-1.214096782775794914e+00
6.902595137886158305e-02
-2.409260542714108388e-01
7.247476611898749921e-01
-2.428609596189543751e-01
-8.232138348022051133e-01
6.792868623672181361e-01
-1.923437512066239030e+00
-8.778320077383205966e-01
-2.322159342161131512e+00
-1.525039283897375864e+00
-1.263138591629394014e+00
4.156819018384103614e+00
1.463504436187791580e+00
5.479124742760813765e-02
-1.327111770788353518e+00
-1.467492023210467789e+00
-1.344169088984043192e+00
1.298986791618372605e+00
8.997237223864549271e-01
-8.674576205285399189e-01
9.099999236003561420e-02
2.137605186886395003e+00
-4.401658604401206265e-01
-1.266315256387020138e+00
8.203134824449813678e+00
8.495535339441639966e-01
-1.056769713589825743e-01
-2.533849902304591284e-01
-1.459298649133546899e+00
-9.873103210975023303e-02
-1.949170243628350008e+00
-2.341761197571272657e-01
3.383072521979169078e-01
3.351517079679221300e+00
1.161948894900619311e-01
-8.902119945364356246e-03
-6.007209798835162484e-01
-5.353107589970155233e-01
3.824881058688482938e-01
-8.474038770166656409e-01
-1.924093945666403016e+00
-4.600505552424107303e-01
2.822648729790678823e-01
5.777797056297409029e-01
-1.331682777416610675e-01
-2.941606593859975582e-01
1.633260284926661310e+00
-2.436997945624598261e-01
8.891888255603674907e-01
3.993404304397688565e-01
3.562546432682032194e-01
-1.375661084349256269e+00
7.058070946203702789e-01
-1.124082345348698553e+00
-7.079546115289687691e-01
-7.180698778872314225e-01
8.911001115431643749e-01
-1.261308853653332118e+00
-4.797784374098678639e-01
5.336836853522064494e-02
9.861641174401671872e-01
-2.813822679761392997e-01
-3.273000902137428170e-02
-1.861187956639053454e+00
9.969013768387266494e-02
-5.920687982946650774e-01
-2.801424647841408433e-01
-1.053445293718416664e+00
1.873310252052653446e-01
1.133976810355405540e+00
-5.937912233781895699e-01
-1.091633385723318250e+00
2.361521078750740799e+00
-4.078992921725160814e-01
-1.103780560224367213e-01
-2.989242333104799032e-01
4.358096522848037280e-01
6.388777101276257864e-02
1.288514775130359169e+00
2.451877737708486604e-01
