5.383695626010384094e-01
1.871404470365311878e+00
5.655561556853869742e-01
-8.871482676268751533e-01
1.732183206036056911e+00
4.569846038432140989e-01
-9.041291146108395571e-01
-1.901341916846732150e-01
-1.609939614896857663e+00
2.366011387619934847e-01
2.218970617722333671e-02
-1.755337046837820214e+00
-2.359807712389526912e+00
4.928020909621448897e-01
-7.987628104411107488e-01
5.996642766014331771e-01
9.838706697010577429e-01
4.320496733081853891e-01
-1.632002277583049388e+00
-8.864735275917598467e-02
1.767717402740071497e+00
1.364819915147933882e+00
3.358325950430502416e-01
1.045055286191110877e+00
-4.083940208483561873e-01
9.578450762659692641e-01
-1.650804944294229637e-01
-5.625353795364357312e-01
-2.066882526316487778e-01
-1.210689650306578491e+00
1.651100959355004338e+00
-1.862733022721724252e-01
2.169710447529512365e+00
-3.354398739254333406e-01
1.194601289357254681e-01
4.203681626416717054e-01
6.546414599098263620e-01
-3.132933188193049445e-01
-1.402966560335483726e+00
1.130497047422018841e+00
9.954925311018055778e-01
-3.449556948362275666e-01
7.209629787757516617e-01
-1.109777931024237052e+00
9.303284980427897199e-01
2.309843328578267130e-01
-3.650408333021309959e-01
-7.312474514002980097e-01
8.783717904823626910e-01
-1.691674907066633038e+00
5.644098860955855113e-01
1.562150336572129539e-02
-1.215592951832292323e+00
-4.387547700208725976e-01
1.154784097299226486e+00
4.111988741903642164e-01
1.401516081252591306e+00
-2.148253868961386148e-02
3.253466406136403810e-01
-4.793758922212000284e-01
-3.805210984180799061e-01
-7.227025879773423256e-01
2.106652242322479385e+00
1.234728133837273978e+00
1.958840029144868655e+00
-1.486494047593468704e+00
7.054527542574781651e-02
7.637104832114932629e-01
8.491249251436894241e-01
-2.780505059679070357e-01
-6.833963632894062279e-01
2.070238493168796268e+00
-1.415713026086541371e-01
1.134974162417478727e+00
-2.953858245595584187e-01
-6.975991998628866542e-01
-6.343857614657465449e-01
1.529943580963305738e+00
-3.806955550666200061e-01
-5.844923729794415657e-01
7.406792667164540100e-01
2.115059956402725594e-01
1.870948733663135854e-01
1.734609325584866690e+00
-9.735868155308131655e-01
-4.681108685825513538e-01
-1.417539156017896818e-02
-1.467419420219406301e-01
-1.830775471269721899e-01
1.479850601380910513e+00
1.043255811125524124e+00
4.193327685456440523e-01
-2.155328754683308201e+00
-8.771395422633052052e-02
-9.350072759617159557e-01
3.063767734565791545e-01
1.683401260263650556e-01
6.922368197611610263e-01
1.759990684710280306e-01
-2.918784667579408243e-01
2.099592291997660898e-02
-1.251812550818628855e+00
-5.732183660695329142e-01
1.784143921741763172e+00
7.406333013520314257e-01
-7.937104185247575994e-02
-2.003718153777772848e+00
2.925786981793472852e-01
1.373773336492914998e+00
1.056452887048220823e+00
8.920024404614258773e-02
-2.305894455432629109e-01
-3.522722318308731948e-01
1.320082123865977675e+00
-1.646715311843308216e+00
4.046941543717336720e-01
-7.125933496297903735e-01
-1.073964488745234647e+00
-2.402143144006114284e+00
1.499422806166403221e+00
-2.476349470085821292e-01
1.745684856662959250e+00
9.634381897993469224e-01
-7.877807237031317911e-01
-2.414084941054853939e+00
1.380513759715974009e+00
1.383264150356687372e+00
-4.841359211675009266e-01
-1.336131925439943968e+00
9.509569907196758765e-01
-8.779711734252435562e-01
-1.868760960805307292e+00
6.475853284780968000e-01
-2.431189224790516190e-01
6.313396561379928107e-01
2.108155505135889562e+00
-1.292818374221315736e+00
3.096707736146305234e-01
-2.167527563509823452e-01
-7.637276480279975299e-01
3.874793016188640693e-01
-5.858579103175935998e-01
9.878250456036294924e-01
1.047890166165460046e+00
-9.789549882799344349e-01
8.491395584718660627e-01
1.189076965844970690e-02
-3.975862757605515552e-01
-2.475456701630248946e-01
1.294797591720167285e+00
-9.315949107470905544e-01
3.256533691432850208e-01
-1.029540343358694932e+00
-9.044182834672020999e-01
1.852146808914481579e-02
-1.752857199086703122e-01
-3.900893948486254259e-01
-9.535179995440457024e-04
-6.446308791984685094e-01
-1.633836281630880682e+00
-5.310045821778153208e-01
1.087303961746528325e+00
3.989315893199284480e-01
6.549297302644228047e-01
-8.475521371770053936e-01
8.480217114870520767e-01
-2.659664644144529966e+00
-1.612398690954541802e-01
-7.245534102751378658e-01
5.900839443095866610e-01
-2.274931326181438562e-01
-5.251324058936802652e-01
3.079927202967716604e-01
2.114418796348674912e-01
9.207468674389136520e-01
8.968726207709283305e-01
7.165659732088429656e-01
1.168929307445012888e+00
-3.044785975523267574e-01
-3.531265686285260386e-01
3.878327199534478686e-01
1.006269861875104532e-01
6.145689930057258721e-01
-2.320145098380363091e+00
6.880222289194191099e-01
-7.675348657375490324e-01
1.015450354787205134e+00
-1.454129863381946330e-01
1.090840954699458853e+00
-8.837501988839265854e-01
-8.907367790254205886e-01
-8.785383814145527603e-01
1.089535802209150805e+00
-7.829611011166754952e-01
-6.623798275655831125e-01
-7.687374944239560026e-01
1.347255734516974668e+00
1.808255454673176332e-01
1.015892476382405762e+00
1.191561845436122979e+00
1.786395264758914081e+00
6.399916349329248799e-02
3.830534618287567694e-01
1.154725347084262221e+00
-9.739636017547333990e-01
6.969370375158905340e-01
9.535737984043060056e-01
3.183455967143989929e-01
-5.448300642928312065e-01
-1.116791789086210906e+00
-7.705231516665860259e-01
9.739416935688002264e-01
9.243170825072469787e-01
3.794084572159994728e-01
-4.050348792025888489e-01
-9.008158915613800888e-01
2.361299332889174263e+00
-4.913202462700238526e-01
1.258646759472955567e+00
4.886555229639465980e-01
-1.720419348726026199e+00
9.289072233945469548e-02
-1.924237792556474202e+00
-4.510461644183644259e-01
3.276520666869549014e-01
-1.721515925476469810e+00
-2.475508358358837202e-01
9.396700002182823974e-01
5.464102750120214402e-01
3.476323219758626903e-01
3.189061662861408797e-02
-1.441033206102899200e+00
2.335542746048631935e-01
7.489330569697614237e-01
-1.075588058853888113e-01
3.769054494615516893e-01
-3.327219779887214957e-01
-1.417052127863180910e-01
3.873496440679594088e-01
1.286870955032451525e+00
1.919261203195437304e-01
-5.094143969113436032e-01
-4.941057696233602803e-01
-1.007630105824262601e-01
9.634412341423628234e-01
1.809341056017585436e-01
-2.927003641994791461e-01
5.482328887357708069e-01
2.694543109326196229e-01
1.320681726620960728e+00
7.724970838516853622e-01
-6.128136655436005054e-01
5.229890628984565915e-01
-1.081137898147893184e+00
-1.762353604897521464e+00
8.293301732058802611e-02
-4.086036262358664350e-01
-2.416474644129619431e+00
-6.069477227904946925e-01
-1.395624126912488328e-01
-3.818793141272325276e-01
7.841169982800160199e-01
8.224468455198188921e-02
1.149258174100011409e+00
-4.634473019312256303e-01
-1.279207805198648851e+00
2.397203236814202110e-01
-9.114445200061169761e-01
1.285878565329128476e+00
1.409915050476560294e+00
-1.086435678188307330e+00
5.395918059361198837e-02
-4.383839001120361512e-01
-1.111879098967873958e+00
-1.007819558262547766e+00
7.198391681423701449e-01
-2.087611141276113358e+00
2.756601332320890219e+00
1.879346275694815660e-01
2.073937685519385843e-01
-1.704757961930453147e+00
1.491351800140301886e+00
-9.227486918493461587e-01
-7.555976527323813308e-01
-7.061918615677078570e-01
9.127423757713547248e-02
-1.108628682031787660e+00
6.546035102403177097e-01
7.559412067908199973e-02
1.483478159174553612e+00
2.179569603130928068e-01
