2.082257088718870164e-01
6.538635720526378980e-01
-1.336971186978535842e-01
-3.531032537838028895e-02
4.081259431315275577e-01
-3.943654121924238809e-01
2.280810129222817784e-01
-8.467815728199089564e-01
-8.009564703136512476e-01
1.331755430174478005e-01
9.544875519321919244e-01
-2.497609281593177744e-01
-1.560895989573844456e-01
8.034891611187910954e-01
4.102304460659549901e-01
3.002958488960455474e-01
5.690552754030976379e-01
1.181933429429101456e-01
2.256024456004691037e-01
-8.741990352600650382e-01
-7.803816443510213086e-01
-9.958185856911845324e-01
-4.960567777899540509e-01
4.744755051112779787e-02
-8.949841205204370764e-01
4.797403245700253560e-01
2.317618224613992861e-01
5.590466098175185528e-02
7.341862035520119178e-02
-2.428092518027717694e-01
-8.611741903508240981e-01
-4.592457708020514784e-01
2.384250851475609723e-02
1.696219745900748033e-01
-5.119546808048841546e-01
3.481186448881488094e-01
-2.240120577257818102e-01
-3.493740599429012716e-01
-1.310290860533651625e+00
-3.873701437374639234e-01
3.153181050386989481e-01
-5.643610949095372309e-01
-1.278388333632609175e+00
-9.320360972970830327e-01
-2.106553220693979378e-01
7.276440592492520176e-01
-6.911604688605490487e-01
5.283925112030710691e-01
9.872677073883844301e-01
7.816745103547710904e-01
8.504026451487924909e-01
5.099141194544568600e-01
-2.755292759582513851e-01
1.232250139056069838e+00
4.930240014905653001e-01
4.064425408009905705e-01
7.023224338570572822e-01
-4.626933677331338535e-01
-7.408812814625373444e-02
-2.258335251860374426e-01
4.203027590427874105e-01
1.443548340704294830e+00
-1.127422987146990740e+00
-3.554361085708361845e-01
-1.132179168881414011e+00
8.158492693155807718e-01
4.825477304294303327e-01
-4.951754734647020317e-01
2.658163690352703390e-01
-6.091938529261171631e-01
1.324251409391246970e+00
-8.397285168324157834e-01
-9.495448850034413635e-01
1.058975260010520891e+00
-7.245311697523774130e-01
-1.153925646472087951e+00
3.722189405187923961e-01
9.896740859458899586e-02
-2.722661192339517200e-01
-1.196153337174296727e+00
1.073495766135039720e+00
-1.599665934271822798e-01
1.220661538538083124e-01
-2.644312633285053060e-01
-9.038330088336283819e-01
4.291722649284564484e-01
9.803252031409741551e-01
2.845952618672560330e-01
-2.935355644618836690e-01
1.092965270491709218e+00
-3.962135907118816136e-01
-3.431347094776993623e-01
4.731532442816481776e-01
7.590953758905600868e-01
2.668330602382887884e-01
-5.007926264724543719e-01
-2.360585044976027946e-01
-2.862548557097890911e-01
2.741266214007687108e-01
-6.897780336413678048e-01
-2.505706473486093988e-01
6.266768785691250176e-01
-9.457196531086666802e-01
-6.352965542328945503e-01
-1.737618438414273436e-01
-4.919531799291852470e-01
5.534728796405560258e-01
-1.158581475820317008e+00
-4.996336891946763226e-01
-4.167029178703809955e-01
-2.822935364221501597e-01
-1.257676812115691378e+00
6.018050426603015549e-03
-2.195027192502332358e-01
3.565426386053358598e-01
-6.249427182520223001e-01
3.419920492559975767e-01
7.365812542753137349e-01
4.620828541561177727e-01
-1.331001835836643998e+00
-9.642808217492802036e-01
-1.550091894107005208e-01
-5.832164868179455786e-01
1.154638504057402981e+00
-2.262897858226545766e-01
-8.147830266868119065e-01
-6.665364677323148968e-01
9.649983452792515459e-01
-5.496873166452671822e-02
5.708905464782985106e-01
-6.495454186853335532e-01
1.945007313491450007e-01
3.024859504409014299e-01
-6.553075623091848545e-01
4.866134477988608431e-01
-4.634295532653753824e-02
-1.167064728068128776e+00
2.108526507664335581e-01
1.255362162034200146e+00
3.784236117108042974e-01
6.422654111050906112e-01
-3.739514753081462084e-01
5.057388297772494878e-01
-1.453627828201913719e+00
4.927455003263708777e-01
-6.883069038463106581e-01
-5.362875980732727532e-01
1.054933587847606935e+00
-5.081634940018631141e-01
-8.832642559767635015e-01
3.728161168855912422e-01
7.304356735460009187e-01
-6.130377481161158881e-03
1.286802899660829613e+00
-5.709383581072664526e-01
-9.675566813487496143e-02
8.999142138889653086e-01
8.642539354479907843e-01
-2.125157385597342685e-02
-6.271542866831409935e-01
-6.158382999207951958e-01
1.002747484139637102e+00
-3.367104765515354092e-01
1.927215105107361048e-01
-1.699475036222810875e-01
3.619335402322763628e-01
1.410307717481115386e+00
-3.420848805327618702e-01
3.017645130569287515e-01
4.123068439745443681e-01
-1.885230451315111355e-01
2.947488493695752387e-01
1.313883065733141065e+00
9.167683234668261294e-01
-1.975442485680612981e-01
-1.129143751038606813e-01
-1.504599770481944432e-01
-8.815366368933807983e-01
4.847309412803333384e-01
2.477272175143500066e-01
7.526722263649580080e-01
-2.434142877528661653e-01
9.424668225341529260e-01
5.503206394071216145e-01
1.283874206278930119e+00
2.894957093320434383e-01
1.108165366583202527e+00
8.355662868543640986e-02
-1.474148873507724333e-01
-1.277908798922393618e+00
1.201807761121217455e+00
-9.852935052608626787e-01
7.703022222158969479e-01
1.180646691605039406e-01
6.017911548600419769e-01
8.646155515000422120e-01
-7.892829677453990778e-01
-1.183152971763828942e-03
6.415434769972572226e-01
9.335494395461482187e-01
-7.581399159765271900e-01
7.647793767420887900e-02
-1.607716468738633608e-01
-8.508125243094036283e-02
-8.855118850910574935e-01
-1.191464677186820253e+00
-2.959084180369497830e-01
-1.160645591441030522e+00
6.083451100961151381e-02
-1.200773414549003854e-01
1.249966250195079009e+00
-8.751533918678739976e-01
9.271065218715131007e-01
6.058270035201067660e-01
-1.304083246949962749e-01
1.880285151848181402e-01
-5.273894737347254447e-01
-4.706163392561346637e-01
3.680620112352018802e-01
-4.707607884473702931e-01
5.844079964074321010e-02
-3.329208558402808049e-01
-6.623558752293886576e-01
-1.209389684412540245e+00
-5.723869872856381935e-01
-1.175499250351367930e+00
-4.158139766772117607e-01
1.052506106303546352e+00
1.101243729181205167e+00
2.254706765321206063e-01
5.645898138101642649e-01
4.322668376900267728e-01
-1.082283073851727506e+00
-4.152407838791037920e-01
1.684179822757675415e-02
4.009474169362854390e-01
5.102766523437871626e-01
-1.266870723362221174e+00
-2.168603823754269577e-01
5.788581313137977080e-01
3.680952718917744892e-01
1.762090810940382668e-01
6.322215932491559442e-01
-3.172536001577003217e-01
1.690042996880178339e-01
-2.191740789446135484e-01
1.984799196338566385e-01
2.138159741363079569e-01
-8.580665813107869466e-01
1.327726811242911087e-01
1.709000153441430914e-01
-4.087849284665429073e-01
4.247768080173942029e-01
5.492118234031284629e-03
-4.438163519067594431e-01
1.271904180027110476e+00
-2.149096793863707333e-01
-1.174057215936575194e+00
6.822216351717266258e-01
-4.910382643796016855e-01
1.100301076445601156e-01
4.695284841159774736e-03
-5.893393050494842855e-01
-6.315363185253962675e-01
6.622307292151007330e-01
-1.233368321301445414e-01
4.084194314217682864e-01
-5.175360258028978144e-01
-2.720855376677286386e-02
-1.435132820381487484e+00
-2.614425032780928748e-01
-5.518970503182240028e-01
-1.231775584365780940e+00
2.750441171303577015e-01
-1.484475640095601623e+00
-3.597143460679577687e-01
4.690077724454013719e-01
-1.939448976439746009e-01
1.309924293113771787e+00
-6.405603490503933850e-01
4.459364363477488213e-01
-1.194654918505969471e-01
8.425981226285621517e-01
3.505042344859654047e-01
1.316909235547759904e-02
1.001371053996036320e-02
-6.682858247479575575e-02
5.475291224063283391e-01
-1.397542410032848181e-02
6.866270816821415934e-01
-1.777680348079610506e-01
-8.706903783962173238e-01
-3.563099493531406980e-01
9.737851962211635515e-02
-5.099148897533937186e-01
-8.620986207918827082e-01
7.366250217303746961e-01
-2.180290774938672960e-01
-8.099031092745766491e-01
9.076912956764535689e-01
1.078844683010695693e-01
7.040424565383262001e-01
2.478238012753607444e-01
-2.337246380389320088e-01
9.561164759250451173e-02
6.474204448107410137e-01
-4.879922069937675522e-02
7.013119078214037350e-01
-4.107616113218630627e-01
4.187516148508625413e-01
-6.088855541405945315e-01
-1.925337719876994980e-01
-6.553084985281680819e-01
9.839295352678625872e-02
-1.822927502485425233e-01
7.108587250698739091e-01
-1.258010807705617629e-01
5.571076232807417039e-01
1.054371666955160602e+00
-6.012794053695453833e-01
2.358438905159434551e-01
9.713161842015616276e-01
-3.456995460299545075e-01
1.056167921729305847e+00
2.992425671300548151e-01
-7.687955432668019951e-01
-6.506849272875747658e-01
7.160968855586247184e-01
2.623843385516663185e-01
-2.651078710772902247e-01
-8.233408618825539538e-01
4.621448275202309497e-01
5.285573255612178167e-01
-2.959285280987608013e-01
-6.902223511572273817e-02
4.864517357372841189e-01
-1.067304645208865255e+00
2.815579472745296519e-01
-9.237853882093542690e-02
6.141043147053416584e-01
-5.774884093642421723e-01
-3.436908826495084224e-01
6.206191383194867850e-01
-2.044224371071586277e-01
-1.010392896631605364e+00
6.128114182668574772e-01
-3.102652312859893180e-01
-1.583417946050270086e-01
3.385632368673773263e-01
7.999859882216964202e-02
3.364569016803484192e-02
-1.038198697241785817e+00
1.963231454849022894e-01
-4.100101574326146525e-01
-8.732048655212809596e-01
-1.020560227526011277e+00
-3.659554454427151882e-01
1.426900298831176750e+00
-4.956925612737420050e-01
-7.337174657250091769e-01
6.696940346756029561e-01
3.015794246746486551e-01
7.565042595375769396e-01
-7.559877947120958730e-01
7.512834268659349668e-01
2.384027932030127750e-01
5.680606393830411882e-01
8.280613870420201472e-01
9.774225118452569694e-01
