-6.473478679049331497e-01
-2.972025501046838269e-01
3.587275938996584146e-02
-7.786739614480282512e-01
6.957201654928475421e-01
1.517579135179210503e+00
-2.069342774570904098e+00
1.133912156212382449e-01
-1.257929540523901046e+00
-3.299968248167754470e-01
-1.740836781065270067e+00
-3.011883405929396407e-01
-1.196785286904957113e+00
5.453753749707815901e-01
1.508750465404719909e+00
-6.839376252385378496e-01
1.122525758626976788e+00
-7.680638057770079463e-01
-1.070606175001806090e-02
-3.767010853743777976e-01
-9.119146887863307516e-01
2.605913430006749909e+00
-2.403674312105683053e-01
-1.079402366128327184e+00
2.971881449747773907e+00
1.428649836685413010e+00
1.658577652052237728e+00
3.733946248103237053e-01
-1.522436501719683477e+00
9.286205509271006076e-04
-1.106495334127676422e+00
1.661621946296394370e+00
-6.448535265176128517e-01
-1.235813343308757917e+00
-1.791504986147116396e+00
-1.468721808716165755e+00
2.591879862397780121e-01
2.183757099021814418e-01
5.443473626214889727e-01
1.540314403168941748e+00
1.405015787307133834e+00
-7.974488667825380128e-02
1.660926585205958761e-02
-1.376991246099060762e+00
1.054955658788316319e-01
-1.337153902950240392e+00
1.755156275555540990e+00
-1.690787054252246957e+00
1.211644992977445323e+00
5.665371314946121561e-02
-2.798307703918844758e-01
-2.396185460484037133e-01
-1.244485943737537514e+00
-6.256393388439099867e-01
-7.621068614059738344e-01
8.253782485296945470e-01
3.940690773043107331e-01
3.014643845220496554e-01
2.744797188918249309e-02
4.757649987174613487e-02
2.258560139443562681e-02
1.023558257847465125e+00
4.396649457249682813e-01
1.243080241588602475e-01
-4.566001539778679064e-01
8.919828259149977789e-01
6.806365561996788882e-01
-1.449220758433235057e-01
-1.470013138037013389e+00
3.174891784066508071e-02
7.148729260680136699e-01
4.767337731642619092e-01
1.055634540377695885e+00
2.068856708684379431e+00
-1.827919830744396679e+00
1.602479977513178389e+00
-1.337574540908568754e-01
-9.938946720490476894e-03
1.331518542105031067e+00
-1.033357014275298608e-01
8.227645908914237305e-01
-6.473096912563760519e-01
5.038959329903718309e-01
6.423261886032965995e-01
3.928961714400498462e-01
-1.710754143835529817e+00
-4.603414190052478316e-01
5.903798473495737165e-01
3.244684878882525547e-01
1.426819172917602963e+00
-7.684418405173278899e-01
1.939081451682497237e-01
-3.296742768668483148e+00
-5.710187762168830172e-01
-4.620478009246656304e-03
-9.364514517316701037e-01
7.676841834206815651e-01
-1.311807043792738936e+00
-3.799778659417734072e-01
-1.818828053917283416e+00
1.265662568590090187e-01
1.302463847795997554e+00
-3.947157689170146533e-01
-1.172021967012807364e+00
-3.326750193953276757e-01
3.915737308557673546e-02
-5.445438183747967065e-01
5.006123810905538374e-01
8.685181691896077805e-01
-1.219530113463084930e+00
-9.576706408601309839e-01
2.854638744879661738e-01
-2.021158335954353014e+00
-2.575787332614437597e-02
1.576127654819402979e+00
1.534358013073215066e+00
2.970366079539217830e-01
5.253957962967448214e-01
-9.334644862877714555e-01
3.662655300366355893e-01
-1.828316541663181471e+00
-4.709824184830166960e-01
-1.351810692085647636e+00
-1.581755837171048729e+00
-2.059301403376447404e+00
1.440220539521557708e+00
-1.668738068328605495e+00
7.517056491512638106e-01
-1.290689012887368481e+00
1.449579130185839615e+00
1.211520966939934052e+00
-7.943927478567974765e-01
-2.674671658568502863e+00
3.163702603987146866e-01
-1.383428928506477140e+00
-3.938965528094163782e-01
-4.079718565945589237e-01
3.194387433245599039e-01
6.695080688115836454e-01
7.881136670434566449e-01
1.092520576437216118e+00
2.934907362548918597e-01
1.311550350367801876e+00
9.212925600342442012e-01
-8.408041281761725605e-01
-2.471323179721300889e+00
2.474499100640525640e-01
-2.266701868185103108e-02
-4.889438048426061889e-01
-2.457445967469044090e-01
1.045960058189885356e+00
1.749943624217716653e+00
-5.561500598107297355e-01
1.497173542262925316e+00
-7.346139150916475291e-02
4.331914124310113356e-01
-3.258068477381675376e-01
1.705055508477527404e+00
-3.368370486421439214e-01
-3.236108586392708042e-01
5.563809937658156235e-01
2.285198113241515117e+00
-4.871235664387227327e-01
-3.142523671766825899e+00
5.603004844533084894e-01
2.279983962881943493e-01
-5.906776467423897614e-01
-1.340186745708842997e+00
1.996802647792052243e-02
9.953598770446892008e-01
-2.186242561119515482e-02
-4.974452803365539966e-01
1.874104952823776760e+00
9.985329134996386857e-01
1.534728933666042128e+00
-1.074662576356215204e+00
-1.746873624954942583e+00
-1.137791221395497571e-01
1.541920375303797774e+00
7.778360142934848120e-01
-7.136591779858633688e-02
9.939068817181948567e-01
-1.015417136601383330e+00
7.033757688308250877e-01
1.094052013321555883e+00
-2.413670313821047464e-01
6.317531078393016086e-01
7.511208745390576258e-01
7.057067339049386545e-01
-3.700664838578414106e-01
8.284479110835181181e-01
5.521135887780331819e-01
4.136556935472036622e-01
3.960255999485591261e-01
-1.261757608002321618e+00
2.364386891927675372e+00
-5.535200616640966187e-01
-4.616247574018031985e-01
-6.723553592459914352e-01
-5.960319588582897732e-02
9.415698725825915050e-01
-8.336040724643695166e-01
1.977407960871699455e+00
-1.130583759445035197e+00
-5.576933248734254889e-01
1.845440534508135277e+00
7.789147538635752266e-01
1.454995245608605714e+00
4.529200037857316619e-01
-6.558984174913072840e-01
-5.266385390244170406e-01
-2.358137625401765192e+00
-1.034874847742455417e+00
-2.165880542760192928e-01
4.375586763293909387e-02
-1.283409648873054421e+00
7.531391080828589990e-01
-2.333522689082329737e+00
-2.023954775403408402e+00
-5.437527187450383881e-01
-6.489943785951290955e-01
3.690029594610549357e-01
1.845884059601662575e+00
1.989160267470224452e+00
-7.064559627264956898e-01
-5.983440595324960309e-01
-7.049422317930033044e-01
4.184845138610601145e-01
-8.475825670934487022e-01
8.744017167704991600e-01
3.574830553339115591e-01
8.879391177125912638e-01
5.292132421979143242e-01
-6.716241420766753123e-01
-1.593350108310964686e+00
1.013012853091415755e+00
-1.292770722957548912e+00
1.221769335027632852e+00
-6.101016638843851370e-01
1.969617297444513415e+00
1.726253020279868572e-02
9.429871863876224669e-01
-1.305000688133892139e-01
1.666083847019564357e-02
1.351500745227692590e+00
1.284968653525798699e+00
1.587421714135049511e+00
-1.811254249598010402e+00
-9.152501336241879448e-01
6.262342641243940911e-01
6.638031732488220982e-01
2.035749404813697261e+00
1.376108806777312177e+00
2.853345753629665804e-01
-1.588809659358786375e+00
5.492341063757129049e-01
-2.026107296570450467e-01
-2.603615945683766530e-01
1.100376661728660110e+00
-2.063060878976598289e+00
1.556202451916226748e+00
-2.487428409060436219e-01
9.882411554358985217e-01
8.036420151229728415e-01
1.379318864549556878e+00
-4.340698354608568676e-03
-4.550179625576343256e-01
1.832189779988245393e+00
9.154347553350676847e-01
-3.440995166385258375e-01
-1.598754344258539906e+00
-4.131441590542246356e-01
1.032820091164254439e+00
-2.432766429617765624e-01
5.814033442527225537e-01
1.058691146531050675e+00
9.595864349167949614e-01
2.852272881450640396e-01
-8.490837614603884420e-01
3.631526053673121979e-01
-1.829661707448507091e+00
-2.321866078715598969e-01
-5.396736834398534466e-01
6.577334147766387140e-01
1.538590637281913809e+00
-1.428147390393535110e+00
1.019493813153636186e+00
-2.539544455710351922e-01
4.444338648937469771e-01
2.390134496644574114e+00
-1.207033602895646540e+00
9.736569108575999776e-01
-8.055943087229934241e-01
-1.060829819552959880e-01
1.111574979301300115e+00
1.591533464893838401e-01
2.172422388873783916e+00
1.215387820396075513e+00
1.252494787298168655e+00
9.204472468485663805e-01
-6.551496693182659037e-01
-2.394698522430814824e-01
-1.136978764355276006e+00
1.553864476213708823e+00
-1.611716145641111764e+00
7.982657936921445652e-01
-7.557582959221881280e-01
-3.228498356864580310e-01
-9.085161764117600791e-01
3.530066195704099630e-01
-9.616913946114079292e-02
1.153112262314635483e+00
-2.005519081002300474e+00
-3.967375595548527922e-01
-6.568001820854506567e-01
6.083448061498865356e-02
4.037328924944674768e-01
2.482005942644495367e+00
-3.637397293538550125e-01
2.229780697022813174e-01
-3.706713216439900260e-01
-9.137296499572495900e-01
6.866136147778631460e-02
-2.311796346375851741e+00
2.926033869586429415e+00
1.691012678918530909e-01
-1.035474368976224135e-01
4.670764843736119332e-01
7.628945742145957221e-01
-1.285976401661416579e+00
-3.921561982214201159e-01
1.187025234092371262e+00
1.222092208441101086e-01
8.999160229500662300e-01
2.707330444375773970e-01
9.998985876732421341e-01
-1.249835508530185990e+00
-2.216649034468852753e-01
1.558529455093382587e+00
-1.013881077390697549e-01
-9.763843851268517726e-01
1.076188341087301659e+00
1.849391634632908454e+00
1.267267507349023381e+00
-2.229436924832176814e+00
5.748641921989162684e-01
1.030357472850796263e+00
-9.180477346785398396e-01
-6.820066708771653774e-01
-5.484136462988700167e-01
-7.405776008704954005e-01
-1.306643652704873260e+00
1.263873787011509542e+00
3.360082252272800218e-04
6.023583913336011397e-01
9.732044903899275123e-01
2.678888286032380939e-01
6.919990837304829112e-01
1.483036250432859249e-01
-2.474132538915165824e-01
1.312914578720962844e+00
1.696866537987608670e+00
8.220019591367742073e-01
3.339255559943424267e-03
-2.117279019556596253e+00
1.422371982885213049e+00
-1.290089417337866973e+00
6.278598108286834734e-01
8.480379389664428613e-01
