1.078024414596800984e-01
-4.895489544466933296e-01
-1.533741220092943669e+00
-4.550844979876087493e-01
-8.302905782393115164e-01
5.687982288316939528e-01
-5.417329037986129414e-01
-7.070436773803376873e-01
3.589761079037330216e-01
9.942706929787057391e-01
-4.607450738348497499e-01
1.872191761270214361e-01
-1.360847377947684844e-01
-6.215390390374093688e-01
6.075111970458368926e-02
-7.364033286272908541e-01
5.267877382321761726e-01
6.347360332598306343e-01
9.384558490360190852e-01
-9.811041524917747392e-01
8.500167484259262274e-01
8.996220926378979410e-01
2.466163037250184153e-01
-9.225190122397131098e-02
-5.497641823285723817e-01
1.138402106979021777e-01
7.675073943332491044e-01
3.294779738915549760e-01
9.535413702120240087e-01
-5.585267590601674659e-01
9.830541049343093363e-01
4.438249994296208367e-01
9.105169105159396370e-01
3.989621139391019700e-01
1.111372294964276530e-01
8.783693604371336505e-01
2.990922513045100040e-01
-4.949315694589799253e-01
1.994786573437437038e-01
-4.373682180813651121e-01
-2.816214184174596902e-01
8.046037767069551538e-01
-7.000022306500386371e-02
5.581360153161263327e-01
-1.936386119790016735e+00
3.452909403645776365e-02
5.261697812577805777e-01
6.343261588941355722e-01
-5.041349409549820137e-01
-4.966238636213821667e-01
-8.637686968466113946e-01
1.235412628691696657e-01
5.659073637572642479e-01
-3.819975995919389078e-02
-7.706140716940788060e-01
-4.933813961022619488e-01
9.705278242327413096e-01
1.539383697208953627e+00
7.024937367990660153e-01
6.746017927821879034e-01
7.714620447937825531e-01
8.016963853085568026e-02
-6.231330631291729372e-01
9.320887424381651964e-02
1.414904004876595955e-01
1.347996223043979036e-01
-1.422139323963018676e-01
1.158309976735054647e-01
-7.155478198118658817e-01
5.048195300219433523e-01
5.488000680939539855e-01
4.537864554249648741e-01
2.985925419129396019e-01
-9.038126291129082723e-01
-2.749424598608114501e-01
3.755947189556965160e-01
8.563421996088140808e-01
1.073184925293803715e+00
-8.767833450747222201e-01
9.783917929667460545e-01
2.241576750247136651e+00
5.858192743152412785e-01
5.110512104758697660e-01
-2.873817117017265499e-01
4.607727863887780551e-01
1.817546648862911063e-02
5.993670462489018025e-01
-2.857914414667863667e-01
-4.163605643998056216e-01
-9.143314333993201037e-01
8.324677797958011105e-01
2.023055038439094400e-01
2.238583943469153681e+00
-6.838782788740231933e-01
1.455400063704775704e+00
2.192094843393299075e-01
-9.398914908093830567e-01
-1.125306422695906194e+00
-3.717807162896952788e-01
-4.220610153666424225e-01
-8.763394548884952950e-01
-3.647721417248113163e-01
-2.545651848011447616e-01
-3.400939316145470404e-01
-1.829915541850808403e-01
1.985268387884797647e-01
6.436570522255666837e-01
1.321352646684122334e+00
-2.171889215859148514e-01
-2.054689200982685371e+00
-8.906445804627923790e-01
-9.272199214145149249e-02
6.228437234532067102e-01
-3.441950096514387880e-01
2.521726312793390878e-01
-4.008596489452189715e-01
-5.783120217570330013e-01
2.414340978157403228e-03
6.070948881503770433e-01
-4.424739636457203362e-01
-7.168584000309796700e-02
1.356847366134914523e-01
-9.058154232430855046e-01
6.809625617357490945e-01
1.263346085943273245e-02
6.014551462862829379e-01
-1.902703083746923596e-01
2.984914672422660509e-01
-7.787288565141574637e-01
-7.638025997651096688e-01
-2.693560243051815739e-01
-2.218304876107881352e-01
-8.569452451667385340e-01
5.687001824713590059e-01
-7.417876955645557047e-01
5.123452250265509988e-01
1.379690958177168247e-02
5.683508405425719001e-01
1.734878202868244124e-01
6.983633899294121594e-01
7.769355973081790712e-01
-2.385335493391094186e-01
-7.387952999600702064e-01
-2.442410742613940311e+00
8.019933699044028419e-01
9.196365464421971669e-01
1.540226843512870758e-01
2.905766720318954111e-01
-1.462133469468445135e+00
-1.931173764156444150e-01
-6.484613706141395539e-01
9.411184689269229686e-01
9.458386818138930785e-01
-8.841639115217372336e-01
1.072245460227179148e-01
9.881183028839559679e-01
4.520924996115782690e-02
6.568514898528929891e-01
-5.106479624354136604e-01
-3.072760698802252666e-01
-8.464047661464535466e-01
5.007556342546308770e-01
-3.160874257733123915e-01
5.298914803423488973e-01
-6.325038878126901798e-01
9.126004783314947133e-01
6.264739638723029191e-01
-5.372895598610774037e-01
-2.337079060538238551e+00
3.884611086353140230e-01
-2.486578839619055792e-01
-1.016320367333721775e-01
-1.964056755127477905e+00
4.560240581083472300e-01
-3.603713251832050268e-01
2.816375668725590309e-02
5.037822014590593867e-01
-7.365452638581302391e-01
1.813276776214725272e+00
-4.056831318088671701e-02
-6.584776896894162235e-02
-8.390567152342041091e-01
8.121264255184625913e-01
-9.228936375485849997e-01
-7.151572653579114647e-01
-9.796774281225515413e-01
6.155624915212092318e-01
-9.666587438560341194e-01
-3.803416430746875410e-01
6.483657349362168532e-01
8.419467526219870379e-02
-5.311339742005294351e-01
-6.943395516568615644e-01
9.952144288462456689e-01
5.774144972208106186e-01
-7.402587329705647701e-01
9.523347371038223264e-01
-7.823145273042777514e-01
3.910572635435514144e-01
-4.062477409879827750e-01
1.633039165856801755e+00
3.031250440680277602e-01
3.564372544573528589e-01
7.163741244061053726e-01
5.075554962914567980e-01
-5.737230091309444280e-01
9.165742959235156917e-01
-5.715241507728827663e-01
-1.336700726199210876e-01
-4.343604767867947913e-01
-2.417809610966449974e+00
-1.524758886873955888e-01
2.462964990714022750e-01
2.257076029428923825e-01
7.252200377188344760e-02
-4.353056896185925062e-01
-1.945741742945232833e-01
-6.107594631025383691e-01
5.870778011819715037e-01
4.322916618041301451e-01
-2.342093200028276812e-01
-9.364948948314671950e-01
-2.312250440082164182e-01
-1.723906083752228424e+00
-1.080455799172836961e-01
3.792331663533228259e-01
-7.599355462388299731e-01
7.358899433806056489e-01
3.106124968825212385e-01
-1.039700467540538575e+00
-1.489353747635656866e+00
3.333574372052952040e-01
9.999943123662993205e-01
4.196989677264426621e-01
3.511906373912039303e-01
-4.933007492828738183e-01
5.927334309610718943e-01
9.746317341320624994e-01
3.934065303509692857e-01
-1.423204677290347553e-01
-4.962875856824595644e-01
6.573715506891093519e-01
-4.416535541538553211e-01
4.258586733695539639e-01
-4.425509743321324740e-01
4.528849453577665773e-01
-9.256640419125726771e-01
-6.982038366829061982e-01
-1.608323748595130720e-01
8.605627465934040377e-01
2.405614243143228137e-03
1.972715387697223877e+00
-5.878041253426808943e-01
7.633616883328642189e-03
1.931621360388895425e-01
3.611546013211652251e-01
-1.283086625170603456e+00
8.181467748843127552e-01
5.476841073665159598e-01
-5.143063878304496850e-01
-1.884442086544897421e-01
9.369664630757152946e-01
4.550047649762045676e-01
8.344886775298692161e-01
9.217368017874998376e-01
-1.591027616493009056e+00
-8.847113100499359728e-01
-3.261300990012474532e-01
2.563797261752016610e-01
-3.299250973791814090e-01
4.689816536287128579e-01
1.646176498416918044e-01
3.110744589299356821e-01
-1.800426299348445447e-01
-3.812594189386926402e-01
1.993964199391049519e-01
-8.587495410811512020e-01
2.391636365138036791e-01
-7.637300180396764393e-01
-2.547477393774537635e-01
-6.814078031480315101e-01
-1.998800005770662302e-02
-9.759190249386623384e-01
2.052890659038575372e-02
6.378325595824898553e-01
9.365673711055269024e-01
-2.753118048145172247e-01
-4.775244609232869308e-01
-5.717313121350966476e-01
-5.263475095403045145e-01
1.619441543644196013e+00
