-4.128251539161976735e-01
-5.056474980955182330e-01
-1.195093411259755101e+00
-1.111324811579167626e+00
-9.452553008124354728e-01
4.955802955049279368e-02
-7.107039883768313526e-01
2.502120782829018175e-01
-6.760952855239230619e-01
-2.410519141028696077e-01
-1.087959179871899718e+00
1.027865368511728050e+00
-5.052009406196517061e-03
6.616567099048420442e-01
-2.142757314299869265e+00
-1.398265868773544141e-01
6.181080838498005381e-01
-2.127778062805510406e-01
-1.532739495849482658e+00
-1.224597607051483239e+00
2.763901640026126927e+00
1.270881487997814197e-01
1.570372608711028795e+00
5.566212966722832167e-01
2.091942523278133681e+00
-8.044360594231703132e-01
-2.410221040586478791e-01
4.941251081896927966e-01
-2.066090769904884716e-01
-1.371479465688329347e+00
-2.452816997712804703e+00
9.908092743456322626e-01
-3.187344136533220240e+00
1.023804925090211926e+00
9.859580814571089480e-01
-9.705512727110490179e-01
-6.575028611150887103e-01
1.826817929568105292e-01
8.256806254439313930e-01
8.847232576492661260e-02
-2.624232041840181218e+00
2.364017688059504296e-01
-4.774267618549685732e-01
4.711951521332418680e-01
-1.174111722118715395e+00
-1.728671026518002529e+00
4.283359767643677984e-01
-1.014533920955104085e+00
6.923327982480531606e-01
-4.723965401023089705e-01
4.028419061418819225e-01
-6.073176930658085171e-01
4.978247352284865257e-01
2.009508862975168952e+00
-2.146041704571910902e+00
5.428480997197192570e-01
-1.743511689860957614e-01
9.926507887526894169e-01
2.994657500698953090e+00
-2.633580189111617287e-02
1.273681493193877801e+00
-1.796856689988467481e-01
3.318943839749549873e+00
1.413097193464146972e+00
1.331087966195660721e+00
-3.678519108172344509e-01
2.559209986549464411e-01
-3.288618389392646835e-01
-2.018138527227862244e+00
9.852027414731394650e-01
-3.739662442581490054e-01
-8.945255405025518414e-01
-4.764986629163699972e-01
5.348560825570010113e-01
-3.169363365809812372e+00
1.161458263915726929e+00
1.479897331592771925e+00
4.082853870472986646e-01
-1.706888514571780480e-02
2.985045685865011511e-01
5.614757130552405773e-01
-8.362644564476786613e-01
-2.115462383845759520e-01
-6.138444776946097026e-01
5.064977702452980735e-01
-2.502449351730847704e-01
4.315074980981119523e-01
-8.779662534101757843e-02
9.579726788342153299e-01
2.024707852197130453e+00
-5.813760862298236187e-01
-6.932892422889123107e-01
3.803324620921357813e-01
3.679022617020243135e+00
-1.680163876345897700e+00
-2.797262427980332089e-01
9.150481085630187694e-01
1.802157881495817682e+00
7.372005273206408069e-03
2.739085080443363074e-01
-4.885917905358426738e-01
4.892125086622128860e-02
1.850780823286892307e+00
1.863254733898900839e-01
-1.308802618948901875e-01
8.276181853917818909e-02
3.212367062398788331e+00
-7.107556131257851684e-01
8.767315393013030977e-02
-8.589225593323681629e-01
-1.615156406780219323e-01
4.720066869075495442e-02
2.652251932086828745e-01
-2.504739262940943956e+00
8.728727013903088139e-01
-1.867075557679751530e+00
-1.338361434580217502e+00
-4.011029351710773683e-02
5.624207437560726497e-01
-9.799985806416817991e-02
-2.088570436479416426e+00
-1.777255660027649675e+00
-7.686055314598283505e-01
-9.905666342436563188e-01
6.792286359463431955e-01
-8.268575610838956036e-02
-1.832497280141650808e+00
-4.278135478368371158e-01
-5.559861872573279573e-02
1.111771175589937322e+00
-1.255368734476369763e+00
2.585984167826585800e+00
-4.841434124663904770e-01
-3.380744554569172777e-01
-1.476004388728097694e-01
-4.336785513620441956e-01
5.362564419716212560e-01
-1.092493620073272179e-02
2.765665315242678446e+00
-8.761640104994528055e-02
-3.363667588173817335e-02
1.140639252248624169e-01
1.499836118585758049e+00
-7.954204127428137205e-01
-7.666524304806898726e-01
2.470068893198239524e-01
2.290132451513214651e+00
-7.818786868469868034e-01
8.698144670382609300e-01
-2.281919932389292249e+00
2.998869921376786096e-01
-6.646710630323959812e-01
-3.381558135126656595e+00
-6.915566872022659295e-01
-9.310781701987258518e-02
-5.370246206802089528e-01
1.359097885968756803e+00
1.092098917094056487e+00
-7.405189082600012185e-01
1.340919220707401882e+00
5.762720364239379833e-01
-1.471160860523102576e+00
-1.325769506511086826e+00
-1.814413931922333578e+00
-6.625034072646258654e-01
-7.744509081064834266e-01
-3.632592260965142317e-01
-7.422522101985651322e-01
-2.758993365056338631e-01
1.032806058555691298e+00
1.422192045200152410e+00
-3.084252092346110863e-01
-2.619061874978805826e-01
8.692540818366922828e-01
1.723489105201164495e+00
3.541051742886522025e+00
-1.761064133391592734e-01
-3.040554340354547636e-01
1.125651075358028719e-01
4.133458713477597413e-01
8.239554323414263193e-01
6.958127251234860200e-01
-2.624196966960988808e-01
-3.508371388415022496e-01
4.195499631282658015e+00
-4.274351290062817776e-01
6.646412626616957642e-01
