1.355008426848806624e-01
7.223712626535934156e-01
-9.548263499873499427e-01
-2.915829598016255186e-01
1.399379437249177904e+00
3.684083036500501729e-01
2.318165195034376513e-01
6.403463408948171232e-01
-6.915239696909398770e-01
-6.267304638749365830e-01
-3.374479856319742010e-01
1.549341930850937632e-01
-4.145615836717085889e-01
-3.111498171843952498e+00
1.022183680998127953e+00
2.815005961854947447e+00
-1.707657944202277900e+00
-2.157865689616562666e+00
6.581576173454062317e-02
-1.504658147044638739e+00
-3.644679592205200824e-02
7.060716431811897564e-02
-5.979264077336791106e-01
8.880702968901859062e-01
-4.823437975336086758e-01
-8.356225784370807652e-01
-1.586823367083292080e+00
2.503541063912382292e-01
-8.385681566626177474e-01
5.795446870113849513e-01
2.433060556756853732e+00
9.165061663590663432e-01
-5.093897305223333838e-01
2.620662061785947738e-01
-4.283394941466078798e-02
-1.639662496243433409e+00
-9.029138512600548561e-02
1.339731487474540739e+00
-1.451606477266254469e+00
2.213696438508295783e-01
-1.422985329894001172e+00
1.209306723322393751e+00
-8.751118466570328991e-01
-1.540467566301836122e+00
1.586873631362120118e+00
-8.390509732880682137e-01
-1.551241861223614724e-02
-1.208031327294211810e+00
-1.840502617778457584e+00
-1.061966043226787004e+00
-1.919944777577335504e+00
1.943648176232480651e+00
-1.025756847233802338e+00
-1.749369376109413787e+00
-4.027013623595658842e-01
6.522148544892061861e-02
3.331278531409398447e-01
-1.729849395521968758e-01
-5.318038178091861745e-01
5.583270462524705380e-01
1.334654274923364525e+00
2.072080333287740217e-02
1.446507292504743136e-01
-1.854039918479299498e+00
-8.982743664705141740e-01
-4.991930874646182681e-01
7.737162135151212095e-01
7.318224446050680676e-02
-4.479562563944353704e-01
-3.171581011030305541e-01
5.524625876046604933e-01
3.875054336983166925e-01
9.880735611980524524e-01
4.037494422786225279e+00
-7.076901561179556044e-01
9.568248481174749243e-01
-1.357469682530189292e+00
1.981967463292390319e-01
8.266740072569604969e-01
4.495406352957447282e-01
-1.406047331915563525e+00
-1.063575068715895355e+00
1.516922082863649823e+00
-2.916069514469818991e-01
-3.826677789136437857e-01
-1.471475224049754171e-01
-5.230271222562036249e-01
-8.239143700629138201e-02
-1.301950207841363616e+00
5.860490740850367031e-01
1.118312425028664014e+00
-5.606070277440042826e-01
-1.280281436218781987e+00
6.144395515997570500e-01
1.963838467238234187e-01
1.406173250182251255e+00
2.966918622319011156e+00
-7.743977675807914296e-02
-8.886329431825679137e-01
-8.466464113487748300e-01
-5.698375612496819898e-01
-3.587234264783456528e-01
-4.669162606472880284e-01
-6.280686229182650404e-01
-6.534712842178045378e-01
2.235648619677323090e+00
1.312037444502570427e+00
-8.721530760937676319e-02
-5.400648056215615611e-01
2.472108769950734253e+00
6.373989708703857726e-01
6.826618967377551250e-01
-2.620604863932760598e-01
8.314017606013951456e-01
-6.557158037775159265e-01
1.384734469830628090e+00
-2.449898616448172306e-01
-3.204439200457404047e-02
9.228211412222089849e-02
4.836297890097052132e-02
6.618940430568012179e-01
-5.556400076168070967e-01
-3.429495456772476025e+00
3.306718916789205265e-01
-5.567448369792704632e-01
-4.884246182805725423e-01
-5.603795608183730348e-01
-3.569549119016793837e-01
-8.887396461984252427e-02
-8.524432312902407993e-02
1.327770130233773660e+00
-8.751207723845249031e-01
5.002183433536536050e+00
1.231287172545741271e+00
-2.353564653556957653e-01
-1.230752834242044624e+00
-6.335122904126144761e-01
2.383544598491875277e+00
-2.619675335805507488e-01
1.283692092019717013e+00
4.355810295996597858e+00
-4.686719650153548522e-01
-5.683800941559604691e-01
-8.092990803346716833e-01
-9.828194031946229092e-01
1.119397002273491815e+00
-1.203650570912379730e-01
-4.962455543407404690e-01
-3.717097014837981162e-01
1.630206412090435264e-01
1.254631876123014855e+00
-2.066245009120085685e-01
-2.084300029494363216e+00
1.742549639115954729e+00
-1.729115654149439019e-01
-1.129368389933679828e-01
-2.850573302207944915e-01
-4.242644138079902927e-01
9.505618030853040246e-01
1.331072264665154492e+00
-2.727825519798232623e-02
-4.940018669234405024e-01
5.434122115109309981e-01
-8.677746213076708015e-01
4.673386779588179496e-01
-7.771524380682114375e-01
2.073607937743043583e-01
1.094697361256516510e+00
1.344298339730051195e+00
-1.744649587356168929e+00
3.408792505195336275e+00
2.331727697963612123e+00
-1.075729016680925465e+00
-2.551444932071443183e+00
-2.694964388435836522e-01
1.258897928587106918e+00
-1.457006010836111365e+00
1.424083723757555209e+00
-5.896214634648480613e-02
3.320506258086785567e-01
-1.177082407174054435e+00
9.472699551526699846e-01
-1.854988404341550989e+00
3.191972211876500376e-01
2.160209728304043342e-01
-2.553981072895502580e-01
1.650666910105495599e+00
