3.356727212205392052e-01
-4.384332932154202389e-01
-2.055995733993405961e-01
-2.512063710100698732e-01
1.202824118940645504e-01
5.999922020680912293e-01
-4.311520063936127856e-02
8.550269306632152233e-02
-6.968646598015354465e-01
-1.063484784247402004e+00
-3.406418436789885318e-01
9.214489432888336440e-01
-2.010206994716934037e-01
-2.151277960893367980e-01
-6.337633198970329396e-01
-4.587187377733856208e-01
-2.523633323150800689e-02
9.669795137695973153e-02
-2.412066342292866206e-01
2.080187066459353862e-01
6.751301679286483282e-01
1.021882626305702146e+00
6.666504826406356443e-01
2.141318263456638005e-01
-1.127737200617158431e+00
6.378636152391407022e-01
-1.016582161822560948e-01
-1.443981555701753905e+00
4.848964267425832642e-01
3.888594799752137510e-01
-3.862796070835647910e-01
5.661842632492941618e-01
-7.641036370608293993e-01
9.732676239316732925e-02
3.943876360261122649e-01
-5.304754904782722491e-01
-7.584820490268718851e-01
4.944779238371614927e-01
-9.728234741371615257e-01
1.330549997514076210e+00
-2.238167969543132518e-02
-9.192756167605223849e-01
8.107450801068027957e-01
1.290505136046120604e+00
1.027918533678830182e-01
-1.985577708377668449e+00
-2.733574665757788624e-01
8.242662817540620246e-01
-2.615206765852511883e-01
-4.488826951292658185e-01
8.823663084063338991e-01
-1.335417044846233692e+00
-3.844559070178150684e-01
2.177622527751374437e-01
-8.308066800359396042e-01
-1.409384254805252645e+00
2.945282694378816846e-01
-1.506729397120726566e-01
-2.287973995066778232e-01
-8.808530413935061754e-01
8.939879529981459294e-01
4.605173961418915218e-01
1.393702793852773070e+00
-8.827599702731822040e-01
1.180044486362820777e+00
-1.373603109732571381e+00
3.000759583375030570e-01
-1.005588569448637948e+00
3.754959073572645134e-01
-1.077093429805828340e+00
-2.407663814454121254e-01
-6.737859887124676428e-01
-6.181339214037142593e-01
-1.208556257390873412e-01
-6.064953149607203997e-01
7.844197573771640730e-01
-3.135192991100667070e-01
-3.321020202209543082e-01
1.230040890957110999e+00
9.704547505917677785e-01
-9.811721593850727952e-02
5.075148969512016661e-02
-1.340848887738231854e+00
-1.166055412838162830e+00
-1.603845555573902626e+00
2.116452520601870557e-01
3.619467294382438527e-01
6.511970505785865670e-01
3.973125763452486914e-02
-4.880484608763464016e-01
1.193140886821060009e+00
3.047057694441631659e-01
8.843687773222670412e-01
-4.646639942848059812e-01
-4.786344894328817823e-01
-1.456596502451465547e+00
-5.338619900767468396e-01
-1.469115103971802005e-01
-3.954548426328572397e-01
-8.466570833494697634e-01
9.240787203504852165e-01
5.041714353559941797e-01
-1.204680646131397914e+00
6.046326282308552846e-01
-2.660974194105798496e-01
2.853737188523249868e-01
1.110491479749245558e+00
-1.140028517620558235e+00
1.045033958068390501e+00
1.193340859214417682e+00
-1.313420083172529562e+00
-5.590353094586170135e-01
4.838899203752176081e-01
1.051268202849359179e+00
-5.449490223015528434e-01
-1.951678983644862531e-01
-5.816271301616092460e-02
-1.645662120394175143e-01
1.185660741277540398e+00
-1.309753918790568905e+00
8.161806137897047453e-01
4.961102381411218731e-01
-4.191071209760782734e-01
-4.195423122279017814e-01
-4.222392977995708674e-01
-1.606521305867086413e+00
-3.076356866583651040e-01
2.184579978217321417e-01
-3.407723047219312629e-01
-1.628570212048502941e-01
6.683126183995885539e-01
1.743605909627891637e-01
-5.087264394449120264e-01
-8.660368900086312660e-01
5.764383841571039113e-01
-3.563804018064641865e-01
1.496301619517935444e-02
-1.013790102224592760e+00
3.701747285984789415e-01
-8.086033330603231706e-02
-2.460941410589522205e-01
3.584827169879586384e-01
-7.211693621484653871e-01
-3.460955348204639570e-01
5.597383762277767794e-01
5.682506872859037772e-01
1.059780828422258292e+00
5.308978457552647745e-01
6.073948019201315385e-02
5.361773072095770143e-01
1.770855837333516203e-01
-1.165160261960394239e+00
2.894615497107003166e-01
7.991721512447272913e-01
-1.510790468285130528e+00
-5.160952357046086902e-01
1.496070668766187994e+00
1.879602172034299801e-01
-8.757464413415713134e-01
-8.612221886098146983e-01
-7.943470702298759401e-01
-1.074667670275501363e+00
4.110044912886831603e-02
-4.743588345748928070e-01
-6.271093455261315119e-01
1.485714677332502232e-01
1.174541529590754863e+00
-4.469373653963579773e-01
1.433064204558750498e+00
-1.973206832926055754e-01
1.015208493825511038e+00
-2.266365672827364286e-01
-7.053964465709905429e-01
3.574117989013547159e-01
4.680704266085458642e-01
-9.723650770169939284e-01
-2.548552658712212038e-01
-9.544184554866144143e-01
-1.458216710076514488e-01
4.794680361643463562e-01
-4.545520017309608862e-01
-4.262887034787068430e-01
-1.115216440646308982e+00
-6.316194968240412821e-02
-2.320785618263515593e-01
-1.166734451988909127e+00
2.437997791294486682e-01
-4.721919513851624561e-01
4.981024871453336722e-01
2.090904287296409869e+00
-5.029722123170951575e-02
1.140995498029283128e+00
-6.244704159839565838e-01
-2.685504454840837996e-01
1.525224085628735571e+00
4.796689071790755099e-01
1.072508606847832890e+00
-1.078941506515943116e+00
4.667245055843769475e-01
-1.429064641371268762e-01
3.855370599463119885e-01
-4.871265125011358110e-01
-5.808335907608731530e-01
-6.788042485825870331e-01
7.732263370435011884e-01
2.922043407500505285e-01
6.742521228462513561e-01
7.010071815296579079e-01
1.227141569305532309e+00
9.274221426603681540e-01
-1.735616191851007406e-01
-8.458005501603845788e-01
6.681431695231897505e-01
1.007374268296349906e-01
3.855470468909552584e-01
-8.530229378757914205e-01
-3.001789845527249034e-01
-4.802299360447240817e-01
-1.467860760411474397e+00
7.103373573218637604e-01
-5.778769718297408486e-01
-7.712682858111120643e-01
-8.652301355814439043e-01
-2.987912510523693110e-01
-3.597020830842697636e-01
1.339849281178039364e+00
4.374415729785450235e-01
-5.440446265226186462e-01
-1.048342228414294919e+00
7.335764480435869039e-01
1.240291713967030252e-01
3.712575478086168057e-01
-1.187351981789448174e-01
-2.509945383794613960e-01
-1.720595982894454479e-02
1.737325933781784237e-01
-1.586801840740428293e-01
-9.751271742462108705e-01
1.859325604712692703e+00
-9.679508295028008136e-02
-1.134288232928058138e+00
1.193479256668092514e+00
2.250497180519367424e-03
-1.323991666224949570e-01
1.155420609046322156e+00
-8.644026547771833657e-01
2.091135241392793331e-01
-1.089591413394903896e-01
1.116371874533931052e+00
5.217127209449108349e-01
-1.228128065232635818e-01
-5.045842737705814596e-01
2.880553075848485967e-01
6.887139681477593145e-01
2.696830127548846545e-02
-5.071166152353701051e-01
9.599318281386552687e-02
9.162396189723482909e-01
3.969703809370474512e-01
1.042799675840566431e+00
-2.648496855827447427e-01
1.134583476482595943e+00
-2.567295298252702529e-01
1.245146338871811365e+00
-5.930174443943738716e-01
