1.564480077570555572e-02
1.186226781543577580e-01
-5.754469791428773462e-01
3.668415713055053762e-02
6.211796670983735780e-01
-5.766584893435933168e-01
-1.066303973707794617e+00
1.133862072231061724e+00
2.880913151089495861e-01
5.711158369272729685e-01
-2.270944585545176531e-01
-1.416032712645983072e+00
-1.023879583505900470e+00
2.919140874702941812e-01
-4.981211303626151832e-01
3.832230591117809504e-01
4.355777759979245767e-02
-1.284894772183184708e+00
-4.723617670561480741e-01
-5.852259714438727833e-01
-5.633532111582535418e-01
5.719486224740825964e-02
-3.752126832421763258e-01
-1.480825509803684326e-01
-1.024205453342053485e+00
4.267112696494642643e-01
3.432514107814310100e-01
-5.430323354396862090e-01
-1.655647574326056248e-01
-6.554289259795711420e-01
-4.351997980826152190e-01
3.482420994420289129e-02
-1.488610985877435455e-01
-8.920161651426292693e-01
-9.354499912248287474e-02
2.071845508726415819e+00
-4.392171018588689191e-02
-1.896512254690218557e-01
7.981867147978114474e-01
-1.958139725838610179e-01
6.661578472325327405e-02
1.248153763129048244e+00
5.166771911043365195e-01
-1.994357268823445661e-01
-2.601461592759566344e-01
-1.241125651607310143e+00
3.167111485839434887e-02
-1.141332134985545199e+00
-7.053458617301850975e-01
-9.110798585875135025e-01
1.171944498072606589e+00
-6.826884484257415009e-01
1.238021002238857804e+00
-9.215465698499694658e-02
6.723485279944538817e-01
-4.651911728572808991e-01
-6.497926532561053570e-01
3.408160003261371251e-01
-2.584506531982391220e-01
9.276634419514593333e-01
6.379882033876254077e-01
2.810700980420348660e-01
-2.252642935455054563e+00
-3.363003948663089715e-01
7.576954419321365597e-01
1.372378131844514737e+00
3.624773863386752670e-01
-4.220565141775034501e-01
-7.737593086195663217e-01
3.882608456792435714e-02
-4.552617542279375207e-01
2.225235565468906884e+00
-3.231365972257930763e-01
1.471219855179682900e-01
-1.088348174125340240e+00
-6.421192070870561652e-01
-2.590092223383602565e+00
5.675661658053796632e-01
-3.916846762353842215e-01
-1.795943814182279663e+00
2.149833857207996690e-01
-1.819253698000897757e-01
1.060852299246652641e-01
-2.848455107072835890e-01
-3.747305605689619235e-01
5.268858064890136195e-01
-1.738918865966112781e+00
-7.226327264677656625e-01
-4.493022521824432264e-02
7.536978751012937128e-01
5.758419905046067988e-02
3.359466398012938004e-01
2.784985348191618137e-01
-9.242830418355624245e-01
1.216301736724269222e+00
5.793366329769789047e-01
-3.638819265191698960e-01
-1.731634241137580688e-02
1.632913713767008890e+00
9.892902089929468401e-01
9.101334406171328606e-01
-6.868203753391941557e-01
5.611858934372977725e-02
-2.625189750875827954e+00
5.699471854481732436e-01
-1.200616405144415477e+00
-6.146241775775960203e-01
5.873089947730760763e-01
1.630284620638809412e-01
-1.338976593349917810e+00
6.632341416266107625e-01
-1.342230856052774257e+00
-5.111997738999449759e-01
2.579598210078016152e+00
-8.927309074166960290e-01
1.039551441838137080e+00
-6.512958792128933361e-01
-2.989300493141896498e-01
8.470852716459297271e-01
-1.365891879117856700e+00
7.709815980106962119e-01
8.231211403098198653e-02
1.577450444515614003e-01
6.989317768934142361e-01
-3.535823162750590942e-01
2.084104026128241749e-01
1.325817807925497582e-01
-4.289776958709784482e-01
1.224008188084259707e+00
-5.034607490595428558e-01
7.938634359892347003e-01
-2.688813750044374284e-01
4.594229882333949466e-01
2.122038967097459761e+00
5.952783972691031433e-01
-2.906140273833640597e-01
-9.001360067444711399e-01
1.111634993615973510e+00
4.550072121322677465e-01
5.601507079355891872e-01
-1.143573823711577120e+00
7.300624953937603911e-02
6.108450103561773314e-01
-4.835357715647865540e-01
-4.881799229051714262e-01
-9.170138782514235531e-01
7.886178008049984367e-01
3.469333751232681617e-01
-1.864711907360045551e+00
1.170297334416847690e+00
5.493651524748304205e-01
-6.921736467916921320e-01
-1.027241472356544172e+00
5.904884420672202872e-01
2.473293753429682273e-01
-1.093462802908290454e+00
-7.994910715938861878e-02
-1.905706128174476377e-01
-2.035546071444330529e+00
3.914633031053802448e-01
3.236618978334561136e-01
-8.628650197886709172e-01
-1.824796837843865038e-01
4.101314625505669831e-03
-1.062353332255739080e-01
-1.061726259025317587e+00
8.128084036936900070e-01
-6.219845922513378422e-01
-1.888708477321785928e+00
-3.278012458098683579e-01
1.162655037998637342e+00
-3.674310493025140234e-01
1.645262824809902713e-01
-2.044733573998425147e-01
1.387694530435356829e-02
-3.836570613289677079e-01
5.647181216889236577e-01
-2.077870446261528059e+00
-1.271147164252138584e+00
-3.013880303878228029e-01
2.052099683279048070e-01
2.562542881788755222e-01
6.196482630401557445e-01
-1.267567227500493998e-01
-2.853930622410059126e-01
-2.484772624551246922e-01
-7.622813298743411625e-01
-7.188127652939819701e-01
2.478583143917649223e-01
2.522544598734304810e-01
-2.285253005814229521e+00
1.796261542147260526e-01
7.232160401213636458e-01
1.346260441922657813e+00
-5.424058237056590404e-01
1.286866880019839510e+00
-9.331118886557292491e-01
-9.359002155156204150e-02
-6.110205957704621937e-01
8.570448793087370731e-02
-7.994048743575871141e-02
-4.970911184517861625e-01
2.594241035318490596e+00
-2.000202571284442898e-01
5.556349993566966905e-01
1.322764667556044937e+00
-2.038118227876257293e+00
-6.797412057299427879e-01
-5.033996067032227295e-02
5.513932653696500541e-01
-1.283902267088683491e+00
-2.301727382492892104e+00
-1.015689588724309367e+00
2.275091444576595179e-01
2.617650842583553183e-01
-1.188026278635279098e+00
8.185659429025251566e-01
4.581504578280964912e-02
1.281061528827004636e+00
1.896969868124289693e-01
-6.787205873146977264e-02
2.978170221613392066e-01
5.807107568138454301e-01
2.583543062768500764e-01
3.099843139217941385e-02
6.276069692016048585e-01
-6.688908246656255496e-01
-5.217263201236783665e-01
1.624719775460760296e+00
-4.120064246717970446e-01
1.271200514502486278e+00
-7.377602050424990621e-01
1.486368842900032572e+00
-5.536660036131417773e-01
2.863597940889142990e+00
3.395651820637420881e-01
7.227136385381366379e-01
1.542829997544475917e-01
9.095017073778374206e-01
4.042070217696293044e-01
-6.649776246568287474e-01
8.695824938365517287e-01
1.133259520867988535e+00
-1.004387847265384881e+00
-1.588809553910046857e+00
-8.205880319312139903e-01
4.629458604344852679e-01
1.188313551591927211e-02
-2.572746991358262347e-01
-2.668077803421723404e-01
7.153197194776085288e-01
-2.365087063559442870e-01
3.506873211852130634e-01
9.874749772336727238e-01
-2.553403850725825208e+00
-1.391660920645952704e+00
5.210486618011763715e-01
8.736866529053313735e-02
9.655196088798951859e-01
1.593645243606693351e-01
3.227624827799883134e-01
-1.456638215181476737e+00
1.387306274586406207e-01
-8.364876369808615930e-01
7.885580544053805152e-03
