-5.852334703986764586e-01
-1.752483755608788663e+00
2.234715333461824160e-01
2.249274554664349723e-01
1.277716315978448369e+00
2.075004563061419560e+00
-8.262171619291408531e-01
4.569661443868145434e-01
1.342096660604510105e-01
7.806976945524088940e-01
2.243892284575109974e-01
2.567327719245813267e-01
1.899898207981301823e+00
4.208882872162350020e-01
1.417914342487986146e-01
2.573808351095487890e-01
7.482063217680310352e-01
1.085933663111545933e+00
-7.764252591174275464e-01
2.357676939119747739e-01
-1.387292118416529441e+00
-6.956436679405640922e-01
6.671881575605740355e-01
4.008159682680956237e-02
2.606233369445076331e+00
2.767274184058836073e-01
1.332000143342482623e+00
-4.657849171651642362e-01
2.467716601028713541e-01
-2.416726029231816564e-01
4.008606280910010922e-01
6.156865240951889806e-01
-2.857994279286517614e-01
-1.988437235112887058e-01
1.675391399887856236e+00
9.029907614316119435e-01
3.056606475543472423e-01
2.190196182874257214e-02
4.991196612609357652e-01
8.564197494479425243e-01
1.549630997013913714e+00
-2.148115161049656052e+00
-1.631391892905373231e+00
-1.307697881925898198e+00
-1.076202022549372472e+00
-1.262577500726975499e+00
-6.423302649177824453e-01
1.414887695968601311e-01
2.756716691758305804e-01
-4.648079535896144088e-01
8.872340814741015436e-01
1.612483438070467234e-01
-1.465050898069116370e+00
1.620511848277645273e+00
-1.761146588719051165e+00
-1.686321621449784702e+00
1.476038823869755490e+00
-1.135816142012203267e+00
8.744653422611032845e-01
-5.182307170478022140e-01
1.094189592073117279e+00
6.150570849179633204e-02
-1.287838498728022696e+00
-2.549297805415819962e+00
-2.503950647262959683e-01
-1.395592375346104363e+00
1.310919355584361679e+00
-2.251752030213367145e-02
6.479311800313499736e-01
6.500390547041834388e-01
-7.948150268650086003e-01
-1.085763743599045122e-01
1.042198549852360046e+00
4.827229394711792243e-01
-1.405771989029254154e+00
2.979993341117848638e-01
-1.171454140600986182e+00
-1.201614025561766885e+00
-1.513283098199151855e+00
-6.136156416933735702e-01
4.012283107572856000e-01
-4.928867923232000403e-01
1.194034031767972626e-01
-1.821707773746034986e+00
-1.032942917942619721e+00
-8.260271567367669654e-01
-7.526449601551097324e-01
2.075627634894272600e-02
-9.184731377658124085e-01
1.344898509389021557e+00
-5.559149465844803739e-01
7.741468835059377440e-01
-1.905009335303161855e+00
-8.738359048077948277e-01
1.101452992780120210e+00
-1.123472857315828577e+00
9.864623064061126545e-01
2.210775883397438246e+00
1.778976326678004316e+00
4.164619312884514368e-01
4.498606256468661857e-01
-5.963778514647981588e-01
-3.169422606304908574e-01
2.077109369832159103e-01
-3.957820551516441632e-01
-1.685368707549667722e+00
-5.406235559197574148e-01
-1.336439522432250615e-01
4.140812801673056653e-01
1.184836713651307827e+00
-9.756941822964865230e-01
-8.449709863705533452e-01
8.787497516917098794e-01
-2.664711679494105478e+00
4.269270126794746933e-01
5.306073006959509675e-01
8.732052132254277677e-01
-1.099086003346365081e-01
-5.393783485272427569e-01
-4.118108948699212846e-01
-6.615305984608913503e-01
1.017957186266556846e+00
-6.110124509146769300e-01
6.985238233666100083e-01
-1.240543804497394598e-01
-1.739155681039796342e+00
-1.618931131170341930e-01
1.611344406294225595e-01
-9.576301736451151569e-01
1.036456199495914721e+00
-7.704478849622168335e-01
8.996654208352110604e-01
-4.532889874962622856e-01
9.434336878214856503e-02
-7.916354333846111757e-01
8.243234926063744417e-02
-2.603300418249077097e+00
-4.613605311053560198e-01
-6.777805123473887861e-01
1.515136375550790282e+00
-5.125224506746672848e-01
4.382212470852551306e-02
-3.012014982361116422e-01
8.447649051382813967e-01
9.161051842249995358e-01
-1.492041282881051423e-03
-6.842988691319118466e-01
5.489701522604465422e-01
5.907289165915677875e-01
4.543764006750305312e-02
-5.121611647410366785e-01
-1.110452989270215518e+00
-1.035698672948108578e+00
-1.104963341096651508e+00
1.375601803607911511e-01
2.548081937864547619e+00
2.881435555312600871e-01
1.402520825890788692e-01
1.368743152963253440e+00
-1.045972757544205572e-01
9.877535452487615775e-01
5.247268113598694272e-01
-3.144567925101159900e-01
4.934782997059436460e-02
-2.312493566594733263e+00
-1.823910578532010884e+00
1.024229452791174610e+00
-1.278274568381939424e+00
4.249494041378558129e-01
-4.091612162043605228e-01
1.284410525186438501e-01
1.998849854495589051e-01
7.805083870164590820e-01
3.861160232602711684e-01
-5.531127633550517730e-01
3.169322734169517930e-01
2.343248967749429035e+00
-1.573135470640863176e-01
-3.865566129509265259e-01
-9.201835031242088236e-01
1.234272113124430081e+00
-4.171323950168182026e-01
-1.026055738316779875e+00
-2.152895557557022777e+00
1.129105259640183823e+00
-1.580550164820327952e+00
-2.005445490378185092e+00
-1.383343613208920519e+00
-4.200721247041355189e-01
-3.187569293258770142e-01
3.613596981950704667e-01
1.751878524235101597e+00
-8.030590151970363744e-01
1.013495953418528522e-01
1.524537558736484444e+00
-1.380337814620123282e+00
-1.462555884556627106e+00
-1.304553298234791603e+00
3.486731104978120777e-01
-9.804760180672281722e-01
-1.445455554556061895e+00
-3.205498561814731917e-01
-1.113409928930793491e+00
-1.128027264631007665e+00
3.468423214782054287e-01
7.716886912648288632e-01
-7.693033046699272459e-01
-2.075520693785777582e-01
-1.733786513378276828e+00
-1.220437223891854384e+00
-3.769910020729294597e-01
4.545223384929329979e-01
-1.189899357022295323e+00
1.318773336215348646e+00
-1.134183652995243374e+00
-1.502445950367571337e+00
1.293025021634927274e+00
3.388308307064996638e-01
-1.283753664197892386e+00
6.053219072746380824e-01
-1.687476611589535214e+00
-8.783689065788450323e-01
-3.171877530632430386e-01
1.151646629313207715e-01
-1.344866742241079161e+00
9.367508051211130837e-01
3.252009634718242004e-01
4.964842011875887362e-01
-1.024199786181811511e+00
1.111027720865231050e+00
1.830983202234920948e-01
2.496119528288294476e-01
-5.834926875368106058e-01
1.423335505434040860e+00
-4.392342601819452796e-01
-9.652911039203510013e-01
-1.858325572759828237e+00
1.847633242593144931e-01
1.711414172814651191e-01
7.246572005993371368e-01
-1.029197078839071189e+00
-8.686122864420040002e-03
-1.659984156554245027e+00
5.596260609380638851e-01
9.432022160146328327e-01
1.597356202378996948e-01
-1.832549680491052824e+00
-3.868370531674987789e-01
7.011428600041345049e-01
1.125861056094151325e+00
-1.776155945671229697e+00
-3.469130852567877676e-01
9.416163715218530683e-01
4.263132185828019116e-01
4.520626677067052235e-02
2.218253534115202097e-01
-2.437099557516650528e+00
-2.865632761232134396e+00
-6.622048104567814786e-01
-5.247138076328802248e-01
3.503388822319306733e-02
-6.694215603649423807e-01
-1.161458267078130158e+00
4.884984433482050248e-01
-4.652453367995821321e-01
9.010425503272172509e-01
1.355144117376654023e-01
-2.751917282482615468e-01
1.773407841019866149e-01
1.341395618880462770e+00
1.884113649972562754e-01
-7.737310669605649283e-01
-8.219870791491928896e-02
8.836097499353993134e-01
-1.783699831859910878e+00
2.442724886048683874e+00
-1.970418879010756852e+00
-8.961176451468427784e-01
-2.989820367301819770e-01
2.218630004862863769e-01
-1.170270616688954046e+00
-1.178102227912253497e+00
-1.362250654108126735e+00
3.942829951330028004e-01
2.156218341792452531e+00
1.899820890748724844e+00
8.295985807441718096e-01
-1.219417155104724204e-01
1.320120256342077747e+00
-2.187175688474604751e+00
-2.880198141987109217e-01
-4.841799965133282146e-01
2.199617060407076163e+00
1.569155678911690263e-02
-8.786769002000158757e-01
-1.305259092939049070e+00
-1.766339243824998517e+00
-3.924017835795269304e-01
1.593963305033701261e-01
-6.139490718766693611e-01
1.166732835896817422e+00
2.625951033194959372e+00
1.322532730989053107e+00
5.732053987110189430e-01
5.736420087551512559e-01
1.112513842328271219e+00
-2.353605267566540038e-01
-2.215589001815006842e+00
-1.012225531246985888e+00
-6.033110073999845557e-01
-4.376905703064756792e-01
1.456132461519419330e+00
6.491772729577927059e-01
-1.801779039423851758e+00
1.798803165420514993e+00
8.174252288125671839e-01
2.061370440941021065e-01
-5.390177783632359443e-01
-9.274145461904692578e-01
-2.212107885115523143e+00
2.964402869013155195e-01
8.248043149705637234e-01
5.900652545482121258e-01
-2.166468602918128372e+00
-1.586423596429583638e+00
2.063883717329854928e-01
1.203000113109434333e+00
1.734767185915180532e+00
-1.542392565685604122e+00
8.118548258716346000e-01
-1.786424314910654010e+00
4.692438244649730916e-01
-2.256002851792832775e+00
-2.216185612100042057e+00
1.574848978508404662e-01
-2.586806395810571368e-01
1.696411126562657579e+00
-6.776390750156910947e-01
3.666372413614588099e-02
6.449249188682074085e-02
1.449909385536664486e+00
-2.883278343423596457e+00
1.486334204957027838e+00
-1.387268304961633225e+00
-2.142465888483355840e+00
-8.718026586893957708e-01
1.044074003475777390e+00
3.188557627823685459e-01
3.444419761084911991e-01
-1.946100929697928694e-01
5.110295930041228729e-01
7.694181911840796140e-01
7.480623753447359636e-01
-4.248261952093482785e-01
1.782004397514352079e-01
-1.760964825453324445e-01
1.047618469557664023e+00
-4.413967348815006631e-01
2.349830055597340817e+00
5.826950221859578116e-01
-4.648646434227630131e-01
3.009835127221073270e-01
-1.415461812411577203e+00
7.906366960108899278e-01
2.466097713363349375e-01
6.379396287404252019e-01
-1.939736069636367466e-01
-8.985640681617151904e-01
-1.139898771807783096e+00
