9.056953175083266583e-01
-1.193790740963120545e+00
-5.443035680181304015e-01
-3.312388028699234654e-01
3.542668712657661700e-01
-1.754722001934422015e-01
-3.576780538730729431e-01
8.654792178650849710e-01
4.923365510108603238e-01
-1.015480676501662849e+00
-1.657348091422537362e+00
-1.132170898093943556e+00
-1.522527532644433634e+00
2.453649573133863671e-01
4.480864822774697220e-01
1.320050127340748336e+00
7.596069825952598276e-01
4.558655103439421818e-01
1.432683796069549320e+00
1.619161645421343110e+00
-1.018771837911844447e+00
-1.971095490840933939e-01
1.425039259506880041e-01
8.694563118542262270e-01
-1.844446042497708271e-01
8.872001805542797381e-01
1.344151588235653616e+00
-7.522228358890139521e-01
6.371198934570712069e-01
-5.684487321943509919e-01
-9.789151910251960853e-01
-1.611683603630320816e+00
1.950162060524516239e-01
4.139185576172644820e-01
-3.250390056704457464e-01
1.295896359503749595e+00
9.832227602280851908e-01
-1.063765036648316009e+00
8.125533771019354257e-01
3.052285629306858095e+00
9.291329509132908449e-01
2.114970218525784595e-01
-1.410617759706989549e+00
-3.607061805803458143e-01
-1.142411916981406650e+00
1.053160955311146063e+00
6.402765154336466369e-02
-5.629591694708573346e-01
-3.085443038429808715e-01
-1.431403729240597666e+00
1.924826001080680027e-01
2.207799337181716171e-01
-4.620099564954757154e-01
-1.141559253795480622e+00
-1.264950723125779775e-01
3.837288574626520621e-01
1.239268288870222889e+00
8.583846944952930325e-02
-2.151295484488065513e-01
1.870152659159397324e+00
-7.812911383870457804e-02
-4.562284887943649503e-01
9.745897053282495115e-01
-5.006572883741283730e-01
2.311995036248685187e-01
2.012839319054278708e-01
-1.476409583367467970e+00
1.473090447009719473e-01
6.188772602768641828e-01
-3.521023822638522094e-02
2.297915223904001714e+00
-8.556517814450952386e-01
-6.641875219175492617e-01
1.163981863470310962e+00
-9.504205420993314668e-01
-1.370012517129572949e+00
-7.809971902386031450e-01
-3.685473862921947674e+00
-9.728485915925753069e-01
3.077040554630509073e-01
-2.199250890549611093e-01
2.869651025411127598e+00
5.633293487164967583e-01
1.063985523617484219e+00
-5.456248845820298454e-01
1.058687383306865515e+00
-7.358399005786115943e-01
2.504028039340918665e-01
-3.349214002140221691e-03
3.170715329179745190e-01
3.343707043006919344e-01
4.112113867128461830e-01
1.032107972184983513e+00
1.607148868858902180e+00
6.496769877915489211e-01
-9.367148255954154124e-01
1.324006537664348171e+00
-5.789552485999525100e-01
-8.024936014071744061e-01
1.808170616421546972e+00
1.385250521662200418e+00
4.306801985971506763e-01
7.065169777886363967e-02
-6.055144615171292877e-01
-8.648234894122716621e-02
1.896248658514451124e-01
1.217435089559169015e+00
7.974705629711219546e-01
-7.719580875515918983e-01
1.480352385129925175e+00
1.498693615617706365e-01
5.098078779062693855e-02
6.177374388606087230e-01
-3.586700022717186354e-01
9.957811435329233518e-01
3.170388390496315933e-01
6.162364500976242887e-01
-8.871915415595637011e-01
-7.949037882880582995e-01
-5.683266036677123711e-01
-3.974838328624734629e-01
-2.734574610554154628e-01
1.068761029726351897e+00
-3.362765512396358458e-01
6.747651653282346063e-01
-4.728444774098919945e-01
1.011188710373135680e-01
2.020429405592210070e-01
1.948703886369796967e-01
6.744444120136529053e-01
4.872797293654617667e-01
2.575391320492677938e+00
4.290158162173485223e-01
-6.959233334269019355e-01
-2.101144416681601235e-01
-6.791305890871159878e-01
2.265062051592081349e-01
-9.727056044239054122e-01
3.044612563952673323e-01
-1.118317928583607124e+00
-1.426646682107380326e-01
-6.083390739140370762e-01
-4.374637047472005325e-01
-6.493709650507966114e-01
-1.124800656392200615e+00
-5.779333024502070204e-01
-1.437264207318661446e-01
1.475133857914730506e-01
9.594793312930869345e-01
-3.925883169846264842e-01
-2.305423192213257311e-01
-5.176664798994985439e-01
2.326996599447835601e-01
-8.900834082346819054e-01
-1.269225682828222013e+00
-3.038199115031379738e-01
-4.886051884299530967e-01
-1.803935840633699605e+00
1.000893037422908805e+00
1.671223940320299306e+00
-1.802488266553649021e+00
6.902144246962240715e-01
-2.506733249863967394e+00
-7.486010258716913057e-01
4.650659611125462778e-01
-3.493589774662954062e-01
7.102665892393305036e-01
-2.631368540945578260e+00
1.856292285092213223e+00
-7.486602769162775672e-01
-4.522635580074914063e-01
2.853535689772093153e-01
1.888292644746253135e+00
9.335080837111509044e-02
-3.473687867659394635e-01
-2.567560157788619235e-01
1.008122980943699343e+00
-1.390670252930708006e+00
-2.105781301138492378e-01
-1.357864117841869334e-01
4.314999298391014038e-01
1.175959469362640064e+00
1.033473349383677853e+00
1.948598054432412185e-01
1.158343304903982851e+00
4.548943125729619785e-01
-1.508320322474847042e-01
-2.841314291649552071e-02
-1.054828365299664839e+00
8.328237335296218014e-01
-3.737459652434758084e-01
7.696558970002543854e-01
-1.954389854494766432e+00
-6.459095855904161132e-01
7.601457195121466004e-01
2.313350267783780723e+00
1.793444751348072796e-01
4.186895301153302773e-01
8.466242686689542385e-01
7.449876206894621156e-01
2.139576121239675222e-01
-3.586043349868775487e-02
-3.194858107238719436e-01
-5.479766917655852776e-01
1.371502962925410241e-01
-2.459478787739350469e+00
7.651668035878584906e-01
1.581894270524253576e+00
-2.737874035958639402e-02
9.452073012576606148e-01
1.284800663779991137e+00
9.859144160142674362e-01
1.527275242600828253e+00
-2.306472421425415087e-01
-2.525413117147525810e+00
-8.437514728335351322e-01
1.084646832346414680e+00
-2.114366170655327670e-01
3.932130614415449976e-01
1.263314466361581845e+00
9.730362612753659102e-01
-6.240786782566756230e-01
3.531651513206384152e-01
-9.634430108272301618e-01
-6.951903449386636069e-01
2.139865911638832441e-01
6.259833923953703749e-01
1.050500211639745773e-01
-5.031980690722972493e-01
1.322310519468252732e+00
1.213828326632124810e+00
-4.975536411064939157e-01
-1.599285962970059316e+00
-1.438392355431872272e+00
-3.516815917479106934e-01
1.376184444752175384e-01
3.298956971492758017e-01
-1.007990182970199378e+00
4.438363359162387223e-01
1.365843641487300530e+00
-6.906058628177225156e-01
-4.986664162183824800e-01
-6.101952896692116601e-01
2.901798630706716731e-01
-5.490845802483081961e-01
1.140176503892387366e-01
1.616026898946416601e-01
5.597749928407753650e-01
1.957595112271216742e+00
-8.472146708320780206e-01
5.997745795927084123e-01
-2.116873662860329630e-01
-6.750829263531410440e-02
6.195729134400562721e-01
1.048844039478188161e+00
-1.711043578597359005e+00
-5.493303473621207189e-01
-5.836219131898442436e-01
2.198073188943470591e+00
-9.345904709252129683e-01
-1.430672576323511469e-01
8.192229731936231385e-01
-6.592635422462966854e-02
6.476356598400907494e-01
7.103317055086131315e-01
