-7.312581860871821826e-01
4.269939204375819419e-02
4.447419000124684274e+00
1.702692302234223298e-01
-1.103713856637095203e-01
-6.446356106906425687e-01
1.483905891317320425e+00
-8.184884931524769591e-01
-3.393593701775164950e-01
1.642232032640440931e+00
1.183860812743120716e+00
2.762429972729912642e+00
-1.720302557903792717e+00
-1.325010917522086551e+00
-1.844858203015849130e+00
-1.419383215900867246e+00
-1.661319325997549390e+00
-2.025912009291269467e+00
-1.102269795831104293e+00
-1.906758688487878217e+00
-3.281277701792750801e-01
-3.313086694623973427e-02
1.433360554168405132e+00
-1.923674249987291085e-01
-2.574087615839611987e-01
-9.323739132375093996e-01
-1.400019498955387354e+00
2.471866702466996024e+00
-2.696297181147186528e+00
-1.498737825211989172e+00
-6.692929658098140111e-01
3.119442127579489243e-01
1.116471314571489265e-01
3.034166194636630287e+00
1.359045212915874767e+00
2.938492882777395954e-01
9.470018186125870319e-01
1.371768890218171499e+00
-9.157689333477532223e-01
-1.085349222710299877e+00
1.535159197050574020e-01
1.193151734424177324e+00
-2.318849403435843115e-01
1.128370608916141826e+00
2.765417727598102893e+00
2.765389091712429082e+00
2.502111276456821187e+00
1.425867595126261600e+00
-2.088898478934967606e+00
-1.073933122417803698e+00
6.199766432650215542e-01
3.104989928992694104e+00
8.500632271330895717e-01
-1.470625011075470612e+00
-9.092876089285290009e-01
1.155883748510698306e+00
1.167883780953638428e+00
1.670093444781779457e+00
-1.460270683093206623e-01
-2.321581654374606174e+00
1.048968382010952549e+00
-7.912342804425689380e-01
-3.289588895389771173e-01
3.420917352122376798e-01
2.021708254328649090e-01
4.360742725581779888e-01
-3.403178990438848750e-02
3.071759050509762723e+00
1.852542779958287200e+00
3.332794438525970016e+00
8.624261467913767465e-01
-3.483034446785152616e-01
-1.800785599094218092e+00
-1.063760750511273168e+00
4.132908782114533275e-02
-3.975030494783712509e+00
3.305437830271935606e-01
1.199083669016881792e+00
-1.320490928721783641e-01
9.896384102394525373e-01
7.432956854921505263e-01
-1.990891508261926734e+00
1.805994008013822871e-01
2.525747341878738617e+00
6.142343395849658716e-01
-1.098195006017986364e+00
-7.599801494819606873e-01
5.430113191111459736e-01
-9.663546051992271124e-01
6.519463348650433865e-01
-2.750054985688467291e+00
3.654235276604156368e+00
-4.929724663094569692e+00
-1.753386933997342023e+00
-1.040897351513300872e+00
1.763802985122217559e-01
-2.526391267727972068e-01
1.118598599575414632e+00
9.540307730910169148e-01
7.200527529146296679e-01
4.881640175386726677e-01
-1.817711330259780045e+00
3.946740140383362849e+00
-1.812394489118824559e-01
-2.276887787109677319e+00
-6.756561522925438323e-01
5.605724449765505657e-01
2.914706679345014262e+00
-3.276132201966411861e-01
-1.480501266675408711e+00
2.379538617879470852e+00
1.055298771792964718e+00
-2.050957995021881697e+00
2.540106575759013552e+00
1.565258629407677571e-01
7.030400284208263573e-01
-4.931726339537885750e-01
1.951046398266172321e+00
7.094520646269910635e-01
1.284249785612163519e+00
1.437312721521982195e-01
2.288909232632043156e-01
-8.536699731365561261e-01
9.353873098324909652e-01
-4.160429770173577624e-01
-5.632876444873721744e-02
1.547428914916133103e+00
-9.353777909216480779e-01
-2.781725943828996031e-02
-1.003865407309380842e-01
-2.722185790844331876e+00
-7.973592368102160322e-01
-8.576096364403825723e-01
-9.629517585359348431e-02
1.719410560348721972e+00
-8.936231874023010668e-01
1.670726677512405500e-01
-1.048819780634969057e+00
-4.664261214829541480e-01
-1.239410823220799429e+00
-1.779093528461683782e+00
-1.998949560190998564e+00
-7.834812472343763989e-01
3.199813508838258436e+00
-1.486088017374053161e+00
1.928179319670142666e+00
-1.451034443501237448e+00
-4.987558955684321949e-01
-1.066050979485547279e+00
-7.362466731994729008e-01
-1.211941169946266106e+00
5.097652435829902462e-02
-1.287611221807472006e+00
-1.621727096217452369e-01
1.073808466718370047e+00
-9.909144950169523902e-01
9.208830794171993794e-01
-3.730582906793016296e-01
9.978857238592537815e-01
8.141192502472329728e-01
-4.201011174542340854e+00
-4.746315318425435859e-01
3.478486442592799710e-01
-3.510853325673685132e-01
3.231064584132544493e+00
-5.155685678908707159e-05
4.149087318892047405e-02
-2.159794652421879846e+00
-4.431038231850176201e-03
-3.053101782402709019e-01
-1.121165259359077737e+00
2.868615212603753961e-01
9.893695480322217684e-02
-2.392585136556155234e+00
-1.411001304278640456e+00
7.107011410444787458e+00
-4.618501268168757612e-01
-2.232607896850833384e+00
-1.717116751819685039e+00
1.016829544891465487e+00
4.113113134287003092e+00
-1.189331298560679873e+00
1.824155604352598603e-01
-3.766457811372545983e+00
2.992799264123096936e+00
1.575917098768849112e+00
3.511206839653129741e+00
