6.346296544939931950e-02
-9.938213741407769808e-02
-6.343847780686877602e-01
-5.617293226770593284e-01
-2.869124854424250359e-01
1.304276971928931134e-02
2.047424422328615878e-01
9.504804858746036533e-01
-1.418142617965997276e-01
1.210532662373456692e+00
1.444924699715374850e+00
1.399565859317969618e+00
1.543975253107831569e-01
-1.253737267370165220e+00
-1.558759698634303970e+00
4.860372815077736997e-01
6.149512760949571444e-01
-3.851402354894625790e-01
1.897836646046318076e+00
1.565822515614068156e-01
6.152258777759940234e-01
1.208260396891509547e+00
1.217313172100516816e+00
4.835234739759240452e-01
-7.477440313747876766e-02
2.179470781953245506e-01
8.720576479674353454e-01
-6.660193009825079447e-01
-3.809693072810471648e-01
-5.832368644617907938e-01
-1.328388680712220715e+00
2.308747589061551503e-02
-7.076591774862917017e-03
8.110407166447843874e-01
8.392556432458845306e-01
-5.361809972995503770e-01
7.114620570013494572e-01
-3.894317462525671569e-01
-2.809969803328128179e+00
2.966911654645496554e-01
-8.011526865678968434e-01
2.588008911890958830e-01
-1.419951967799130133e+00
5.992297969491121590e-01
1.942827897435359663e+00
6.722595431462741189e-01
5.557494548844080784e-01
-2.193396268330514154e+00
5.038363790255684371e-02
-1.777363041440418900e+00
6.379704243525759211e-02
-9.462502146954308024e-01
-2.486793547139051874e+00
7.828897920069003424e-01
4.501296156919383229e-01
-2.052491618091719427e+00
1.589899597023437083e+00
8.472408073492836422e-01
6.162299696573882990e-01
3.426790239929186299e+00
1.828475706332758910e-01
5.070480782724446911e-01
2.268939160298524826e-01
6.906851009832032373e-01
9.834376396750085236e-01
-2.008910378936565877e+00
3.748844127969526707e-01
9.079063530776892987e-01
1.988500737647662664e+00
-1.875937088414489362e-01
7.373184943482342657e-01
-1.248310509343442343e+00
7.989761740316043692e-01
-2.177752168452663728e+00
2.902196581817036436e-01
-6.545617272290404909e-01
1.436379199691595887e-01
-3.436986697413852543e+00
-5.828035968532920830e-01
8.663569617573677606e-01
-1.063345731430449304e+00
1.212076884063390203e+00
-6.765739915863497878e-01
-9.136858619481933452e-01
-2.200250088588572517e+00
4.690677066430307685e-01
-8.636447161641591652e-02
-2.264537279687384441e-01
-5.085779508793188963e-01
2.837145767206732949e-01
-3.083367342480846651e-01
-9.235027985437518350e-01
2.826764944858015660e+00
1.249031333876837457e-01
1.415381405691116701e+00
1.681452612918738487e-01
1.407418766737405791e-01
-2.343833643731856042e-01
-2.471233359912712677e-03
-3.949948983602639130e-01
-3.955601505502434279e+00
-6.477828163743443168e-01
-1.024991842234345807e+00
3.326838410061666806e+00
1.255136977745232585e+00
9.955509244506904887e-01
5.152345417097634606e-01
7.452248219972567034e-01
8.161273034855628383e-01
1.610876643281310694e-01
1.700588337504139513e+00
-9.273791378798557083e-01
-4.439384052708947315e-01
-8.608211957174510820e-01
1.213571146388544159e-01
9.954834583145268923e-01
-2.462509804506262667e-01
9.616997975210486160e-01
-9.304669834989006544e-03
-1.214020300747660208e-01
8.823057852314858396e-01
-4.542115921825974900e-01
-4.210877739211481008e-01
9.127880788741633555e-01
8.437276465358238831e-01
-2.065573899816948611e+00
-5.073155176832830016e+00
5.140853187514888845e-01
4.479084339017380678e-01
2.522357936468350381e+00
5.705543766903227176e-01
-1.694687706394587323e+00
1.348277428239819109e-01
4.085744966994630523e-01
1.110222064440196998e+00
1.512255191644542029e-01
-3.063863090664289857e+00
-2.068869481429000401e-01
7.943190795741442711e-01
-2.710634890668549013e-01
8.403695586956447805e-01
-1.136985098614550438e+00
-4.733557041977741742e-01
1.119195349014102669e+00
-1.717968142024211442e+00
-9.149680214892366159e-01
1.504131005043284119e+00
-1.055578829696862897e+00
2.852334831404019333e+00
-1.544413826018918190e+00
-1.388052025717392945e+00
-2.968366552473206799e+00
3.522245175081526014e+00
-1.881228466583726888e+00
2.215893021606840652e-02
-2.759858508766254159e-01
-1.065103811446129978e+00
-1.023231626482893120e+00
-3.676136616756722764e-02
-5.415670458832125833e-01
1.264831929672042721e+00
1.021169925902561948e-01
5.073063760575298176e-01
-1.806419303897015771e+00
-1.309602352886306553e+00
3.428966231517407870e+00
-2.948503849274095034e-01
5.619161672737054136e-01
-1.895405417954695304e+00
-1.205932862914583792e+00
7.321542844416940587e-01
-3.596901141359177823e-01
-2.086449120992111828e-01
-2.388807052834991951e-01
1.441769527173558885e+00
1.503993828057973658e+00
-3.829008813293631075e+00
6.660971132324264854e-01
-3.243841232189252910e-01
1.350965588196528788e+00
5.911355435473787168e+00
5.157581859621351850e-01
1.106223869366633972e+00
3.412409276503369226e-01
-3.221512739275805837e-01
-9.938934839526782916e-01
-5.101063213564884791e-01
