-8.582917223470997170e-01
5.206865507022685746e-02
3.928512598906047093e-01
-1.445362937009970206e-01
-7.457390311326606014e-01
7.454198966003630078e-01
-3.449673901339748161e-01
6.609349598102595147e-01
6.684398480691259303e-01
-8.259478263220240146e-01
9.482472128455199378e-01
-9.071063115341231331e-01
-7.062812491396632808e-01
-5.003886487845835562e-01
-5.414821425629521290e-01
-8.091668836980392410e-01
7.504186529571257869e-02
-3.169218170139213031e-01
8.010649188270057008e-01
-5.617693836658405049e-02
-8.368565101064544542e-01
6.169612854331638641e-01
4.977652194453052181e-01
1.274573226647633117e-01
-1.678102700396448266e-01
3.554490718489122236e-01
7.774736795026998548e-01
6.549805272309550119e-02
-8.822622216162538944e-01
3.959148861334411129e-01
-3.229887026766321001e-01
-2.325175819267086552e-01
-4.649182414929242668e-01
7.126172393902063806e-02
1.715175293930914779e-01
6.744853722054287015e-01
-4.697838047332569822e-01
-7.351316057647264701e-01
9.660473157770780306e-01
3.184918788117430122e-01
-4.368849620083319896e-01
-6.114768176181799575e-01
-7.677596414663466484e-02
-2.236032912818634588e-01
1.368512777254683732e-01
-2.245602827523564549e-01
7.312542825450999429e-01
6.127485073683854866e-01
9.264055991043037563e-01
-8.902947593482992694e-01
-6.498485323776859168e-01
4.715984834302384687e-01
9.681757592561149872e-01
-3.257289412817185870e-01
-7.283998212144457973e-01
1.137050620592748584e-01
4.134804393316815485e-01
4.464716170150584973e-01
-5.512283367293775438e-01
7.499908810258582026e-01
-8.431324276366753967e-01
-9.515564683482138353e-01
-9.780766193742619352e-01
-5.199379514941206981e-01
5.655686804914871191e-01
-6.146444742172171294e-01
2.758541423542679727e-01
9.544786387925239257e-01
-8.299538397992864414e-02
-6.619015477409978532e-01
2.198732997101079389e-01
4.863000231681045005e-01
5.674179807056528579e-01
8.422641907113421755e-01
-2.232322326537026780e-01
8.493420607069410710e-01
-5.556548032045421914e-02
4.673327023460563945e-01
-6.336853013607874896e-01
4.010193790182128293e-01
-1.269325974755264319e-03
1.215235801496302170e-01
-9.794342747133266691e-01
5.930747417868207361e-01
1.020583824126879979e-01
8.523143932709952297e-01
3.206211902388416135e-01
2.938471791431103708e-01
5.289806143968723839e-01
9.116910732737795175e-01
8.328954183967651748e-01
1.240215055679115830e-01
3.493949935714678601e-01
5.846658925505942017e-01
-2.149487129702187804e-01
-1.677790459419458702e-01
1.112478593430068052e+00
-1.838566415196234982e-01
-1.636775335489455141e-01
-2.400120497494976635e-01
6.938248835239623213e-01
3.396848000430584547e-01
-5.328100598666108967e-01
-7.435860033269290348e-01
9.686055350125252206e-01
-6.631786725498108048e-02
-4.800374647058516797e-01
6.190925536968613224e-02
-5.316725877534675404e-02
4.889235819948283823e-01
-2.685841785142815130e-01
-5.291550740299656441e-01
-8.835066325700433598e-01
7.101253851844858689e-01
2.992109561332586543e-01
-5.139080259981390064e-01
-1.630778120684074350e-01
-3.212153726807041587e-01
-4.969908197399583449e-01
-9.283828747731306397e-01
-5.148620147384599388e-01
8.841485796620801585e-01
8.433804679366310730e-02
6.609293346134067493e-01
-9.519067732620127842e-01
4.448130327651642069e-01
-4.486049100820938551e-01
-5.538940529745378649e-01
-4.999212339857255216e-01
3.958428642192429736e-01
7.693893914250908850e-01
-7.912930799928036274e-01
-3.641157978953429852e-01
-9.062247789653632424e-01
5.734727725035111412e-01
7.478063532014561643e-01
-1.710946708574223041e-01
6.375702600137888032e-01
9.301506807772794705e-01
-3.126276398325837924e-01
-1.009595676273473908e+00
-5.400239278036751411e-01
-5.036878007012827174e-01
9.884809829298624173e-02
-2.958567257454807198e-01
-4.781596238922269371e-01
3.722422073377039675e-01
-8.384588923477906963e-01
-9.726493624267349425e-01
-1.690956812370381923e-01
3.239388472928578788e-01
7.485495363139713643e-01
-4.683967888253913747e-01
-1.123414706551184167e-01
-1.221056811183907492e-01
-1.131398327817936034e+00
-7.475926810766428954e-01
3.536802014227858892e-01
-2.021659532709220164e-01
-3.088015092800667771e-01
3.927504531143672928e-01
-7.427154643785192079e-01
4.806220857070885311e-01
8.198038462995627107e-01
5.531305687651353331e-01
9.379444112527239863e-01
-4.871377055109131216e-01
9.806153696691627397e-01
-6.967637444719557704e-01
-1.789232441279110242e-01
-1.097379328825444755e+00
6.299913436931189326e-01
5.147563902160859906e-01
5.526536337673325638e-01
4.375505236119511254e-01
-9.567595298896769407e-01
-4.468297228001414378e-01
-5.193022311746398056e-01
6.842075339735934625e-01
5.055019690044839642e-01
-1.031540515781153244e+00
-3.343272079593964108e-01
9.138681106229318285e-01
1.339426284187840710e-01
4.949284541881130983e-01
1.438695756950967020e-01
-6.191669548134902390e-02
-2.352628845287628723e-01
3.226820724512031169e-01
4.874292082597200260e-01
-2.117295802598049836e-01
-8.004454626594381672e-01
-1.156660916337822753e+00
2.667833076678718940e-01
3.516893066314098482e-01
2.966537141816973921e-01
-7.354148184836962754e-01
-4.933350613190120026e-01
-8.073120184564558377e-01
-6.790654383064645416e-02
9.477976853230422050e-01
3.240021259777973728e-01
5.861699476119367480e-01
5.645554840791582318e-01
1.451740368558672445e-01
9.553835502389509404e-01
2.261859762911405669e-03
-3.091915945900156060e-01
-1.860285396706372330e-01
-1.602564655429685736e-01
5.794213584765617320e-01
-4.093255889006939263e-01
1.922715566788203156e-01
5.321734340638454297e-01
8.118300681085192094e-01
4.373472088571908056e-01
-4.768077595508942723e-01
5.794174905283608901e-01
3.915541563377621381e-01
2.554629532714295381e-01
8.830546726376139466e-01
5.711149446992373757e-02
4.239362558642153500e-01
-1.014171966868526731e+00
-4.454861538880053318e-01
3.495132927611910301e-01
-8.591886265860343430e-01
2.312431101827545077e-01
1.349597782028790494e-01
2.789022857585616855e-01
-2.724617735753225856e-01
6.254338566157856549e-01
8.889369601170765689e-01
1.772687952977035908e-01
-3.589859397377762051e-01
2.210984105192513594e-01
-3.254504131050260929e-01
-6.545462055473914020e-01
5.084606623336067610e-01
-6.602164501852778589e-01
-8.405882533692505820e-01
-3.710794047148877617e-01
-7.438231511597410694e-01
3.860956331472359393e-01
2.773010876523516188e-01
4.158747031828412544e-01
1.810803939905012983e-01
-5.944020657690682885e-01
-5.949057268711517299e-01
-7.685822354827099856e-01
-3.936451805205469778e-01
4.104576876043609102e-01
-4.257229450650423797e-01
8.282012298788770099e-01
-4.514928261527792475e-01
-3.887138235080005444e-01
9.611856306421351359e-01
9.416971677566335908e-01
-2.570845597016869766e-01
-1.060187374474766270e-01
-4.601632287693503964e-01
-6.488573316091897913e-01
8.793795265492423407e-01
8.298304007045227693e-02
-5.762193898339070808e-01
