1.029862509381964664e+00
-1.391536667099792401e+00
1.607829714089976880e+00
7.733092770769736113e-01
1.365548908229258673e+00
9.829753647076274747e-01
-3.602767458358591690e-01
-1.003118347370357988e+00
-1.449635340802190031e+00
-1.745039428800931880e-02
1.351112602976312749e+00
-1.086044428536070194e+00
-2.588402771639237265e+00
3.424616275720478997e-01
4.921425013452803143e-01
-9.909732560265487322e-01
-6.122882650899525991e-01
-2.394739966834732670e+00
-5.723526202791359152e-01
-4.673676389062861869e-01
3.762729165771503403e-01
-1.668280437168645491e+00
1.570457038042356812e+00
1.539368204606944124e+00
-1.037487562367731320e+00
-2.029365175928166121e-01
-1.393271631728532967e+00
9.895389957727837027e-01
3.415405375617724948e-01
4.813378949158129139e-01
2.718289319366868906e-01
-1.603149972021308933e+00
-1.476453350273611465e+00
-7.307784340713141535e-01
4.120739725761906058e+00
-1.817000412314749402e+00
3.177236969763810870e-02
-2.661782675058575354e+00
2.892562576406152441e-01
1.419394321587355456e+00
-4.054059474421133902e-01
-4.985401161534072090e-01
2.411290572661421439e-01
-3.168371471033933906e-01
1.150340523152741046e+00
1.853136520878748694e-01
-8.791268443269177890e-01
-2.132762870011684075e+00
-6.808419488589760871e-01
-1.773576881156424090e+00
1.106941997261092991e+00
-1.323839182301702611e+00
7.856181499058748630e-01
-1.147332869527721844e+00
1.056154772149169307e+00
1.520271729909281611e+00
-6.842600134926939415e-01
5.764830414563288929e-01
1.482758645684772336e+00
4.589973007084779399e-01
9.202077734438629530e-01
3.279602357350261954e-01
-1.110748108457540351e+00
2.279718960814425821e-01
-2.131499679976624151e+00
8.122536141943157428e-01
4.279497131668585364e-01
-2.207895523856908238e+00
-6.705026732944454615e-01
-8.430490454022541158e-01
4.218029951116579190e-01
-6.204047556778000683e-01
-5.239049050910614680e-01
-1.303033351916813132e+00
8.339442039877132951e-01
2.070921532506225793e-01
-1.094041347721504742e+00
1.942039099287892645e+00
-3.614838496514840016e-01
3.305218966886364074e-02
8.200002476296432974e-01
-1.280073259422684240e+00
-2.266188133508742375e+00
1.625192829197873445e+00
4.163810321227277012e-01
-1.871436088492831606e+00
8.835337633631656917e-02
1.098296604006616661e+00
5.841172504149899636e-01
9.065710598471611315e-01
-1.994818619519424185e+00
-2.387669442709999812e-01
-2.584201193375433858e-01
-6.046643667920142962e-01
-2.206460363288024196e-01
1.033861053696212506e+00
1.041573878357403560e-01
2.410175200553657526e-01
8.645432660222017729e-01
6.516135398824896008e-01
-3.045297317560573536e-01
1.290344686454581780e+00
3.050404995383497742e-01
-1.645082938058032740e+00
1.117427924212305523e+00
-4.734405906186003321e+00
9.614714471145751062e-01
-8.973675809450640806e-01
-4.501508870682194297e-01
1.150233931797565390e+00
-1.811024088622034955e-01
3.814186545047517085e-01
-5.404486827984309016e+00
7.290949718503005883e-01
-1.349078937585208582e+00
-2.693393141636807320e-01
-8.107681577633398806e-01
2.019981922402622754e-01
3.222752794044407842e-01
-4.278103896559142805e-01
2.259698475221443570e-01
-2.885738345820959561e-01
-1.443209268746098894e+00
1.304203647085192319e+00
-4.929130207246475770e+00
-2.358202958454823084e-01
-5.159057354454780198e-01
3.400134615887075995e+00
-1.984662966857173583e+00
1.582577218011701481e+00
1.240581153013176063e-02
-1.193681962605635416e+00
1.730263342342216681e+00
2.181866302140496039e+00
2.441709173553367584e+00
4.643861262047583871e-01
-1.313256992752403152e+00
8.029682065650471934e-01
4.541934006939431612e+00
-2.157497954930061301e-01
-3.987613028860500508e-01
4.919859989888506480e-01
-1.858060464774865528e-01
1.015379311813202401e+00
-4.333373560864797192e-01
-1.723093319107693144e+00
-9.253738309407279206e-02
-1.659670852929473694e+00
5.076530509100459776e-01
4.671399100298109452e+00
5.894692428422054764e-01
-1.095582975715048812e+00
2.112556980707535823e-02
9.574152949286131031e-01
1.786579931581152803e+00
-7.073364455052727484e-01
-7.286343638282877233e-01
2.875981136886104350e-01
2.225909382201615161e-01
-1.206803244176039014e-01
-1.164841932353946063e+00
-1.685586245351285317e+00
8.350480282893235184e+00
1.245366835879576861e+00
-2.392146776588949475e+00
7.796096218242447307e-02
-1.521238783038231013e+00
-1.800711441957277392e+00
2.661187703836361607e+00
-2.626241603119328971e+00
1.308516784235284725e+00
9.732605313878539555e-01
1.251722453975263383e+00
1.454075860060187075e+00
4.839248498998979242e-01
7.869979130104761689e-01
-2.172019612991991533e+00
-9.060609191764822379e-01
1.837873131379090808e-01
-2.958705566204511417e-01
-5.340680475318375642e-01
2.646271443944856028e+00
-5.552042111785300271e-01
-3.559644605939798367e+00
3.842501297010457173e-01
1.685559043892024045e+00
2.396793826238368674e-01
