1.781066377183538219e+00
-3.400271319038071782e-01
-6.282808469850524880e-01
6.681781058625509973e-01
1.536674958121801549e+00
2.183895222870578579e+00
5.437872058884184456e-01
1.807402772414646863e-01
1.776866671971009115e+00
1.124853087073824087e-01
1.436850795717757312e-01
8.763772300205946442e-01
-5.546146462115764120e-01
-1.945205152787484182e-01
-3.509249030862575669e-01
-2.031131949551577609e+00
-6.013537697668924070e-02
-1.094913629981286718e+00
-8.028432916950815068e-01
-4.552275087870453207e-01
6.240603924376697531e-03
-3.448661417768127124e-02
-8.979895727951894280e-01
1.621713098304100598e+00
2.680646325382445294e+00
9.753245572782435202e-01
1.948320432400730828e+00
-1.310758791542342205e+00
-1.477349585379798269e-01
-6.451381351556466637e-01
2.723722419757980129e-01
-2.983515601461560474e-01
-4.951609319585815183e-01
4.211560265076216836e-02
-5.974505104688336843e-01
2.404443279982309556e-01
1.184417397545862727e+00
5.700018702335175602e-01
1.274495090244417650e+00
-1.535474407715770484e+00
1.975199902542236763e-01
2.965554803907975712e-02
1.115954533044352548e+00
-1.415999077730680789e+00
-1.310065682288579003e+00
-6.637355896627628038e-02
-3.970890789903462892e-01
5.350950380889275548e-01
-9.880300317129899756e-01
1.059735990658920990e+00
-7.102399612211598434e-01
8.051450451852958379e-01
-6.897125611075772822e-01
3.782753382887725224e-01
-8.293496185972081269e-01
1.120545256773158860e+00
-1.115312247557266545e+00
-4.238773022811547220e-01
6.618510846437035688e-01
-9.642913498817539120e-01
-9.317528727317638815e-01
-7.794158325998534753e-01
-2.530639594797261527e-01
4.592856604140398979e-01
-2.249934209914401073e+00
3.703273661139793171e-01
-1.013686413520327845e+00
1.562927677541098292e-02
-6.910147048898238054e-02
7.047743632399300351e-01
-6.405978149142266265e-01
2.500054327304540802e+00
1.636606674134777617e-01
-1.365007651202502226e+00
-1.282294639817278814e-01
4.830105551154746935e-01
-2.404691282610480929e+00
1.202406118006144276e+00
2.762764727817160093e+00
-2.579023981021096201e+00
1.662283274281028955e+00
-1.268409831911459840e+00
7.727065074718830751e-01
1.682565350017166395e-01
1.500577339934521026e+00
6.458580963002666930e-01
-1.340952554709273548e+00
1.469041867990855399e-01
-4.386061154464719336e-01
2.246840706029393231e-01
6.883650346715933788e-01
-8.998405954107980831e-01
-5.433545316525290048e-02
-1.286248797065320248e+00
-4.624973379822801545e-01
1.546671686517200328e+00
1.590478552020643921e+00
-6.205434728329674021e-01
9.935392992299547921e-02
1.387260322736565632e+00
-7.144917595928197418e-01
6.139207352550617447e-01
1.923429297649610570e+00
-6.122415448516347336e-01
-1.000192440590122800e+00
9.911712486934359800e-01
3.484370924304734940e-01
-1.492008068559587952e-01
-3.579397954066457221e-01
4.153632902414001182e-01
1.144664041752735617e+00
4.736989246462102177e-01
-9.384051102429222802e-01
7.316601511941240865e-01
-6.936718457884685218e-01
1.583419868764723848e-02
1.748567457446940976e+00
5.202859258412424470e-01
1.721991464320477561e-01
1.799042350837197990e+00
-8.976502076960801713e-01
1.030041829869573711e+00
-9.089878317059843504e-02
-6.046013342395875068e-01
4.706380145456160458e-01
-1.131811660133386965e+00
-2.873764018106456319e+00
8.482644464090305370e-01
-1.496692023483797707e+00
4.555151428409283110e-01
5.507234868776452741e-01
1.453307839437546267e+00
-2.048421041593330716e-01
1.054377038783259168e+00
5.905254944632498670e-01
-1.298779423914499631e+00
-8.302267115767671957e-01
1.418296748558709686e+00
2.139099490742328302e-01
-3.722174105811771883e-01
-2.391864854776382110e-03
-9.262964002940603514e-01
1.442316168547364552e-01
1.095272218880118664e-01
2.031144793946591531e-01
5.136230476877351458e-01
-2.393938291785949468e-01
-2.377532340659334331e-01
-1.207693803306772562e+00
-2.184917164277330459e-01
4.649363303836552275e-01
-1.537655474528699218e+00
-1.801625319355142363e+00
-2.437596262302504257e+00
-1.485421928538558145e+00
1.936916184423421061e+00
-2.958942321000167242e-02
6.650771695082509094e-01
1.536265318733946117e+00
1.251441979817100036e-01
5.646735016212095504e-01
-1.792332267809489732e+00
2.098519066377356079e+00
1.294618836162633846e+00
5.461260734187020072e-01
8.358052905285474621e-01
-3.921426766170640899e-01
2.395450772168777054e-01
2.124969476155096904e-01
-9.230367882643284450e-01
8.255960949964079587e-01
-5.527890951587426382e-01
6.525476160388735680e-01
-6.729751353411728143e-01
1.135721054530979490e+00
1.203102599176757437e+00
-8.570799214181495929e-01
-8.140909653845816996e-01
-4.259216892904366114e-02
6.194164656601862384e-02
-1.308022405802947263e+00
5.426815218964287091e-02
1.805688393288967797e-02
-6.765383018578785546e-01
-1.650373989285583765e+00
-4.183763530490642868e-01
-2.223732599394685761e-01
1.881647894151831923e-01
1.051434996183443937e+00
1.190988456031388587e+00
-1.450026129949951059e+00
-1.352260826159443097e+00
2.851643071829888521e-01
-1.113992092936222811e+00
-2.622816325241826840e-01
-1.465693291806937415e+00
-1.212056293309608179e+00
4.512869135522652730e-02
-3.056734402148607310e-02
-1.629129091218209258e+00
-1.734864307471021272e+00
1.226350897940063689e+00
6.587990251239093098e-01
-9.956174982754136815e-01
-6.519701967379601948e-01
-6.434848774340432565e-01
-3.737683727395195721e-01
-3.005437374107275961e-01
4.792800948084075530e-01
4.601598071050133076e-01
1.199062731990402808e+00
-8.191040402049462044e-01
-9.120496002148491543e-01
-9.738032009545902756e-01
4.881584412091330982e-01
-9.797821358854138518e-01
-4.975871950884415695e-01
1.124718649951864879e+00
5.332847156938514965e-01
1.046005605715213838e+00
1.299660458909545624e-01
2.417207578752170460e-01
8.159204919599738481e-01
2.675455180406912659e-01
1.081389631196732370e+00
3.479140400848810821e-01
4.625798056066111053e-01
1.637730369203076020e+00
1.059530843452793469e+00
-2.126149921543076249e-01
-6.110818035054833564e-01
-5.451971955547502136e-02
-1.625837945376197580e-01
-1.160950222871370396e+00
1.866130780503557074e-01
1.479445116398750704e-01
-9.605872462377000875e-01
4.930188916463112969e-01
-4.383483249318530506e-01
1.190964429493420296e+00
-2.063667267028947427e-01
5.195164440904758152e-01
-3.823534503859901124e-01
2.306207211975875637e+00
5.420825557960146091e-02
-2.738059557323663240e-01
2.041625014573381858e+00
-3.096405592302343135e-01
-5.821921945122255915e-01
9.212017639560532434e-03
5.065712351343968356e-01
7.302013724719442767e-01
-3.526973608219903245e-01
1.407561877792879779e+00
-2.139153145276696755e+00
-1.038132527740663669e+00
4.751683994554696255e-01
-1.429615418747535172e+00
1.505662361929351656e+00
4.713785310850744925e-01
9.767751382032535679e-01
-4.376341668902070658e-01
4.160809680240997177e-01
-2.359631792499253811e-01
-6.847645988613212387e-01
-1.324194909825256727e-01
-9.937456558717732147e-01
9.303143788984087337e-01
4.885992962594159494e-01
-9.895273598867777576e-01
-5.354135406594502378e-01
1.384070498545135308e+00
-1.031698009916671932e+00
-1.981221777902480163e-01
6.966713286566773577e-01
-6.102308165696656017e-01
3.184036086820193345e-01
3.255564570106108668e-01
-7.928189283319714287e-01
1.410561200879926202e-01
4.244009026701387466e-01
5.349709889450358080e-01
-8.517677835859777113e-01
-7.861844606003938196e-01
1.048704051183743546e+00
7.165660441504457800e-01
1.295289631980520273e+00
-5.047014151066540055e-01
-4.453546244000909371e-01
1.194262194047724490e+00
-2.024162517479770051e-01
6.840987408072707332e-03
-2.988587682866543638e-01
-6.102724254842595286e-01
8.644550060369031730e-01
-3.053726597509751617e-01
4.067713198877371816e-01
2.588286577695058099e+00
1.322280546703755721e+00
-3.838024107940060659e-01
4.175834590575713823e-01
-6.016386613322473043e-01
-1.108277518038226273e+00
1.168017732405044029e+00
-9.506989545726198809e-01
1.477767386423255003e+00
8.506962318822421931e-01
2.674513647501720826e+00
-6.782967404405260137e-01
1.008410419564374161e+00
-3.174124069145096705e-01
-1.430116066299793820e+00
-7.244963004406175244e-01
-7.071355163876262839e-01
4.136709607927165910e-01
5.212124150756550778e-01
8.249063862285648252e-01
2.024371795749021263e+00
1.287474954827938722e+00
-7.759944616924361327e-01
1.754819187362612332e-01
1.985682988874692301e+00
5.684190979972545410e-01
3.570666257194546889e-01
5.763794449362131811e-01
7.312630016248634623e-01
-1.093665085125389291e+00
7.757661862439388933e-01
-5.627224211573507162e-01
-3.699005618693188002e-02
2.311053919555682568e-01
-1.188732875282247470e+00
2.165865020727675283e-01
1.068944404797009806e-01
-1.924422894326790034e+00
8.024357860239653140e-02
-2.721573309428607645e-01
-5.477028103681067517e-01
-1.009164216331463582e+00
5.464576541490244743e-01
3.309212345664223898e-02
3.092201225998818248e-02
2.075110033863335257e+00
1.257483554190603314e+00
3.204909968370486251e-01
-2.320499311427428046e-01
1.117345711763828575e+00
4.197399780491566923e-01
5.878003473620347918e-01
4.919779799631245898e-01
-1.624354732075395935e-01
-3.407173053483305569e-01
1.002956705662494619e+00
1.102847898406591698e+00
7.533990617727425176e-01
-1.414964292947475943e+00
-8.350875636563477589e-02
6.193994258733404035e-02
-2.655185095495987024e+00
2.576923337919894696e-01
-5.000611823721148319e-01
-1.577115815657595954e+00
1.607290392209306806e-01
-1.008616867654254845e+00
1.324794911569041611e-01
1.617060874992465591e-01
8.047165641975028150e-01
5.056975468454266709e-01
6.054247833751290608e-01
