1.052021288541660660e+00
-9.810537598863379172e-01
3.455239293157719160e-02
1.360572746850676751e+00
-2.427128222631864674e-01
2.752243087236106334e+00
2.701702695189920789e+00
2.848615565308985076e+00
-4.738424504408922822e+00
-1.370962129392132023e-01
3.793106241440959425e-01
7.855138835158335109e-01
-1.177250432190947160e+00
7.624210145842669206e+00
-3.882008737953116517e-01
-1.395242626179273415e+00
-1.270049736565501464e+00
4.025981642464868671e+00
1.549715213285453697e+00
3.017246901320810970e+00
1.033296494995161519e+00
2.401666776070990883e-01
6.970668383710214577e-01
-6.943585382880135271e-02
-2.574913936786501711e+00
2.741248920492689312e-01
1.733478169346155617e+00
-1.489025174378663552e+00
-1.060735405393419928e+00
-8.188396451285562261e-01
-2.541831432369309862e+00
-8.542811008010253726e-01
-2.207548139217423433e-01
1.362178121734214598e+00
-4.801369785762257258e+00
-5.926108107152867621e-01
-2.897278225456564327e-01
-7.321342731140073612e-03
-2.337557904798583053e+00
-4.741406574725612888e-01
-1.069329363843091851e+00
-1.271560406251601272e+00
-2.460253528146288282e+00
-6.064439760624251718e-02
1.073356437079071579e-01
-2.878928981992858738e-01
2.532920281112988725e+00
1.053997693023499105e+00
6.906083409510914706e-01
-1.352544468887131091e+00
3.222668987344118108e+00
2.388088392397872184e+00
1.148004872471550586e+00
5.248177944586838173e-01
-1.038528297589428329e+00
1.294960106742752304e+00
1.600359462672172661e+00
-1.354304321437315384e+00
6.342735113046515938e-01
-9.611116810855324655e-01
2.343322061373736886e+00
-1.016360448547559470e+00
-4.532260365905194988e+00
-1.068553706908139667e+00
4.436242534631223977e-01
-3.182492096330336029e-01
5.087127968559173041e-01
-5.214449655514798998e-01
-1.032181215406063668e+00
-2.780241193130439381e-01
1.642622659126227402e+00
-6.651846026289713887e-01
8.391278269008206614e-03
1.313412015986215320e-01
8.761170080199998100e-02
-1.532271491505732941e+00
-2.475404052291101942e-01
1.109656582782622802e+00
-2.516084129617317089e+00
1.232753721279531200e+00
-1.105709788175789576e+00
-2.966014750154534196e-01
1.611813693543490134e-01
-1.667630381443055310e+00
-4.428640116928623388e-02
-3.385243433734799190e-01
2.788766039624750448e+00
5.747155636469373219e-01
-1.597436693192682555e-01
-2.536455686787306152e-01
-1.656348565805171313e+00
1.242104753204914092e+00
-2.589319601411407490e+00
2.585896661553585218e+00
5.707366751868337557e-02
1.361749617814554725e+00
-9.885019682470181923e-01
-1.166079334660822947e-01
-4.459550669498016373e-01
-1.248672501105019927e+00
4.007392266386787805e-01
-4.816113925038270627e-01
-7.354973840240346394e-01
7.300075413830078297e-01
-7.882832142318696445e-01
1.490334379417104671e+00
-3.579641265283797225e-01
-1.510705290500169440e-02
1.319492203161566346e+00
3.081189370059989052e+00
-1.631505344886455600e+00
-1.299982751589206842e+00
5.749006464531681848e-01
-1.018025439090245676e+00
-7.639990130171911975e-01
8.062336979072086685e-01
-3.409715874250340839e-01
6.013517606309382035e-01
2.359087785034597040e-01
-1.021113106659289615e-01
4.665051192415873293e-01
-6.608976767546057562e-01
1.030089931717628859e+00
6.281404764051399248e-01
-8.587019979585467366e-01
1.852530925803670403e+00
1.584715988474783011e+00
-2.038322187712827915e+00
-3.343730620362288519e-01
8.577336699680576659e-01
1.176710292529258073e+00
8.424199103210817663e-01
-1.469318373971899128e+00
-9.338654427199821750e-01
-2.184886865253673705e+00
1.605147571702020048e+00
7.611986999765805173e-01
2.114955401775502342e+00
1.334830630773800042e-01
-2.368943026476074465e+00
2.016654810430903444e-01
1.911846399058553025e+00
-1.176603004827338372e+00
2.532432300647179391e-01
1.938993976792437124e+00
1.926488147857963185e+00
-1.042476118658514528e+00
-5.107077751434000668e+00
3.779292529396620637e+00
1.560715265740725943e+00
-1.227848574852613117e+00
3.452431213060410009e+00
-6.307061580549263802e+00
-8.655463543498873591e-01
1.640926185957241046e+00
1.654718314738362395e+00
-2.395853644844799235e-01
-1.298471755352122781e+00
7.002297616653015144e-02
2.451998212408451394e+00
2.764904836090451123e+00
-7.102758365957320130e-01
1.393965451281632406e+00
-3.711147420378027029e+00
7.324126440909228819e-01
5.259305841657024860e-01
-3.112397052335185155e+00
7.771385666603014553e-01
-1.785377695278267840e+00
1.999158533514076463e+00
3.431611309043938629e+00
-5.266172235005711633e-01
1.634674071500042403e-01
-1.468655738530357802e+00
7.726642190710804048e-01
2.287103979419367050e+00
4.917871719721889079e-01
-1.214853338276161043e+00
3.146093241186982414e-01
3.670608331582905781e-02
-1.220022780649552718e+00
-6.941373331578239991e-01
1.118974898490905368e+00
-1.245967450978627822e+00
-2.623204176599487347e+00
-1.105734103404431012e+00
9.517181542724838239e-02
