2.338376826523095975e+00
-9.191495773579778650e-01
-8.279747255897806912e-01
-6.823704549122432406e-01
-1.564207694580564079e+00
2.407635866364974120e-01
-1.072366424576541633e+00
5.479845587454393874e-01
-1.410444576664056759e+00
-1.234671463140967651e+00
-2.641055856854058748e-01
9.748892541690059588e-01
-2.162693505847703701e+00
8.775740558499699473e-01
-2.046501870206757001e+00
7.177061859065538840e-01
1.671514092534346074e-01
7.298527259339218087e-01
-1.778388247565179658e-01
9.070592037190565726e-01
2.629601803275096739e-01
1.203494681393012522e+00
2.916456738692467354e+00
2.383946301972834081e-01
-6.399083525446479515e-01
1.247115547144679981e+00
1.812479022382327942e+00
5.265995181715057427e-01
-1.840843224370712072e-01
8.150564881143980145e-01
-9.194645319571896902e-01
3.665504803062582972e+00
7.770215478220001692e-01
4.646158364990499168e-01
-1.071618167855821202e+00
1.174268843843574661e+00
-3.782141225488354408e+00
-2.816012598246489862e+00
-1.527040731675921137e+00
-1.286537881483864831e+00
3.093833694245635979e-02
-3.401281567725383148e+00
-3.360233155981577902e+00
4.263464776154854974e-01
9.873314556144319187e-01
1.205919495176660527e+00
-5.985293999452152569e+00
-3.630256851002474860e+00
3.252514980840000569e-01
-5.311295306205532363e-01
-9.874421342449518635e-01
2.316549604369331217e+00
9.883518467206124924e-01
5.127558150512658008e-02
4.638155109830310319e-01
8.259727349358286785e-03
-2.466140657322499485e-01
8.139332410964081888e-01
1.894122152256700886e-01
-2.947416809447477970e+00
-1.609111437474601392e+00
-7.792818578085939363e-01
4.318274162789697557e-01
-2.120605739847663818e-01
2.245119315539162663e+00
1.687982814407421039e-03
6.754057882539669933e-02
-1.985995609602834167e-01
1.695914179705728664e+00
-2.111281521303976505e-01
-3.702169769880845784e+00
-1.071505810097408862e+00
2.619472524301261901e-02
5.887768494682514842e-01
1.430279261909777055e+00
3.607023587345213333e-01
-1.233821504074350095e+00
2.977734479851424254e+00
1.879997561092377367e+00
3.413647392277797898e+00
1.352218980917122781e+00
-1.178134569797854914e+00
-1.582135440648340552e+00
-1.203963225718147179e+00
-6.802559774441568896e-02
4.418801593459871779e-01
2.726147831049843262e+00
-9.984661708556201720e-01
-8.604145221957530953e-01
1.613723181142901808e+00
1.664676717603951861e+00
2.691414898724162064e-01
-1.871193707759507552e+00
-2.172383086861032098e+00
-1.841841077537867077e+00
1.814327758029977478e+00
-1.187320839001560158e+00
-4.023143914093059159e+00
2.803290537848349140e-01
-2.529746978023383885e+00
-1.905657268278979188e+00
-1.172326500455085796e+00
2.285384948814698447e+00
2.388864045072200959e+00
2.665728044799042240e-01
-2.220661742804412031e-01
-8.774673022287189372e-01
6.471734938670992143e-01
1.990393261187272556e+00
1.820928254929539580e+00
-6.166851600276733458e-02
1.436663274894818931e+00
1.025052528947466790e+00
-3.968770500368071219e-01
1.244615086192586428e+00
-2.032644033336369116e+00
-4.000087820498643421e-01
-3.090515601280896085e+00
6.290750063698973271e-01
-2.686588753462914259e+00
4.756988482850710298e-01
-1.016101440048773202e-01
4.976351571031302212e-01
2.934025105086443208e+00
-1.946079832875446947e+00
-5.064889308841576954e-01
2.213160785292303423e+00
3.248558964101246005e+00
-5.536285563555198852e-01
-1.583018314244828639e+00
-4.186695648799835245e-01
2.907099593681982341e+00
-1.576843566009421549e+00
1.415595795778334498e+00
4.204227133415183726e-01
-1.091110198306412205e+00
-1.463235878102468579e+00
-1.564173322880103578e+00
-5.901802011510694612e+00
3.621519510604027214e+00
-1.096875036249446822e+00
-2.489757620579607922e-02
-3.219408705375730317e-01
1.516224549884567452e+00
1.400106726090297293e+00
8.791319860802120356e-01
-9.720212726504845469e-01
-2.733996675289371403e+00
4.780188310499916549e-01
1.601715089833678940e+00
8.791056625226688626e-01
6.959241358992132587e-02
-2.059362267942477231e+00
-4.497547504490279069e-02
1.901605327783112642e+00
-8.209887734134079240e-01
-2.792530110674976140e-01
-2.335929010849617349e+00
5.031639474208902119e-01
4.684078870398085570e+00
1.505090020795697647e+00
2.123815124253598530e+00
2.590487419761594357e+00
-8.989366282583699075e+00
3.559630225958825278e-01
1.698957620917792566e+00
-2.708416023902253222e+00
-3.575452468052023880e-01
1.899721590031049068e-01
9.625700173655369341e-01
2.511630844459818324e+00
2.372555160382819661e+00
-9.398710744031419928e-01
-1.104526639403930366e+00
1.340636980461178629e+00
-4.482899848579717794e-01
2.415315048664223863e+00
7.827953621636105641e-01
-8.588890908000634816e-01
1.146863466334811621e+00
2.589319016079777658e+00
-1.840021205594829290e+00
-5.620531028436658305e-01
-1.400708548836195888e+00
4.750461796671034964e-01
-1.898060721638646781e-02
-1.034904905847690681e+00
