-1.499187984417719166e+00
-1.005025055370040443e-01
-4.790696319323112462e+00
1.268616130613470006e+00
9.617332237948747475e-02
-2.172535212893293544e+00
4.857576682795343714e-01
-3.615444965002756028e+00
3.871525551377179575e-01
1.692426957856067449e-01
2.035460565515232467e+00
-3.035828527796840537e-01
2.833498559723471311e-01
-3.202831081341140917e-01
3.936879436152453060e+00
4.468352348844399913e+00
-1.161382635121378515e+00
-3.993837711769764875e-01
-1.601110991780979376e+00
1.594588596194465691e+00
1.194736958747599498e-01
-8.443718652261869018e-01
1.595329303875190341e+00
1.237473390442068055e+00
-3.409526796535277682e-01
-8.751539848945688593e-02
-8.448306627824386794e-02
-9.130955519427197409e-01
2.837855176302849225e-01
-1.302172065809763246e-01
2.975389157650525918e-01
-1.064761156582931800e+00
5.083338426890359196e-01
-7.211475571900421988e-01
-3.709704153696507856e+00
1.236357872473578645e+00
8.643951013680349904e-01
4.531142563299818682e-01
-7.229242277100629277e-01
-3.789531429062498180e-01
7.502854352295285079e-01
2.283360951952012829e+00
-1.206376994222792653e+00
-9.920813816084035341e-01
4.745742213119247266e-01
2.811516817592168982e-01
5.711044595037909843e+00
2.324479508414933615e-01
-2.183528941036237736e+00
-7.679899953073174856e-01
-1.073332045609065588e-01
1.319931182298834382e-01
2.516864166473265385e+00
1.271259441181235683e+00
-5.317693907551235277e-01
-2.969795525761095289e-01
-1.396668127346316846e+00
-1.211828912566967675e+00
4.183177641707903405e+00
8.155893324827077073e-01
-1.005843496636057210e+00
3.458427591558584924e-01
-1.594892910685238974e+00
3.186429310766481837e+00
-6.350977536174248206e-01
3.266916520469115293e-01
4.291016941642841753e-01
8.021049928986048738e-02
-1.122987243480806363e-01
1.816975088770619529e+00
4.660483774336491303e-01
-2.789729585517863875e-02
1.188133129417496825e-01
2.262947687998643431e+00
-1.217453014106415488e+00
7.365603289235076456e-01
2.694620763601721425e+00
-8.097885331524700137e-01
4.338575981539981363e+00
-1.026334321476169542e+00
2.179308956746947690e+00
7.948177046335491713e-01
-1.433313940702780842e+00
8.987017019766510018e-01
4.182481924168718557e+00
-1.250703308885144915e-01
-7.691135149172625418e+00
-1.182468496479514464e+00
1.691500765106696447e+00
-2.711430974964070817e-01
-3.337744958158014974e+00
5.426044270195882202e-01
-3.666283713138540623e-01
1.222963765205286268e+00
-2.199233116436837276e-01
-2.099735364091494638e+00
1.597412964051631024e+00
8.052054309949056687e+00
2.598671279475026630e+00
9.875963563706224857e-01
2.453439565910571662e+00
-1.104830836556656593e+00
-6.670329365081970607e+00
1.157407430159445028e-01
1.449736201839393612e-01
5.969404220032340502e-01
5.383648410065114964e-01
-1.075993962252278224e-01
-1.196700145486538247e+00
2.223102095877255380e+00
5.080335934195286951e-01
-9.959876861207687115e-01
2.403833016161360803e+00
8.172590693529069306e-01
7.089521491788179919e-01
-3.750221323926800077e-01
-8.052253467190366720e-01
2.805640968059100349e+00
7.469559633258507914e-01
-1.279380819703063832e+00
-7.199845842452041733e-01
-6.867944594997898999e-01
6.375165786310906801e-01
4.807039431263827600e-01
1.172877890755479768e+00
-1.608563292546547840e+00
-1.755446154370406964e+00
-1.134079325404466765e+00
2.565439525998451487e+00
6.405702690413644929e-01
-4.967329422171479214e-01
5.884027326848938477e-01
-9.930126576041789499e-02
2.515675652582367583e-01
1.225967657134608757e+00
9.400379818343799210e-01
1.587348505064649640e+00
-4.860996507749387185e-01
2.460670757344488813e+00
-9.678954885710246980e-01
7.168069089668477334e-01
-9.600897574329269046e-01
3.858420140300061196e-01
-1.812187603055577245e+00
1.620819286476677945e-01
7.747607361212660582e-01
1.900106398306985911e+00
-4.267253236238146563e-01
5.252488875299528015e-01
-1.581563480394057031e+00
1.815465008154792947e+00
3.207058251598787546e+00
-4.727851524025507679e+00
4.777190863378151797e-01
-8.478557591094149082e-02
1.710386055976076958e-01
-3.821102165911772208e-01
6.707501345178674690e-01
4.372797990382808475e-01
1.980347869192283561e+00
-5.154211403938114833e-01
-2.243409934005277329e+00
1.514343434851085579e+00
1.005721761679728932e+00
-2.256729169215899999e-02
1.349277271609000461e+00
-7.019763561040370803e-02
-1.597008150049407549e+00
2.575987470995704243e-01
1.269424183831609376e+00
1.645444677807478273e+00
-9.363999166360515991e-01
2.677922796043024078e+00
1.218509968328206350e+00
-8.513017197731785890e-01
1.583632212459688660e+00
-1.052533545451848906e-01
1.514480158477063965e-01
1.207929387167125279e+00
-6.355756220651039845e-01
7.872509259631712553e-01
-7.309647986900659200e-01
1.555166742514780598e+00
3.190693045832907693e+00
2.626888803146132378e+00
1.329683901938296442e+00
1.130657013395332866e+00
