8.805210413697391880e-01
-4.624833246033351886e-01
4.579121112866339494e-01
-1.404337485059814927e+00
4.665990840783081073e-02
1.775517392616666745e+00
1.282476874042670190e+00
2.393334859714173202e-01
1.116647714201047359e+00
8.972211608234806901e-01
-2.795306433780015420e-01
1.967269881931473341e+00
1.861704750496975813e-02
-9.135510144867269311e-01
6.401500642341647618e-01
2.011600208577689841e+00
-6.910476748088975052e-01
-3.938925574900727089e-03
5.634050826944358992e-01
-4.647382613073656188e-01
-2.631851588543843157e-01
4.087292715385678621e-01
-7.505747317520463646e-01
1.281008255845324628e+00
1.101980711798782098e+00
6.406466483056252326e-01
-8.156310888279316718e-01
-4.865219645145120730e-01
1.365246974569350735e+00
-7.039587092402251889e-01
4.036939238205746600e-02
1.192531401778057276e+00
-4.294235222794039464e-01
1.640800875859213526e-02
-1.923217840252231525e-01
-1.980629284432983361e+00
8.236866722024633880e-01
7.043129380748300861e-01
2.296606007803246197e+00
2.747343966733782339e-01
-6.305555071522556121e-03
2.250834475457257344e+00
-2.093891109352187918e+00
8.760602921252328423e-01
-5.838932890137908949e-01
-1.832653961809213472e+00
1.153374792786846931e-01
1.963729880039891018e+00
3.342706810882817847e-01
-7.222191282293850545e-01
1.395479834425388255e-01
-1.148476182744133878e+00
-7.720213897506206235e-02
5.342968532029448298e-03
4.184837615960477208e-01
-6.843044723425375508e-01
3.977529468929302814e-01
8.675806763595467208e-01
-3.603303394289057993e-01
-1.002183915246264156e-01
9.938264739827333827e-01
-1.283655235548694540e+00
2.078409349222040403e-01
1.352826539251424931e+00
9.956822952110558900e-01
-4.238798125824357055e-02
-4.058235693736491623e-01
8.514166845514818949e-01
-1.140229940028466560e+00
-7.992112672218850689e-01
6.731992610481559725e-01
1.811127431655354281e+00
8.756643166657681610e-01
-2.437048905797426501e-01
-7.398665221328655228e-01
9.085097284279376462e-01
3.611605994543794496e-01
-5.201884967850678443e-01
1.166074831931191325e+00
-6.312837546775535991e-01
-4.763689183315735209e-01
3.662083614697385081e-01
-1.609401836813482145e-01
-8.904302224013633804e-01
1.746107729116060048e+00
-1.330977284954301343e+00
1.830746094534640989e-01
-1.149295151444946539e+00
-1.136387541050339234e+00
-1.710735206236888295e-01
-2.191288111616382928e+00
-7.017346531128976217e-02
2.576345137946830288e+00
-8.572697301114156065e-01
4.191394786550071139e-01
1.393462641264989532e+00
-3.868229287196183752e-01
-9.022306815588159168e-01
-5.788960907058959826e-01
2.500264399757005096e-01
-8.078640436868937957e-01
6.378171687135412160e-01
-7.578955521159628228e-01
5.824346112295464284e-02
-3.610284581024887640e-02
-2.230034480708981137e-01
-1.704561943883829145e-01
4.065480291472500785e-01
-1.485532558493259714e+00
-7.100410877240641572e-01
-1.707651539361215054e+00
8.756240714405233438e-02
-1.005614884603761361e+00
1.238289131761825257e-01
2.285661207713026999e-01
1.988312159011011160e-01
-1.782276602832454787e-02
-1.234145868750048169e+00
-1.469859130472569442e-01
4.153778763450022282e-01
-2.178302298151391536e+00
3.073336015509703367e-01
3.653449782664270340e-01
1.151269549431380046e+00
-1.120707686735232356e+00
-1.094354026734814633e+00
-5.148068992623261453e-02
2.407197214187807299e-01
1.828399853983659229e+00
-2.423805460882627827e+00
3.796175193616592169e-01
1.582778754201585869e-02
1.182718680556954283e+00
-1.897610037885983481e+00
2.496906766645313969e+00
-5.748200580125916170e-01
-1.554833751973445921e-01
-9.195157715918955699e-01
1.791407137209188427e+00
1.478111601164652011e+00
1.387331824553091342e-01
-1.077472115779180228e+00
3.205753694023608102e-01
-1.154078537732219578e+00
-6.002924102239723392e-03
-8.492448642616546861e-01
-9.000169957479492444e-02
-3.417446719809612288e-02
3.219021070608821256e-02
-1.156076383134747587e+00
5.420800173627625673e-01
-4.196610319345092655e-02
1.020044459053313979e+00
1.023126384856087590e-01
2.889239289520251219e-01
-1.418520290914028426e+00
-1.707838214228136753e+00
-9.206391914071125893e-01
-1.845625819725003058e+00
-2.858090536338976917e-01
-3.477597479809565462e-01
-8.101828644613316976e-01
1.144396970311483797e+00
-6.806911760181751925e-01
1.554432390943136788e+00
-8.264904546977045463e-01
-5.252186806887331194e-01
4.779992293562730366e-01
-1.445229652754605132e+00
-1.781126963766245019e+00
1.395380927608840804e-01
-6.136559109708860094e-01
-1.278080354675905417e+00
-1.553373307491506816e-01
-3.228792831789956130e-01
9.834006124333931620e-01
2.377201084557537814e-01
-6.607977051272979629e-01
5.797692261916478351e-01
-2.305346832059532447e-01
-1.166539652347538425e+00
2.200921717383709897e+00
9.943484316504005438e-01
-4.243269721342238232e-01
-1.675003506489915361e+00
-8.320394539684382584e-01
1.173963765334902876e+00
1.443767910406422161e-01
-9.481158044719573130e-01
1.677629463737592808e+00
2.392702709401741124e-01
5.435364300075050670e-01
-1.906110718257342240e+00
7.022178189176833674e-02
8.198875776677694294e-01
-1.300801495919494233e+00
1.542733716358816620e+00
7.053131793657785309e-01
8.128478161726986062e-02
-1.300511588784609984e-02
-3.097914710968622809e-01
1.191203404955029077e+00
5.615120377280335973e-01
1.137824136329617986e+00
-4.205276813743548669e-01
-1.424964383224904374e+00
6.218440754095928558e-01
2.030525225091621699e-01
1.372800182849510220e+00
-1.268921572755400129e-01
-7.525358787886512468e-01
-4.373630092229897071e-01
4.388824715043454505e-01
-1.358818746705819480e+00
1.559556670711687021e+00
-5.547882229416277733e-01
-3.253374917179226444e-01
-1.394483316337106871e+00
-1.171329549199714298e-01
6.536462261686835085e-01
-2.901984330450246397e+00
-2.555167545636572335e+00
-1.630341805069385419e+00
1.326348443754241435e+00
-1.465196863188622078e+00
-3.723579630068788449e-01
-8.900173899529767452e-02
-3.143253516876468590e-01
-1.461911534970360416e-01
4.256234318430159869e-01
1.300671344670937701e+00
4.712027869351722020e-01
-1.128903711653435948e+00
2.884275173858325214e+00
-1.019107642753617426e+00
-1.659770019529527740e+00
1.200808140997156603e-01
-4.045679534768875651e-01
1.803189302187228726e+00
-1.102908220214880108e+00
-6.224724828233437757e-01
2.848605273379450353e-01
3.824222041529687921e-01
-1.213483490192541092e+00
7.076816851067873060e-01
-1.350357438804640653e+00
-5.156424039741871468e-01
-5.626046602397924978e-01
-4.251482518427491253e-01
2.236991049768964235e+00
2.317595439223016474e+00
-2.260276577476184046e-01
-3.072129252676596423e-01
-1.554691647995859460e+00
8.787814503163153823e-01
2.641662150281570698e-02
-1.660023745987960542e+00
1.921183383227947905e-02
-1.430029318661118820e+00
-4.219200538195925776e-01
-7.867316121415871000e-02
1.597429294705915881e+00
-1.163706992167243548e-01
-2.135451017739549151e+00
-1.194603685197057841e+00
-1.116065642707963157e+00
-1.148712086910669283e-01
-1.821890476961210426e-01
-6.457987359060769483e-01
-2.284508888357453582e+00
1.418041979477455028e+00
1.754608412380564086e+00
6.587414601919855395e-02
1.383529947238157032e+00
4.386733792889352390e-02
6.354422242511079677e-01
-3.673133237604956358e-01
-3.922452545739727459e-01
1.255555924419524016e+00
2.453057580161956963e+00
-2.482755798582082285e+00
8.402451315202403848e-01
-2.963614675679870913e-01
-3.024958085241872041e+00
1.277140152938236906e+00
-2.102494783377513610e+00
-2.195167239045153484e-01
8.524497578956358179e-01
-1.302591107318845920e-01
-3.275847263157352085e-01
7.933527097867807409e-01
1.137722230207577123e+00
-3.043405830662153644e-01
-2.507832072117689992e-01
-2.307395840137861143e+00
-8.158934237693789004e-01
-1.655043809255180021e-01
8.680841012335034357e-01
2.271348812081900537e+00
1.741810653487256833e+00
1.485660158102694028e-01
-2.906391205105341435e-01
-3.747106975977533283e-01
2.103952659883504772e+00
-3.940843660632895595e-01
-2.695735343569070075e-01
1.514322800849241091e+00
2.557952410018606848e-01
8.465712135839585928e-01
-1.141006793468190228e+00
-1.269966838209517723e+00
8.003121220252314982e-01
-2.146687585875453053e+00
1.103720174606213300e+00
-2.048689181630992673e-01
-4.351500765757273514e-01
3.170044655251300636e-01
2.282647911368552995e-01
3.993051665127563821e-01
1.490694415682950247e+00
-1.804921482053505749e-02
-1.638559219870855399e-01
-8.460978510000885522e-02
-8.907924188557330147e-01
-1.551152406951084251e+00
1.058624203870903946e+00
-3.057029444714398636e-01
1.364279733413462647e+00
-1.163050146090922055e-01
2.524015769092683437e-01
-6.182065108547654120e-01
3.302199636807012784e-01
4.264257006811045803e-01
1.001204345224493419e+00
1.743863478272729806e+00
1.839306837770734171e-01
1.533630779523347032e+00
1.172965532409562694e+00
-2.121099279822641570e+00
-1.238836004322905193e+00
1.697088502051362191e+00
2.429772464339897270e-02
4.956820417481715146e-02
-1.447189515925177972e-01
8.788459354856011929e-01
6.860685779783995963e-01
3.447852166412591901e-02
-4.305277250474184303e-01
-1.467767562811493232e+00
9.478551799497689778e-01
-5.027565819588218909e-01
1.396405478293580638e+00
1.608537951590419457e+00
-6.817258635313578896e-01
1.632987488025637202e+00
-3.598768641926861633e-01
1.536023643562064223e+00
1.633837300767308376e+00
-2.119540466568201165e+00
1.190007006250901167e+00
-7.532639294558699516e-01
2.456223281544392956e-01
-1.257436349783501717e+00
-9.333362200033059608e-01
-2.287659584990659745e-01
2.636476917488448923e-01
-9.106696149035548027e-01
-2.825720477212779747e-01
5.431742743956616826e-01
