-2.989058466261298452e-01
8.688996834449953521e-01
2.068042068705490955e-01
-5.398463095022763003e-01
-6.979755694881406569e-01
-9.977364021321151188e-01
2.091718523595298418e-03
3.483531376264997759e-01
-4.788800739178907251e-01
2.726718426770734505e-01
-1.358769604174135670e-01
-1.862952403574384741e+00
-6.355603563715594984e-01
-4.168010851964539798e-01
8.880874583171419756e-01
1.700901382655290339e+00
9.651588883643686945e-01
-7.753540074358942213e-01
9.165303747526293288e-01
7.963383173011200356e-01
6.920760745958295379e-01
2.912630507358954235e-01
-8.907259228360948633e-01
-1.957689052402504515e-01
-1.339519502925742511e+00
-9.131677524037571381e-01
-1.123322335764445512e+00
-1.880411067606688524e+00
4.194162386931147846e-01
-1.297761541772216143e+00
3.945074068691062363e-01
-6.562126628269158157e-01
-1.031757527880262870e+00
1.535405432768858769e-01
5.905747379096515370e-01
1.277107713388034305e-02
-7.200549614343139115e-01
-1.685811081708162296e-01
-8.847041137540168076e-01
9.336497836242809711e-01
-9.753733723703514880e-01
-2.126358815806563829e+00
9.124650220898031794e-01
-1.014091853875300320e+00
6.460172388378504493e-01
-6.773433280989140659e-01
9.269718794983029531e-01
1.435190186837151105e-01
-2.824294605020389870e-01
-1.068225781959551757e+00
1.086078548272402244e+00
2.162813448236021729e-01
6.435708345348611914e-01
2.866105501570228586e-01
-4.746418484597482723e-01
-1.902231053992194942e+00
2.621152946681729601e-01
7.481472345351642961e-01
9.806853167728903919e-01
-1.066363948180897303e+00
-7.073353834675526475e-01
-4.133783781478054919e+00
-1.519958678241731254e-01
1.384807952093169536e+00
-1.069886846306217665e+00
4.427807693252903271e-02
-1.032530871731727862e+00
-6.373671608537437860e-01
-8.567073710692262312e-01
1.307553956668340067e+00
-6.696094634610973984e-01
-5.300659299072438824e-01
7.578800106445530149e-01
-5.335069333413380299e-01
1.971197044283500011e-02
1.320340991658409457e+00
-1.082789237420763162e-01
-2.201934134793171793e+00
4.877906482447849079e-01
6.426212605661307808e-01
9.035387906530945035e-01
-8.833242718555206485e-01
2.569204595212310482e-01
-1.086638686028781553e+00
-1.947839587407718120e-01
-8.399284225955785388e-01
1.293373616484745359e-01
-1.239077143635701317e+00
2.875523526347663061e-01
4.074364168662727437e-01
-1.754306899555162946e+00
2.300582905272305023e+00
-5.955141030415711523e-01
-4.300163322056851367e-01
3.982181165172005710e-01
4.519550499831163082e-01
-6.994745848678418643e-02
1.202120859033666500e+00
-1.421094392487104230e+00
3.893762454302157616e-02
-2.813097163455716698e-01
6.604024737124056799e-01
9.872730126474409396e-01
-5.193004268835865744e-02
-5.149318960299811287e-01
7.770512849274813227e-01
3.546631298305522040e-02
-1.185168194465680447e+00
-2.785673644076036570e-01
-4.640751477374642775e-01
2.480567666987706921e-01
-2.011657982686744894e+00
6.183810625598000765e-01
2.370041821269538440e-01
2.735907887809924777e+00
-2.016534496428770140e-01
5.466441342609468235e-01
8.646955914294417456e-01
4.414036855561138672e-01
1.815988969767813099e+00
-1.354540416437431949e-01
1.184837279899958906e+00
-1.111666756089580294e-01
1.265962558417785377e+00
-4.104826668527231659e-01
4.245614116068735511e-01
-2.028037256961867651e-02
-3.600568015309094649e-01
5.909503032671963307e-01
-1.157743263627351027e+00
-1.075610739015770312e+00
-4.268747075336270513e-01
-1.122445375681992097e+00
9.445122134805430947e-02
6.347738877065234320e-02
-7.208871069597755366e-01
-4.509425602043098946e-02
-6.196305971699037629e-01
1.848014670356982192e+00
8.244817577740388703e-01
-3.218421765554032588e-01
4.877800526597647623e-01
-1.857970912012241738e-01
1.723898473809458431e-01
-1.754847655834878672e+00
1.935683929618053911e-01
9.117829186843106060e-01
-3.550504693859092287e-01
-1.460526913450826414e-01
-2.625161987032043620e-01
-2.114309299609705428e-01
-1.453100336206036847e-01
1.093057812994222111e+00
7.139869854622011847e-01
2.417198760743539676e-01
1.189093457715460822e+00
1.296214127616327927e+00
2.644501308754735325e-01
-4.831436014896076658e-01
-4.692193905604006843e-01
-9.050175111676933559e-02
-1.423918853252104322e+00
6.909931383358887125e-01
1.783754243003141116e-01
5.892092770509720356e-01
-1.669793067299818912e+00
8.055696338655549127e-01
-1.820711309910497233e+00
-4.783454120404781462e-01
-4.202792940009318357e-01
-3.180006124260048583e-01
-1.146587289465132553e+00
2.191831565320483399e+00
-2.958524647065418289e+00
1.789215042268107680e+00
1.863918007210460526e-01
5.716521969642722745e-01
1.731738963463723913e+00
-1.463587709186013663e+00
-2.621106008674559118e-01
8.240829418660694516e-01
-2.879178152473271246e-01
-3.483855770531767426e-01
-4.168142521980613413e-01
-8.275547368283302507e-01
3.357613583472394136e-01
-1.462283982241517899e-01
9.608525061321344651e-01
1.141593833925704793e+00
-2.906669640382272268e-01
1.139777113241772000e+00
2.368344000881638656e-01
3.312473870670156639e+00
1.102787282241613070e-01
-4.891205362533630474e-01
1.946155790084435733e+00
-2.874503986877882666e-01
-3.129207939658318338e-02
2.349349629099325654e+00
1.314213778815859879e+00
-3.246220587617107411e-02
5.244065722142281505e-01
1.422544046265677764e+00
-2.151898705525770450e-02
-5.631742575081567503e-01
-2.768664223084365439e+00
-3.535993685315218515e-01
-1.416174111991392870e-01
2.375976079758195247e-01
1.987264277634534781e-01
6.372650358360643086e-02
6.306034894247237732e-01
-1.295163455601349572e-02
-6.048884003368637519e-01
-1.059315742138059679e+00
-1.479118675681715123e-01
6.110500409141816913e-02
-6.800180381295332088e-01
-8.655397062056227608e-02
-9.908778662337894838e-01
1.840815781858215483e-01
1.260007157400133693e-01
4.730340505108933113e-01
6.526571703693383464e-01
-1.741411949295681438e-01
4.201629237410542395e-01
-2.230003154470013849e-01
-1.130475917150473575e-01
1.561738504007139205e+00
2.032116769097599973e-01
-1.661477185627149078e+00
-2.404735069156831509e-02
-5.614437989233516113e-01
2.009220409705551713e+00
-8.454697811042838351e-02
1.227382675176583449e-01
3.854214792799312006e-01
3.026109309607366571e-01
-7.378102648516562390e-01
-8.635305262922431391e-01
-1.580894276609004223e-01
-1.729277349794032248e-01
-4.607266430718026662e-01
1.261322322721675659e+00
-3.853423994792443130e-01
-1.192783108376497259e-01
1.016373640815632751e+00
1.546463968299651714e-01
1.719525211247760754e-01
2.448614100873491850e-03
-2.263130838943476220e-01
1.076495902895365231e-01
-3.179460385035985936e-01
-1.123358929676493867e+00
3.679592027245954799e-01
-4.737875488318973316e-01
-2.359396535232239245e+00
2.235124750736499910e-01
5.502615761817938322e-01
-1.837791306035019001e-01
5.767776338030947691e-01
1.022287538122829131e+00
5.729818026377529738e-02
1.862437492787356597e+00
3.177050229906255296e-01
-7.118429029036704714e-02
6.778679738621324891e-01
-4.124488005441370175e-01
7.465274024958782340e-01
-1.931183416246575968e+00
1.309158588806115242e-01
-1.102098765876205366e+00
-1.420999127641745741e+00
-4.051163964839818554e+00
3.184990932356223103e-01
1.023491884739808011e+00
-1.302345136450043794e+00
-2.060418669579191064e+00
-3.050913137361803140e-01
7.818022874026682167e-01
3.453791981056273386e-01
8.014111387778364293e-01
6.954850549870228438e-01
4.779579961420425682e-02
-1.069375952156136067e-01
-5.644614134641324776e-01
-1.691342993113152948e-01
3.323916603596839270e-01
-5.925578173368279966e-01
1.617304470950364337e+00
2.521050386253491649e+00
3.348765481017643708e-01
1.086328752516247498e+00
1.000231255690752441e+00
7.308130210841443652e-01
-8.553556873444450037e-01
5.051022469600328080e-01
-4.679096942431323902e-01
-2.769554874016806334e+00
-5.509123041453839464e-01
-4.829106327070777915e-01
1.017353726665108482e+00
1.730311317545118799e+00
3.505750950514252562e-01
-9.224423243760856983e-02
-3.322901017064984197e-01
-5.509173044139830111e-01
2.516684061091295721e+00
3.255777412477462440e-01
1.110043010519382589e+00
6.497428626666600371e-01
1.412046604851836085e+00
5.136871680025347775e-01
-1.530057947299047427e+00
-3.541713976299151745e-01
-6.641159057345530359e-02
4.287210158278078054e-01
1.026528117862209655e+00
1.033333700488181961e+00
3.386559557473164395e-01
8.436516353975289650e-01
2.479133224628669863e-02
-2.154827144951169338e+00
3.914450953727188764e-01
8.327107554579626925e-01
3.333528353943195022e+00
-1.779940760193311933e+00
-7.977178172514057808e-01
2.521836382749031436e-01
7.808336922079471831e-01
-7.036405578843629716e-01
-5.593992062319015357e-01
-4.997309439833622635e-01
5.070688168627799364e-01
-7.152560674513002148e-01
-3.374271896252523106e-01
6.083011987706394841e-01
-1.412041173772769387e+00
6.477868613694595101e-01
8.582263654207422654e-01
-4.573024804927719456e-01
-6.117576495013499205e-01
1.610770721809239081e+00
5.222201060250964560e-02
-7.216717539753226829e-01
-1.387400728291952046e+00
-1.608091610357934798e+00
6.436079048595814145e-01
5.168161637942236819e-01
6.874494911756325877e-01
-7.270132981212832357e-01
8.574981108727011136e-01
-2.403074211921569336e+00
1.564732030411623565e-01
1.888903152268115726e-01
1.215230723502271903e+00
-1.348610713693178531e-01
1.009402278332630409e+00
-1.574885881281338773e-01
1.952002712453139832e+00
-5.696774981726793197e-02
3.020613432876977367e-01
4.003899786544073969e-01
7.850126486763248090e-01
-1.347936482756984800e-01
3.335106454290760469e-01
1.544009425138932468e+00
7.921128118917295652e-03
1.046650910452387562e+00
-1.244956655566656911e+00
-3.127541111906532167e-01
-2.126641287760983601e-01
1.059253866643507624e+00
1.373362071551236241e-01
4.028805958493006378e-01
1.798167270729280065e-01
1.062620605134171892e-01
1.771649784475755607e-01
6.618199895270400201e-01
1.221648506621768049e-01
-9.080755467637516842e-01
-2.373630934923609104e+00
-6.148071983933951073e-02
-6.392169555991965568e-01
-3.557668647683862595e-01
4.001574990632705831e-01
-1.009598618807063808e+00
-8.491745274899862306e-01
4.020507572797534235e-01
-7.962338930025018024e-01
-1.292012793910913615e+00
4.642084659863059959e-01
-6.698160159371950861e-01
-1.428878504096759983e-01
-8.820995878945028235e-01
2.087115624094229294e-01
-4.138811239681052800e-01
-6.565491866200718896e-01
6.277906352873907636e-01
3.853542432389426842e-01
-6.048704776547906281e-01
-1.195695409663860342e+00
-4.292548280195222499e-01
8.451775066081739229e-01
2.836957983586176901e-01
3.628414441123094747e+00
-3.373008623417459440e-01
-1.259045814209192926e+00
1.863236258063181605e+00
-7.502456647941893042e-01
-4.889407523826836410e-01
-6.134611558762166350e-01
4.118531328946728465e-02
-1.517842829436082397e-01
-4.622189499284617420e-01
-1.500750853904444959e+00
-1.450355937585734223e+00
-2.813479193538618528e+00
-5.878976269151767742e-01
-3.609370202167462294e-01
-5.990977503715653185e-01
