-1.000000000000000000e+00
9.179309131295232405e-02
4.241959321044166398e-01
7.688885601266750580e-01
1.000000000000000000e+00
1.000000000000000000e+00
0.000000000000000000e+00
-1.981416015701453759e-02
8.995796527258332898e-01
1.000000000000000000e+00
-1.000000000000000000e+00
-8.371302287607709225e-01
-2.846863462863393757e-01
-3.863667329144717666e-01
1.436921495566767515e-01
-8.583344046696153029e-01
0.000000000000000000e+00
-8.726303559603707516e-01
-6.298015619418575461e-01
1.329143890717368048e-01
-1.416706720607967540e-01
-1.000000000000000000e+00
0.000000000000000000e+00
2.599891030064953590e-01
6.723741559792029143e-01
1.000000000000000000e+00
-5.140510265938136314e-02
8.140582163077103584e-01
2.930141766501943579e-01
1.000000000000000000e+00
8.351752743182228045e-02
1.000000000000000000e+00
1.000000000000000000e+00
1.000000000000000000e+00
-4.523121246829111541e-01
1.000000000000000000e+00
-7.280399543889335412e-01
1.000000000000000000e+00
7.112375943222335462e-01
-5.929453509810078682e-01
1.638612787435840268e-01
-9.537534101329232517e-01
-1.803768092591306882e-01
-5.235308007984045275e-01
1.000000000000000000e+00
1.000000000000000000e+00
-4.183198112679908931e-02
0.000000000000000000e+00
8.633058699900391098e-01
2.923826134682527833e-01
-1.000000000000000000e+00
1.000000000000000000e+00
0.000000000000000000e+00
-9.421040343995588096e-01
5.827103891220619669e-01
1.000000000000000000e+00
-6.176226642291864355e-01
-1.032526189755187396e-01
-1.000000000000000000e+00
1.000000000000000000e+00
-1.000000000000000000e+00
-1.000000000000000000e+00
6.693895575522457175e-01
-5.674988624894259370e-01
1.000000000000000000e+00
-7.571767441848229474e-01
0.000000000000000000e+00
9.345701845885263648e-01
-6.294591071829496176e-01
6.474205112885462743e-01
8.897407039524596328e-02
-1.000000000000000000e+00
-5.776754247922146757e-01
8.307202629664875992e-01
1.000000000000000000e+00
8.099703361697345727e-01
-6.138950838519763309e-01
0.000000000000000000e+00
8.015080758337227440e-01
-1.000000000000000000e+00
1.000000000000000000e+00
-1.000000000000000000e+00
1.000000000000000000e+00
1.000000000000000000e+00
-1.000000000000000000e+00
0.000000000000000000e+00
-1.000000000000000000e+00
-1.869475066888177661e-01
1.000000000000000000e+00
-8.291346188539570061e-01
3.324830542803993705e-01
2.247333098199666424e-01
1.000000000000000000e+00
-9.230890551859907145e-01
5.629345070699092179e-01
1.000000000000000000e+00
1.000000000000000000e+00
1.000000000000000000e+00
-3.397296993383798203e-01
1.848952546571003275e-02
0.000000000000000000e+00
-1.000000000000000000e+00
1.000000000000000000e+00
1.957011555882282039e-02
1.246497856919068781e-01
0.000000000000000000e+00
8.092953085119103385e-01
-1.000000000000000000e+00
-3.068757382259357236e-01
1.000000000000000000e+00
0.000000000000000000e+00
-7.992391920215469181e-01
5.839716624796584821e-01
0.000000000000000000e+00
-5.664394153275547072e-01
-5.426083256244005337e-01
-3.059745184485889169e-01
0.000000000000000000e+00
-5.313768372229301651e-01
3.108657754591759304e-01
9.488864558724472431e-01
6.522203499225593948e-01
-3.634688295772792177e-01
-1.378204160962577252e-01
-1.000000000000000000e+00
-3.972674726981400006e-01
-3.442473012385629527e-01
-7.641829038966814203e-01
1.000000000000000000e+00
3.385093126159308685e-01
8.685887629044239944e-01
-3.303557528408327393e-01
0.000000000000000000e+00
-9.947480643380113285e-01
1.177139227148511491e-01
-6.815176445286235118e-01
-1.000000000000000000e+00
1.000000000000000000e+00
1.000000000000000000e+00
0.000000000000000000e+00
8.714224360258622237e-01
0.000000000000000000e+00
4.464161671647879359e-01
-1.240314479912132395e-01
-1.000000000000000000e+00
-6.201915462097586929e-01
7.060027317493817733e-01
-1.000000000000000000e+00
-1.000000000000000000e+00
-1.000000000000000000e+00
-3.169682017895967263e-01
1.000000000000000000e+00
-1.000000000000000000e+00
3.539929923714335569e-01
-2.992776982955689391e-01
4.747286863789967892e-01
-5.261967151774404883e-03
-1.000000000000000000e+00
-6.108779746308370395e-01
0.000000000000000000e+00
1.000000000000000000e+00
0.000000000000000000e+00
-5.084387640882481740e-02
-9.874889369613888412e-01
-1.000000000000000000e+00
1.284248295439134324e-01
6.408445762428360837e-01
-6.516452521247830809e-01
0.000000000000000000e+00
-1.000000000000000000e+00
0.000000000000000000e+00
-1.000000000000000000e+00
1.000000000000000000e+00
-7.087629977829623673e-01
1.910436953238259239e-01
0.000000000000000000e+00
4.127286826658289609e-01
0.000000000000000000e+00
-1.000000000000000000e+00
1.000000000000000000e+00
-1.000000000000000000e+00
7.779855749021411526e-01
-9.489060931211092953e-01
-3.321217977252373110e-01
-1.510638710113045846e-01
-9.267000897408410598e-01
1.000000000000000000e+00
0.000000000000000000e+00
1.000000000000000000e+00
8.459444115758985028e-01
-1.000000000000000000e+00
2.671522311857816856e-01
0.000000000000000000e+00
-1.000000000000000000e+00
0.000000000000000000e+00
1.000000000000000000e+00
4.092670977482792960e-01
1.000000000000000000e+00
0.000000000000000000e+00
1.000000000000000000e+00
1.000000000000000000e+00
-3.451357385391025101e-01
-8.075840595224916818e-01
3.144688870957610405e-01
0.000000000000000000e+00
0.000000000000000000e+00
0.000000000000000000e+00
-1.000000000000000000e+00
1.000000000000000000e+00
-1.000000000000000000e+00
8.356390232810597674e-01
0.000000000000000000e+00
1.000000000000000000e+00
-1.360451998662302042e-01
-1.000000000000000000e+00
3.523094572612401887e-01
6.196372035614605700e-02
-9.726676969382723748e-01
6.358202575471032514e-01
1.000000000000000000e+00
-9.614510888800260613e-01
3.072585395270521769e-01
-1.000000000000000000e+00
9.685586784647652880e-01
1.000000000000000000e+00
0.000000000000000000e+00
1.000000000000000000e+00
0.000000000000000000e+00
5.115496425179026918e-01
9.338688672503048238e-02
0.000000000000000000e+00
-1.982373065759650554e-01
-6.506839955924392793e-01
1.000000000000000000e+00
-4.127896603123859531e-01
0.000000000000000000e+00
8.585174800346802026e-01
-1.544919135549951417e-01
3.511671566427518876e-01
0.000000000000000000e+00
-9.833461299800647648e-01
-2.977541187209062912e-01
1.000000000000000000e+00
-1.000000000000000000e+00
7.614836029451794719e-01
-1.000000000000000000e+00
1.782569607715189797e-01
0.000000000000000000e+00
-8.886980847266652273e-01
2.482411199771066279e-01
-1.000000000000000000e+00
0.000000000000000000e+00
-7.861238104053622777e-01
-2.518633250124056033e-01
2.662041280463738335e-01
1.000000000000000000e+00
1.209303259393741392e-01
-8.266416032271362013e-01
9.788851443217929660e-01
-1.000000000000000000e+00
-3.013980022188911256e-02
5.367349315725193915e-01
3.419759824875541199e-01
6.355095530261276604e-01
-3.362263344323657144e-01
