2.847264110498453071e-01
-1.330827501675285074e+00
-1.120850516706392686e+00
-4.190764853921334909e-01
7.792527016374376503e-01
4.477687633692503111e-01
-1.880023856869392218e-01
7.852501049534273969e-01
1.767412526886640300e-01
-1.247457179137451355e+00
4.044206617503594281e-02
-4.982289143513075058e-01
4.123809189567736455e-01
-1.456520317558952060e+00
6.675770521794577306e-02
-4.338660000744364864e-01
6.614896814488095966e-01
4.056983557714015642e-01
2.339068508258601575e-02
-3.604181948930684776e-01
-1.539813099047282918e+00
1.069453259980162718e+00
-1.128748082913612727e+00
4.854415765513524494e-01
2.713780399414548405e+00
-2.249171929528294422e-01
9.993952154919517883e-02
-6.294259162288864395e-01
-8.321917111384262711e-01
-4.543554421183629843e-01
-8.316190498658229679e-02
-2.482730158546783417e-01
-7.866343844432126531e-01
-3.640727475349178066e-01
3.524822366767359494e-01
-4.065693901232900198e-02
4.390410716548451830e-01
-1.555333290183925854e+00
2.595934176381377578e-01
-2.272840261002493367e-01
1.801062275788004818e+00
-2.084391523609138153e-01
-5.922170829119227653e-01
-5.822409314280372339e-01
6.705212127967778990e-01
3.452916360464662882e-01
-9.243689849190211971e-02
4.098136062364416965e-01
3.966630817974495238e-01
-1.078601807832005655e+00
5.327354213128554505e-01
5.075273934002537679e-01
-6.343531732345997209e-01
-2.774302773857563187e-01
-1.117473435932410553e+00
-4.563316182701915302e-02
1.099809391933414260e-01
1.848081361081723051e+00
7.567627896816976341e-01
8.313533493537591523e-01
1.501793147389353766e+00
-2.348604159060729279e-01
-1.003372763185277350e+00
-4.539111766420967919e-01
2.806212293095892818e+00
-7.941485795858362895e-01
8.796243612549130564e-01
1.309850227980255077e+00
9.943052521334488913e-02
-9.290250752091824271e-01
1.318784997649603330e+00
1.676390655520195727e+00
1.905722216068081121e+00
-4.518965147784002601e-01
1.203839403274915343e+00
5.430851039226413102e-01
-4.415862749023886646e-01
7.967554631798379194e-02
2.994793832426789759e-01
-2.992319419522750795e-02
-8.486705463891885959e-01
-6.012676275692958594e-01
-3.376466008223414916e-01
7.952826223757254454e-01
-1.341307315634348019e+00
4.011857272865266277e-01
-4.476404197289607367e-01
1.774290173201775289e+00
-1.860752130835851226e+00
-1.526718718910028416e-01
2.813002392799145213e+00
-5.162872535962934606e-01
3.891321372201966833e-01
6.034198543239919221e-01
-4.217130618279555376e-01
-8.818526227292293740e-01
4.211513047850406477e-01
8.177641750103147311e-01
7.619927305336922085e-01
3.291367458324344630e-01
1.409150551180603783e-01
1.929552762882030814e-01
-4.968338378256660359e-01
5.408671799734520169e-01
-3.576374484127750053e-01
-2.479629604551635502e+00
-7.885444323986262605e-01
6.672787555980377316e-01
-4.709636858864614251e-01
-8.171568021154257400e-01
-1.062652236253409654e+00
-6.834791934962128335e-02
8.467010394301144327e-01
-9.215759032264518869e-01
-4.867512116088144603e-01
-6.671121438675012838e-01
-1.177737083578632438e-01
8.472264913461285962e-01
-1.625296191923141009e+00
4.941362039408080109e-02
-2.191488777846406499e-02
1.872098695117904443e-01
-2.860631057982394032e-01
-1.053200953356802305e+00
-1.655191398644904055e-01
-2.271368052259429504e+00
1.205957256259991561e-02
9.422745274503179225e-01
-7.604165030045167972e-01
-6.311302469960716754e-02
-8.523047561515980641e-01
7.049074265117816207e-02
3.329562258233348948e-01
-6.437312694801103907e-01
7.161772237793995188e-01
4.522361221765654471e-01
-5.263570629462734907e-01
4.460253912203384630e-01
4.203696765920744705e-01
-1.007614015070299240e+00
-2.069755089826396333e+00
-1.764601392412519232e-01
1.012644204990903185e-01
-2.214242070070350787e-01
-4.405084315635712233e-01
1.827098985189994362e-01
-8.648536841880236081e-02
-1.394019149861663309e-01
-1.010279874191418514e+00
-3.580332051777595503e-01
6.345135599999001119e-01
8.734570497356628493e-01
-5.632586834484263338e-01
-1.264904413286793261e+00
1.257161283321405865e+00
-1.020081722958390280e+00
-1.483922915640997209e+00
-3.053879373302362810e-01
1.201222390089960318e-01
8.921671623426503939e-02
8.563348259919090211e-01
-2.407596774703943954e+00
-7.812199498350420601e-01
5.202014464068898114e-01
3.498947648101283781e-01
3.978129394480535153e-01
-1.046750539051950035e+00
6.210135061242421095e-01
5.921054396428091504e-01
-3.188749309752325622e-01
1.451408527820144678e-01
9.402643007939832653e-01
1.003982474328671604e+00
3.592043170931106810e-01
-5.182571663554986774e-01
-5.016178265032698036e-01
-1.961914659772875102e-01
1.107909292259454531e-01
1.536366256981047118e-01
7.414582656253294601e-01
3.663413966233929342e-01
7.256041197865665815e-01
9.384869015548226168e-01
1.432239927616790087e+00
2.060116579448890151e-01
6.499382058739000545e-01
-7.618171622443761226e-01
