-1.677466963229735653e+00
-1.225483401198301792e+00
4.013839691406297788e-02
-3.070273818176290637e-01
3.358166001946623624e-01
-3.703957067209698306e-01
-3.890270336622051461e-01
-6.678384867494837618e-01
-3.789052971382205759e-01
3.992441904200317443e-02
-2.233949186800726405e+00
-1.509947052483187280e+00
-1.488973790734499314e+00
-4.078197998404392566e-01
3.524983751212328320e-01
-9.356036748108393919e-01
-8.028809719080340912e-01
1.279143000663396368e+00
-2.864224529923692919e-01
-3.494320422285494554e-01
-1.447953243613411267e-01
2.048603778450423518e-01
-4.313830289242095994e-02
-1.502160757893436394e+00
-8.895011544190782882e-01
6.648869072121228463e-01
5.186349782368442352e-01
-1.190720938476510060e+00
3.824699531686350240e-01
-6.737990674368396493e-02
1.586670783882566244e-02
-4.879952400950599012e-02
-5.117899243314966845e-02
-3.063630292396445576e+00
3.945466996218213174e-01
1.024376944457443095e+00
1.947085456557587010e-02
-6.391255423041990458e-01
-3.360939363343351527e-01
-4.176805225403696364e-01
-6.994868764027503683e-02
-2.099502423453948552e+00
3.830242406670542055e-01
-1.350428559149445595e+00
-6.162019601690621462e-01
6.369617299082795947e-01
-8.068844492251848743e-01
-2.706834503425061378e+00
-1.430163717685972946e+00
9.922402825946448346e-02
3.303133391816661657e+00
-3.239297924360904496e-02
4.625000974791945163e-01
-4.813042519496756322e-01
1.554454682334617255e-01
-6.988137625134496766e-02
-5.977078957299390982e-01
5.740145985334029755e-01
-3.176183529797860228e-01
7.712449516544649386e-01
2.541314416539782739e-01
-3.841195487370144823e-01
-4.173431678032616388e-01
-1.150458439810352562e+00
3.769793327211132944e-02
1.949390536450581468e+00
2.191211371865477986e+00
9.392204767812343258e-01
1.002995717757512617e+00
-2.398184824857547415e-01
3.253082900301723646e-01
-1.092229051075293222e+00
-1.036605596985516575e+00
-2.153136182497733808e-01
-7.274043910103592525e-01
1.951011515234403193e-01
3.094487340625685576e-02
-1.121609334364577659e+00
6.717054515099494250e-01
3.081873224091850050e-01
-3.326955959325622048e-01
9.127861836966025266e-02
1.389369974397828833e-01
2.732467113491760635e+00
2.287468200232492532e-01
-3.918180533745861949e-01
-4.695816063426541676e-01
-1.708684535712134966e-01
-1.474137334877554162e+00
-1.242647046379526943e+00
-1.263955351124652904e-01
7.617235190050607452e-01
-1.888545176308621676e-01
-3.224466099392276908e-01
7.251993908824541091e-01
5.707346209713964891e-01
4.715256799824165124e-01
3.812189998156570447e-02
3.434422361932650269e-01
1.966729532128548730e+00
-1.320620596183496254e+00
8.756440213494289804e-01
-1.284966105123086733e+00
4.080500258842141292e-01
-1.704072716570795565e-01
1.440826744343055132e+00
1.280173480637233130e+00
1.537405814697865580e-01
7.392277085886094223e-01
1.526034311535089116e-01
-3.185303446943170136e-01
1.268656903487455079e+00
7.618391107676492080e-01
-2.476171833891587237e-01
7.388304559599575549e-01
-1.988252850491273316e+00
8.199761194559818112e-01
-3.290833792267514046e-02
2.381272990978149373e+00
6.219606012592544531e-01
-2.566695047188727874e-01
-4.233747651880770957e-01
-1.411248790175542167e-01
-4.273686017061452680e-01
6.612807638149336142e-01
-2.796220777746346586e-01
5.702844673953086918e-01
-2.870781610887444477e-02
-2.773573850368318272e+00
1.398087083608934300e-01
-3.614892428675025582e-01
-9.188685639075743206e-01
-4.812242724250860304e-01
3.543252879036579150e-01
-1.206779695517863349e+00
-3.038036325253258951e+00
-1.410593933207246575e+00
-5.809755187101175444e-01
-1.048791878229006436e+00
5.075969330483026676e-01
3.287902351951714486e-02
1.378164786213192938e-01
-1.788250009208618152e-01
-1.280246225100274415e+00
-3.009136666459080178e-01
-5.088571454386539017e-01
-4.608339430998391051e-01
5.838470318845324636e-01
-1.553926091557978229e+00
3.216671727102215494e-01
-3.149031815327015815e-01
-6.200356189126799561e-02
9.069833275503358383e-01
-5.692307761564722179e-01
-2.260929412688600371e-02
1.024208228406300547e+00
-6.125404205814706238e-01
7.675798306630182699e-01
-7.161105909207132747e-01
-1.009547881045897100e+00
6.971874598036449378e-01
4.973294039116412657e-01
-1.708878747416298603e-03
-1.490797089297532851e+00
2.124171836163420757e+00
1.552230649131748574e+00
9.164838515140396602e-01
2.118339035007645865e+00
1.630946022376338789e+00
5.487326085100217160e-02
1.151647599291151236e+00
-4.870145006768292206e-01
-2.801907823550953691e-01
3.451605876359726821e-01
1.514504682230201349e-01
4.226125662518909198e-01
2.656982204915365187e-01
9.252561466387425604e-01
-1.920825762135297543e-01
6.194086330122008377e-01
1.001809762851801677e+00
2.399992850321275295e-01
-6.071215422729050459e-01
9.028867332330807738e-01
7.373614886431536508e-01
4.980664608713629704e-01
-7.400069998549652084e-01
1.197323107111741280e-01
1.743821806582442902e-01
-5.481499230098918485e-01
3.952348523788947188e-01
4.228735833657101262e-01
-5.227004192654872705e-01
8.629162229245515570e-02
-1.758217471204606808e+00
7.162791907838433891e-01
3.613032090029715260e+00
-4.036617470277830133e-01
-6.767793861008550849e-01
-2.983291842572565189e-01
1.301626767916149952e+00
-3.258578926176656232e-01
1.156569499220048591e+00
6.599267576732861240e-01
7.505790643206181612e-01
5.772158357017139751e-01
1.042317110135573405e-01
-5.416380962987122905e-01
5.972436634211499840e-01
3.490767999891895151e-02
3.509913798526322903e-01
-1.048132657464563744e+00
7.714050980333657659e-01
6.466537387887985044e-01
3.113833882879511461e-01
3.750979385411483680e-01
1.915502276925574510e+00
-9.952104317390124688e-01
1.767503101812849531e+00
3.696300252217067372e-01
5.411617900737080156e-01
-9.636423173688899446e-01
-1.482457373525288558e-01
1.023092576030591450e-01
1.300053506286662941e+00
-7.241232823513507610e-02
-1.534612527971523033e+00
1.670730875375867064e-01
2.331240243127733258e+00
7.771317961098649363e-01
-2.619514327816189758e-01
-2.660453627400190535e-01
6.471501557142089744e-01
3.369205457131548287e-01
2.269316306138140504e+00
8.729003934060768355e-01
-6.688196535574512103e-01
-1.834080387450332528e-01
6.176972555884154004e-02
1.655920271936201227e-01
-1.016886378810979652e+00
1.252864297375665403e+00
3.063008768879337818e-01
7.032603018934890926e-02
-1.989014188463773258e-01
-2.856511001509347558e+00
1.440859634197383166e+00
-3.068048520427408832e-01
1.022531493155584226e+00
7.002440880790368194e-01
9.437740929846830662e-01
-4.371597563497039429e-01
-5.228157240995974231e-01
-6.176608928367226525e-01
-1.703631931083198631e-02
7.243650239856748163e-01
-1.223154124789053721e-01
-8.589649121546408805e-01
8.834941288563609163e-01
1.760703264743268825e-01
1.307239549640048792e-01
5.703362366346752949e-02
1.631148793895610405e-01
-1.613175895566278939e-01
-1.482572304441788003e+00
