4.354092687304747522e-01
-6.402074352067422813e-01
9.357550717088861103e-02
-1.229264841740665831e-01
-2.267076673333938419e-01
-1.264037328715725828e-01
-6.781367926077608299e-01
-1.374578529809702965e-01
-3.712851555653651214e-01
-9.996176730882424533e-01
-1.092576871507059177e+00
4.178073980574221191e-01
7.505436836193595251e-01
4.268700441535138168e-01
8.563880166271922723e-02
1.684340803191519131e-01
4.368100482821073438e-01
2.018751342020835282e-01
-2.436298931031977422e-01
-2.661926768385957098e-01
5.146436207270185248e-01
5.279039748448530189e-02
-1.676504159093965274e-01
-4.254836237310595237e-01
6.304954128311390793e-03
-8.031376617324742506e-01
-8.116071092921514074e-01
-9.209717477574487221e-01
5.721578310075952079e-01
5.353461774268516438e-01
7.797167823837976020e-01
-3.813762250247418328e-01
-9.237433249367430488e-01
7.895787820559412307e-01
-4.025129633755385461e-01
5.095852651923338250e-01
5.177748781252261567e-01
-1.578332174445367109e-01
5.406784001347757496e-01
-1.060327461832396123e+00
8.323012536957608010e-02
4.020458921428524124e-01
7.197328237105138360e-01
-8.158982318231439157e-01
6.254465387557250899e-01
-3.437842900565850068e-01
-7.304855905604911159e-01
-7.827230650059526784e-01
-1.581802624207319374e-01
-1.618652068153982437e+00
-4.883659304718682703e-01
-7.136704713114435661e-01
8.004804275757566590e-01
-2.863675101943549128e-01
-6.989473118587427591e-02
3.046930531417730292e-01
-1.455610871559480379e-01
1.290783526643725976e+00
-2.874093663944401467e-01
-1.231498976273618595e+00
-8.942786517821988967e-01
1.936892879898979847e-01
7.174829582527174343e-02
1.195394898965878028e-01
-2.004815967557673217e-01
-1.057722328543219792e+00
-2.784809252397678625e-01
-1.046941160182852659e-01
-3.695204939423490931e-01
-1.773307652785925725e+00
-5.500867076505117081e-01
7.055664484544532655e-02
-4.053476149568345233e-01
5.355066510030992433e-02
8.421410833305209565e-01
6.827147837170509659e-01
-1.927958646588175950e-01
6.591116046661066319e-01
4.995264211953448497e-02
-1.042136344121094460e+00
3.802021554534893433e-01
-3.711562003229028073e-01
4.360064829323982982e-01
2.319808870369986786e-01
3.250693829045294692e-01
-5.888983106763775455e-01
3.915110311816095701e-01
-6.886162439006672242e-01
-1.130628853523236721e+00
-2.030903238540691658e-01
9.099741759561610355e-01
3.260355063303468359e-01
-1.507688185651336221e+00
4.609488991231914801e-01
-1.600089974116688518e+00
-1.515939616247127919e+00
-9.560815941187711386e-02
-5.873081195931338927e-01
1.238192869402841234e+00
-5.510619624858098531e-01
3.337934186437001016e-01
1.255794578423665708e-01
4.804194877192022317e-01
1.425017916231655080e-01
-7.763941255017547949e-01
-4.377034094936690933e-02
1.099782882204482171e+00
-7.616916961500328487e-01
7.464404011566018182e-01
-2.595781938837810054e-01
4.245419242879846511e-01
-1.032258168135398391e+00
1.239910005296770978e-02
-8.399364922888061802e-01
-4.363625050712980347e-01
-1.134851582666515368e-01
6.292977286454809471e-01
-8.195435488902258481e-01
-6.782574623866682861e-01
-6.850898554036577437e-02
6.473904886190096075e-01
4.790598600422735776e-01
-3.537142745434114777e-01
-2.723364176811771120e-01
-5.084635864220559132e-01
-6.926197130624610621e-01
-1.084770800698591886e+00
6.312077207394667377e-01
-6.278034301850581311e-01
3.887453163857665928e-01
-5.013206118827120417e-01
5.146578300943751572e-01
4.024467653105030518e-01
-7.973390192376350605e-02
1.327424422377731783e-01
7.946878801683500138e-01
-2.446230759608162275e-01
-1.113785223880379427e-01
6.024914803933429930e-01
-3.842654051954252914e-01
-6.056285019929955049e-02
-4.860692656802942935e-01
7.612710526243615661e-01
-1.051270702007998992e+00
-7.916457044058448911e-02
-9.508807612652183661e-01
6.588103379336476273e-01
-5.025353991455954183e-01
4.579495141563089122e-01
1.169529319002424517e+00
8.652278373697643021e-02
5.155461943085818399e-01
-4.460538315281846744e-01
5.465077313635701151e-01
8.096455103539759723e-02
-1.527615393780077935e-01
6.483068690430197067e-01
-2.476942872078470859e-01
-5.667818173274177251e-01
1.985147991163069836e-01
4.192192871725311520e-01
-8.382956147161448879e-01
-5.640857259925342593e-01
-4.561238702753502849e-01
5.939264281660991962e-01
-1.420681234228866885e-02
1.767570822777386197e-01
2.850415484578783243e-01
-4.752943395422023487e-01
3.439070408858868610e-01
-4.077600275111238903e-01
-1.545441239796397914e+00
1.506302659519009879e-01
-1.120067829801816073e+00
-2.289511686871905927e-01
1.529399571159644644e+00
-1.584317096976440853e-01
-2.403982493138435983e-01
5.026719543917806954e-01
7.727428038184505077e-01
6.568274785253905845e-01
8.169630519242657707e-01
6.503868954933533786e-01
8.521184709899684018e-01
-9.386818845624130825e-01
3.849137595282801916e-02
8.778539695657464614e-01
-1.127136748254290000e+00
-1.501095554414341726e-01
-6.149853030062536474e-01
2.840893113612503740e-01
5.822875890218067729e-01
-1.314720865528889449e-01
-5.840961867361277315e-02
9.468034820575080834e-01
-6.562691099098204583e-01
-4.215891225070211856e-01
9.332606305522115342e-01
-4.234755800989796204e-01
4.707608027546917318e-01
-2.122836954646745711e-01
-2.895327912488034894e-01
1.089598147710781895e+00
-3.159456960092982269e-01
-5.501508887941424231e-01
-1.229148462243313533e+00
8.262113557784862561e-01
3.479521217905431341e-01
-6.467146797826524018e-01
-2.800522034631855450e-01
-6.488581011172113167e-01
-1.197024519530673459e+00
-4.370402969016838335e-01
1.465764009415797320e+00
4.274122417920718231e-01
-2.922375646648512487e-02
1.550200615936299098e-01
1.804959425206498214e-02
-6.960410014881354135e-01
-6.454402774035298274e-01
-3.532325859297072990e-01
2.566462723763514031e-01
2.446409810588737188e-01
5.373727910226057114e-01
-2.166747132161156997e-01
3.388335811348257565e-01
8.675620915019243151e-01
1.689066865854765009e-01
-5.152175897165276464e-01
-8.822058641898923304e-01
-1.977216148162924680e-02
1.060417169646646007e+00
4.034446261971321723e-01
6.679901722111531992e-01
-3.825987462493293245e-01
2.911387568595763531e-02
-7.054182389497639649e-01
-5.254095972907174561e-01
-6.599377038323388511e-01
1.860272113498809554e-01
1.279631057171100872e-01
-3.960592080883647004e-01
-2.901330747907682750e-01
6.416646558535954448e-01
2.518649096633447382e-01
7.884796673427971747e-01
3.873895276974483881e-01
4.202574041894895918e-01
5.600648368344904870e-01
7.494618181228027698e-01
-9.185911629836643888e-01
7.260480914664761976e-01
-6.135836188159824456e-01
-3.123521942587723643e-01
-5.220227839592853636e-01
-9.093786072298963574e-02
2.313580529070613512e-01
-1.679447939133149603e-01
4.685929613964941454e-01
-8.710111619798733829e-01
1.524869594514328131e-01
5.747909077341963879e-01
4.946940873411061479e-01
-3.385268256399924791e-01
1.227527278252927567e-01
8.545007890261016592e-02
-6.595687144586901418e-01
-2.276507685674045156e-01
-6.995139282893902966e-01
8.360831739313114852e-01
4.334776555254916675e-01
5.876704575773208372e-01
-3.175961039753099624e-01
5.017419961223587022e-01
-6.359317018586383430e-01
-2.727434973136870777e-01
4.922019119589363112e-01
-5.528141148298908458e-01
-2.782425032381669050e-01
4.619744542257555597e-01
-4.373445702453095385e-01
-8.714655987013935068e-01
-1.269307156551900961e-01
-3.865179838020627034e-01
-4.727615461951851783e-01
-6.906454948931115556e-01
1.144711073169214499e+00
1.113492222531995202e+00
5.733191793687052451e-01
-4.798613467149529521e-01
-1.462996237307767844e+00
-1.418451154101871836e-01
5.962474672670148301e-01
-4.157423067711249476e-01
-1.038008249903165536e+00
2.226083622086636460e-01
5.578320214491303553e-01
6.215191404936055708e-01
-4.585808021215940777e-01
5.767707505754192665e-01
-4.651068456961791053e-01
-5.092825498636087689e-01
-8.302395404468319029e-01
3.982399106891390539e-01
-3.779523804036550860e-01
-1.787637916196162802e-01
-9.153555049108947905e-01
-1.586628959384919213e-01
3.567253450325387210e-01
-9.197406868888968745e-01
6.072175886263170286e-01
-3.359299911243556758e-01
7.300187004760150256e-01
2.052467969332222031e-01
-1.102670128074855205e+00
5.239562016583795279e-01
9.620269112918342636e-01
8.080254327637875766e-01
-5.944775321824169456e-01
3.892678862672501183e-01
8.908105464030890985e-02
-7.982071607122156465e-01
4.383424387649712539e-01
-7.486607058896989075e-01
-6.938304580475105343e-01
1.599285752123078275e-01
5.909757462719376075e-01
-6.481842182736369251e-01
-1.311484900081314464e+00
-1.065636891989496515e+00
1.830540263842264093e-01
6.152248541463767317e-02
6.588372049940678377e-01
6.282198850635081211e-01
-6.145969704276612600e-01
1.053113289616192105e+00
-1.213683211185150768e+00
4.733278401599875229e-01
-2.217732162741115343e-01
-9.401975282277832968e-02
8.637841156788674812e-01
1.997878191521870461e-01
7.400257522005474486e-01
-9.408519465228964984e-02
-2.559527208216477723e-03
3.658711774683094387e-01
1.933357369173155649e-01
-1.805682727052686232e-01
1.773330496965020986e-01
-3.025566979185100314e-01
-5.624664339842512240e-01
7.394579512822760936e-01
-1.069870970129890853e-02
-1.061535648928201958e+00
3.296699719808843243e-01
-9.001803902633132015e-01
5.769163782565599197e-02
6.815682787596483161e-01
-1.644172857740593408e-01
7.996672012149728115e-01
-5.935452401727157046e-01
1.622976846945236029e-01
-1.235093723525569342e-01
4.329514109748215933e-01
-4.618865687131276099e-01
8.052626858186235914e-01
7.817367144709245208e-01
-6.929794845237464695e-01
1.175345353262940762e+00
2.531929587499582857e-01
4.680176282918980801e-01
-9.804355510188009770e-01
-9.455041948870993584e-01
-4.206490035619917522e-01
4.251692534087794240e-01
1.317808682156333955e-01
9.974452023928764843e-01
-1.271067693339383853e+00
5.110456126113045450e-01
7.474037224171441451e-01
9.532595949089994747e-01
-8.272932057405743000e-01
7.177506938999507202e-01
6.991110419130384113e-01
1.051012295166242172e+00
-1.768310436021768295e-01
-6.872990635866611520e-01
-7.337705675021006790e-01
6.148773862912422228e-01
-2.544616258062828984e-01
4.457899510616164518e-01
1.203614287582041031e-01
-4.082186152261881307e-01
-1.622630506760138758e+00
-1.180650569812477624e+00
-6.550574077728826827e-02
3.931315639440033927e-01
-6.674431126637899725e-01
-1.642112792760395124e-01
9.836108640356781008e-01
1.022155922883106527e+00
-7.386939956608888913e-01
6.030787198898511503e-02
-8.451369555953776036e-01
-4.616638335050901043e-01
9.738790874982828916e-01
-4.532688556439838923e-01
-5.028503217869531028e-01
1.380190046128909054e-01
1.070299897602901895e+00
-1.170892362903330763e+00
2.945830541180463613e-01
6.149700348510560577e-01
-4.069953583827439214e-01
-6.714653278640408951e-01
-8.428916322838976571e-02
-4.565410415722195303e-01
-1.969412895914660622e-01
6.019054566641424131e-03
-1.780788394581136469e+00
-1.039913474592379927e+00
4.114987505989090577e-01
-6.841593767591001019e-01
2.429517700895077459e-01
2.791966657703309207e-01
-4.274395108149244837e-01
-7.850770840539210704e-01
-5.147163458684701487e-01
1.464534959780234846e-01
-3.411612877423137458e-01
2.590209900454270020e-01
7.785780909574775421e-01
-6.823792502943539784e-01
1.739932954596471015e+00
-2.613480002808846181e-01
-3.451682208750165293e-01
7.946837454982279281e-02
2.555746285598804457e-01
5.945122084368298365e-01
-8.221203911832450917e-01
-4.804741698143494832e-01
-2.348751240020164888e-01
-4.248757895592183975e-01
-2.123006846735580599e-01
-3.735825394435614566e-01
5.019415609803431488e-01
-1.728650377697494023e-01
7.139879094780021695e-02
-8.624428613683037259e-01
-1.311908200285267334e+00
-4.961231211282671749e-01
4.457252420273597471e-01
4.115967040977133173e-01
1.991752616947145560e-01
8.075590194740264183e-01
2.128160018769877648e-01
6.618379943475520832e-01
1.010525136174954319e+00
-1.181588157746629730e-02
6.244658002662361040e-01
-2.095429257380219401e-01
-6.165299103383793389e-01
-9.311080461803129538e-01
1.278398316378808630e+00
-5.199519581427634041e-01
8.615126307327809485e-01
-2.478196909700244588e-01
1.583071240985548744e+00
3.092750399619056401e-01
4.189156381973461185e-01
6.527316334329243963e-01
2.844444148624691859e-01
4.228078849088865443e-01
-9.290761477173605787e-01
1.046333964246469517e+00
4.013382991402482669e-01
6.085087117164535986e-01
-3.414878917584420193e-01
-6.985465124438974271e-01
-2.260096244182419611e-01
5.471141888207979864e-01
-2.561712592956325585e-01
9.466826261533525244e-01
5.286395493303092108e-01
-1.395909093731182715e-01
-7.973539329121257513e-01
-5.212696188196282998e-01
7.562087653859510539e-01
-4.952722966967771367e-01
2.989795152498491149e-01
-3.069037697259404673e-01
2.837383997544520864e-01
4.324048118396353058e-01
5.518453791362816219e-01
-1.924096639267253439e-01
5.166678468544841918e-01
1.949757266236513131e-01
-6.714849860987562313e-02
1.409307364194296586e+00
-9.144599833749964546e-01
-2.599552661321489211e-01
-9.394154628179856026e-01
-6.580191064119629563e-02
2.347016667250884925e-01
3.487617601234757059e-01
4.018221339522613511e-01
-4.353587444226876269e-01
-3.335973530569622536e-01
6.723174603112929137e-01
-1.746188079634550805e-01
-8.102516487749258367e-01
1.274473377126005946e+00
-1.268879545951351773e+00
-4.014745452132056913e-01
-9.721584730319341450e-01
-5.114301411637494077e-01
-4.195457815892976727e-01
3.763346282568050816e-01
-3.888640001200032170e-01
2.895175665094867345e-01
-7.960125677176130843e-01
-9.962145012027708857e-01
1.254694121848451971e+00
2.394511638059635961e-01
1.259553876625810975e+00
