-6.218543868101570338e-01
-1.114125212140117727e+00
5.091515770287170506e-01
1.615193946194845298e-01
-3.652642154532743102e-01
-1.280952538796200635e-01
1.560472486469214048e-01
8.194195229673330028e-01
-1.707026789090394292e+00
-1.142780864021717635e+00
-1.117201747349617857e+00
-3.370356951828029857e+00
1.164454837141472687e+00
3.760878648850611849e-01
-6.694420686641773255e-01
-2.242822222795082254e-02
-1.410867711885806841e+00
-5.225006042429025666e-01
8.446738041464835201e-02
-1.542062198285612862e+00
-3.363611461141413628e-01
-9.174556057247379437e-01
4.934606317193653835e-01
5.741749897012514703e-01
-1.749611019582437144e-01
3.752554084689484482e-01
7.743154381119198293e-01
-3.275775608425814944e-01
-2.933985941749896464e-01
-1.636597389514606038e-02
-5.419553967193649902e-01
7.982558736297185042e-02
2.786217982569679563e+00
-5.645409134542019036e-02
-3.347642099131931115e-01
1.571078216543389194e+00
5.556709543070836865e-01
7.411155707038497020e-01
5.518179587388514218e-01
-6.918732483820108636e-02
-4.937069470660322978e-01
-5.379020803912649973e-02
3.179062972099778728e-01
6.826185907512802853e-01
-7.173288488049672784e-01
-5.470379734399342109e-01
6.598101968087468627e-01
-3.316830710245027181e+00
5.881327298115837099e-01
-1.031335554904771468e-01
-7.457948317454765608e-01
2.163836720324438523e-01
1.960647159342088885e+00
6.518386326723892843e-01
1.438117962233460778e+00
2.270628307883162667e-01
2.251959375620819603e+00
-1.837404474672314492e-01
1.410304084408507741e+00
-1.012855045945941335e+00
1.911972697024116319e-01
2.969239692349469051e-01
5.409102030103302150e-01
-9.070458173445944405e-01
1.565563624014189914e+00
1.862291996903186753e-01
-1.149486149476832475e+00
5.581048126684418076e-01
-6.604412797800829349e-01
-2.747721234238849619e-01
-1.349189403340137927e+00
5.985955522528239037e-01
-2.093594399400454109e-01
-4.517688575925807304e-02
-4.645345159204522512e-01
3.429304653113128820e-01
-1.486574111985150104e+00
-1.302017771655634260e+00
1.430385727321799583e-01
-1.077059193025722006e-01
1.042125337811367292e+00
-4.988747643777098895e-01
7.683154470034362360e-01
-4.819871145185765093e-01
-1.931311744455031398e+00
3.253212471150380702e-01
9.677323040779471641e-03
-1.761685143605740689e-01
-6.046011794425305563e-01
7.602910488140782186e-02
1.420085462102079532e+00
-1.078977064415917342e+00
-4.022113112597184292e-01
1.841764438822968142e+00
2.269952809235391111e+00
2.355348723728563354e-01
5.284743577034195505e-01
-1.036388841839515906e-01
7.848178464922176412e-01
-1.273844957897362906e-01
-1.777630675760054624e+00
-7.110329412747426470e-02
5.616779442833874647e-01
2.320078710673634248e-02
1.534297997938953273e+00
-1.642275966437122481e+00
1.033209984662835090e+00
2.970521076848935405e-01
-1.415414869417856325e+00
4.711960346550300716e-02
-1.315627883464407510e+00
-1.868668149107527432e-01
5.214191441055382459e-01
1.823101539746865729e+00
2.847340072932112442e-01
-1.820518967322412474e+00
-5.375605735712926103e-01
-4.883331067472936882e-01
9.796333319844661158e-01
-6.576766977763344180e-01
-8.187423570258183653e-03
-8.226979560139530134e-01
4.863851175022302353e-01
2.475799427168130784e-02
7.529506561664344177e-01
-5.749193000893385586e-01
-9.579462748591912602e-01
-2.429925648387946335e+00
-9.392447117813418345e-01
-1.670456254108180660e+00
3.574051482791569256e-01
6.260150678592367735e-01
1.221622580536344316e+00
-3.574398157736352610e-01
-1.461742329872118829e+00
-3.255104202609141462e-01
2.140323262013661965e-01
-1.682661171496511177e+00
1.565871652054806162e+00
-2.027935628973160376e-01
4.156709459782643168e-01
2.044100080954000642e+00
1.087222397117686701e-01
-4.809641526031963044e-01
4.459414433121375310e-02
-1.709824060026436665e-01
-1.484456151073350716e+00
-1.516599712709657322e+00
-1.049952685918455614e-01
7.330043113848952463e-02
4.684487136492286319e-01
6.698595306653888359e-01
4.966076712380388947e-01
-2.106132147658326126e+00
-2.648127892051784560e+00
7.203723509127473168e-01
1.120123736402865333e+00
-1.415468357976684022e+00
5.973309871979061436e-02
1.479338613928019130e+00
7.294288875997745336e-01
1.173069013690468898e+00
-1.434941331687929367e+00
-1.773079524858952871e-01
4.510291202441963909e-01
-8.103587848136303284e-01
-8.552027375838804346e-01
-2.362193472693425722e+00
6.169348499784620410e-01
1.279982400569119050e-01
1.855265582719786144e+00
4.996312695225849643e-01
-2.056714148519667162e-02
4.910707337824189445e-01
-1.183753076351357514e+00
6.698371366879798394e-01
1.389449333697625466e-01
-6.119914336560303703e-01
-1.720784417499337859e+00
8.609408309723769470e-01
-1.600211421376906418e-01
-4.692938075967978406e-01
-9.680585462489876836e-01
2.623000139563391730e-02
-7.832185078849342175e-03
-9.028732459426839219e-01
1.431534371615771795e+00
2.041401491671575863e-01
1.188585013963483483e+00
5.083657278641712240e-03
-1.560141649601950731e-01
1.586904763301064891e+00
5.641472726893811407e-01
3.085759492003293802e-01
-2.361926384901175124e-01
-3.915688708404715390e-01
9.020409133170875782e-01
-2.183166469217377170e-01
1.334193328345427476e+00
6.293799996415911924e-01
-1.379190211275514999e+00
-8.386704537702904805e-01
5.028156558074978744e-01
1.220991014004422226e+00
-9.447723102003444673e-01
-2.433637219722761813e+00
-2.236342374978629088e+00
-2.090594209572377071e+00
5.551165553948806952e-01
6.324553787315475573e-01
2.618093816430496212e-01
9.099177000106115631e-01
1.640288736948047055e-01
1.187714245298067794e+00
1.374351797201933234e+00
-1.649442311321995813e+00
9.690359425326383613e-01
-2.577755484133828490e-01
8.233843262029728605e-01
5.275615864334030070e-01
9.459782713874889670e-02
-2.438395407895996292e-02
1.337916948793236749e+00
-4.895973163319941590e-01
-9.437114892670463995e-01
-9.978329491242547977e-01
-5.553475967723267015e-01
1.793179435652562659e-01
3.511526768923718400e-01
-1.243863148580054978e-01
-1.092668658246980645e-01
-2.005260637572702787e-01
-3.614412584971170572e-01
-1.003875619566723332e+00
8.014860869583790848e-01
-1.183662540954052655e+00
-2.995757889053235257e+00
3.741849058963036545e-01
-8.613117809460710816e-01
8.810945134124875677e-01
4.453409181441277953e-01
-5.044774772415101527e-01
2.975755153708671275e-01
-9.047027658599096633e-02
2.064723355725784693e+00
-1.932765468085771987e-01
-9.143366512712337579e-01
4.581036240226946665e-01
6.007478765305517276e-01
2.727870037439401152e+00
-1.003375801395248734e+00
-7.156515113671030326e-01
2.845572436248747228e-01
-1.827313665848463664e+00
-3.604728892605700286e-01
3.109610288928083000e-01
1.188509176733014927e+00
1.505303141271594480e+00
8.856648820243798181e-02
1.366556343519681471e-01
-7.022719873750205011e-01
1.157854678592491693e+00
5.225334293432983834e-01
1.313310850833231958e-01
7.763386678044946754e-01
