-9.278820011148333213e-01
-2.376765353059028030e+00
-2.837605606885815757e-01
-2.293486185001713529e-01
-2.076829624080352432e-01
-1.230828785902307487e+00
2.542569797070234117e+00
1.829008789794242529e-01
4.720937207216789888e-01
7.603949457267231704e-01
4.654646618709313843e-01
-4.098047521582104946e-01
-6.742789128030834966e-05
5.440309799166841154e-02
9.920884347386227375e-01
4.238907181033116922e-01
5.528969113782031819e-01
-1.987473917465873707e-01
2.766930248904858058e-01
-2.237285554346718219e-01
-1.458874633679102750e+00
1.345407038506396535e+00
5.279480723062053293e-01
7.420809641863070905e-01
-8.249459476683433934e-01
-7.013028430468067898e-01
8.379684905370924364e-01
2.971697607848296840e+00
-1.561782414259276663e+00
-7.095605097624486657e-01
9.080284024253051367e-01
1.066360089706827941e+00
1.009145001837660427e+00
1.246345661521303105e-01
-2.313087447775277194e+00
2.011984089133687092e+00
-7.646808595336322956e-01
7.463622884184948347e-01
-1.655928911979889673e+00
-1.571400561073173496e-01
7.450252296929422702e-01
-1.165634663820669797e-01
-1.076430070453862964e+00
3.368357964149331085e-01
-2.372070263624854181e-01
-5.105997375451520881e-01
-9.303282718047981015e-02
-3.836628117067709121e-01
8.349263637634909418e-01
-2.565428092040830665e-01
-2.589292799761570008e-01
-2.157372219679005276e+00
-1.114044116304492293e+00
-1.984322455224556414e-01
-2.421149006767140399e-01
1.601920261530945577e+00
1.736761940548911420e+00
1.891282033151090225e+00
2.437725588663065546e-01
2.540959334651213819e-01
-7.210016307682159953e-02
5.384577832142731779e-01
7.701240951754528830e-01
1.269493617860301682e-01
8.152768241509300573e-02
2.082364109953841469e-01
-1.374785764413227973e+00
2.070580406252551242e-01
-3.448027111589084814e-01
-1.338482307691842843e-01
5.462915084022500478e-01
-5.547639641823647327e-01
-2.045945531570781128e-01
-1.119123630443934259e+00
4.207149258686161408e-01
-5.779996437199250714e-01
-1.740157986282491187e+00
-1.244139972357743318e+00
1.001623156344178200e+00
-2.875861072831817355e-02
-5.459071127408139379e-01
6.451465138439653746e-01
2.052815633964306663e-01
5.697098828258306824e-02
-9.861489004748844045e-02
-3.864052281962510049e-01
3.650492594411040015e-01
-4.979763485598658335e-01
3.827914034560768175e-01
9.628453077257318471e-01
1.770200694311612644e+00
2.746354637818552713e-01
1.510083767023216561e+00
2.308829113706417080e-01
-1.086055465164315947e+00
-1.884141397611229229e-01
-1.328155184280143342e+00
1.089338744741107368e+00
3.250883669059910774e-01
-5.906796580249350503e-01
4.281979605138714895e-01
2.046795278654828243e-02
5.208048118959134332e-01
1.754876346599677284e+00
-7.387673668362573220e-01
2.318857600324670809e+00
1.551333970758422165e+00
-1.141232283200209530e+00
1.514041746318954385e+00
6.519884789365975042e-01
5.070382559596832150e-01
3.445440462390524095e-02
-2.307208426526957901e+00
-1.537557205047344944e+00
1.382439408822946636e-01
4.518736821216873256e-01
1.643749843818701706e+00
8.022704057042583381e-01
1.825715811428164637e-01
-2.350390702113275276e-01
2.234707321401745883e+00
-1.704117312394350936e-01
5.375471883351607971e-01
-1.429128639030179837e+00
2.480577809280231527e+00
-2.576447132102646975e+00
1.131007441459076723e+00
-9.792929256669953286e-01
1.495715583753772560e+00
1.842840278993105874e-01
7.276540818736314531e-01
1.118808989524723574e-02
-1.241866402467321162e+00
8.330769527149506359e-03
5.005251229311125094e-01
1.875774102753772765e-01
-1.144047253186539992e+00
-1.937767641858094136e-01
-2.019633695610321966e-01
-1.401799153088003624e-01
5.625007966805264381e-01
1.505014795305038566e+00
9.602848191032725689e-01
-2.673825740794360861e+00
-3.834967098264754348e-01
-9.809336648423538918e-01
-1.112006621978018639e-01
-2.164598000933425137e+00
6.144907229662694981e-01
-4.495163581089096083e-01
-3.793557528458725292e-01
5.716854439175671487e-01
5.387376311906414417e-01
-9.523280933063172915e-01
5.058587502805029779e-01
7.818140230814842051e-02
3.473170950300573656e-01
4.274299710579746447e-01
2.517448018516875718e-01
-1.484164074148750068e+00
8.883428148823552251e-01
-1.192579266353620326e+00
6.177555763940588696e-01
-1.170559629337293517e+00
-4.574456234855744929e-01
4.827229843036351387e-01
-1.348018901593480923e+00
7.943167365039394134e-01
-5.071045729136519631e-01
-3.494066218762777454e-01
2.850772811889060732e-01
1.095494286516854654e+00
5.940441165124701883e-02
-8.267352158168801424e-01
1.071602649510202232e+00
9.726039710263370552e-02
-5.432736574253744788e-01
-4.408790319381404310e-01
-5.826063674796478686e+00
1.512350467632857520e-01
7.452642090894617821e-02
1.782665618337476943e+00
-1.406023773650959985e+00
-1.209364282413805947e-01
8.669036822340799864e-01
-1.556714955868255812e-01
-7.559656921804411844e-01
