-6.681646625050956523e-01
1.443343293288643081e-01
-1.892598449769751445e+00
-6.541216420659051733e-01
-1.436868016594058828e+00
2.028241481331336526e+00
-2.694034508746483869e+00
-1.392978917357334590e+00
-1.473758242554038977e+00
-8.469437771971001228e-01
-8.412026178993380066e-02
4.776455140624897289e-01
-9.152677036886472939e-01
-6.039670888618808853e-01
-1.212309107817926224e+00
1.617756986207844694e+00
-2.193557366486122984e-01
2.035414798676316028e+00
-1.094156865736056972e+00
2.547714880108079782e+00
9.623225673253732460e-01
-1.137043837995853401e+00
1.026047340831468313e+00
1.197415849067730464e+00
-5.588737957721241489e-01
9.712635818409323107e-01
4.247185469405565517e-01
3.906541302342290134e+00
-3.453118860373063370e+00
-9.507193449507371774e-01
6.516005154932239529e-01
3.370705931566431168e-02
2.630112432912513065e-01
4.869437271751126395e-01
1.655153057580409204e+00
-3.422534946974969960e-01
-7.891567680609917756e-01
-9.758239924188075731e-01
1.068798891145638308e+00
1.925049560432847251e+00
1.357503359677511845e-01
2.009577379839177613e+00
1.595652204621346382e+00
3.351731549581496994e-01
-8.521491412370939544e-01
-3.955600787436643756e-02
-1.148214488537753653e+00
-4.180989545416483599e-01
-2.460117269849626975e+00
4.153871597935396287e-01
7.021543777234846573e-01
-4.236150392471233483e-01
-1.509735051869225853e+00
-2.051048583868083641e-01
-1.007170393298623817e-01
-1.611768075941504008e-01
-4.248667216222498655e-01
-6.327107790951906896e-01
8.575954172844352241e-02
-2.982204214374006845e-01
1.927479566298461733e-01
2.014719819676299650e+00
1.954550907177926788e+00
7.012356617865914687e-01
-1.271690832455905529e+00
5.917267321105947964e-04
-1.782346964417990343e+00
-1.355316855708451396e+00
3.320964829766657633e+00
-1.793642630460265508e+00
-2.053909186835968459e+00
7.840348851334886238e-01
4.555574957765913258e-01
5.201530214364991078e-01
8.155505243465576148e-01
1.699011640407494639e+00
1.950192258177984250e+00
2.372307779108711046e-01
7.022380244901413882e-01
-1.894741157969545453e+00
-9.042116224797287494e-01
-1.965377243343918168e-01
8.876906280805809679e-01
7.282219902905217035e-01
-1.405573815328307941e+00
-1.416496755857575174e+00
9.127927713872253657e-01
-1.629407351359652534e+00
1.328137542604371557e+00
3.131795062844539235e+00
-4.052024982474726200e-01
-1.857534495210465098e+00
7.091270429016195420e-01
-2.125918935109150087e-01
-9.547620970263654971e-01
3.960303005111816543e-01
-3.113725769792572429e+00
-4.276692693919396326e+00
-1.637822929276548045e+00
2.884837291011211335e-01
-7.111319773129707311e-01
-1.989153969354053308e-01
-2.922890372374319368e-01
3.685027263486261973e+00
1.174938080589493783e-01
-3.709880772757346429e-02
1.858142397884587460e+00
-5.269042271526573895e-01
3.799601457273781707e-02
-9.062147725299208867e-01
8.484760417705761171e-01
2.300229966660551018e+00
1.603769959198045214e+00
1.253786624313523446e-01
1.180881056583833910e+00
-4.287336781243816786e-01
5.418437433792223645e-01
4.438768937805752657e-01
1.925185930307521831e+00
1.892327641413787731e+00
9.460986616611661848e-01
-1.058949613489433395e+00
-1.492342302121831166e+00
-2.717027457056074180e+00
5.006003304998656728e-02
7.783226484037788495e-01
-4.884124630623191798e+00
-1.059499820097502543e+00
1.938966435910369768e+00
-2.163628069797000286e+00
9.670065553553697235e-01
2.759637844517915939e-01
-2.305657732736810406e+00
4.323736267807142264e-01
3.346338710330684085e-01
4.262145935043978540e+00
-3.254955967438220021e-01
-1.188581573708247685e+00
-4.928259226284436023e-01
2.294124121740986233e+00
2.447258174297071598e+00
-1.563135384168206965e+00
-7.308931826700520995e-02
5.401609323675010677e-01
-4.540981758148218694e-01
-4.167229225280023597e-01
-2.243975683681640465e-01
1.179987326234025247e+00
1.006322517400450867e+00
2.706139438167419975e+00
7.967658247423078377e-01
2.352325986877122355e-01
-6.717083111840710385e-01
1.323107025132387760e+00
-4.298618235064147752e-01
-1.388859322887031844e+00
8.085253161899844665e-01
-5.381079814096669800e-01
4.156053684510598867e-01
2.761461416715882855e+00
4.342778488269525283e+00
-7.103917756267961181e-01
8.698038500995161626e-02
-1.848058445918670412e+00
-1.304633893542994638e+00
1.893005497440672924e+00
-5.285170339801035233e-01
7.148700735386493976e-01
4.708567386071373928e-01
-2.185195502424535363e-01
-1.624655068775104461e+00
4.205476093986820763e-01
8.212401580571803139e-01
1.172098162339501703e+00
-2.365681804487193673e+00
-1.601676617047300688e+00
-1.743179433649960419e+00
-1.119481345241371884e+00
3.679844897102608758e-01
-3.867688971269204745e-01
2.234258378047245586e+00
8.849072770257149223e-01
-9.856275104716011315e-01
-5.500532656175262103e-01
1.387380713149063860e+00
2.489836543309528472e-01
3.168057671611559378e-01
