-2.726968494151359446e-01
5.278957233730956489e-01
-1.812546687398573497e-01
-9.240112204179082300e-02
-9.330304769738229087e-02
-8.134489755832433611e-01
2.455469573903834024e-01
4.842207161029542517e-01
5.522692845737622314e-01
-7.579739499554479787e-01
-2.787029162070011126e-02
-2.640075737824143509e-02
8.355044214222285825e-01
-1.082326367965460667e+00
9.688917603370664766e-01
1.393193733291200886e-01
-9.867023449856574535e-01
2.410399625671011403e-01
-7.476526293855312311e-02
1.015224181315768082e+00
5.154964651730987724e-01
2.135930329164487385e-01
2.762917854350628866e-01
6.045478497101202109e-01
6.365140781605068687e-01
-1.897822089834896864e-01
-7.214359994551235999e-01
2.241723588884558804e-02
3.511745430184595729e-01
1.639551879418835068e+00
-1.218350670151739479e+00
-8.064660357409667579e-01
-9.064736037174864203e-01
2.161603125538755221e-01
5.325311683220590453e-01
-7.662138823407732557e-01
5.365335815683537346e-01
3.263404032992192616e-01
5.141656975210626701e-01
2.445353118305081674e-01
-8.746610681715798474e-01
4.277868047444676192e-01
9.460225133904671957e-02
-3.407852703212614909e-01
-4.757820883208388474e-01
-7.372359372098078456e-01
8.506535140198329126e-01
2.431982383736939479e-01
1.577571076270194994e-01
4.630051539801204735e-02
3.294023769642800414e-01
-1.184517355664026494e+00
-1.801423909360343467e-01
-1.463556716347622189e+00
-5.193266116845990377e-01
7.460576791005710251e-02
1.325888355505631111e+00
4.242572213921452229e-01
5.893791981708750294e-01
-1.166811618789531657e+00
2.661086813395313611e-01
-8.558342584315373758e-01
1.389013982961868621e-01
9.590354818579813756e-01
-1.553591761714812280e+00
1.547156228022722235e+00
-1.323022486254968877e+00
-1.278971504177961183e-01
1.225698338113704322e-01
1.345564726575385062e-02
5.361623358938708561e-01
-6.535842757752833299e-01
-1.323940959536195061e+00
-1.154502013448327924e+00
-4.816877006110246717e-01
-9.221937614295349084e-01
3.196931099251724695e-01
5.614773831301652640e-01
3.063895702575559765e-01
3.574340878095175200e-02
2.265579352135156932e-01
7.943085757074360709e-01
1.338028776044689394e+00
-4.317265819829417817e-01
8.331096183177234549e-01
-8.262935812108132549e-02
1.368272979176276216e+00
1.216697144773630113e+00
-1.676647272722111837e-01
-1.280357871219321764e+00
-1.007426837143906795e+00
-8.612859255041777073e-01
1.610350948713636376e-01
9.594664673626288609e-01
-1.381784813865015726e-01
-3.337260416057827306e-01
1.202496277069581149e-01
1.236675861677740684e-01
6.715607567364323405e-01
-5.394099923963763255e-01
7.997787610472786302e-01
2.928546515053115362e-01
1.709779430558077129e-01
-4.243833827989227370e-01
-8.079991100918829661e-01
-6.651735533793298183e-01
9.237041280521895992e-01
-4.341381829989444663e-01
-2.014520879943435094e+00
-4.639625157553100565e-01
2.186166581794756272e-02
1.375772072049210315e-01
-4.379050605916646743e-01
-8.184690206804954293e-01
-2.312916797706354166e-01
-1.190514918183034121e+00
-3.155455828881794100e-01
4.742880098165148661e-01
-1.375705846717940328e-01
2.335445294357094970e-01
-1.199219788433419087e-01
5.023771067672525570e-01
-1.230934316253533556e+00
-3.959225562729507542e-01
-6.921594847833708597e-01
8.591298689727180360e-01
-6.809093971330100192e-01
6.867230630756605558e-01
-1.432844571672542422e-01
7.020093525696879944e-01
2.073371925203786326e-01
5.829286546083087828e-01
-2.821536735109619887e-02
6.369492479781108107e-02
-1.415430168946374967e-01
-2.958335102519298321e-01
-1.530966068534600488e+00
3.258473424212059988e-01
9.697469736291770559e-01
-1.740362816682595737e-01
6.455866419096409903e-01
8.408617865429193206e-01
8.803181749282562585e-02
-1.182357823119027262e+00
9.563273565837694390e-01
-4.392879888359086382e-01
-9.870541504746577210e-01
6.277844562997619837e-01
-8.751499013916443914e-01
-9.614615423262460325e-01
-1.373887315433816869e-01
-1.089169969007896865e+00
1.422075841609665714e-03
6.808679943295681269e-02
-9.023297193540171790e-01
5.225013720987461974e-02
-2.806413260647867558e-01
-1.085518517730109239e-01
-7.531178984939617127e-01
-1.990996757470553657e-01
-3.026913418703138237e-01
5.368288151827332877e-01
6.292600521034715788e-01
5.520388435319595333e-01
-8.078922018001725991e-02
7.830443441607348731e-01
5.816227331650052346e-01
5.259940816952388687e-01
-4.848046423927617615e-02
-5.488723512244332581e-02
-1.928760697945128277e-01
3.848984480759771731e-01
8.755893188588140807e-01
-6.016164053037925674e-01
-9.028777124153500866e-01
4.957442501097301668e-01
-4.762205806724371659e-01
-1.941261116299160261e-01
-2.019876342671685920e-01
1.180570906570935996e+00
8.600322191642466585e-01
-2.228745088702978328e-01
3.407393658822313598e-01
-1.003970167747416653e+00
3.678267166146519940e-01
8.091925132291954981e-03
2.057788941300044694e-01
-4.219557537251625856e-01
3.493006048206565017e-01
1.334646628146684555e-01
-1.400694268369414852e-01
-6.485104826092907837e-01
-8.711218797248462264e-01
3.674315084152911526e-01
4.778942009490494414e-02
2.140229786922906108e+00
-9.358990117302360412e-01
-4.267341872488912280e-01
1.199276258585524335e+00
4.889668954468401330e-01
-4.143955108130307208e-01
4.418529074135942314e-01
-3.673667035021833116e-01
-6.078632573673190542e-01
1.217950790936441985e+00
-2.658828314264320980e-01
-2.846435895663717019e-01
-4.069889205503807172e-01
-1.053611373974676635e+00
-6.705876664994214753e-01
-1.531569395159526892e-01
-8.585705635998628349e-01
7.382940800919567392e-01
-1.328610786459943904e+00
-1.304141998568051575e+00
-9.810633790509851737e-01
-1.276780131883367142e-01
-4.458523997305845477e-01
-9.303159372855389631e-01
1.222641581188652182e+00
9.406610272432522901e-01
-8.901987688317338776e-01
3.520927011859878997e-01
-5.592273775696057214e-01
-7.791800348365420792e-01
-7.061362381845770475e-02
-6.144923813111671240e-01
-9.179744894856185777e-03
3.190393260585153157e-02
2.249778525178263433e-01
1.714082410055505767e-01
-3.060800412382579938e-01
2.787076617839857606e-01
-2.524725380176003342e-01
1.043910394824417276e+00
-1.272712437593158219e+00
-5.419097873968093948e-01
-2.767356594641919854e-01
-2.983253424824214295e-02
-1.168472134504059401e+00
1.623527011817938570e+00
1.603577320533054185e-01
-2.916123766945555307e-01
-5.805762011490651631e-01
7.807468566702768786e-02
-4.115938478458505134e-01
1.636432315531288095e+00
-2.940237060502196020e-01
6.290940485587352970e-01
1.657248614436148459e+00
-1.019306015668715704e+00
4.389352273676552785e-01
-2.287070370050651169e-01
-6.233447421861003646e-01
9.718719606881036643e-01
3.409295512497730885e-01
4.013758584317401734e-01
-2.355918291003537002e-01
9.497318956104603416e-01
-5.245993098029489987e-01
1.517187397175990160e+00
9.741545490991562750e-02
1.355010401259779118e-01
1.638258681077619516e-01
6.854493102366560064e-01
-1.365327753823069590e-01
8.732089412093548830e-01
-8.069436499008248997e-01
-6.176427092810279351e-01
1.261248200315118195e-01
-9.853341283330169231e-01
-1.462685175778459357e+00
-9.686024493390812395e-01
1.003617213923523321e+00
-2.795685538480178201e-01
-7.096256218059320275e-01
9.966712979913515680e-01
-2.220899431327088003e-01
1.172612319372295042e+00
9.234492106610312501e-01
-3.317771639243217718e-01
-5.535596432748068896e-01
2.941571675304274214e-01
6.586573882604986885e-01
-5.762921017159133852e-01
5.312102961660475353e-02
1.095924506225565809e+00
-7.635485946983801009e-01
-5.242691276888925556e-01
-3.344344514274792679e-02
-3.958468582513234857e-01
5.300361212900568386e-01
-2.484217735679543071e-01
3.988350707295856279e-01
-2.905705228455770506e-01
8.794719522538174683e-01
6.073334943607762160e-01
-2.048173675703079261e-02
-5.628601265077322058e-01
-1.034928684562769652e+00
4.803136970345576184e-01
-1.198679818019505072e+00
4.724858387414530569e-01
-8.819000366850439088e-01
-1.296934565822338348e+00
5.924115469549663393e-01
-2.977242665068447480e-01
4.613178334402160408e-01
-6.637763516149584042e-01
-1.068283464287937079e+00
-9.060129325840492465e-01
6.797584893895721736e-01
3.382420929866751802e-01
-5.001382684064401007e-02
1.188926050324391692e+00
-3.600832107978483299e-01
3.480643303056750737e-01
-1.158358882656099487e-01
-1.235729548616372464e-02
3.962433501808425018e-01
-4.625854246907950551e-01
-1.384372578100287576e+00
7.837645577356418258e-02
-9.960139612886999005e-01
-2.458750470294321366e-02
-1.989234229540618737e-01
-7.257513596142338708e-01
-1.152977509476760254e+00
-1.387258137671523839e+00
-1.261536855763149001e+00
-4.236831738799709535e-01
2.083299954544109711e-01
-3.303216406911067549e-01
9.036537409366826035e-01
5.950732449452209583e-01
-4.471093438912521201e-01
3.308184040820547622e-01
-2.559090820328056015e-01
4.516036358017487817e-01
-1.151939683965191863e+00
-5.702796370322952280e-01
-1.819000477532165538e-01
1.994881209229721897e-01
1.023651125156537667e+00
1.025589320776219893e+00
-3.863729978524852449e-01
7.241139185665089739e-01
-2.087255516100475217e-02
-8.980391641868765151e-02
1.254190963700493544e+00
-1.083915573458281156e-01
-5.896763877556157607e-02
4.378158858925246255e-01
5.145094293942813479e-01
6.896996092961074076e-01
8.617991052161450005e-01
-1.063070256142395920e+00
5.086472067122582708e-01
3.107965083237799186e-01
-5.717440426752977700e-01
-3.851887325235609505e-01
1.288800382264515765e+00
-8.188520433994683767e-02
5.329298186487468891e-02
1.134960066514828225e-01
-9.574108526793403406e-01
-6.896961338209895986e-01
3.297144287144920805e-01
9.217506082426982217e-02
