-1.655486694136118819e+00
-1.548004977379758840e-01
1.546825015205657960e+00
1.120332737820071145e+00
5.100625260010716033e-01
6.891091026090290228e-01
-3.393275913635139807e-01
4.107956342240125236e-02
-6.152255994451716337e-01
5.195652548702038853e-01
1.088474706101773881e+00
-2.104052154741030689e-01
1.104266414562777958e-02
-9.554366307287529558e-01
1.598544954482223446e+00
-6.364774501401858353e-02
-1.871595567193197196e-01
2.261983368290364282e+00
1.821590215988655670e+00
-3.107971958981722849e-01
7.227872808488244871e-01
-8.202864645955803002e-01
-6.470121764504720430e-01
-3.260127607460221455e-01
-2.518173610881824231e-01
2.607350737460869539e+00
3.844604283195550143e-01
-3.784875288580399899e-02
5.748229402763350704e-01
8.839282242535020373e-01
-7.042499641442245828e-02
6.016338298542713708e-02
-9.330734812234611208e-01
-9.640531561458566268e-01
-1.159478919888001780e+00
-3.474476452225389034e-01
1.633860468020141621e+00
1.062476683345353889e-01
8.533435770059998315e-01
1.387210431854381643e+00
-2.961873491005814762e-01
-1.466369564624282029e+00
-3.543219942712219628e-01
3.495372350684157192e-01
1.365656416392495576e+00
-9.092579252457909378e-02
7.735661776836230130e-01
-1.726440622226784072e+00
1.840039785089291335e-01
-7.999891735979830498e-01
-7.449798688051632034e-01
6.079514169417532532e-01
6.135963533443455908e-01
-5.281047753404771727e-01
-1.177788673874377579e-01
4.975037381387344970e-01
-3.025094400141150608e-01
-1.322134856813811377e+00
-7.734829616373051220e-02
3.563858493732686983e-02
1.106713219583565166e+00
5.021743146383178535e-03
-1.433826658273486654e+00
1.164216532609308574e+00
3.186363749326911243e+00
2.157796188538689264e-01
-1.015502553430286614e+00
-1.217455315430552520e+00
9.677145876536753510e-01
-7.153715463301706101e-02
-8.359116708536602491e-01
8.811907645300757208e-01
4.524987599199895572e-01
5.142849386988690430e-01
2.094406825888468493e-01
1.102496293181907117e+00
9.294397822235161283e-03
-8.902426880977769574e-01
9.444634733821374861e-02
-6.416668236031659867e-03
7.974191632922544848e-01
1.072420085648853050e-01
9.307444608846905665e-02
-3.743016705511253983e-01
-1.396374825461089708e-01
-3.056261015312950607e-02
-4.801806618594273712e-01
-2.653798147276007491e+00
-9.521381627013676685e-02
-2.247552363268164322e-01
-2.565764986151818361e-01
-4.057483347151205622e-01
-6.675974825277526392e-01
8.807820366273007295e-02
-3.482272709772618602e-01
9.472249419574019225e-01
8.918208489493903435e-02
6.087241628257918924e-01
-1.138462062667215058e+00
2.539525430807343831e+00
-2.806957123863003112e-01
-1.346899840603268617e+00
6.252044195064000442e-01
-6.980192570197459867e-01
-2.075319808489686224e+00
-6.094402783185320915e-01
4.361429471134768754e+00
4.758353783317712526e-01
-2.390032354295768338e-02
1.428775058754085947e+00
-2.506893136107368747e-01
-6.868100049208041014e-02
3.850011834996585613e-01
1.362244149592003906e+00
-8.138460193117925678e-01
4.921440960756773841e-01
-1.068534400743095691e+00
-6.588506509535838607e-01
2.130796324007456777e-01
1.375085981848914951e+00
1.566800332313443012e-01
-2.788891564265045808e+00
-1.884147675871991723e+00
-9.282471506885386914e-02
-2.442998030912258700e-01
-8.095690636254507799e-01
-1.107683712429538669e+00
-9.358156052259589130e-02
-3.052736274200943400e-01
-1.661447980955776949e-02
1.242034316646912911e-01
-8.002463668443955680e-02
-2.271120647554196736e+00
1.174794008090402908e-01
1.523780499900661445e+00
-1.091325424838968328e+00
4.632455294355997122e-01
2.366342577424648264e-01
-1.385981330039480763e-01
7.383347140168099454e-01
-9.676501705194627823e-01
-3.954239509548644338e-01
2.711647142807969701e-01
9.471809592726443405e-01
2.196969305315468746e-01
1.577222444500111509e-01
6.433232372975111746e-01
-3.877081160362629841e-01
5.301756110144814071e-01
7.920694517154378556e-01
-3.787238251361041419e-01
-7.670267532013075318e-02
-7.979337499905324593e-01
-3.791549998478995764e-01
-4.677595931604235924e-01
-1.631835514191821157e-01
3.272164576989490259e-01
5.141061319633113413e-01
-5.593297615868167427e-02
1.240221805324949189e+00
3.409873994608437209e-01
-1.602605661129173242e+00
-5.815068961295546957e-02
1.289103934549184483e-01
-3.692498504195253162e+00
-7.013108646202526053e-01
1.691280946377599737e+00
2.774423211001544876e-02
2.528053149232108998e-01
1.253051885939426180e+00
-9.835441224498597812e-01
-6.249440892825113281e-01
-2.523954394799567402e-01
4.944318979602794206e-01
-7.522831967332246350e-01
5.410355413235083955e-01
-1.551100156625827980e-02
1.078924524007254471e+00
2.146507816528543666e-01
-8.391412587539399670e-01
6.787180636736747097e-01
1.554632458822991392e+00
-5.791858342655897829e-01
3.244949478813722865e-01
-6.342502273729605511e-01
-2.503145203584010492e+00
5.720017065896685349e-01
-1.142476821178374236e-01
-1.085516861923819576e+00
-2.598773152829431110e-01
7.113407658882692219e-01
1.264095136903957250e+00
1.247069055992859749e-01
6.404716957960188140e-03
5.702215698156538615e-01
-1.473185880064874054e+00
1.859440547989635650e+00
2.040140902252070454e+00
-3.324366327633266893e-01
-9.788894596487782152e-02
-1.247087045204254840e+00
-1.806542274177554530e+00
5.372690647369157135e-01
-1.349362623806508399e+00
-1.818069948068076869e+00
4.639666709819547097e-01
-1.396654277237876718e+00
3.205230937860146789e-01
5.508982025640083435e-01
-4.546477469193522580e+00
-6.592287981730747815e-01
5.921591351851596130e-01
-7.785170869972537488e-01
3.708934414362760057e-01
-6.538076237276136959e-01
1.981107305334295354e-01
-1.149462376334398073e+00
4.389399117320952337e-01
6.678586643886769147e-01
-8.896687937825424886e-01
7.243675478305298121e-01
2.752885661737470291e-01
5.485144273374829016e-01
-5.950704990004028749e-01
1.602750945852626119e+00
-2.779706653056517762e+00
-8.128999218161662155e-01
1.836973802958617452e-01
1.065206190054941437e+00
7.703174088877276504e-02
-1.344390616051570841e+00
1.223873632276837320e-01
1.882193735444159133e+00
5.753335003483938115e-01
-1.183302941574566614e+00
4.247110531379906240e-01
-1.384733490182019189e+00
2.719897779829623108e-01
9.640647528317686232e-01
4.432055176605620428e-01
4.292938006401694762e-03
-6.171124904301560077e-02
4.378798049318314289e-01
1.159082911827360896e+00
1.012888595012646942e+00
5.248240814131897025e-01
-4.792358489143456191e-01
1.217682509769487387e-01
-1.119982930737948523e+00
2.995498519886427569e-01
-1.083060220979220389e+00
6.183404976305909573e-01
2.681363562072243134e-01
-8.681215436182736500e-01
-6.433926938492976477e-01
9.141383289896745645e-02
-1.454899377052875087e-01
-1.183287410196173450e+00
-8.778173931075726744e-01
-1.529823091581626437e+00
-1.023799143573067116e+00
-4.393394592404458177e-01
1.006527234327414311e+00
6.432970868926218833e-01
3.925556540088368657e-02
