3.276929363082611846e-01
4.564300040740417175e-01
-3.042975492450390451e-01
-1.400772535624535131e-02
-6.441250352867209372e-01
5.945866088472612221e-01
7.323124334811806913e-01
1.209956214707111344e-02
-2.500415142768825372e-01
-7.815957737703107533e-01
-2.063998502412028313e-01
1.016023406230222914e+00
5.394978065330784389e-01
-3.058990052111854041e-01
2.185293739677172942e-02
8.286829856704620578e-01
-6.899659933216873986e-01
3.973548526005308834e-01
-4.918991591017560783e-01
-6.257824013535772112e-01
1.130140078423832684e+00
1.556866432558454971e-01
-7.775469622451952612e-02
1.125371767878571017e-01
7.444714098209561648e-01
-7.388946176533095489e-01
-3.223929352840860796e-01
-9.195534079557791951e-02
7.438212383676120476e-01
-7.963593219964142378e-01
8.974205996191049195e-01
8.618804206841476634e-02
7.180348215965848269e-01
6.769564040385135373e-01
-7.700391983200451096e-02
-7.565453194310159946e-01
-6.392952230708445205e-01
2.746966589692921290e-01
-1.873950683962619657e-01
-1.732697726958852200e-02
-6.103150477132136820e-02
-4.508905128311027077e-01
-4.410756747239421571e-01
6.504981458660360483e-01
9.340970834958844948e-02
5.786261969499278957e-01
-3.339986852449565724e-01
-9.189017449438604546e-01
8.432724755983613818e-01
-5.989278429426003747e-02
-4.092539064849444741e-01
-5.398717293928044780e-01
-4.045314396137364987e-01
-2.149195726032111509e-01
-1.216344267403246970e+00
8.005172439069658807e-01
-8.923886284837330152e-01
8.802882857870105715e-01
-4.489940854868005315e-01
-8.732800011013559516e-01
1.459624988841660698e-01
-5.325673857779148479e-01
-3.777044561472343576e-01
-3.383263846907919037e-01
-1.918589519377689456e-01
1.334594133195162735e-01
-3.600813674773873513e-03
-2.909203197130716401e-01
4.877420932324969538e-01
8.679412052625316010e-01
1.954217036747746827e-01
-7.641048922979950531e-01
-4.510047310327984227e-01
-2.805727108250926083e-01
-1.012861572671423849e+00
-6.458891580057091186e-01
2.823774983523798521e-01
-2.378152653368904024e-01
8.428277362188757449e-02
-9.985667386473140450e-01
-4.613071403046988816e-01
6.036264627510357084e-01
-3.447560542426756358e-01
-9.708332052449653027e-01
-6.507338087245154723e-01
9.119945704273001441e-01
3.089235041147936345e-01
-9.250360048547821012e-01
-9.992893580680876908e-02
-1.107010988326660339e+00
5.735915760157959120e-01
-2.044325291017104751e-01
-5.987776823937459580e-01
5.741406921417848697e-01
3.308842747432811371e-01
1.765141300210172626e-02
2.109099858257085791e-01
-9.482611414076560497e-01
-4.429451828445487571e-01
-2.511086430272868597e-02
-2.191359080467993325e-01
-3.887456054185024490e-01
7.507308998979208559e-01
7.254061302114833687e-01
3.156778805946673927e-01
-1.806051035379024339e-01
3.794293778510725024e-01
5.367840889467083709e-01
5.646121610031159532e-01
-4.060240593736219594e-02
5.503461691613574791e-01
-1.350050032868025940e-01
7.721034360080799575e-01
1.076126631740120104e-01
-8.089931020739693501e-02
5.998860691060802219e-01
8.270786997439828481e-01
5.522914675768358927e-02
5.874024468134134702e-01
-3.314065340902899170e-01
7.593828181535359212e-01
4.445193395626556576e-01
2.533879335133000787e-01
-6.027872824200941615e-01
-3.856435698032592008e-01
1.942778934421001136e-01
6.589730210320617898e-01
-2.112926863700747560e-01
1.012899625001045523e-01
8.718938218759380021e-01
1.369276561585732466e-01
-6.722037240481668063e-02
-8.370074126009271476e-01
-1.626250463844560179e-01
-4.320764105924558840e-01
-1.872215162021342028e-01
1.056162905356716974e+00
-4.161275316476927277e-01
4.890749987753718608e-01
-2.779545471278807578e-01
5.798217661435614012e-01
3.255791944486154388e-01
-8.155491841674782361e-01
1.033149839680155946e+00
5.116299412942980629e-01
4.991344547648098873e-01
-5.872573713094093595e-01
2.335128868769487109e-01
6.503446506347482226e-01
-3.305042759836125943e-01
-7.140566948159613458e-01
-8.393899753015554577e-02
8.700104212109976975e-01
-1.627828013507924276e-01
-7.760778213216080745e-01
9.585039924508875764e-02
5.815412531634673865e-01
1.164657455664520891e-02
-3.660926932251259980e-01
-8.159825971184885285e-01
-7.672637024140996909e-01
6.452646921353860643e-01
-7.116813801598451672e-01
-9.949319967734078229e-01
-1.091704297018874392e+00
-3.888821524779504935e-01
-6.746964864188031985e-01
6.117150812818697991e-01
3.830436272490208016e-01
4.922207241625307234e-02
3.664241751363755406e-01
2.016191740545824063e-01
7.853296621179579606e-01
1.900151949459840672e-01
6.006930442062770048e-01
9.389909251849315464e-01
-2.022504978532940201e-01
1.097221808460767944e-01
1.249950469578013479e+00
1.678352259234913990e-01
-5.615593057959855638e-01
8.599464069776220354e-01
-1.886516109378275907e-01
6.589246574143584612e-01
-5.261047285103639393e-01
-6.961651081055706403e-01
-4.667721610770305118e-01
1.721892507381631021e-01
7.612694609810484181e-01
2.199002122049424912e-01
-4.869680288174361715e-01
7.715220161252290820e-01
4.902578440046212460e-01
-3.641940618269793872e-01
-3.046604623092841191e-01
-5.442119422056751477e-01
8.975487740354599620e-01
9.103513141351290971e-02
9.197602776776578337e-02
-1.179437596172024039e+00
5.895203636877496267e-01
-8.362542993060086971e-01
-1.019481182163182176e+00
-1.302755046014325846e-01
1.450078044415971934e-01
9.794793084651584603e-02
-2.780678166245392768e-01
7.270110160221522344e-01
4.773410060321428006e-01
-3.196057009488270095e-01
5.647391823251464438e-02
-7.045330483325601412e-01
4.589121071519169370e-01
-1.980031139358719994e-01
-3.952952386573227450e-01
-1.066157696514846931e+00
-7.905386657853156196e-01
-2.413612789039826789e-01
6.132656012383552735e-01
3.483250544627307099e-01
8.620369103153202595e-02
2.084721298576359128e-01
-6.513029253341715563e-01
4.198175211300328447e-01
2.486911672063676360e-01
1.034898024684142159e+00
9.191510798346589350e-01
1.798296796239741147e-01
3.242614951415663249e-01
1.345564857957846083e-01
1.115699832391783691e-01
-8.063336942934140605e-01
9.520649221265542472e-01
2.477745319281724479e-01
9.325274179607551117e-01
-3.878569143734696967e-01
-3.616582680505725511e-01
-4.521562765763117997e-01
4.260729869895566457e-01
-7.245340481045055014e-01
3.925766077055944936e-01
3.709910687989179667e-01
9.445444528541798723e-01
-2.962450412380278619e-01
4.888790867570382837e-01
-7.312626782970660377e-01
1.801703577916498322e-01
-5.939105498673197259e-01
5.030567371220383555e-01
-6.603724199408370077e-02
4.187932311239612737e-01
-4.706512367489493753e-01
-5.608084953260550343e-01
1.838567520254635601e-01
-7.343850970568348568e-01
-9.251800586010462679e-02
-2.152210302999584268e-01
2.460433726739787441e-01
7.721582492340665071e-01
-2.393295875746196955e-01
2.787348883885159001e-01
-3.463103112625786628e-01
9.756150803156201645e-01
-8.844835693764716011e-02
-1.830773884813360342e-01
