4.528618777282922836e-01
1.029070953194943516e-01
-1.508807274579561986e+00
6.805404270216107721e-01
1.247872703072496980e+00
7.947810269409701922e-01
-1.528375635026576029e+00
-1.138359807618609443e+00
-1.151520953067440400e+00
-1.615749990410643822e+00
-5.126626653525276911e-01
-1.495101671179032810e+00
7.512983974964360101e-01
3.179350015930229034e-01
-1.044483123274445369e+00
8.457365764151432153e-01
5.429783287340892439e-01
2.191973192072808885e-01
8.839501757939468574e-01
-4.006096246600615585e-02
-1.689461528085561159e+00
3.331790311832677487e-01
9.249688408085847691e-01
-8.813503839494108982e-01
1.941414709489113488e-01
-9.955560005796488809e-01
-2.972992851237549194e-02
-2.317565135958050415e-01
-1.683042843062178273e-01
-1.019769480075661594e+00
-3.712082158543275057e-01
6.835571803959332726e-01
-1.305773010643934695e-01
1.590635445711194307e-02
-2.341142721456400011e+00
2.514409753384433399e-01
-4.209424624853280728e-01
-2.674920774816680336e-01
5.217875521042876219e-01
-4.250005655980092500e-01
-1.571590321775867993e+00
-5.727696409698037616e-01
-2.088426913425883491e+00
4.688942278905072758e-01
3.941996113297784099e+00
1.093183098815124626e-01
9.694360074222736490e-01
-1.234235503944429158e-01
-5.756718971396841411e-01
-1.127393121800274178e+00
-4.301816939347971047e-01
8.259024002689951960e-02
6.369173934311895824e-01
-1.227206955338382199e+00
-4.448406860050712619e-01
8.824519016745345779e-01
1.235133759556005240e-01
1.663574959207110071e+00
4.684795423194349495e-01
-7.713345781526281808e-01
4.106417754368728801e+00
6.250408092400507876e-01
1.320239489632005214e-02
5.765656864878578869e-01
-9.852459626719511920e-02
3.573511011122609826e-01
1.829074104765480435e-01
-4.247202987791100504e-01
-1.387857560041057869e+00
6.804150808454634269e-02
-1.303505649312530323e+00
-1.042241828342164833e+00
-6.332004744156081166e-01
-1.389307459105206255e-01
-9.161585880928037051e-01
9.438394979468631707e-01
-1.638975973515239271e-01
1.453794211028142325e+00
-5.661808640480845423e-01
-3.228693040488801902e+00
8.885067136354019013e-02
-2.940999926011191312e-01
-1.433120126459182520e-01
-1.685297480711176465e+00
2.716680501104772327e-01
-9.735433368841437396e-01
-4.831707613168262361e-01
2.749888157682506273e-01
1.359515072951495096e+00
-1.205001392481922784e-01
1.588792438542002916e+00
5.152360866214966695e-01
4.795661103263609837e-01
-2.156762893727148522e-01
8.321759890172524265e-01
1.378419845116992448e+00
-9.529676209369924988e-03
1.115803852154376496e+00
-1.103376200875045843e+00
1.033186452155886226e+00
7.018022279836495514e-01
-1.273325599011984943e+00
1.670192298878628301e-01
6.592161391192554731e-01
-3.808957690868013390e-01
-5.053054966372272361e-01
4.717575125235349276e-01
-1.731220973317465717e+00
-2.283220862582250099e+00
-1.125442936987901543e+00
-8.903924805271057341e-01
3.716224868393142033e-01
-1.583896964084946735e+00
-1.197151264205559951e+00
1.959221381325795264e+00
7.471571092790085800e-01
-2.310790577310898597e-01
1.232286318322547425e+00
1.124654120901581011e+00
7.265151175984529974e-02
3.408503480139392083e-01
1.667373799688795177e+00
-4.870694145943570419e-01
-7.491436446549344375e-01
-1.120207149212586017e+00
-5.723108647499781654e-01
-2.065917271791906373e-01
-8.595619509018364024e-01
-4.433520108596181508e+00
8.041407516276614931e-02
1.095859123420384273e+00
4.410470977770900025e-01
2.281604483841006115e+00
6.312202939675305435e-01
6.140300773183191563e-01
1.886368467718171349e-01
6.129125105240225135e-01
-5.554787338043125633e-01
1.647727745509272701e+00
9.876231138852276104e-04
4.400760655673213034e-02
-6.824376266119343004e-01
-1.908106252039418471e-01
3.356679759519282102e-01
-8.910279277726864677e-01
-5.704420808092950379e-01
-3.120067123849225688e+00
-4.622562002569575168e-01
-6.694971205928892388e-01
2.450443854213624650e+00
-2.108430673502803554e-01
-3.180930269817879852e-01
1.251927705483130593e+00
-9.992620651946921839e-01
-1.018732834610242666e+00
-3.261060102364765623e-01
-1.112766591573251390e-01
-9.735819310035216390e-01
3.519961600339017727e-01
1.349383200756032242e+00
5.547543162344075185e-01
1.144322794824445211e+00
1.291094712855659910e-01
2.110319340335420346e-02
3.457885216421047736e-01
2.600022189163519459e-01
1.961976987507775050e+00
-1.246774161900271460e+00
-6.196449470311539420e-02
-2.318071904378539383e+00
-3.084931650574747053e-01
1.612294070769231813e-01
-6.576383302555977028e-01
1.300786207120356419e+00
-4.334749281778154106e-01
7.439028128737787959e-01
-2.436154397610684086e+00
-7.381731717896236056e-01
-5.548942595546035861e-01
6.652634247883183471e-01
4.742500721936719899e-01
3.063467792142598456e-01
-9.477866836036222820e-01
-7.950290348189570366e-01
6.933444567641797729e-01
-5.437000936667008011e-01
-8.423524519840750457e-01
