2.940918798109772858e-01
-1.412662280230213341e+00
1.493224591169624027e+00
2.280927153829756193e+00
1.952747573479808318e-01
5.258301460850550724e-01
2.071051689574055776e-01
-4.689110579521519884e-01
-1.007389654477787166e+00
-2.903311962248615874e-01
9.912930286321999240e-01
4.943141510303774022e-01
6.118556161421049300e-01
-1.621356319872590213e+00
-1.609862295174866453e-01
-1.735130832096359654e+00
3.461724180434309628e-01
2.240804580145071778e+00
1.583261633223183584e-01
-7.655486478628825697e-01
-1.195114722092043835e-01
-7.971576679156717748e-01
6.815714154586450801e-01
-7.854998126543063508e-01
-9.469190442427829479e-01
4.055571180258430886e+00
-1.551486079398442630e+00
8.022372876340648773e-01
-7.834095550349413628e-01
1.825095350750706835e+00
-2.368298235183306510e-01
-1.734031686285619989e+00
6.871831442323392825e-01
9.645583071097216799e-01
-3.299854013399559638e-01
-5.669101411827874859e-01
-1.029272379707793228e-01
1.358449061563300475e+00
4.511109086286764769e-01
2.289549480295833273e-01
6.375088132607342750e-01
7.938772043789656119e-02
7.266955162207500152e-02
6.110894126823094297e-01
-3.786365462877532284e-01
-3.598962323749704817e-01
-1.240272861555720807e+00
-6.737865954727915163e-01
9.134712650089897856e-01
-6.002430268023663945e-02
-4.801774169179229279e-02
-5.318801199594942464e-01
3.374219952488806684e-01
-1.572973017302206067e-01
1.365287227711176721e+00
-9.025866589023316677e-02
4.503195297805958619e-01
2.230386956264839959e+00
8.232384042644869115e-03
1.966693594071503570e-01
-1.725838450841025384e+00
-1.792345489981756135e+00
-1.006693585740710439e+00
-4.683261869837082036e-01
-1.329250090846734622e+00
-2.888719702277003365e-01
-8.860515881438608687e-01
-7.537651632653823430e-01
2.475700991516823990e+00
1.842818626148969297e-01
-9.056373476984519444e-02
-1.117432912613392781e-01
-4.826525222355981803e-01
-1.923663799067841795e-01
-9.302122365347036403e-01
-4.945358353100066107e-01
-8.040409283399181373e-01
1.582693538975795455e+00
1.644677934237759764e+00
-3.163653010510952823e-02
-6.109078366024590645e-01
-3.917926220904208723e-01
1.880503253279798004e-01
-2.262506472474560937e+00
-4.765167471883328121e-01
-3.465528205156165886e-01
7.193533641619175023e-02
-9.072866665207102166e-01
-6.177627822984171901e-01
1.320135840374068392e+00
1.143652779312687606e+00
5.126242482896931074e-01
-3.453742535597333352e-01
1.061035147329501882e+00
-5.504003068390445064e-01
9.535901786380374112e-01
1.205945099263873166e+00
1.286329388704080756e+00
-8.011041297954237805e-01
-5.441018940628338241e-01
-4.572180704002382079e-02
6.360566938222174116e-01
9.907356870435152230e-02
-7.400840073131794705e-01
1.038729331271394329e+00
-2.392818048032200329e-01
7.568837532343908325e-01
-7.774362640064123031e-01
-7.325031195779557747e-02
1.585514976781285279e+00
1.222088368233351929e-01
1.200639523899181604e+00
2.159912210682985556e+00
-3.739883926848084350e-01
2.783886702669747804e-01
-5.194538009911671139e-01
1.114336711789645662e+00
-5.656078832111219867e-01
-5.568140993866366184e-01
1.637230513061822545e+00
7.522499144015106776e-01
-1.517506166208038298e-01
-1.056570374805055890e+00
8.354622193887182302e-01
1.968640811048052663e+00
5.297433423680444342e-01
5.858876736777254290e-01
2.731230559703891059e-01
-1.491672940741179954e+00
4.221551771000978670e-01
8.675789842222549897e-01
-6.809453731538177568e-01
5.992646810497250787e-01
8.841856943625296950e-01
6.394482384617623527e-01
-6.338231159013412164e-01
3.022907464070476724e-01
-3.678321525847410012e-01
-1.070363286493917432e+00
1.520988086556842034e-01
1.011951552293772982e+00
-7.196132883401262781e-01
1.139736363503753847e+00
-4.574571224537234138e-02
-1.648201268528834085e+00
-1.149928161332978815e+00
1.630735479012697109e-01
-6.382092141156474607e-01
2.224852374031881797e-01
-2.549017731702808431e-01
-2.082364307270219705e-01
-2.996065557324131268e-01
-1.002662345652407305e+00
8.616562340277909016e-01
-2.339701844235403172e+00
-4.248053537801336210e-01
1.143566559984409703e-01
-7.216209611452286676e-01
-3.780901901212199157e+00
-1.181859856188415270e+00
2.533814373166506151e+00
-8.408781126437689935e-01
3.993867818869831776e-01
1.447124177980301241e-01
4.141713908646104114e-01
3.060039073205205601e-02
-1.096938791039288486e+00
6.378823262263145777e-01
-5.893092953716689841e-01
5.951084567890766591e-02
3.563370339566749312e-01
9.277917897761667199e-02
5.398185098896345346e-01
-7.690151889944525365e-01
3.317205141089833997e-01
7.666460130713390608e-01
-3.595262090531409216e-02
2.762856859089050654e-01
2.202192586703307420e+00
8.914819283367776404e-01
-2.166530010932472550e-01
3.939509503931420964e-02
-1.259407755077235069e-01
-5.453865081130786496e-01
2.752318095150333654e+00
5.525531333692439873e+00
7.492076916599674785e-01
