-1.044627501011044235e-01
-6.098084326923112197e-01
-9.659550721209907431e-01
-8.926685404403771340e-01
-7.983687926913780597e-01
7.314358497189336061e-01
-1.642088290821088759e+00
-1.113866752575172425e+00
-3.982464764290768455e-01
-9.190604002599626066e-01
-6.469595816072771788e-01
1.160166324041626229e+00
1.226159886516154263e+00
3.161252231883540653e-01
1.437834786874537363e+00
-6.879875726804322023e-01
9.670769705790263071e-01
1.946288983451051613e-01
2.522861912448276511e-02
-1.015476330371800406e+00
3.634116820771589595e-01
1.255442458858721633e+00
-1.423922542472722430e+00
2.994957349048651962e-01
-4.494146306970838167e-01
2.479641656734633326e+00
2.109617338255084462e+00
5.835348736538681358e-04
1.313003110305587473e+00
6.747030463119445542e-01
1.816844846814985814e+00
-3.114760217993650659e-01
-6.183734112739447397e-01
-1.978375231022238223e+00
2.429546007784003370e-01
7.453200679423834796e-01
-3.116871627982670812e-01
2.410263095908144582e+00
1.650392938909983620e+00
-1.808874389888251721e-01
6.219962323359689016e-01
1.191441017607376196e+00
-1.086002907762048997e+00
1.025622009189982586e+00
-1.650967093654576723e-01
-2.513891662397677584e-01
3.479156790807533817e-01
-8.669880700477416990e-02
6.602461373181878201e-01
3.202602341320487933e-01
-1.739356951011735930e+00
8.416009947901256227e-01
8.094815114910119958e-01
9.505745250386568035e-01
3.917259045318387534e-01
3.261306746782675070e-01
-3.252173822731256880e-01
-5.261659249113677106e-01
2.999008586377311381e-01
-2.810443776684641293e-01
5.789971035129443111e-01
1.562747912386812876e+00
-1.135392158924889150e-01
-1.159065539346686435e+00
1.638495305377219990e+00
-7.758647190913485758e-01
-1.615940386087488800e+00
7.398147404822632556e-01
6.725909119603129538e-01
-3.389660148184047705e-01
1.923409763898533464e+00
-7.804302257271936716e-01
-5.363044127682931039e-03
-5.499800215223198396e-01
5.050269668862333861e-01
1.283443281812929881e-01
-4.553572944146276336e-01
5.637577235338016302e-02
1.858570282800473095e+00
-1.599866187794209083e+00
1.302768075763379274e+00
-1.208074642958089084e+00
-1.675148585945717972e-01
2.646752065133209930e-01
-1.079427501385156196e+00
1.995908529692221878e+00
-1.888946968935185211e+00
2.186541994303224268e+00
8.659167246031571619e-01
-3.659112225025404896e-01
1.599116483340219663e-01
-6.989971957040785888e-01
-1.506600101437433059e-02
4.456715025434813682e-01
-5.809835704281565150e-01
7.938104422545932959e-02
-1.603522133629285973e+00
-1.704314774311291192e+00
-6.247709652177416140e-02
-1.201717711017154633e+00
2.093342725254893288e+00
-2.770155157552876557e-01
-3.589387051582165755e-01
6.445391253952015287e-01
2.039255214463433052e+00
-4.255523692645098444e-01
-5.702800969392773922e-01
9.907546416022759983e-01
-7.868369036376312575e-01
-1.212980388563647871e+00
1.740569579590919846e-01
1.268863654803846497e-02
1.255416996337794133e+00
-1.819035810692408273e+00
-1.343745737525092299e+00
-2.039978075081417541e-01
-6.480689014215459398e-01
3.018315463091018058e-01
-1.144133438867420471e+00
6.978817779297019630e-01
1.211477756414170770e+00
1.216017379118450314e+00
5.595847379386655884e-01
6.868163831460599722e-02
-2.034168909120057656e-01
-1.775967217524704989e+00
-2.618472624528139781e-01
-3.359891874794923017e-01
-3.646745674783209989e-01
-1.188314311290658454e+00
-6.263144710032664264e-01
-1.618227230814681006e+00
-1.059913484869384526e+00
-1.648293949036263806e+00
1.062392918228069583e+00
9.201050379117492461e-01
1.085619077577259617e+00
2.787611795991828401e-01
7.104908418802224901e-01
3.811880201044895444e-01
-3.271957277239696538e-01
-5.166961896382086250e-01
9.114407383066378543e-01
4.949094079099358168e-01
7.069315010407899447e-01
-7.913382069143434228e-01
-7.305519053747400182e-02
-6.231852734915185321e-01
1.622682489980778797e+00
1.475419180308625178e+00
-9.441220074083755964e-01
-1.454149316522422852e-01
9.257985603010390752e-02
2.035251283388703203e-02
-8.416475168636312620e-01
1.176717818264940707e-01
1.619571839349831233e-01
1.621431020126539613e+00
6.417043894417577832e-01
6.183877789660237045e-01
8.288891237846066629e-01
1.561028852624601448e+00
-2.894921284795423655e-01
-9.978800860551357843e-01
8.793639845153468082e-01
1.018258285976043398e+00
4.437484477054605692e-01
-1.541557318695929713e-01
-2.665913912510814998e-01
-2.446541283829978486e+00
-6.530977186457423977e-01
-6.748362111189830648e-01
-2.644092277249693979e+00
7.617329659090764649e-01
-9.172533529913036443e-02
-4.755058276307769921e-02
8.897786311223820910e-01
8.723700404181202739e-01
1.721589882714748221e+00
1.881052544534003390e+00
6.056685450537978577e-01
3.887580646762403558e-02
-1.005027801086993744e+00
-1.196043770236391579e-01
8.782889894068095504e-01
-1.231831397235606307e+00
9.221476622168679471e-01
-6.051416192836981400e-01
5.789515784678103127e-01
-2.178907425168382872e+00
9.746737292770193406e-01
4.316532876194975610e-01
-1.908632021591597505e-01
-1.102287849547271881e+00
-1.149971787759736408e+00
1.256419062954295951e+00
1.033011500491824858e-01
2.113068349680753855e+00
-4.348417668600154662e-02
2.643421021054953357e+00
1.726821059842295059e+00
8.559790967261428074e-01
1.257721829853611362e-01
-1.171252387611984469e+00
4.480894250031918213e-01
-1.517506544249179301e+00
3.902951172499582455e-01
1.470623677444278243e+00
4.890046159585909047e-01
2.317219314055693147e+00
3.830741077402808892e-01
-6.902330246045553785e-01
-6.794067488829224066e-01
-1.652003641843393211e+00
-1.770570954145765097e-01
-1.388918948933207442e+00
2.765956490884700081e+00
6.358525974250713864e-01
-2.880095868068854426e+00
-4.256580551979261551e-01
-2.915885266138237286e-01
4.340464397957917164e-01
1.036650316059709032e-02
1.357081343601235446e+00
-1.007537510768240718e+00
2.516155588691023626e-01
-6.401997021700414070e-01
1.913721624349042083e-02
-1.081355703399669466e+00
1.095490276010141262e+00
-6.353246976676100166e-01
-8.855282427739806506e-02
9.564710650462178165e-01
-2.054348036763987029e+00
3.348383877659192875e-01
-2.057921007174417227e-01
-9.256521764439005207e-01
2.440050948605415604e-02
-1.248477469298109876e-01
-1.333939351733984369e+00
-1.358258660381592042e+00
-3.820777429664889424e-01
-9.520286916271463173e-01
-1.268863292544746502e+00
-9.453633333533659755e-01
-2.849603541712006916e-01
-2.394384173471840960e+00
-7.670272303329995767e-01
7.009759302337828513e-02
1.096073860075321482e+00
-7.218004923398726458e-01
-4.736690237572385165e-01
1.299942182058372531e+00
1.398137542788755683e+00
-3.271026651876381308e+00
-1.528902633516718179e+00
-1.313056640773159867e+00
-7.641845118366512590e-01
-8.233714947072414692e-01
2.745840869584826316e-01
7.969139400678671992e-01
-1.764621574503461021e-01
-2.651239164353688116e-01
9.513328534500962164e-01
1.330626022296544475e+00
-1.213588889852817099e+00
1.262660970519329240e+00
5.398030016642658691e-01
1.987513627774677660e+00
-8.962441901092574881e-01
2.494825305609130961e+00
-9.351765618291536519e-01
-1.947800330957144554e-01
-1.723482824640465871e+00
6.013137013432414690e-01
1.318277458220261877e+00
8.441842909522836447e-01
9.412217342059195913e-01
-7.212851045437402853e-01
6.105322979796834471e-01
9.066368397685683478e-01
-1.461806767313954092e+00
-5.667966608672738715e-01
-5.737190473459806705e-01
1.562319491497394353e+00
-1.052492372264948850e+00
9.174232195492617592e-01
2.003181181634644314e+00
-1.483981348109177256e+00
1.719653392602100428e-01
-9.601675104835671881e-01
4.160518599307563292e-01
1.228817199853677433e+00
7.591636156439233174e-01
1.070616235215263057e+00
-8.655955094874401290e-01
8.485478020676819888e-01
1.313601488660369743e+00
1.284551590225944340e+00
-6.801538783706986835e-02
1.786762444802587890e-01
1.427919020815141826e-01
6.951216799374846378e-01
5.231219332457825999e-02
-1.733858760957712075e+00
-7.886141336328429396e-01
9.808404677168538477e-01
-6.713447375954025853e-01
-1.947809528917748834e-02
-5.794070864668033893e-01
1.417359309504483411e-01
1.204358749430666231e+00
1.824615671829156405e+00
1.425329897960118108e-01
-3.027063369578317786e-01
9.777185838498257953e-01
-4.089619277510235795e-01
-4.813969047607544738e-01
2.432536180057293107e-01
-1.020417356483833027e+00
1.032556374450772196e+00
-5.551444549817399071e-02
3.871601105741537263e-01
-2.936328868932839287e-01
-9.955977970906769725e-01
2.812141049438552920e-01
-7.942692807611985151e-01
-6.995274474884376481e-01
8.461129908877761396e-01
5.217209672163600764e-01
1.813288888462136761e-01
-2.083194168237166188e+00
7.153230134697142750e-01
1.300952727824946420e+00
-5.168198165317697823e-01
-1.378829274867564125e+00
1.924945191750779827e-01
-3.639241078374105820e-01
1.554176611098162963e+00
3.898871375905127445e-01
-1.265148147546064639e-01
-6.817183127874310022e-02
-1.144022920458049208e+00
5.352806424925579121e-01
-2.070070846803730547e+00
9.718049092159117830e-01
2.071582573630963153e-01
1.057459172338232722e+00
1.547756139231003525e+00
1.825832282176334531e-01
1.605159533523079496e+00
-4.263895720016936397e-01
-6.857546092105868407e-01
2.186481615058158967e-01
5.332315747036346920e-01
-7.930565909082273879e-02
-1.621473262599672505e-01
1.054394762447252942e+00
-8.087575701010152329e-01
5.314267605687985618e-01
-2.166360298131472906e+00
-7.748772757069033457e-03
-5.971987960935033479e-01
8.198599144808131900e-01
-1.250792869203413149e+00
-6.873707260562246513e-02
7.113227540189005493e-01
6.102489399597272879e-01
-1.648132848653645288e+00
