-5.991714414307628411e-01
-5.696112887222091331e-02
-3.997150201324440322e-01
6.625835639310123648e-01
1.378603193545024475e+00
-3.039699029193217772e+00
8.376838537798030337e-01
1.697369528875627864e+00
7.319829190126790619e-02
5.743241337445579298e-01
2.368838130518882423e-01
1.548249905193498643e-01
-1.638271695665499239e+00
-1.088402192244162459e+00
-1.237546960649855282e-01
-1.307423578478364989e+00
1.387090246084820677e+00
6.600627291557705778e-01
1.411110734652714326e-02
1.326842436124043179e+00
-7.127181899401688892e-01
-7.158434515863884018e-01
1.097469675284112656e+00
-1.257185486805130648e+00
-6.798238361765118754e-02
6.991172888312879863e-01
2.336324973173131703e+00
3.848722371463731973e-01
1.983574740933957414e-01
7.449275572822129377e-01
-2.917171310256325700e-01
1.506597955885986329e+00
-2.261194812706919688e+00
-3.732425056956398257e-02
8.146647913934905727e-01
2.635901201571868024e-01
1.732793907438615055e-02
-6.082503156871289507e-01
-9.102543589460605489e-01
9.314708057979765865e-01
-1.806311428425604548e+00
-1.047994108791410417e+00
-2.129459807492587231e+00
2.206812811845886846e-01
-3.226800521744178640e-01
5.111583396053871464e-01
1.614035302237961655e+00
2.316750856741167652e-02
-5.573352462777995953e-02
1.179844408338856621e+00
-6.266963853247445315e-03
1.622034931894280607e+00
2.568984128470573891e-01
4.466803044333504391e-01
-4.085081925492102806e-01
5.203776401820316977e-01
3.522990462680731794e-01
5.561368016368586908e-02
-2.219475905885306966e-02
-1.723232551215955199e+00
-3.076873338029576743e+00
-9.775180829287273276e-01
-7.119280842143121957e-01
-7.023792433254814060e-01
5.743354167556569134e-01
-7.534181499162907469e-01
-1.095030726139091914e+00
-5.629614657786315979e-01
1.813522454572380926e+00
-9.279617659527449047e-02
2.633657430697553536e-01
-3.792848302792048432e-01
-1.144417426148258699e+00
-6.746867820495499046e-01
2.776603110047476952e-01
2.301269561538914044e+00
1.986239251694811303e-01
1.955127139574817929e-01
-1.676189123998158281e-01
2.888414304552182066e-01
6.951285569681106002e-01
-8.225228168235765303e-01
5.198848481409839017e-01
6.038392796439542298e-01
-2.713123195401902499e-01
4.940207678825188076e-01
1.159715822145081371e-01
5.501023216422709083e-01
5.467413647495863449e-01
-2.160573912536157826e-01
6.633265164654600365e-01
1.340455598035391327e-01
3.278858714221151160e-01
-7.147843231755193205e-01
-7.747461759474821852e-01
-2.818532943118848166e+00
-4.918362689729715020e-01
1.252017832593256275e-01
-1.717567840571584847e+00
-7.326187097438637830e-01
1.234743823176473132e+00
-2.154475075794437533e+00
-5.546554246459364235e-01
4.401751922440915177e-01
-8.176242894964583230e-02
-2.884314080176304529e-01
-1.915363604504220219e-01
-1.506558929811698144e+00
3.550671323196806783e-01
5.791667643923315012e-01
1.420678632366375815e+00
9.117680389288675968e-01
-1.541825221578124960e+00
3.879816335034462771e-01
6.742112338404872007e-01
3.720473960846962247e-01
1.549599830638003439e+00
-1.206000139557045658e+00
1.758533146928942914e+00
-4.974376208081159323e-01
6.601134686611759284e-02
-7.241019886517234827e-01
-6.847753209113960349e-02
1.488651550275342128e+00
-4.400128329898430612e-01
-7.940441955023500586e-01
1.610797094007929975e-01
-1.777875021513316001e-01
-8.099685650634375067e-01
1.014484900743479079e+00
-1.337041444633704224e+00
1.055863304779897371e-01
-2.693085877421158014e-01
-1.008117053615197323e+00
2.292250814109043910e-01
-9.304094876122805946e-01
-1.570825639136139262e+00
-1.633455187051389701e-01
-8.223848107664905038e-01
1.349642376043689307e-01
1.698552925192702567e-01
7.799954157296885571e-01
-8.418127316874385313e-03
-2.588696412653475942e+00
1.558196803848718170e+00
1.181280845451946337e+00
7.520897492218878710e-01
1.139364870142025810e+00
-3.688398227531328732e-01
3.264232101901385352e-01
3.736594631753770712e-01
-2.396906178373458651e+00
-1.093873791998012601e+00
-7.479410200106837436e-01
1.296542797313551043e+00
-1.921055460899394607e-01
-4.662136112062406079e-01
-9.474466999036691428e-01
-8.967367335007019047e-02
-8.105085555566107214e-01
3.058586334535786655e-01
1.218661626046083357e-01
-1.932857982468173530e+00
-1.266711296359960492e+00
-6.956894849612789145e-01
-3.131416270285973247e-01
-4.189299501581525420e-01
-1.369643772391143433e+00
-1.253372216391870075e-01
1.819543727825108093e+00
7.394463414098166876e-01
-9.475136679752924618e-01
-6.783295062148491095e-01
4.653390493577756470e-01
7.003307965193968920e-01
2.325255818898945004e-01
7.787386089603356432e-01
-9.954374258547529219e-01
7.483080561797079699e-01
-1.021377756805541548e+00
6.994661125384558087e-01
2.748036655346384194e+00
5.226399021299520387e-01
1.645607574732649570e-01
-1.563714327104625754e-02
1.528446472374425547e+00
6.822812454161657492e-01
