1.582706365356709055e+00
8.691588517623334287e-01
-5.933456795922829041e-01
2.291342389115346712e-01
7.795891243334205356e-01
-6.090948038745539472e-01
1.079015448841889324e-01
-1.536206559517344861e+00
-9.030202561882056944e-01
-1.906082942026194882e-01
3.020661678853611698e-02
9.627897490684079740e-01
-1.352364318762714124e+00
-4.574247078699485852e-02
6.428488590563220528e-01
2.350169612155769805e+00
-8.088751815121405508e-01
-5.356495969412604641e-01
-1.281033810838056564e+00
-5.572253649718512669e-01
-7.400745319452713966e-01
-3.892359512654529619e-01
-1.157886289997869245e+00
9.984817195250583755e-02
-4.959656526535135557e-01
6.783213927592791626e-01
-1.097191044599307830e+00
5.993557996213533245e-01
6.616047169279761775e-01
3.101269978294993734e-01
8.632207005855708770e-01
5.836618670034552370e-01
9.493153716940745390e-01
2.600773534445424695e-01
3.137846626579321452e-01
-5.349956040566615778e-01
1.533446480487848262e+00
-1.254895785465965363e-01
-1.314187798795419804e-01
1.839936335107430487e+00
3.245332463628842756e-01
1.021339441376591495e+00
-1.358349676400597783e+00
-2.105049278486577524e+00
-1.924839220036503318e-02
7.917785370069396755e-01
-1.055681029844192320e+00
1.979757309951648836e-01
5.810559009130034092e-01
-1.021818065160293498e+00
4.784615741090551544e-01
-1.109050201176481787e+00
-2.939336249039651294e-01
-5.725910813780642483e-01
2.446196918582342894e-01
1.335255443706423684e+00
3.412073235414858630e+00
3.269972919502229791e-01
5.179631485224507337e-01
2.091464544911733059e-01
1.169584205156234180e+00
-3.665920005083270761e-01
9.165890517685659766e-01
-1.459784542736833446e+00
-1.254552190962642921e+00
1.283617995166471126e-01
8.516468862204205070e-01
-9.405064992630709497e-01
-6.748251358398005273e-01
1.641292684195166274e+00
8.769827380674126704e-01
1.627587870548923288e+00
-2.359832555176630542e-01
-5.927659256351356376e-01
1.098135035765507750e+00
1.119916666768833169e-01
-1.310727648084040631e+00
2.952684499770427129e-01
-9.595452956678092171e-01
5.358879335680669098e-02
1.547312129611948084e+00
-3.266268236750747844e-01
1.227362590684902000e-01
-2.127684779644084534e-01
5.608196487836794031e-01
7.241294602898925570e-01
1.855350517980373648e-01
8.708702266704397843e-01
-1.152722038780342295e+00
3.448073128729617354e-01
1.654963257725475811e-01
1.663055912207367093e-01
1.460687086330943352e+00
1.008234239961215639e+00
-9.251557343980940096e-02
1.134419488401432252e+00
8.007953537968298674e-01
-3.246724258080948555e-01
4.019096151189517352e-01
6.204359652818703941e-01
-7.607236575826072933e-01
-1.254470632056397195e+00
4.436495572518630581e-01
1.973041697524384117e-02
-1.138172803899388796e+00
4.506764343536065809e+00
-6.648467433534822613e-01
-8.769324467591618211e-01
6.073995981702520197e-01
-3.960647489575431779e-01
2.972972451563981044e-01
6.729320360037823745e-01
4.155004678773349114e-01
9.040008852389178617e-01
-8.972250494971589774e-02
9.677894275472539443e-01
3.923428827398276475e-01
-2.040314455415677131e-01
4.543432578499407848e-01
2.595095274854808398e+00
-1.580086107214510704e+00
-1.273950897258285808e+00
2.070218286289602083e-01
-2.743419472870021192e-01
3.326852715703355057e-01
8.409287035138837130e-01
5.499580837682223056e-01
3.567102462826898246e-01
-6.962028322499964617e-01
-1.658322714001770337e-01
9.898656186807949786e-03
4.479316699847832317e-02
-3.446357978491357832e-01
2.973771351894538562e-01
1.173944005395925749e-01
4.727847166062285056e-02
-8.507153227255255246e-01
2.131771436784253737e+00
-2.479077547326149489e-01
7.626917131553641038e-01
5.630678490247084667e-02
-1.838315408831486253e-01
9.311903562814326518e-01
-2.918239362779690982e-01
5.614285719134496366e-01
-2.875708739146541681e+00
-2.422299434172517918e-01
-4.712131678965770232e-01
-9.779743348882794507e-01
-1.192899158459971298e-01
2.372607982215728217e+00
1.647293193448327919e+00
5.544091552077160534e-01
2.199289927924680255e-01
-7.734821446517000654e-01
1.739364369892628381e-01
-3.493857766309876878e-01
-1.063468358266544955e-02
8.662984073924964168e-01
9.431151872095607791e-01
8.341044976049719617e-01
-2.488188498570950369e+00
-8.647430437270104964e-01
4.508639568636964023e-01
1.122577728286409116e+00
-2.569280458270511991e-01
7.983248232222101004e-01
-1.743564742629701847e+00
7.408631143316293244e-01
-1.775484951069993933e+00
1.536623994920386149e+00
1.390056559356317445e+00
-1.155141638436694596e+00
-2.527477024495033975e-01
-4.464007192420756942e-01
-6.145192567444316412e-01
1.642620700627371866e-01
7.667572529820210203e-01
-1.167128619406050838e+00
-2.015759974856039527e+00
5.474358635496089365e-01
-1.126469498276608583e+00
-2.849244078339875363e-01
-9.128044672599163745e-01
2.378138126953796228e+00
2.989331450292715520e+00
-2.843111488003964293e-01
