-1.313550321903856899e-01
2.117577411624658457e-01
1.921299356233482913e-02
-8.594075539390363394e-01
5.365544797237040142e-02
-5.412098764571960929e-01
1.088710038099322874e+00
1.812455365386871353e+00
1.409700768604405186e+00
-1.228092688554746514e+00
2.407186835714099638e-01
-1.569805156787507538e+00
-1.762195497765481234e+00
1.158813588924235471e+00
1.127030626494407439e+00
-1.699548010642483398e+00
-1.785831363860358678e+00
-8.957525934699515080e-01
2.732505446564327707e-03
-1.411780643224257892e+00
-1.020840957177412633e+00
-7.147568536047175236e-01
-1.276337408857612377e-01
-2.031928377728296375e+00
-1.632968415316353283e+00
-1.113210435111483099e+00
-4.108123708636469695e-01
9.535937265645203498e-01
-9.214407584483388924e-02
1.207195566720726587e+00
7.163259467798512858e-01
1.759775116805184059e+00
-1.471726347233126342e+00
1.492321090968230513e+00
-4.901856024431787695e-01
-1.657118110469216310e+00
2.483824741583373630e-01
1.160385259975303118e-01
-6.013128964482323813e-01
1.209815121316998310e+00
1.310821762824915027e+00
-2.715692475103232972e-01
-1.243434010796966804e+00
1.764644031007006841e+00
1.723644295353637501e+00
-3.640194391543489782e-01
1.657719401792010772e-01
9.989344771407938639e-01
-1.184748373496606333e-01
1.635748040879461684e-01
2.393186236313324389e-02
7.589013745120752885e-01
1.430988379818669776e+00
7.621549751017118179e-01
-7.438694348387325794e-01
-2.181117918122404298e+00
9.291817747232435087e-02
1.107010319913600327e+00
-9.175922608892743415e-02
2.445448463011047902e-01
-5.916514077177861264e-01
1.166311148109887785e+00
-1.643923893319867158e-01
-4.069505312355631288e-01
1.190731414552246736e+00
9.167958430186250451e-01
1.405014775569455976e+00
3.701796791675433518e-01
-2.932937576617961617e-01
-6.817811495038477165e-01
2.141423647405017228e+00
-2.134902029345506769e+00
1.029858795922129477e+00
1.313873975612055656e+00
-1.711645474816672952e+00
-6.314093524424877479e-01
-9.844973242384302825e-01
2.420585862541609623e-01
-3.776630432901457723e-01
1.914132008685709874e+00
-8.294197343446477744e-01
9.051412283203544851e-01
-9.833531387022595993e-01
5.506353023955529169e-01
2.122139071765515972e+00
-1.508655495055505336e-01
-1.035260743881272871e+00
-1.499797421085189431e+00
-1.692106162718809648e+00
-9.448106684619983486e-03
9.394438988574884686e-01
6.625423026371353163e-01
9.051271387028660964e-01
5.311502562037644093e-02
-7.793615687827428751e-01
1.326366242615273583e+00
-7.472954660113821923e-01
-1.930912420492095993e+00
2.211337272649676611e-01
2.105027738871116938e+00
-8.960911587888458207e-01
1.033507396404960144e+00
3.430457184047973618e-01
2.768264776511667691e+00
1.044417459968554951e+00
-2.544305983470113719e-01
9.234551616825441567e-01
5.754426255464261120e-01
-3.782711953271169492e-01
1.335556325313973058e+00
-6.227633147336152364e-01
1.177273299086358360e+00
-1.086313040150123088e+00
-5.103765709770723413e-01
-9.445770275758289536e-01
-1.429350073552657918e-01
-5.046130495162730600e-01
-2.467034258643420852e+00
-2.517111414700389904e+00
8.482018527960120124e-01
1.275220675354796218e-01
1.639157770349823351e-01
6.201782263069627321e-01
-6.729901229379313676e-01
-4.686327197219512519e-01
-2.120610045699693191e-01
-1.660470569000058516e+00
9.521888248707771618e-02
5.588781963199351832e-01
-4.117871261997778642e-01
9.802831059948798886e-01
1.749048953376134419e+00
-2.748318061226576736e-01
3.386933312666938201e-01
1.278066126641547451e-01
-5.824873483027414034e-01
5.620840955690018514e-01
-2.335002214770941276e+00
1.390366929862441314e-01
-4.562490643927313294e-01
-9.213210730160439343e-01
-4.175530995582860672e-01
-1.782917308854047755e+00
-5.222993937406024134e-01
-1.963772183161133222e+00
1.973641418570127870e-01
-9.022076760834354947e-02
-4.871451908892385774e-01
-3.586410360154930199e-01
-2.334906110032130555e-01
-8.379324518246565878e-01
-2.338257550307618060e-01
4.346975708838772823e-01
1.100512830336102921e+00
-1.286918501757803535e+00
9.031956842330249868e-01
1.051972847737042249e+00
-2.034523359139585708e+00
1.899307297294547281e+00
-9.265263420775685654e-01
4.958330285078550448e-01
1.257942048723307282e-01
-2.885533860112753923e-01
9.647688675149521109e-03
2.659168031114299557e-01
7.708954784512981329e-01
-2.310381468972756702e-01
1.152255832213135545e+00
2.214580673018089474e+00
-7.787490999346980969e-01
8.726765914930856294e-01
8.308180435521274054e-01
7.017433891365101317e-01
5.057033003598252474e-01
8.281487981928072895e-01
8.341020475419572144e-02
1.565513777879304680e+00
-9.964241284132824283e-02
7.480116003955877835e-01
1.599140764630350153e-01
3.656532277951486942e-01
-5.701015344543104435e-01
1.999962023328085911e-02
1.182654901146339421e+00
6.858895645392587559e-02
1.044903519974817119e+00
2.233212147253531010e-01
-8.283476063542204448e-01
1.188892898192109415e+00
-4.228967634387370556e-01
1.291659016906812285e+00
2.853332178647367545e+00
7.540208988029776238e-01
-1.622177640189145675e+00
-2.328752848980216505e+00
1.609694341563646436e+00
-2.892005357622703388e-01
-9.608737730938036181e-01
-5.833663398849206483e-03
-1.701803912493126125e+00
1.105355579709096148e+00
1.203860417162333718e+00
1.660206924911689308e+00
-5.292320797323483150e-01
-1.503338977258867226e+00
-9.173344028367971248e-01
-3.534415308923170851e-02
-1.782783994480646728e+00
-1.540713826771927808e+00
-6.444681955806692564e-01
-2.329416022046115753e-03
-6.219453411772319917e-01
-5.725102989609139881e-01
1.065277560826633607e+00
-2.250801278655125692e+00
4.733748634143972733e-01
5.699721832434625490e-01
5.961778656665129850e-01
8.062127574104762662e-01
-3.522406681686481855e-01
-1.275531625088050180e+00
-1.255520612081417520e+00
-3.984189008693725387e-02
-1.832642236952197967e+00
1.543158742578306875e+00
-4.653734742414917802e-01
5.671260869722498654e-01
-2.850330722245305592e-01
-8.715783023098360172e-01
-1.413025207276615569e-01
1.914033416261827492e-01
8.918790977637702788e-02
1.814424434979372558e+00
4.528691413550230971e-01
-3.470576285179587106e-02
-1.961760253064577242e-01
-1.773494469207657520e+00
-1.469464125367906604e+00
-1.357813088155025438e+00
-5.413806025724092752e-01
1.080275352862691163e+00
1.246624203435422185e-01
1.550505816562054884e+00
6.054005964496798065e-01
1.052665318927174631e+00
-3.279655814509166989e-01
9.891285587100890897e-01
8.234622332672433265e-01
2.664518664349336263e-01
1.400184680984097207e+00
-9.505212879621337541e-01
-1.223561693882967844e-01
6.755074902307397489e-01
-1.420732087915382302e-01
1.021770449880432974e+00
5.804516990172408075e-01
2.040811595552281865e+00
2.766340691445556277e-01
2.072974800078625224e-01
-5.476622322260515929e-01
-1.632993736550135688e+00
-9.547676504668847208e-01
9.481672856902910729e-01
5.639850780680303322e-01
-1.266061722384816735e+00
-5.084427882484159333e-01
-1.303501953752342679e+00
8.679881701184001264e-01
-3.179309933559849588e-01
-2.028702513370820526e+00
-3.025583874175546972e-01
1.154946721031612222e+00
-1.241986987898934025e+00
-1.552535460290998648e+00
-8.505006061843117804e-01
-5.141110088926896804e-01
-1.054524885314897853e+00
1.621054642657198119e-01
-1.392506621137536316e+00
1.589667953138787393e+00
5.672025469815952237e-01
-6.427947933815836290e-02
-5.693722405359347150e-01
-7.811439196205985924e-01
-4.677471401163136311e-01
7.732903794513190654e-01
4.001889097198941814e-01
-8.063684337507700528e-01
-6.122144719608442198e-01
4.174451688314509412e-01
-4.790331620291029546e-01
2.993444033945080740e-02
6.097450676227972322e-02
1.387221624458572666e+00
-2.169163632389170537e+00
-2.540192406835992678e+00
-2.312103601258509444e-01
-1.322383035311401223e+00
2.590050263790703577e-01
7.949132863499179802e-01
3.987725644703641881e-01
-1.957134454182578032e-01
-1.255618984891615053e+00
-2.202180177904685121e-01
1.030373151757835393e+00
1.551852281869519068e+00
-2.078564322504120376e+00
-1.631587530550347998e+00
1.461121604752391390e+00
1.154975289247000658e+00
-1.512912182428916841e-01
-3.375988423523074156e-01
-3.958759985201729670e-01
5.328339267536971180e-01
1.343862245209913042e-01
-4.425923537862594959e-01
-1.209992030512187400e+00
-2.318791709043839799e-01
-3.751126412142534727e-01
-1.223502544145172788e+00
-9.137106952162989959e-01
2.337126313415084145e+00
-3.876756928982806327e-01
4.878328655734467945e-01
6.888722008663061835e-01
-1.007078540061920213e+00
1.222887577034903472e+00
-1.851911042976516486e-01
-3.760416843625334349e-01
2.061370899238352539e-01
7.520276801964023150e-01
-1.583817320530116035e+00
8.893044260723713679e-01
1.229068697000098354e+00
1.667562989615879454e+00
1.009172742097318665e+00
6.921700185921926540e-02
-1.760524881203709313e+00
-1.656122045993169145e-01
5.003282510118953752e-01
-1.294600724408788150e-01
-1.020504966890175558e+00
1.005776821044563007e+00
1.308499573039409114e+00
-6.683066895890190651e-01
1.739298627641761574e-01
-9.781942577934852334e-01
3.137226381135840292e-01
5.328133376442660829e-01
-3.839040947732014208e-02
-2.184736246275700289e+00
9.442804927615484623e-01
-4.927623349835987820e-01
8.733391680887735431e-01
-5.724635591606610507e-01
2.221486859539640868e+00
1.471028382653501110e+00
-8.736734839881066250e-01
-2.957034695271786306e-01
6.240392688035157898e-01
-3.012122431178622106e-01
-3.976167849224285789e-01
-1.368373662897583998e-01
2.195824222316907548e+00
-2.326579584207720264e-01
1.951038738031199704e-01
-8.640357615689620019e-01
1.229384649557836662e+00
7.273501948535505690e-01
9.762478246573158547e-01
-4.384247198133539025e-01
-3.143966979262620698e-01
-2.559857671820420788e-01
-1.352405691960818279e+00
3.582489712609378263e-02
4.230123019815656416e-01
2.012126679583974842e-01
1.486129708824642126e+00
8.942625428539219268e-01
1.311537361476304397e+00
7.725631435181632423e-01
2.176058155378213677e+00
-3.967911711523774976e-01
-1.047858257249799224e-01
1.609719389530996470e+00
1.274642604683353442e+00
1.459970233233822023e+00
1.625940268901415298e+00
1.424498344987912724e+00
2.317259783187834543e+00
-1.374367878882639227e+00
6.228271984399792460e-01
2.231245545379264422e-02
7.657635190559861638e-01
1.446246781258293812e-01
