-4.921499485184951950e-01
8.434588338028221888e-02
8.109814823199462674e-01
1.765520137558708180e-01
-2.490236466158461670e-02
-9.669600004588647657e-01
-2.266046667208373444e-01
-1.902795963114113087e-01
-3.148615946344672789e-01
4.178197283568630405e-01
-2.425115739186399222e-01
-5.031675320374888738e-01
2.574028957035233711e-01
-1.195685831024974721e+00
4.618221058045875460e-01
6.976198611020378859e-01
-1.597017936820275541e-01
3.367462331879270132e-01
7.140412004074701002e-01
7.779338497723800594e-02
4.202398908006358957e-01
-1.743889072750619829e-01
-1.179905172660119961e+00
-5.201674039356043444e-01
-1.259654308901020148e+00
8.747235375883297692e-01
-2.261290886384668408e-01
-1.950813294175014478e-01
-2.244960267059763759e-01
5.359633874114650975e-01
-4.782180961246120243e-01
1.971607124093914809e-01
-4.905274446144765044e-01
7.571445982103655048e-01
-1.128584995509999800e+00
4.810136260227323435e-01
1.512052560675436919e+00
-2.170674774076043062e-02
1.719445422839532278e-01
-1.164122008959124627e-01
2.260148872844019163e-01
-1.375207311707017599e+00
7.920364975960080267e-01
-6.057220879957414539e-01
-2.891310261662910497e-01
6.637625054735643571e-02
-2.406281684503480678e-01
-2.513113124413513533e-01
-4.020513933933160811e-01
8.499193790442484131e-01
-4.756944081539055680e-01
2.817714808385045622e-01
-6.249623360023437435e-01
4.563587492721535299e-01
2.049130575081822281e-01
1.403012260628758279e+00
-8.333779858995851164e-01
-4.043732421477719274e-01
-1.981444631353232455e-02
-6.471568224621730980e-01
1.229301027347134312e+00
-1.279933550659257957e+00
-8.652531720696193807e-01
-7.157042251450929093e-01
-5.840498507070901457e-01
5.797063682561104381e-01
-1.999653856568732180e-01
-4.307779059937842936e-01
5.607293044766219481e-01
-3.739181559051896198e-01
-1.394306610759529219e-01
-1.547412481510208604e-01
-6.567323912846209089e-01
1.075883677348218770e+00
-2.763144170049337545e-01
-1.006961879151022421e+00
-1.543390823396250666e-01
1.027133914936504966e-01
-3.816713726428628828e-01
-7.170403378432674835e-01
-9.125030201000892127e-01
1.185535168771824521e+00
-9.015608611873049405e-01
6.296227767163995459e-01
-6.191882447896607938e-02
-9.399308028483438493e-01
4.070685411264594045e-01
-1.048401788355773467e+00
-9.026417460261418890e-01
-5.373410124577251978e-02
-8.512081779210094457e-01
9.871982932221203821e-01
1.088246314895145117e+00
-7.177880244770753482e-01
-1.408644745675181054e-01
1.202749065502273895e+00
8.559157353014148484e-01
2.259978932486556014e-02
3.274209492453775683e-01
4.296797281697761761e-01
-7.597447290201048142e-01
-4.827203566826187009e-01
-5.325568668644933279e-01
9.830092665578222810e-01
1.668273040417383113e+00
-5.688219034640479288e-01
1.273360339869361590e-01
-7.604956317130810994e-01
-1.213026189280587419e-01
3.688388942720994268e-01
5.981699830590756495e-01
-4.393922032385792764e-02
8.132342972216085597e-01
-1.763055398076587843e-01
-7.226401698382622918e-01
-7.395242237599171375e-02
6.093265578591503528e-01
-6.089941553369391247e-01
-1.034823095456026687e-01
1.031593677448754187e+00
-7.909595548566563661e-01
5.695044173470479310e-01
-4.661886830494270106e-01
-5.978628048516630988e-01
-5.229818452566689091e-01
7.472113791895227397e-01
-8.437287302567506586e-01
2.194563989761663669e-01
-4.845711025351511214e-01
8.333279665587814411e-02
-3.164378593283617702e-01
1.107675872783254523e+00
3.629656458050753987e-01
-3.357783590414751274e-01
3.691842027643194579e-01
7.361062625347585264e-01
1.217277286133617853e-01
8.988371744302209310e-02
-7.567675486326130851e-02
1.112479996862948628e+00
6.062413111946075572e-01
-8.953676799026433208e-02
3.810611579972675855e-01
9.919024073589616242e-02
4.824714784390667782e-02
-6.132480876285900662e-01
-6.449679606931786324e-01
-1.054848014815138874e-01
-1.026107426169653225e+00
-8.226496695738815257e-01
-7.406222916994418259e-01
-1.146049185099647649e-01
8.273828525615758989e-02
4.595919315377891001e-01
-7.948021866929766421e-01
8.779653673138200221e-01
5.531824118553856362e-01
-8.887058087562338393e-02
-3.421979018807621564e-01
-6.015572047921191601e-01
5.096003160790468778e-01
3.159858665002541200e-01
6.167872390946130823e-01
1.268019031459048485e+00
5.576953835877262317e-03
-1.269279352571333064e-01
-5.703942998421855926e-01
7.186649425291552484e-01
3.719469038876920264e-01
-5.745645265970505955e-01
6.695408818866156464e-01
-4.279470968279477927e-01
-1.882098485754740702e-03
2.872847952947116257e-01
-1.072098164537066856e+00
-2.549134683456639183e-01
6.840893732800877869e-01
-8.496984112694752067e-01
-6.688166529302547181e-01
5.062148016757292424e-03
1.041299716603643621e-01
-2.066332240265731091e-01
1.104875011335399115e+00
-7.283751960533020320e-01
-2.547172546232013279e-01
5.271547127467014482e-01
2.612981202205260645e-01
1.036571013727797475e+00
-5.460290180501988777e-01
8.877918194843456567e-02
-1.601099566101585436e+00
-1.298701242203144091e+00
3.106639991214512064e-01
-9.114793527154447794e-01
-7.118792418522051912e-01
-1.007686834768648065e+00
9.633166941968600572e-01
-1.648632593981177230e+00
-6.468670941815253261e-01
-9.783998884121181128e-03
7.272410556329279574e-01
4.429856952528116176e-02
-7.893760464842002333e-01
1.005026131122567890e+00
-1.681037557657029669e-01
4.686758228780533164e-01
-6.454488545942523858e-01
-1.201468030709537782e+00
-2.700190734080683552e-01
8.432258455672165809e-01
-9.433770655986496445e-01
3.173448331967539809e-02
1.014495967461569448e+00
1.094085014263994848e+00
-5.308232816791342845e-01
-1.010944854361974343e+00
7.636707591350188062e-01
-8.681507293556227634e-01
-6.338671581032342961e-02
-6.022817617670901402e-01
5.956136440643952090e-01
6.051586099550831932e-01
3.075564851715874015e-01
-1.087231877949928149e+00
-1.064859113417989889e+00
-1.063116584295321410e+00
-1.088390490816354139e-01
-4.455417033250812509e-01
7.819257752305383002e-01
-1.025864475169280476e+00
-1.025285125749917148e+00
1.158861641096541550e+00
1.638749894280474129e+00
5.295469645015009608e-01
-1.193706436534154314e+00
-4.021903808232993871e-01
3.850054577591235372e-01
-8.860258479658547071e-01
3.175521098679330301e-01
-4.897142700894366318e-02
-1.215194743038755298e+00
-1.076017753055713122e+00
1.057382354452969908e+00
4.346947399879955709e-01
3.807351299716979498e-02
4.034205831181267299e-02
-4.525687373783602307e-01
-2.437752280683630757e-01
-9.270971980802568402e-02
-5.106259089833958820e-01
3.983690100309398296e-01
-6.220734596812046990e-02
-3.927965491314272528e-01
5.596019991211011874e-02
5.403815647415397549e-01
-1.265430008508977799e+00
1.079003904567348071e+00
-4.682672349561853853e-01
-1.050114871231689673e+00
-4.312791392320329820e-01
3.205982680651215944e-01
2.700985452265898812e-01
-5.552391890220220727e-03
-9.133569784830042337e-02
-1.714564080267847734e-01
-4.368132979971492968e-01
-9.714410724157681587e-01
7.709649531168577541e-02
-5.077991360928648668e-01
7.020475578456637500e-01
-4.996566743837883573e-01
1.769663215811119739e-01
-2.276407518920356421e-02
-8.751652596674511786e-01
-6.107569105252890207e-01
3.064907574670426849e-01
-1.830792072676482030e-02
-3.494038184415214077e-01
1.239630884540598998e-01
-2.049553332880321710e-02
5.608611730949943919e-01
9.817952447845039732e-01
-1.126617639557215167e+00
6.021942901925257663e-02
3.090681869585804042e-01
-9.049787752175462996e-02
1.527023117128211427e-01
-1.515201425630323451e+00
-6.331609034650329537e-01
4.337226944503402848e-01
9.163638334081359860e-01
8.674171656407310138e-01
5.530386810934455610e-01
-5.097325535367596139e-01
-1.077789176698804807e+00
9.110606598609208295e-02
-3.821930841115976918e-01
8.314166201615180718e-01
-5.704631684334758868e-01
4.925218267976153030e-02
7.109776468453583576e-01
6.503862514639802139e-01
1.034091673109863940e+00
8.330819645502733906e-01
-5.647263194815183018e-01
2.356063255720382277e-01
8.457544916467387708e-01
-4.813919416120138184e-03
-9.907003391557731575e-01
9.736540383472176430e-01
1.428089339469205687e-01
6.308271589127680823e-01
-1.300497661358643864e-01
-4.173753845794972439e-02
-5.194811092107685241e-02
-2.361097922693058682e-01
-7.800965784529784175e-02
6.193948557389882259e-01
1.626598547811538009e-01
-5.532914197069381812e-01
-1.093728597707388228e-01
4.090389151355853792e-01
9.370253439983982080e-01
-1.290218292697689062e+00
3.826635042458075286e-01
3.326805427813990523e-02
-7.269385465706441618e-01
-3.352922423803529894e-01
9.039235839233383807e-03
2.864247859015739972e-01
3.732736648416506986e-01
-9.846351163502511383e-01
-1.067593337924950675e-01
-4.311527309641496886e-01
3.673935397438861661e-01
-2.448633609460304505e-01
4.145174321323920053e-01
4.838467268697077550e-01
7.253788353242709430e-01
-1.491372097799792629e+00
-2.387938956403298438e-02
-4.502229103220711792e-01
-3.993227704337208861e-01
-1.254683926932091520e+00
-1.356292457940540541e-01
1.130884660438661315e+00
7.803305873326981112e-01
3.927970281705422395e-01
-1.041785886884387446e+00
5.408976585759192046e-01
9.041776471884919175e-01
2.053682625275455864e-01
-6.343319792018636827e-01
-5.358067721676411654e-01
5.824711426567626971e-01
-1.066141573916034924e+00
4.963711833678473295e-02
-7.301317792218477987e-01
5.048290469879609943e-02
-3.232178055731024791e-01
-4.251285877302359295e-01
-1.115281499271621790e+00
-3.844667817271866239e-01
-1.820076655240154551e-01
-5.894996476686218401e-01
-1.656460305299694902e+00
1.971604245476200612e-01
1.081030162027033947e+00
-9.485721161911596644e-01
