4.531273086287885832e-01
3.126537106988915404e+00
3.217207576367776767e+00
-1.402457881821109309e+00
-1.593138877543107124e-01
-2.222548964936669202e-01
-5.153954152002577782e-01
-2.634773168973850943e+00
-5.994177773738322834e-01
7.928914369691320019e-01
-4.342661562914090778e-01
2.605459043444726674e+00
6.470493189945834001e-01
2.029720331488824026e-01
-8.622436981175281012e-01
-1.600945639426635481e+00
-8.821548714465239360e-01
-6.720075575850814609e-02
-6.959233666704618404e-01
4.306239030454254990e-02
-7.965846671224319220e-01
-8.988337372385513113e-01
-3.875137443790747094e-01
-2.446126480646884094e-01
-1.776790747894062772e+00
2.810124961431738067e-01
-4.860354189031725891e-01
-1.256816033523689424e-01
7.275679433721784495e-01
5.023790269162716760e-01
1.198601593726966952e+00
1.067676484388407232e+00
-9.234699333476908967e-02
-1.135378223350338001e+00
-4.598759442199608083e-01
-6.360137757564818806e-01
-8.653464056474216015e-01
6.686408578225140342e-01
1.511512327158917035e-01
-5.719323029644515222e-01
6.649566489254321588e-01
3.456299816161996774e-01
1.024680072926152097e-01
-5.982261109540798483e-01
9.976688153702423234e-02
4.045311813516755173e+00
1.044437176258121935e+00
-4.852360310517848108e-01
2.920352981884520638e+00
-9.290602444625695178e-01
9.972297838243163737e-01
9.407223006319308523e-01
-7.543869257962498853e-01
3.321916423467122792e-01
-1.340713461306393128e-01
1.098932973777274821e-02
-1.986204284986833990e+00
2.746179760663975400e-01
-2.630027252313893449e-01
-2.099386521754218471e+00
-2.145893750203747175e+00
-2.087010696216077488e+00
-3.322866175738664607e-01
1.790299244964891123e+00
4.901801300609475165e-01
-2.846461534796325688e-01
-3.660635349164392593e+00
5.652502814819144739e-01
-4.017852537904046395e-01
3.065734698167532635e-01
1.272230500730322067e+00
-5.418943118296177808e-01
-1.632647728856917002e+00
-6.890726707090597536e-01
-2.936285666365119340e+00
8.765680754899112248e-01
5.093600108733751242e-01
-1.292759259881969491e+00
-6.477796967124149763e-01
-3.958820283658406325e-01
1.065358268524464913e+00
-1.255646238578408624e+00
-1.294847346333430904e-01
1.522532757289343675e+00
2.405068144286917273e-02
-1.353940822115349718e+00
1.612082221937499726e-01
-7.352831541103088675e-01
-1.850034818557656946e+00
1.920487320032315370e+00
3.539158218967126956e-02
-1.140711386593356025e+00
1.243600717205856743e+00
-7.208565814729619992e-02
-8.769079450094610095e-01
-4.683900530778716265e-01
1.403744620476415239e+00
3.647185637762249133e-01
1.258777521625188855e+00
5.133301110706787185e-01
8.718712570302378229e-01
2.541031771180466206e-02
6.394868060375143159e-02
1.851943686634281439e-01
-1.354275468698650897e+00
1.537873420707003558e-01
1.946634342885544378e+00
-4.419469891424119279e-01
-5.383856947259326731e-01
1.021287038593564400e+00
7.539785850759672670e-01
-3.624901438602966264e-02
-8.753826075221042835e-01
1.570806607174158320e-01
5.553895542500486560e-01
-1.205020728472894653e+00
8.389068620215682781e-01
4.761092157584059237e-01
7.708487611089114289e-01
-3.480105114040042968e-01
4.666512322510467103e-01
1.506437951813810461e-01
-8.611202054965755304e-01
5.344233594844741697e-01
2.017767733027390487e-01
-9.703516587288821826e-01
5.630617275484335327e-01
1.752425086597920179e-01
1.818002616196757737e+00
-9.137322773468805615e-01
1.538925087591715979e-01
3.905271931267238483e-01
5.572151687031332568e-01
1.232518047329939304e+00
-2.577104769821567665e-01
8.645165177046110205e-01
6.210294500814401708e-01
1.322114971247877913e+00
-2.451697960912548602e-01
-4.702870342055333330e-02
-5.345253505103733094e-01
-3.048387258673690078e-02
6.295530126020025818e-01
-4.371710675878202612e-01
-7.651085050569184087e-01
-1.072375186344996401e+00
4.430832844314303576e-01
8.585770022089302955e-01
6.334157960661352949e-01
6.014812722457107963e-01
-1.117946795942148741e+00
-1.588784767726705016e-01
-1.163798703402962875e+00
1.652474717890365596e+00
6.954431998650808522e-01
2.671056688011208546e-01
-1.109888898316215289e-01
4.994044312870806746e-01
1.177028788449334451e+00
-3.132308551540775171e-03
3.267145146635327180e+00
9.082748780815865786e-01
-3.841509889468486261e-01
3.183994388126032415e-02
3.998997849531761295e-01
-3.564382390435678616e-01
3.856635161550771018e-01
3.994884455506430010e-01
-2.941895775315172212e+00
2.007823931360817049e+00
-1.764117395820629985e+00
1.860297000571858039e-01
-1.463271218128176621e+00
-1.545393525812207347e+00
3.871799244712813559e-01
5.315380156196957140e-01
-1.303408087240573110e+00
8.138073251258515217e-01
2.170516370420891294e-02
-9.196956435739200852e-01
-7.486839894235017834e-01
-1.884962243455083897e-01
-2.330106165214764768e+00
-1.316271439187742809e+00
1.134206333927748167e+00
-5.004772632411786937e-01
3.479794667706324063e+00
-1.760011508313748863e+00
1.197890512030945320e+00
-5.420027177803805607e-01
-3.045156572927917304e-01
1.286741100516605174e+00
4.282360599068248813e-02
-2.715322970668772040e-01
-2.539546629238363662e-02
-1.275533421250178157e-01
-2.146781347169111065e+00
-3.031102527663208646e-01
1.042884870359165994e+00
5.219698061178439374e-01
1.222319422773290531e+00
7.880470481824921603e-01
6.972369871857367896e-01
1.264279261515069142e-01
1.115705771658529744e-01
3.438197739580081125e-01
-4.779353850822868344e-01
5.605804744732130196e-01
1.098985927891044767e+00
7.605311646361951894e-01
-6.178978130940981917e-01
-7.358715398992750067e-01
-1.151569747954499956e+00
5.661360380103489520e-01
-7.758837538744658424e-01
-3.151826003516837171e-01
-1.041582722427797925e-01
2.134598894363800847e-01
-4.869742746526735111e-01
-1.112246710524336102e+00
-6.833594667307016923e-01
6.941005692436206242e-01
7.967357837146900323e-02
-3.667311927303242292e-01
7.695227826904128543e-01
5.229019590930827910e-01
-1.930662045523248826e+00
1.009354956372125134e+00
1.615692935142546416e-01
9.793539030180090088e-02
3.866018588091274522e-01
-6.452550739612894493e-01
7.261156303389336708e-01
-8.742280475937656836e-02
3.075552027866793381e+00
-2.987618551608455242e-01
-3.861480264157314268e-01
2.613442068320472877e-01
-2.640371320627492024e-01
7.839259455971316903e-01
8.804269822265300416e-01
1.162515273140111993e-01
3.949294979123353366e-01
-1.499699488051323470e+00
7.494195701338217663e-01
5.959574552420623950e-02
1.986612839731583646e+00
1.047901962057299130e+00
7.142243466442038669e-02
-7.229140089429431093e-03
-1.337361912582609169e-01
-8.197979361708831458e-01
-9.507843679856149421e-01
9.445876784352508215e-01
-1.280467826453611568e+00
-2.507697354019824409e-01
-1.498067741327849811e-01
1.635779939037508068e+00
2.084399525617284255e+00
9.958278591510743016e-01
-7.972806291403211620e-01
-5.459365734146597315e-01
-1.048979467550291256e+00
6.950523630778726591e-01
-1.556769552925837630e+00
