-1.941853207526791636e-01
-9.843921645540687493e-01
7.563015905892646329e-02
7.167153233735207296e-01
-1.878305196767823815e-01
1.412901371124460237e+00
6.298255097913560974e-01
-6.194709426610104375e-01
1.146765465802263240e+00
6.150157711606034638e-01
6.923365049550894712e-02
-1.749741811743584785e+00
-1.160879146065058709e+00
7.846959414577587832e-01
3.405904923540230556e-01
1.418859490470366413e+00
4.719840417767554586e-01
1.660057090725901019e-01
1.605532855601068620e+00
8.871123878540747576e-01
-1.732274741237385396e-01
-4.079872895640170860e-01
-7.600612739403469487e-01
6.369868891450810588e-01
8.857023170378277577e-01
1.206875107921172141e+00
2.404778211450501468e-01
2.459362170797290137e-01
-4.877836571767454887e-02
1.246896079648872391e+00
-3.824349290041306748e-01
-2.339206090472702448e-01
4.901488215417523220e-01
-7.711825982330431373e-01
1.448275567622455240e+00
-1.288770216330920038e-01
7.009813881768391930e-01
-7.395450581909981391e-01
5.713237247290834375e-01
1.080199768630054180e+00
4.816803016292194317e-01
-2.627165764539414750e-01
3.761840708501421604e-01
5.434500404435465004e-01
-1.648452031035594345e-01
3.790189101320859399e-01
5.922512682790340155e-02
4.802423692466966654e-01
-2.617911163355572390e-01
4.519245766339253789e-01
-3.483289888599848116e-01
-1.114421803818632206e+00
7.940325638657982910e-02
-1.602808306671053451e+00
-3.954144079053210081e-01
-1.173849857695257043e-01
7.903759210649565770e-01
3.026319903388313692e-01
-1.205803253078478743e-01
-1.527376764676497078e+00
8.709360813135593737e-01
-2.626793414415317107e-01
-6.157293076122052344e-01
9.561087407179980069e-04
8.935697970642156873e-01
8.868492534501977165e-01
-5.688503427935943657e-01
-1.363860895724560707e-01
-7.728168986057781797e-01
9.214537155113868838e-01
-1.903510924928385695e+00
-1.355519978305512463e-01
-7.626765916447810767e-01
1.144640567933005448e-01
-3.746683039840242868e-01
-1.623461183030462829e+00
-6.729660716135612564e-01
-9.428101806203570412e-01
1.435700819591921862e+00
7.727695922855543076e-01
-9.981961005108240526e-02
4.400474911303159931e-01
9.952248885592479555e-01
-8.966831386045774621e-02
8.064860103220589105e-01
-5.658949208750023718e-01
-6.326333715261110990e-01
7.556583384705712891e-01
-5.882726872792385375e-01
-1.342248590107085082e+00
1.223810962673213820e-01
7.163088364832302657e-02
-3.113786175146875945e-01
1.120974026203896967e+00
9.743639380990049004e-02
2.123363578677977537e-01
4.930453114884951749e-01
-8.626163466403088398e-01
1.516901823870437038e+00
6.169808901639363130e-01
1.874174092340197828e-01
3.414219679477898950e-01
-2.166095756282242490e+00
8.136121131042148846e-01
8.375505080965925941e-01
4.654252548809670320e-02
-5.512107490472347715e-01
-5.344764884633174118e-01
-1.105988163193604712e-01
-3.495342219691619512e-01
-1.034403637865124903e+00
-9.432338753554018185e-01
-2.059256267566187404e-01
-9.521666815968923281e-01
5.560072945306141490e-01
-6.522650243249235036e-01
-2.367792727926804341e-01
-1.809786953569632872e-01
-8.438062467183670146e-01
1.040912697993704894e+00
-3.826209194903405497e-01
1.083585360011653620e+00
-1.014065573563558420e+00
4.544247610636709123e-01
-1.427108377453997767e-01
4.139402602421999311e-01
9.647651499811114029e-01
-1.063382904218817648e+00
-1.014979366252091397e+00
-7.937218122520386387e-01
8.817284803854658071e-01
6.740968775083872044e-01
-7.628752914285630293e-01
-7.221406447864608946e-01
6.307896937243021585e-01
8.247075647173842672e-01
2.868836621142100696e-01
-6.109097171143044180e-01
-4.453557802989553949e-01
-6.889010448167390832e-01
-7.236388472377285330e-01
1.014540323149006745e-01
-1.069483341650847574e+00
-9.799459051946790566e-01
3.297614053370322984e-01
-5.846435254189298325e-01
2.347316850888805928e-01
-5.087906358489975300e-01
3.413083339206475220e-01
-4.361958297684750407e-01
-4.385553727952878900e-01
-1.604840726821966657e-01
3.972933345661505133e-01
-4.723747656536875783e-01
6.060370856446611887e-01
1.550280282233306717e-01
7.129923073155959301e-01
6.520970567677099039e-01
-5.275997318307861228e-01
3.386633957456555155e-01
-6.881735609855927915e-01
1.167969999141060811e+00
1.654430454561623687e-01
-2.013858987963972058e-01
-5.910651564130634528e-01
2.864886668345045795e-01
7.974905394244213852e-01
-1.555647983486648511e-01
3.242610856032124289e-02
1.586116803585579049e+00
-3.927081084986197568e-02
-8.479568715927612854e-02
1.932925835671092329e+00
4.650350422208221479e-01
-5.452871825520607674e-01
6.020626953108206836e-01
3.189785553871218315e-01
1.389956342723139004e-01
-2.207050868599467197e-01
-7.443335616978365987e-01
4.813358582295623744e-01
-1.761408677146514279e-02
-7.302357373682408781e-01
1.123200491531086476e+00
-3.370359983228528311e-02
-2.373020915068048686e-01
2.963341638709177106e-01
-2.283928485730206126e-01
-1.050896190778372263e+00
4.470811626733502964e-01
-2.218255737381848447e-01
8.812406066384202985e-01
1.000370905352485629e+00
8.754743970061741321e-01
7.014424234819306436e-01
-1.131174895822601556e+00
9.894555989903703885e-01
-5.361485851109539791e-01
7.311601814743391436e-01
-1.427249971649368510e+00
-6.010881145398190295e-01
5.491462340911681395e-01
-6.622332333014969707e-01
6.743575118674490776e-01
1.204324650153857368e-01
4.231398796847630761e-01
1.239695793233156262e+00
1.618678473408479424e-01
8.872004930085410079e-02
-6.202915410504310501e-01
-2.598135551129316378e-01
-4.772824197847419514e-01
8.169009287019354804e-02
6.732402122019031099e-01
-1.016184184131282198e+00
-2.074488811313945080e-01
-9.908246678846847066e-01
2.587337474194630893e-01
-6.766077713326764664e-01
-5.643039413839446850e-01
6.807050381654117244e-01
-1.531626056334942199e+00
-4.886177887432446298e-01
-5.130236081315037167e-01
-4.688871307586684467e-01
1.068136622782001943e+00
-8.180888842137654104e-02
-1.501041499110671751e+00
-2.771576210511828009e-01
7.697516802487620602e-01
-3.958791275770592866e-01
6.357764765455903300e-01
7.800126977256096605e-01
-1.523931283954331972e+00
-8.108058381947572113e-02
-6.213729971044381628e-01
2.574186437687174256e-01
1.024397262181497181e+00
8.266640672849319138e-01
3.361319400146072778e-01
-6.137262785530667175e-02
4.973960675415278754e-01
-2.659298324911144040e-02
-9.128141382452502339e-02
-1.297826392218369262e+00
1.219630387071423128e-01
-3.389281817261755592e-01
-1.009279579928884063e+00
4.309164401588159721e-01
-1.081548726762005808e-01
-1.623398277395697864e+00
5.710310567189397224e-01
1.116441874341435936e+00
-4.656308408023810408e-01
9.938128790911504584e-02
-4.105411641132376832e-02
6.904098215766576452e-01
-1.588785243725542307e+00
1.416636032926399391e-01
-8.385545689386635360e-01
-3.570595502325071835e-01
1.385171541646995630e-01
5.990509780599133638e-01
9.833805677412488233e-01
1.056413609502949935e+00
2.726652009179751368e-01
5.751604045982410263e-01
-5.408482042623014019e-01
1.198253226253522596e+00
-1.666823334123144207e+00
8.216402698354678957e-01
-6.131585474574494654e-01
-2.909095301937612010e-01
-8.131870268901484344e-01
1.033186488608777376e+00
-1.082988680014120630e+00
-4.357450128254490296e-01
-1.273936058253584136e+00
6.480681673628815309e-01
-1.536085040103109645e+00
-1.007912904035017210e+00
7.584497117923414411e-01
-1.257585164143534939e+00
7.320664161362820943e-01
-4.172559005989217584e-01
6.722184596272682278e-01
-2.875768735087788075e-01
8.250095041239768889e-01
-1.170913720334176428e-01
-4.290879092704612263e-02
-1.237887645001378489e+00
2.953417178222972339e-01
9.272308208440890320e-01
4.619625669403178980e-01
-1.456363896038963546e-01
-2.192662669834745115e-01
1.184135992902750845e+00
-3.315432737702395660e-01
8.504074464844376680e-01
-6.307993059278867998e-01
7.323376412122775125e-01
-1.653271866532483925e+00
4.761223607805253888e-01
6.414286464559038059e-02
-8.554820473746289622e-01
-7.738206739897770525e-01
1.692914038764847362e+00
1.107593313810001812e+00
-2.489087336185079324e-01
9.981942729929753622e-01
-2.053555814603429674e-01
3.521210174840029294e-01
1.484028254992586504e-01
5.250819113448741415e-01
2.853642048943912934e-01
-6.170440873054716668e-01
3.173396248113542484e-01
7.696538527775904637e-01
8.649630283894212956e-01
9.385596142970251132e-02
6.361921262627321383e-01
1.203320667823536638e+00
-1.112744399264372852e+00
-8.041586533739138176e-02
-6.101206013610610546e-01
-1.132073182051096305e+00
6.919394222668340255e-01
9.672616929694065613e-01
4.828243988828636035e-01
1.385211591048921997e+00
-8.316964541701260538e-01
3.205258035589688692e-01
5.321485912195027534e-01
9.009695575980901650e-01
-1.810237151041843573e-02
1.179474455627828711e+00
-7.716181917033708704e-01
-2.194647341602311008e-01
-3.080508789973976924e-01
1.406362598623280696e-02
-5.574763205199126936e-01
4.870507951392044621e-02
-3.928143401172483618e-01
6.469774215761645575e-01
6.778042398035707405e-01
-1.336876139505112637e-01
5.927400653188599211e-01
-3.066278777315336601e-01
-1.488959745509724208e-01
2.039829721450655275e-01
-8.303568570782510205e-01
1.853895765147167696e-01
2.169980147868346254e+00
-5.091484468142665198e-01
-1.431798878348536919e+00
-8.775946737694022559e-01
-5.472049352470526040e-01
2.391898439824399758e-01
-8.504270225156862484e-01
-1.200802598148827394e-01
-5.376466001077649937e-01
3.165116507193197481e-01
5.076634582413519503e-01
-1.108974873315791587e+00
2.135160343954118911e-01
7.822207095321611625e-01
-2.131887236032557198e-01
-6.724855798244310234e-01
4.192322366718599924e-01
