-5.757901741322857259e-02
1.204643876231835664e-01
-2.983494517833367582e-02
3.178057261085198704e-01
7.069969995260421136e-01
-2.407517109144456935e-01
-8.040836454987740911e-01
6.980497973577706183e-01
3.715552255009171301e-01
3.695682087501268587e-01
1.240245355973095542e-01
6.895001942488021562e-01
2.337174800255487628e-01
-2.981271702561281711e-01
-8.410673403974247009e-01
-7.110257590172333053e-01
2.048196140677216448e-02
-1.564128288645331433e-01
-7.125271640694808006e-01
-1.943525937202665310e-01
-7.250970249575848792e-01
2.994052599812769277e-01
-6.070082592430473545e-01
-9.803648144628698269e-01
4.764811900476343953e-01
2.021553778203630802e-01
2.325898320498784866e-01
-2.492675458189008708e-02
4.151881626054902963e-01
-8.624136740854044803e-01
-3.202866247624995832e-01
-8.339808827659271895e-01
1.037540660151950345e+00
-6.048388378511468932e-01
5.117738125130077975e-01
-6.555019352674809063e-01
6.909577841512541951e-01
3.144431410512546488e-02
5.712566912951146936e-01
4.245429797833360497e-01
-6.917221596011404738e-01
-8.878009965871687115e-01
6.308827512651860037e-01
8.109211355843756186e-01
6.832640837699754943e-01
-5.106337355771239928e-01
1.279022347856809960e-01
6.833225007651841931e-01
-7.153009441607589558e-01
2.744454609856683547e-01
4.594980807044264370e-01
-3.936462758211007884e-01
4.707166299885325866e-01
-6.666033575978974612e-01
-3.553542633932869066e-01
-1.380163183577363117e-01
-9.227468440014580109e-01
-3.668013155476391174e-01
4.709776782408805484e-01
-4.898668783934656545e-02
8.467911339240736801e-01
5.134862181793417024e-01
-7.070422967664797831e-01
-7.991431127494794118e-02
3.356108498925989281e-01
3.309405783667255796e-01
-7.950716851413627273e-01
8.169718634062216323e-01
9.265469628364695343e-01
1.169835092610136407e-01
-6.926979229348939615e-01
8.647683805226966669e-01
-2.210360271306959223e-01
2.581776726842150982e-01
-7.952484222239180056e-01
-8.174423748097419118e-01
8.052931773241747138e-01
-9.451132209663071215e-01
-4.609050451553400318e-01
7.769621612764294749e-01
1.120582662818342401e-02
5.073516948291763029e-01
6.997832671530979098e-03
-5.874742070734890742e-01
-7.199893173496008103e-03
1.097907819174402944e+00
-7.546129231696452333e-01
-6.875251674575677541e-01
7.984142663440882970e-01
-3.318610216886053177e-01
8.174719509229319003e-01
-2.497137397708866224e-01
8.851683921939696997e-01
-1.443000779326730765e-02
4.742584971605372512e-01
2.579712439085319886e-01
4.378633482740701410e-02
-8.645266748991429218e-01
-5.850276136418612882e-01
8.800168841002253828e-01
-8.258530993348045524e-01
7.323336124489906451e-01
5.220376838017680710e-01
6.498263845946656847e-01
-3.129493650805363902e-01
-1.590855424072610269e-01
3.625058385731048105e-01
-5.272668903586217315e-01
-3.903296627405581365e-01
-3.221366966196939075e-01
-1.098878552883709031e-01
-1.479643518401080327e-01
9.781959167852764814e-02
-1.016816031217875338e-01
-7.330984396372268730e-01
6.776322005161810047e-01
-2.458171658544006100e-02
-9.449820951788932000e-01
1.658246723691124414e-02
-1.157813885531595588e-01
6.433747289541157377e-01
4.274350939913192371e-01
-5.012883601951607648e-01
2.981919598476265865e-01
3.407130056288860676e-01
-3.078625875983509452e-02
5.939567047423277568e-01
1.006933080730518792e-01
2.725193132810330710e-01
7.385498913985553138e-01
-9.911481771302752541e-01
9.779406909129442216e-01
1.021502079673757724e+00
-1.428583989025766776e-01
2.104010073419777527e-01
2.403339938658470842e-01
-5.011455583685238135e-01
-4.485946959207383067e-01
-6.292334988829640929e-01
-5.225414647055719453e-01
2.656404643563603507e-02
-3.613201598342160037e-01
2.453987978625462585e-01
5.570368760297790267e-01
-9.377219536658556454e-01
2.221009299990245878e-01
-1.571517638868898392e-01
4.578405215516896942e-01
-3.398820632932308961e-02
1.891159933477428723e-01
-8.063324674764518196e-01
7.868500174579067252e-01
-6.902881584474372945e-01
4.629171089671110101e-02
1.034591179379332981e+00
-3.236864665516261397e-01
3.075734151732857913e-01
5.416238441296417072e-02
-8.378119227738762831e-01
-8.674720714839119218e-01
1.013905204109278105e-02
4.986275100111726144e-01
-3.486677489633016602e-01
8.820067263364879118e-01
2.473599597465766520e-01
-5.393396603163878034e-01
-1.012205631064710953e-01
6.780171621284525330e-02
7.872085850716141753e-01
-5.074932135887713081e-01
2.838483449081713461e-01
1.223219460003548420e-01
8.449316758873111066e-01
-5.796744588880236027e-01
7.578593090718996894e-01
-1.781772262028613329e-01
2.390238198029059902e-01
4.647707468642248152e-02
8.175214312435230557e-02
1.463014823133322873e-01
2.828691215666823133e-02
8.282816546451221562e-01
-6.462399282867912209e-01
3.849538982269639642e-01
3.412070368440285328e-01
1.061151900232898848e+00
7.530545544413353998e-01
5.756658913923904386e-01
-1.746461288299797632e-01
4.135918561562396678e-01
4.055430026034536617e-01
3.729065355670919679e-01
1.726212734181401531e-01
-8.369489226950248550e-01
9.570264247462648144e-02
-3.732980057023291276e-01
-8.012472431029711295e-01
-6.745820607626002996e-01
-5.531481498710846267e-01
-9.529958938577649530e-01
-6.211392971128641971e-01
-4.207451000550814779e-01
-2.295013452020702172e-01
3.264505376358975974e-01
8.019957274948228410e-01
5.138030239627959794e-01
6.925283367875089136e-01
-7.771109811498959630e-01
-1.785582367875247767e-02
9.597396616526205904e-01
-5.893559986124914385e-01
-8.292540574599747139e-01
3.696890430817090234e-02
4.599039732024692295e-01
5.235537849963853851e-01
-7.254986388722524104e-01
8.187726845422473865e-01
6.085955696020106664e-02
3.908418379637601525e-01
3.267308389829093329e-02
5.144855916296919851e-01
2.701867174204679589e-01
-7.935923319884010674e-01
8.442531392419241332e-01
3.488220356554201373e-01
-9.484776798554306332e-01
-2.278435241486174156e-01
7.511330493807693021e-01
1.591946727064015299e-01
-5.632251482755977756e-01
-9.537247678662998940e-01
-5.604720691171614089e-01
1.634737362103642067e-01
5.968505507322494769e-02
4.569155092832227760e-01
-5.284014057426918987e-01
1.463752213172655470e-01
1.020034632597724533e+00
9.279524123777787015e-01
4.068529310456077130e-01
2.791381416553617156e-01
3.126614594554539828e-01
8.834550415051847239e-01
-5.236856409226777753e-01
1.990844481208391414e-01
-3.609089659795092775e-01
6.176142466275020837e-01
-5.701823345357023287e-01
6.264577356136560304e-01
5.072377031169654771e-01
9.675574689880296342e-01
6.768095834209986172e-01
-6.664348360738920896e-01
9.477859702748296922e-01
4.585722885147306971e-01
8.770696901463139739e-01
3.626773687079294928e-01
-5.229837029849813135e-01
-2.337978872879086234e-01
2.797320777591982832e-01
-3.567847264573649202e-01
-2.854489560504762657e-01
-1.592908197290318628e-01
-4.312337306929884262e-01
-1.251820101114746731e-01
