1.419887656663342268e-01
-2.433505977689295607e-01
4.583105040086351556e-01
-1.506796803383586014e-01
7.490062241031858470e-02
5.017052337814592589e-01
-2.861821297172746359e-01
-1.934966517684964527e-01
-2.334925809543199060e-01
1.417091731725809989e-01
-5.076923200084803023e-01
-7.485234499004695952e-01
5.145132081936920621e-02
-1.116553923789245784e-02
4.535321843002819708e-01
6.044020469406237162e-01
4.012484413055926735e-01
5.413661000323686245e-01
6.473088932823125585e-01
-4.818459605038840632e-01
-9.044401032977544830e-01
2.451231000129430737e-01
8.486924752884454914e-01
9.938495739831014752e-01
-8.555963507573517424e-01
3.870220363577042133e-01
2.673263025615160160e-01
-3.605689107199387955e-01
6.191893274095784383e-01
-1.495179668686774307e-02
-9.345288372869010596e-01
-3.812931006758958352e-01
-8.674688013394951103e-01
-7.445080851675918154e-01
7.422260820442557749e-01
-2.529671302031518687e-01
5.598983590355791629e-01
-2.469276672343869994e-01
1.461451223994897353e-01
-4.522812688795302405e-01
-9.162177808391713807e-01
-1.072932695454543728e+00
4.923015112069071830e-01
6.592487811695338373e-02
7.765274949332015009e-01
-9.225958007719254894e-01
3.214626835687742767e-01
1.758870051847631621e-01
-5.629707846097425916e-01
7.661763685547813285e-01
8.048329219394576572e-01
2.115134800089588929e-01
-1.082376480989911682e-01
2.319705280764121635e-01
-1.447772013289863602e-02
-9.383157508517587786e-01
-3.294434670724943892e-02
5.083856807863752492e-01
3.372755360858138984e-01
7.754131134146622362e-01
-7.468182603642179451e-01
3.239260375247192680e-01
-1.257350079390782138e+00
-5.930238338777081841e-01
6.971984277033480559e-01
3.903358240870805629e-01
-4.184708850843555927e-01
-7.788169278228700421e-01
3.199442331753599711e-01
-4.838945980853620044e-01
2.145501124124024328e-01
1.405194991301965124e-01
-9.150111336087615177e-01
-2.709024023028902550e-01
-2.655843941603417413e-01
6.876372504856795853e-01
4.795777721754557188e-01
4.576422114207208680e-01
-1.502524153988572531e-01
-1.109363867898061906e-01
6.423235013688993744e-01
1.505211861267029549e+00
9.071400900572481607e-01
1.366144643228800470e-01
-3.527169191967671757e-01
7.526308609872985889e-01
-8.492499417041057264e-01
1.534507308713477514e+00
-9.471336472457735078e-02
-1.625807699122790717e-01
5.683404210483777863e-01
-6.071955419628473072e-01
-9.995132395764495803e-02
3.259829056077535037e-01
6.236154918433550395e-03
-7.013925482353244867e-02
-9.265192685563248265e-01
1.132595001239221189e+00
-4.605429836056816328e-01
6.096849511859528947e-01
-1.310704051763497691e-01
-3.972720995378363207e-01
5.484309898147408102e-01
2.504383730469550429e-01
6.495774896055941383e-01
9.616956761417858601e-01
4.019401411646262301e-01
6.167605362072596797e-01
-3.954796337240387705e-02
1.215255007463341697e-01
4.460884629698663728e-01
1.145037096085397721e+00
-4.624222429473515694e-01
-1.545011763691410966e-01
-6.663414367704110219e-01
-8.307690560091388066e-02
-2.851914611224086737e-01
-1.095972711847446490e+00
-1.192073698900901063e-01
4.321118829489727364e-01
-1.121447613398878662e+00
2.532039550579966436e-01
-9.469366621942061357e-01
7.459565547350017756e-01
6.638244744858470270e-01
8.076698466207972160e-01
2.882366034045354963e-01
1.866711046704922494e-01
4.863877067126118336e-02
1.146134885936160412e-02
4.402248938800221723e-01
-6.578508923523211926e-01
-3.792581243982016681e-01
2.981687499274681130e-01
-1.228131535229810334e+00
-7.680846887821179969e-02
-9.596509778375884592e-01
1.412909283241419178e-01
-9.441646805754024818e-01
2.353307403906740314e-03
-1.509344268277835743e+00
1.062926190313767671e-01
1.059663378756602992e+00
9.785587834808205931e-01
-8.493141242317578943e-01
1.196925400919913285e+00
-5.889863277656577356e-01
-1.050911652094980608e+00
4.864476034444810137e-01
1.002862605386535405e-01
9.382060218719878719e-01
-9.069243082464495398e-01
-7.773214880193138887e-01
1.383762501961551816e+00
4.295458213332968844e-01
8.604658752924880805e-01
5.000255140322087399e-01
-8.626704843058938255e-02
-2.309270608107829026e-01
-7.571724303044653492e-01
6.532617264339625474e-02
-7.391174550909301866e-01
3.976508547280765971e-01
3.446768260855032073e-02
5.615229047217336067e-01
-1.130168233581008375e+00
7.403400905567204537e-01
4.374108257552085099e-01
-5.135547796686364963e-01
-3.186566931152680637e-01
1.049042592360970527e+00
-1.445104755859969725e-01
1.800277180273669453e-01
-8.953024704473482309e-01
1.225311681964491139e+00
-4.443738272127323308e-01
3.704399530238377536e-01
2.662606205426958361e-01
1.625410869325903673e-01
1.025855119886965872e+00
-5.261103985916727455e-01
-8.796933385646550363e-01
-6.370434029396191411e-01
5.918656319890494011e-01
-7.605467438527925284e-01
1.106938219736410156e+00
1.001690166048272435e+00
8.633448894954335318e-01
1.824537182855345829e-01
8.291563632551075536e-01
8.854512464711943309e-01
-1.030066924167235998e+00
-4.311936008700846812e-01
-6.591727581646240619e-01
4.147253032428038777e-01
-7.018580861699004192e-01
-3.889574159989066526e-01
1.007652149662572327e+00
8.698331031867411189e-01
-8.427203103244171878e-01
-4.615209803886028972e-01
5.597521698955393310e-01
9.614757756434973990e-01
-8.585344342604805945e-01
-7.046907142779503808e-01
-9.763885683949046213e-01
-6.779648988092498545e-03
8.256778233123964750e-01
-3.248490116713635967e-01
4.651692314893619562e-01
-6.579960945615308532e-01
-5.095616727754970210e-01
-3.637592989266280608e-01
-1.150609925615147633e+00
-1.373460003866371792e+00
-6.994679551508485860e-01
-1.750747040678390931e-01
-7.766775513710446610e-01
1.004692403072174001e+00
1.373100342030975973e+00
2.175661552307332769e-01
-6.987201485822431835e-01
9.561014713392572695e-01
-5.630001396535894154e-01
1.261069582423880675e+00
-6.660264993845097514e-01
3.607179176643486862e-01
8.745405158566749160e-01
-8.622716932506255816e-01
6.586912740993738913e-01
-7.839250468045051434e-01
9.599689561973255847e-01
9.729883521629043575e-01
8.393211124038230109e-01
-6.124381832586042185e-01
6.381842312110174165e-01
-7.957427004103033719e-01
3.416175911294146439e-01
6.536687869101756032e-01
8.805380923740968591e-01
-1.365953883736365171e+00
2.425577474010359447e-01
-8.828046763252148654e-01
-1.034978967043193476e+00
-7.400618595931567345e-01
7.038580823325462088e-01
8.725909022169003881e-02
-1.242052013149333445e-02
-7.164437450561478293e-01
1.003350014534022172e+00
-7.252071124075375186e-02
4.917318677788146131e-01
-4.940926308721940163e-01
9.786214167859191848e-01
2.675188059754717851e-01
3.207423996514460751e-02
-1.290402724076590291e+00
8.226378468673626321e-01
-5.380663966614704918e-01
2.903176713246143348e-01
8.546588895461673663e-02
3.359695855544814203e-01
4.117970922999924510e-01
3.701174066239711902e-01
2.346340636219035602e-01
-1.090397301094051530e-01
-6.509185350433830397e-01
-5.751532446020537481e-01
-6.875768105336382829e-01
9.188251125749762327e-01
1.538908424528271812e+00
-3.698464678086091362e-01
-7.065565472899327792e-01
-1.178486258613600013e+00
-2.406756486091811975e-01
-1.026531760602961363e+00
-6.266723614324018476e-02
-9.978535237313875816e-01
-1.736403678270140305e-01
5.512831394175737865e-01
-8.060202464098191744e-01
8.266719266917850195e-01
-8.965895808536449296e-01
8.590065392473428263e-01
6.444648811183015802e-01
-6.484975454068707679e-01
-3.655904532243616778e-01
7.378299736065802028e-01
9.084072957135446158e-01
2.569186296694875860e-01
2.606904415822166587e-01
1.845837212895882207e-01
-6.021715440930952568e-01
1.951387869180586099e-02
-4.391503921168959379e-01
8.943015021659243002e-01
3.764393925087473614e-01
-5.112554351391100926e-01
1.705775964768308506e-01
-2.319693326233462083e-01
-2.162823527856451988e-01
9.741290299049636392e-01
8.624073852408669083e-01
9.583597821071044853e-01
3.858262700848863469e-01
5.722124045511421953e-01
-3.204189742179669453e-01
-8.643641081116792968e-01
-9.412614585679703882e-01
7.273740707465876643e-01
1.130216391308678375e-01
1.128944680095661512e+00
5.556275992231506367e-01
6.729575279292774326e-01
-9.782128300484735917e-01
1.342448603275552044e+00
-6.944941696978460532e-01
-4.369450209860621381e-01
-4.531223859654143205e-02
3.186592672974952190e-01
-2.904139270475610268e-01
6.544822936900046573e-02
5.809777012902347382e-01
2.260054193193677952e-01
-1.206470683522938847e+00
-1.132868474474846565e-01
2.622396548373359115e-01
1.461160318906501443e+00
-7.355063494345303043e-01
-2.312090594154605772e-01
-5.444950394196185206e-01
-8.447803469812831256e-01
2.180702206738142634e-01
3.163607880465401090e-01
5.011484971962004709e-02
6.984901548732712628e-01
-8.786359782811684060e-03
-4.273376781273040548e-01
-1.949613155470867887e-01
-9.422768776934190571e-01
1.126694817180972308e+00
-7.069661660889586807e-01
1.199584232263393169e+00
-8.505452329284945989e-01
7.117710583549913261e-01
9.010488158467033770e-01
4.789184804536134044e-01
-6.743793279801543195e-01
-4.163782389504834258e-01
1.039989305079302984e+00
-3.198453087030656561e-01
6.445899120888873846e-01
6.944895815136464812e-01
5.180941821275697468e-01
1.386857084724306910e+00
1.144755957577655719e-01
3.423028302211746920e-01
3.490856414351495296e-01
4.934640595515060735e-01
7.646844961007515096e-01
-7.726404497547721961e-01
1.036105625917270318e-01
7.170531465979392838e-01
6.027192413261389312e-03
-7.293646069000889187e-02
-2.782373730612884566e-02
1.222465092120526897e+00
1.227423704613398892e+00
-1.149681121826172103e-01
