1.214556677704855536e+00
1.504790340926586367e+00
-6.325652536372430301e-01
-2.420066899615985201e-01
-3.208744309559376506e-01
-2.752211175883384486e-01
1.327762441935214088e+00
2.411607581551165058e+00
-1.023515795047623023e+00
-1.118861667493358025e+00
2.683785152930873164e+00
-1.466172758200135151e+00
9.561636148680999203e-02
1.312780915444517582e+00
1.288800311745713079e-01
-1.418179176084340742e+00
1.924250337316126824e+00
1.708057477870992935e+00
-4.113695228296697870e+00
-3.869833262790954853e-01
-5.074489818426822119e+00
5.382335147524303087e-01
-2.755020918078492809e+00
2.493396966908689727e+00
-1.127096091440207726e+00
-7.416436794674966526e-01
2.309998749219784597e-01
1.607943160438080055e-03
-1.429428558560891904e+00
-2.989930344852487654e+00
2.643222109836640854e+00
1.741238264838562477e+00
3.608388775060668019e-01
-5.659664718464013644e-01
-7.327148378719546828e-01
-1.013483249943189501e-01
-1.950691799426683914e+00
-3.779528064034236023e-01
-2.196665187823309662e+00
1.751629461982725511e-01
-1.944946757578989383e+00
-2.349152662233429945e-01
3.244638531493083677e-01
4.687130511784136644e+00
1.032957069250130200e+00
-7.023545837861350449e+00
-6.467117717771810881e-01
-3.948518828711770068e-01
3.645370177126689981e-01
2.139445832499240030e+00
9.507351161336121681e-01
4.779499881195549693e-01
-2.915313090495421644e-01
-2.027486305885733753e+00
-1.107592096853366126e+00
-3.196609079860420755e-01
6.802711273302011197e-01
-3.234602785375185974e+00
-5.111835667503573932e-02
2.788517583536824329e+00
8.697587348434123733e-01
1.457924641739381189e+00
-4.138339777381312978e-01
8.336294407815973972e-01
2.339284230205336712e+00
-4.358486626699373812e-01
8.677770934816401160e-01
-2.921474558767280794e+00
2.110867132945101421e+00
-3.202097026646541167e+00
-6.638197739996090085e-01
2.273700389913438258e+00
2.748166844040926815e-01
8.186975296795021562e-01
-2.808011695177445421e+00
3.087127065480567811e+00
-9.271449902550545907e-01
1.602175068442178718e-01
-1.046733538705034716e+00
-1.732872874075646885e-01
-5.576520347415205858e-01
-1.811664285729316592e+00
1.303096207874571144e+00
-1.165966675500950567e+00
-1.160477296622561383e+00
8.639134767668205095e-01
-2.301122975475262677e+00
-2.598730069639868745e+00
1.191850286574494877e+00
-4.116333728088360511e-01
1.888939226011823624e+00
-1.927034570601864338e+00
3.433849514502721689e+00
5.742053154468214071e-01
-7.838670954070081631e-01
-2.478173365104340942e+00
-2.268496664981105582e-01
7.704988863588444481e-01
2.128952550718334891e+00
-4.665772913996532267e+00
3.069023724328749481e+00
-9.065663563937720326e-01
-5.480512023997453630e-01
1.287951077568702418e+00
1.163051649659053055e+00
-1.462258852341841830e+00
2.248878512349908654e+00
-2.993134658922986802e+00
3.415183394224102775e-01
-2.019589953889280753e+00
-1.264689733150208717e+00
2.452923781838544315e+00
1.909760508198037776e+00
-7.455385269558905126e-01
8.292910990657764714e-03
1.096594180705244170e+00
2.758249795866956067e+00
6.602552147340339239e-01
2.259453296349055451e-01
6.546818208764598745e-02
-3.841130644242096714e+00
-3.930065813003887909e-01
-1.395549872236060640e+00
-4.854634663285222196e+00
-1.296441174718462763e+00
1.628723314150654078e+00
-4.432936524562973712e-01
-1.805416619227470765e+00
-2.209305928258057605e+00
-7.469902259624019436e-01
7.855854331576028748e-01
-1.637315394450838513e+00
-7.401801990667976616e-01
1.539346746294758095e+00
1.315302611442206837e+00
-5.320006243883839137e-01
2.214224897671187298e-01
1.444267583870617599e-03
-1.090235097962162891e+00
1.310815842463833647e+00
-3.027818362764222448e-01
-1.925411374186300151e+00
-4.137581880996862860e-01
-2.296739992265884656e+00
-2.231332823551863687e+00
-3.790559888119193199e-01
-1.144327197461631807e+00
-1.586187078274178708e+00
-1.600454852333120348e+00
3.116257975514119316e+00
2.379540806084957438e+00
-1.098173965215226699e+00
-7.093723625488361773e-01
-6.323286206209832727e-01
-7.950817755445098722e-01
1.763088545032218679e-01
-1.976868020595660802e+00
-1.233110429199343105e+00
-2.836623783161124623e-01
-2.060422990215112993e+00
7.494901072669758468e-01
7.378374993994794018e-01
-1.654855273370160251e+00
-5.678016461544852511e-01
-1.032027045132626109e+00
-4.383965205502212692e-01
-2.812830412002003122e+00
1.257226363743581821e-01
4.737174040887823234e-02
-1.522615625688648611e-01
-2.020518302199617366e+00
-1.962662554652465086e-01
1.288428151372407460e-01
-4.422225714095609495e-01
-1.448246274885818696e+00
-1.266377238887829604e+00
-1.109616163077266959e+00
1.126443743658804619e+00
-1.531541952333813850e+00
-2.770092318315455771e+00
-2.323541564794057379e+00
1.736301561519936865e+00
-1.078423986696982917e+00
-4.855314820352227834e-01
3.495738424071224593e+00
5.694521662890361657e-01
1.196866774756579055e+01
