6.123937233451233197e-01
2.518737204904750171e-01
1.644266431358182290e+00
-3.748111089083849268e-01
3.253866201986231887e-01
-9.428541257936053077e-02
-3.426968903790670318e-01
1.145244914123670077e-01
1.603911808348916224e-01
3.907610065218352635e-01
-9.503583007224241097e-01
8.361072928404658100e-01
-2.061300239630644349e+00
6.378832516339201231e-01
-5.451935009984654190e-01
-7.613201825027522407e-01
-1.889002023186349355e+00
6.650557738245863604e-01
-1.315879701326968076e+00
-1.343203920434116183e-01
-1.456561401312591597e+00
-1.390595560625425275e-01
-1.069623549196824008e+00
2.577417710169549458e+00
5.784745562408382114e-01
-4.574354871379727183e-01
-3.566212982033679091e-01
1.605599517310399849e+00
-3.866013804320310721e-01
2.569105219647577210e-01
1.681546670964034984e+00
1.603461855074383102e+00
2.242119782940620032e-02
-9.916229014237321060e-01
-3.712872231447459370e+00
1.132689348148469000e-01
-1.100931167881191497e+00
1.357827312132637410e+00
5.446775438312029261e-01
-4.037088262502373515e-01
1.841329754764305937e+00
-1.008471846728006494e+00
5.129219140788477960e-01
1.672513806481551457e-01
-1.651341514392776988e+00
1.015737932267250176e+00
-1.064493301520517576e+00
3.483699981971545845e-01
1.767625588067814446e+00
5.576674657925749790e-01
3.793144457125983138e-01
-4.972148580206861013e-01
-5.288841049827223140e-01
-3.338569711778253124e-01
-1.113706316289370779e+00
-5.501520556667975903e-01
-7.429365678880275325e-01
7.080598405811681095e-01
-5.719786745531230121e-02
-3.476104004676905390e-03
1.156559407913221094e+00
-2.323921025877607460e-01
4.773607753734552261e-01
3.272548922015773576e-02
6.586855124833254083e-01
5.194147055312329231e-01
1.200249296570848001e+00
-1.150554708589657249e+00
-3.182858724473902612e-02
-9.079341410435777249e-01
3.329384747277694956e-01
1.716178059263360756e-01
2.844928110937746668e-01
1.692763013990794541e+00
-5.506607816290489538e-02
2.557752264015147325e+00
1.264697601810246042e+00
-1.457453277549763060e+00
-8.530249899163195870e-01
-9.402612635695096754e-01
2.633381285993473764e+00
1.564374680102434745e+00
-4.299794746172302951e-01
5.157986432745997885e-02
-1.085451849416253500e+00
-1.049449505087849399e+00
6.442143009207973448e-01
5.370974140623453463e-01
-1.589864415958101462e+00
-2.349834868800379617e+00
5.957307090147321293e-01
1.804046047429258115e+00
-2.477356187095909046e-01
3.663633793894281787e+00
-2.829861262766708574e-02
-1.174424213033257391e+00
7.716694522636839970e-01
1.252698507990760435e+00
1.115425144667172713e-01
-3.830987676039778744e-01
-1.208216265745845286e+00
4.875954199270907674e-01
3.598347185593263609e-01
-1.527326066948544003e+00
-1.358121443095455128e+00
4.782355695383002647e+00
-1.078491592486400030e+00
-1.216251207870077566e+00
-7.808646528029928868e-01
-4.960988021692673278e-01
-1.613332470273959318e-01
2.397179023529734554e+00
4.045007620742498144e-02
4.033850182064002698e-01
1.826186900002034985e+00
7.422845087807600883e+00
-2.299285591854312027e+00
8.595481178335682149e-01
-9.150696243981284450e-01
-1.028047462066303819e+00
5.396743220467705715e-01
-8.837751892341290105e-01
1.717033636656178475e+00
9.038535082916858698e-01
-1.726516773634970692e+00
1.872637936134818659e+00
3.962913179879452574e-01
3.558286884321814059e-01
1.030254468714485450e+00
6.819582234515195185e-02
-1.028640242844063968e+00
-2.162675990696705242e-01
-5.174958970446352780e-01
-1.991451162505906147e-01
8.372187035094784680e-01
6.735159903695825401e-01
6.307948835382057862e-01
-2.687406116121394017e+00
-9.281968885162342198e-02
4.348460531876218171e-01
-2.166605736520653025e+00
-9.505867295864616207e-01
3.391143214571672448e-01
1.221607262213534995e+00
-7.708546748196004605e-01
-1.724120115341012616e+00
-1.595173933043863013e+00
-5.606570125696868079e-01
-6.982937942292085642e-01
1.192670687111909045e+00
3.016015671241602192e+00
3.507577430841348765e-01
-1.669474303817595429e+00
-5.110494864086357891e-01
7.602876062758986420e-01
-2.981479595252491954e-01
8.005062680461321190e-01
-2.615051599488226186e-01
2.261163605804800691e-01
6.036226601112144596e-01
1.499952614364786996e+00
-2.055564728696846366e+00
-1.246596437962694592e+00
-1.747950532453185213e-01
-1.481111758734533712e+00
3.985338039572285107e-02
-6.515415283988890138e-01
3.951769792546419580e-01
-2.018950762267223364e+00
2.449704242738971693e+00
3.153054065033182307e-01
-3.116112300974845928e-01
6.986570678374995902e-01
1.706377379032420594e+00
6.958634895406419496e-02
6.975920867171367945e-01
-4.785488954979834064e-01
-3.931428466813654543e-01
-2.811067150325385011e+00
-4.182509423506959312e-01
-1.029505892750206403e-01
2.339950510212801538e-01
-1.493320743463305122e+00
-1.161746743994324982e+00
2.192558568089469251e+00
-2.840460454862699713e+00
2.385748990043947138e-01
