-5.144149241142856877e-01
7.775410701496831001e-01
-7.626527709646803155e-01
6.244024898873951068e-01
6.247548387648460544e-01
8.981693383787981988e-01
3.640886617987696416e-01
-8.957662791947464953e-01
-1.209000838568045300e+00
1.003421208195187209e+00
-5.148573142740384689e-01
4.433323760645276335e-01
7.335098035005606087e-01
6.761884674118752159e-01
-1.024968535541592313e-01
-7.367718236352021055e-01
6.283225340128372194e-01
3.591900399512686359e-01
6.754237317084772485e-01
-5.519767347078734510e-01
1.020746947943267147e+00
5.897679801840389757e-01
2.960291163039764362e-01
7.775341189174636014e-01
-5.331157665150296765e-01
2.823685233147382734e-01
-6.231975603015028620e-01
6.617929567941982505e-01
3.778901301566635063e-01
1.514695716294844896e-02
-8.366393304515409302e-01
7.507167704704892364e-01
7.683958039175339261e-01
-5.984997237766742639e-01
-1.080341306531213547e-01
-1.002418580417780314e+00
4.342778378593900590e-01
4.139713748311311114e-01
2.735482245230978077e-02
-3.878187112957577343e-01
6.154691393873312766e-01
1.212634893822471804e+00
-5.596237889203132809e-01
6.827077385113569652e-02
-1.183919186845260541e+00
-8.392267498952631355e-01
1.758877948464388982e-02
3.254972154099967652e-01
7.370270222666195359e-01
4.186872505026972835e-02
-8.416072924740297667e-01
1.066588487798046714e+00
4.835981554957153872e-01
7.750745638077526367e-01
4.577390381846497269e-01
1.044480521563487141e+00
3.436580574848659142e-02
-2.527219333451209970e-01
-5.719486492996103677e-02
1.046466271518942115e-02
-4.551261786167479784e-01
2.331919405195357342e-01
1.015716870471257138e+00
-6.553645510485751613e-01
-1.743327494631423114e-01
-9.476410955974789996e-01
-3.016362962063727227e-01
-1.984259731410857874e-01
2.572357257889780480e-02
1.791363589623405084e-01
-1.441754141430418912e+00
-7.380350310470155106e-01
4.163703209828516494e-01
3.203863943367250833e-02
7.228426421364427812e-01
-1.130177515468345328e+00
-2.510084906704608820e-01
-5.476726826461217890e-01
-9.484026750957031959e-01
-3.093336323879073424e-01
6.492932936181383674e-01
7.384508802101582559e-01
8.472265735005299891e-01
-2.036461963157783217e-01
-5.417246852815773561e-01
3.902451047365242953e-01
-7.999426565904340647e-01
-6.433821660843765944e-01
-1.288763709508647937e-01
1.041362606849059569e+00
5.696688639802910403e-01
8.555755603969363854e-01
-4.974036445463171363e-01
7.855818369107735177e-02
2.811959980981128260e-02
-4.813453337496939044e-01
5.224454547822379169e-01
-9.554399219584439606e-01
7.949981735458875320e-01
-1.146740872549022461e+00
-1.044119392835639371e+00
5.574305340110126128e-01
-8.242663081878611742e-01
-2.571096539665661540e-01
2.774543587172220160e-01
1.101966156470157721e+00
-4.002407925467099670e-01
-7.324803590952592980e-02
5.873009985956001433e-01
2.149918700682464934e-01
-5.800140211426312309e-01
9.404475147247675082e-01
5.892410980117679387e-01
-5.414740546784380104e-01
2.085807553217282062e-01
2.979160912879831313e-01
-4.685059605870281474e-01
7.631336582050451955e-01
-1.023652487626561108e-01
-5.120212348713526485e-01
-2.945755371544857004e-01
2.755063436234009289e-01
-9.205500512702698979e-01
5.236194238356716157e-01
-3.586285494306188926e-01
-2.952125322016744269e-01
-4.128933876331348785e-01
1.896615460004357490e-01
-1.056096201299225434e+00
8.421545197006430339e-02
-1.800066647240771422e-01
-1.721647160882594507e-02
6.053135401200802068e-01
4.503226583331647603e-01
8.787569336125069519e-01
1.267122506626972678e+00
-3.344309658978541488e-01
2.981707705840270783e-01
6.862543153999278722e-01
2.742139394791681117e-01
-8.985311219314223719e-01
-1.696933560758739079e-01
-5.341812577634948156e-02
8.434917465358823252e-01
8.300529844732227325e-01
9.868359123230983077e-01
4.127754082364093469e-01
-7.088456188120112467e-01
-1.190105551933503536e+00
-1.734476055972622097e-02
6.627228448583122322e-01
-7.860983199279842903e-01
-4.982526240240519599e-01
2.099966216770597360e-01
4.546948853716780148e-01
1.979304380080406656e-01
-9.467200041368470931e-01
-8.656479248012934891e-01
-2.209546971225516132e-01
6.778224809326879319e-01
-2.799659707932431463e-01
-1.192758176258877922e+00
3.317585170559213537e-01
-2.180127562135786845e-01
-2.663005421772700054e-01
2.917631954865602673e-01
-4.592755461388304816e-01
3.302269572778363527e-01
1.271305841295815586e+00
-7.012345923333335174e-02
5.685765112144525180e-02
-2.353759295666049689e-01
2.768232780045552510e-01
2.445402347564216983e-01
-1.303903929739397505e+00
-2.053579757309219878e-01
7.731328272486082120e-01
5.276491419942240801e-01
-1.183922809369784224e+00
-5.320082409435666904e-01
-2.907283757702898708e-01
5.057160265560903811e-01
2.230057478201658561e-01
5.983761834864866902e-01
4.539376662651875005e-01
5.469819987062363165e-03
-2.890550663090243333e-01
7.406233997388338430e-01
4.166482640773196966e-01
-9.059653733158135047e-01
3.261652768708018790e-01
-2.318733962893089195e-01
-6.730601808136358333e-01
3.205134972977359276e-01
-6.215524568603471023e-01
-1.762086997551466916e-01
-7.805388091856290123e-01
-5.694607269408831218e-01
-1.153757729000659760e+00
-6.391502142869809333e-02
1.026645243491031007e-01
3.283027186918211493e-01
2.337829628006371507e-01
-3.753867215031286148e-02
3.903249993013062635e-01
-4.048887340798863754e-02
1.613008874482161625e-01
-8.411010396072675643e-01
3.252392451865816492e-01
1.088071563733586267e+00
-2.717482243386820651e-01
-7.300663215114788773e-01
-6.481535071290668304e-01
3.631202194965830188e-01
1.118643204522434820e+00
4.872901531709376566e-01
4.014978811330461861e-01
-5.483551141383036232e-01
6.561842018922227071e-01
-8.431452667586074590e-01
-9.847512705042082981e-01
8.317912164898703109e-01
8.385735189392885536e-01
-1.047061552517992711e+00
7.551693964679633275e-01
1.934812541399733854e-01
3.042173839614578656e-01
-2.595016638005573917e-01
1.025873269434958601e+00
-1.821596187799581212e-01
-1.151482583196685949e+00
2.567847760654621836e-01
-1.089853391813303762e+00
5.639664059096616278e-02
-3.470198377224059660e-01
-4.302539623356654852e-01
-7.806827210750073576e-01
6.703927509900647896e-02
6.847824628521714807e-01
3.846764207357457055e-01
9.795548877815047906e-01
4.384199085881428370e-01
-1.438943972713375707e-01
2.214369135015300527e-01
-1.074374755839557105e+00
-5.843734412767112030e-01
-6.707897381768692657e-01
4.151819541568544936e-01
5.757772077025192781e-01
4.105355902953908842e-01
-7.298189186532798578e-01
7.467352478357433543e-02
2.270023368981237688e-01
1.916444456127436857e-01
9.540109643604524070e-01
7.700456781146174379e-01
-1.009463628743273667e+00
8.316695351429232996e-01
7.013092210201794519e-01
4.616550874384065528e-01
1.187386078375379128e+00
7.955155612559018374e-01
-5.434854956104931967e-01
1.032243087881782539e+00
-2.474200307734173154e-01
