1.720590115873020576e+00
3.928179712313339400e-01
5.004067527854018094e-01
1.259786842542675034e-01
2.861183131222936993e+00
-3.432094523357254179e-01
1.476205664146723162e+00
7.164420136477092083e-01
4.814777103509494394e-01
-1.449385044767411146e-01
8.131519851585409242e-01
7.647001876683210408e-01
-3.655342422169849392e-01
1.035801323233589699e-01
-5.961345958660668742e-02
-2.950185487769786397e-01
-2.664861106982672201e-01
-5.930338201588893909e-01
7.770979806595645911e-01
-9.531283158323669014e-01
9.054630088047024294e-01
-8.852776272262554702e-01
2.370646534346676049e+00
-7.851547133388068200e-01
-1.169494844612852524e-01
-7.743977413183831260e-01
2.871020236615739463e-01
5.231865851381111571e-02
-8.419967993968466846e-01
-2.176113584680640090e-01
4.931522966778113803e-02
-1.112571155030931180e+00
8.297358597069520031e-03
-3.344358370636244526e-01
-4.047730437544456716e-01
1.755562394221729106e+00
4.685460872665255239e-01
7.065825824896114771e-01
2.677764926457917305e-01
1.311666106556810263e-01
1.460117423581806184e+00
5.711259837392668182e-01
-1.637720026036231236e-01
1.288042667460154389e+00
-1.565747165184961376e-01
1.503744135061252651e-01
3.335546491789505019e-01
7.897008033292212126e-01
1.504470512090124279e+00
7.851168268727433119e-01
2.603873073011224171e-01
1.204625205043265312e+00
1.353505571217878067e+00
3.790093068768018991e-01
2.604380185710805651e-01
-9.581830123204745919e-02
7.192438449827039948e-01
-6.873663173009563199e-01
-1.072221613270696317e+00
4.198540143808681679e-01
3.933736187853585919e-01
-9.428150817688671914e-01
7.083786076725806513e-01
1.804337716985600082e+00
-3.128474160358178935e-01
9.730075098930766053e-01
-9.523336769948889113e-01
2.273699128811922376e-01
5.161975173632514791e-01
-3.231780938073519627e-01
-2.991047064724051685e-01
-3.982589391491919706e-02
5.096655423214260239e-01
5.363178064173741433e-01
2.090291732702097560e-01
4.669026176071252032e-01
-6.730515113701819319e-01
-2.028536901341895793e-01
-3.368562147135268914e-01
6.423636514809709652e-01
-2.219751815743574053e+00
1.700940844577933375e-01
-3.051088199860765293e-01
-6.851378480359233691e-01
-1.491248846296564956e+00
-9.287448423517969953e-01
-7.106648482698566527e-01
2.283485733950912255e+00
-2.002749686966630804e+00
-3.827084664509824652e+00
-7.728837009923438250e-01
-1.268035044121476052e-01
-7.296299759523539041e-01
-6.051429429465473575e-01
5.467039377567282088e-01
-5.946176219864266477e-01
9.722217785722517824e-01
-3.618730947498394190e-02
6.021963641900216491e-01
3.096979463304148084e-01
8.475453283849420094e-01
-7.467108318492208241e-01
4.271981732212095512e-02
2.989689146487799487e-01
-7.992488102303880737e-01
1.534741652836645875e-01
4.601413334938666555e-01
9.907892851641135756e-01
-1.240357725270069489e+00
1.124359324723687159e+00
-8.817924286160141456e-01
-5.241270760610445834e-01
5.920506156642680873e-01
-8.184286782451821729e-01
2.458635113410166106e-01
1.305661015592510243e-01
-9.530378447795444519e-01
8.489141855709073647e-01
-4.405032052295775324e-01
-1.808592196228376636e+00
4.203851012912493967e-01
-8.246866434335634599e-01
-2.201525763952834613e-01
6.974705995385063750e-02
-1.310194224799297480e+00
-1.008543763893177958e-01
-4.183391779620843076e-01
1.006793019324659699e+00
1.953168080772428872e-01
-9.804861346127076160e-01
4.207458739655046687e-01
-5.125008570943352382e-01
9.043842602311384926e-01
-1.440129069661606920e+00
-1.136590788356170556e+00
-3.491971931474788238e-01
4.968121311544506646e-01
-7.316502172988739172e-01
-1.130351901779566237e+00
5.597203340056156051e-01
-8.893924122054917003e-01
-1.123919634922511346e+00
2.049273423403218386e-01
-2.068942464685181726e-01
-9.176862531819280910e-01
-6.288362100302755664e-01
1.759222067693980152e-02
-8.272843676423260462e-01
-1.397111115681515692e+00
2.947242206432033607e-01
2.430718491529390013e-01
-1.836477812470699855e-01
5.152627418532871317e-01
5.462948300956856906e-01
-1.532734845948808822e+00
8.242678804970655637e-01
1.700573183548224621e-01
3.024249848017830644e-02
-2.822252926321889080e-02
8.503939249635823483e-01
1.483501436701537113e+00
4.323786349083098557e-01
3.829059740709035431e-01
7.881450731425533318e-01
1.262899478626615668e+00
4.251108051272999289e-01
-9.507866777361206889e-02
5.890026727149890728e-01
1.996703075524866033e-01
5.804020527105007154e-01
5.045966719144102663e-01
-1.000988190230406527e+00
-5.199228291685236147e-01
6.908913606269209140e-01
1.170517875044863487e+00
1.533955501961109746e+00
6.907265863490364977e-01
-4.214326722826282623e-01
-2.723766527327075027e-01
-4.851121684477300855e-01
-5.687417010876872903e-01
4.085167785412560093e-01
-9.429717465094610007e-02
-1.066292941470974309e+00
-7.739796269727032829e-01
-1.941269116843665210e-01
-1.715360996737926857e-01
