4.030676515966866158e-01
7.377978576780873654e-01
-2.644779939499165566e-01
7.745662920386299222e-01
-1.579754718966293603e-01
-1.392704996980725696e+00
-7.803508035173510882e-01
-1.590402527586103343e+00
2.556194825816652916e+00
3.347555956208620453e-01
4.278516977252223852e-02
1.287287668359324400e+00
-9.064468173646236804e-02
-1.305337553849924559e+00
-2.151159438888592845e+00
8.909984053676626159e-01
-1.298990840860372753e+00
-8.133129133170564629e-01
3.418180213917174637e-01
1.442534559967289187e+00
-4.591596653174973564e-01
-2.430858182575816040e-01
-4.934805003187526795e-01
1.548324711454690528e+00
-1.153031543082654459e-01
1.808317078620156781e+00
8.590317959689481864e-01
4.209954551637176690e-02
-2.135086285282903062e-01
-5.667660624964609983e-01
-6.352837778389369694e-02
1.685461036229197962e+00
-9.509288182326588457e-01
1.887782943911419861e-02
-3.522266538533606606e-01
2.926935041655563952e-01
-1.264303324396926387e+00
-7.063408317283224047e-01
3.041277782604474011e-01
7.958994405764296953e-02
-5.614096986249348387e-01
-6.737458099776649778e-01
9.802079023277628922e-01
4.446741424639260032e-01
-1.438270344572149639e+00
-1.366684398904080278e-01
-5.337043605136996272e-01
-1.111828609120166372e-01
-1.075627706458488930e+00
9.338107807695161799e-02
3.875440121230758761e-01
-2.776889175836153717e-02
4.381971995990130431e-02
9.904166538733644165e-01
3.801863978424777635e-01
6.040964530114286690e-01
-1.349819105060648949e-01
-2.887361773965346767e-01
1.542318056778528401e+00
1.926907811896027278e-01
-7.152132535082067477e-04
-4.559073696897437689e-01
-8.378736748494581832e-01
3.221805429622570105e-01
-2.666517759608774945e-03
7.968183703501898751e-01
1.179583530570005589e-01
-4.948444417323513700e-02
-3.522037313533092351e-01
-1.746591052286910806e+00
5.447462383061497659e-01
-1.293235404103442399e+00
-1.374264360505107474e-01
-2.899584862174908184e-01
1.571242192736941323e+00
3.678725802728056299e-02
3.719987259679650299e-02
-4.823454971176310835e-03
-1.353584327994897585e+00
-3.005985244555513081e+00
6.853442473078188435e-01
2.965744664044371315e-01
1.326124977635492197e-01
-2.459141100134129232e+00
-9.305909034450510209e-02
-1.909155797430684975e+00
2.328673911017608844e-01
-3.467380096996475758e-01
3.165170880845848966e-01
4.067282704820621708e-01
-6.333479638084158481e-01
7.767026798628615114e-02
-4.315077581023990527e-01
3.690138089495812457e-01
7.637393124680527112e-01
9.330276476540899644e-01
1.121643070705895251e-01
-1.394764969595040094e-01
-4.710502693108705730e-01
5.476883505047607237e-01
5.115628076403598845e-01
4.806049291563198600e-01
1.430907019775029543e+00
8.759395094563353634e-01
-1.074591371680638785e+00
1.873103054314477767e+00
-7.105178465309135438e-01
1.567734986131859021e-01
-1.061414956691915545e+00
1.693836415750634261e+00
-3.582238611059816447e-01
7.945763039926374838e-02
1.237491807326492665e+00
-7.988834725338163079e-01
4.025590394644251724e-01
1.356674264080960146e+00
3.896547887081268091e-01
-5.289411404459600785e-01
1.749851663405349367e+00
-2.490780517384490189e-01
-3.149625244531483736e-01
-3.670307816831984704e-01
-8.124802270353823630e-01
-1.615993760973163940e-02
3.752427080541247822e-02
-8.417418450124800611e-01
-7.625854643985409131e-01
-2.490749342293412660e-01
6.533318213019323473e-02
1.551138469605311432e+00
-4.267814852470108167e-01
-1.461536109667373740e-01
-4.282240182365681935e-01
-3.062187201230808231e-01
-5.363318057792934024e-01
4.565194155296550260e-01
-2.884456525989628206e-01
-7.572966450080649281e-01
-1.110733262643227137e+00
-5.370151256998361156e-01
-1.513909637514563589e-01
-3.505987685133044388e-03
9.371737994201211341e-01
9.097203894844374528e-01
-1.219546450362318374e-01
-1.286019575802602954e+00
-9.024951740745525974e-01
-5.696905883898042422e-01
-7.218248045344138886e-01
1.293235674654233947e+00
9.699425545484136046e-01
-3.853501797291790654e-01
5.642960632932586540e-02
-4.236147581137804097e-01
-7.018876146773345148e-02
4.752152421618650036e-01
3.454964849210038214e-01
-1.240129675413327026e-01
-4.255759924365105640e-01
-8.191142370369770553e-01
-1.795685063216817257e-01
-1.041809308352185659e-01
-8.493682676743088411e-01
9.938423880341454297e-03
9.610626699826022579e-01
-1.054043902615064310e+00
-3.843685644233280768e-02
-2.624136695660370111e-01
-5.179621337882682752e-01
-1.568714188732056036e-01
1.593514650793043386e-01
-1.954829886511091630e-01
-7.438542976531365980e-01
6.120674430479573491e-01
2.664902973867700364e+00
-7.480353477929223560e-01
4.681738974313323087e-01
-3.575343599227759350e-01
-8.407300635146185419e-01
8.822996946805153895e-01
3.251467871296050749e+00
-9.733838594618707818e-01
-3.138149543379695205e-01
-2.137319790618878446e-01
8.147332656052752586e-01
3.834511946402513471e-01
-7.048951796573977857e-01
