-1.022847496973301684e+00
-6.896906491882457413e-01
8.516807236386324531e-01
-1.454211524371626651e-01
1.566617022322278174e+00
8.651604682589829620e-01
-1.317294251068875655e+00
1.216042581777317944e+00
-1.296857949325983084e+00
7.166578910356197207e-01
9.206490093368576710e-01
5.009248940742456746e-01
8.558495407872734884e-01
3.462352701671849720e-01
-2.494188852624009967e-01
4.981707431367740635e-01
4.652818936103175762e-01
-5.704947726232130201e-01
-4.122979444745259459e-01
-8.664891165975238119e-01
-5.153102352517371365e-01
9.536755155292205854e-01
8.093919772650793876e-01
-3.558976355192653984e-01
-2.961057091324556523e-02
1.047378352366960391e-01
-1.504895526597136213e+00
-1.371224406575076271e+00
8.671243935113875922e-01
-1.964057263671067366e-01
4.754269486398154942e-01
-1.567960608225900665e-01
1.210150381722590263e+00
1.828436710794419107e-02
6.134496719066641068e-01
8.088531479925827050e-02
7.011722252980462367e-01
1.656116667365364892e+00
-2.373567490073409669e-01
2.754668582916519615e-01
6.921911543821588353e-01
-1.019166955827475407e+00
3.383678289291011665e-01
-3.272688647036722243e-01
7.781944402471686617e-01
-5.419051360038081855e-01
1.237845316406325086e-01
3.904031869490837692e-01
7.648967483581290416e-01
-2.022212635696108984e-01
-9.203480228370682081e-02
-9.048750257341917624e-01
-2.768547297085428016e-01
4.628832887239067717e-02
3.835537137441751010e-02
-5.883555111453041553e-01
4.019674647298968062e-02
-4.632017152078554689e-01
2.182743888025553969e-01
-1.180764711691954849e+00
6.722518601831899421e-01
9.719002883657001934e-01
2.510149660554041318e-01
-9.388280520739300528e-01
7.660079306944032052e-01
3.034974333220855081e-02
-9.252649278491598128e-01
1.243319460364418483e-01
-1.501190627286071111e+00
8.801732828761507088e-01
-8.653324217058288026e-01
5.199248849030785324e-01
8.523963122886708543e-01
4.732637106945451477e-01
-7.185745033161068385e-01
2.971064587272942425e-01
3.704070562934289601e-01
-5.448934522398751756e-01
4.962787372391891938e-01
1.159971755429015872e+00
-6.656010426638151456e-01
-5.943618557359394705e-01
-5.362275479303115766e-01
-4.191333966050767579e-01
-3.887646569052166656e-01
-3.688407481233211271e-01
4.947588667753409775e-01
3.967253415509881531e-01
3.345654044377925906e-01
1.028904499190881783e+00
-1.324058635826595554e+00
-3.131132806807821467e-01
-1.121190412364858335e-01
1.301438707298864905e+00
-2.314584906623801119e-02
4.197525819711363515e-01
-1.076963804285197890e+00
-1.021908076990954761e+00
1.508692692028557603e-01
-1.632212045206038464e+00
-4.054828642890955237e-01
2.133198595298593236e+00
-2.950489335202742813e-01
7.687469656736019008e-01
6.305883542504130412e-01
1.511666120212322051e+00
-4.332626798408221735e-01
4.648651179630581831e-01
-3.341307765721789891e-01
-1.714555922847067759e-01
-6.342652897581052551e-02
1.082450704766556804e+00
-1.393502268471716321e-01
6.936623170876505817e-01
-7.775396984146127899e-01
-1.562253968758693934e-01
-9.347913191532581934e-01
1.353531334426969490e+00
-7.296783579309468193e-02
1.165043420093551552e+00
1.272136858243887669e+00
1.420272672476705633e+00
-1.200179456143755319e+00
-2.701795639903497026e-01
1.122015867170138292e-01
-2.315318895697360713e+00
-6.252926459251532121e-01
4.086010595359581554e-01
8.754029583319736796e-01
-6.783430901176920047e-01
-6.029219176571849470e-01
1.383158456505210410e+00
1.283632546594023705e+00
4.015014900853375313e-01
-2.000070106641012591e-01
-1.149296541332442828e-01
-5.144453474624903766e-01
5.876417315742086256e-01
1.706295201552831875e+00
8.229072857317501488e-02
-6.412009417044854942e-01
7.002544552675987743e-01
1.539933515851815260e+00
2.473173027771333465e-01
-9.605273017865072482e-01
-3.811288098654493917e-01
-3.197320971631888997e-01
-1.408088056709050795e+00
-8.497098746702956562e-02
-4.722948139249059096e-01
-2.490443079051163078e-01
2.710892558111728246e-01
5.149525498185468786e-01
6.665946965530150647e-02
-1.560471568009340171e+00
-1.290306466593700740e+00
-9.401311592167380660e-01
9.958145944933464166e-01
1.213562473589421709e+00
-9.801388588143800096e-01
-1.135217860061186634e+00
-9.988031499095592070e-01
-1.079938292255293586e+00
4.612730192903802262e-01
4.342537473107990209e-01
-1.210718514754450664e-01
3.628055824818329222e-01
-7.330887979612624727e-01
-1.073867578664657429e+00
-1.022682211444869482e+00
-1.357449773674311189e+00
-3.164321051024870379e-01
-1.439603326785417359e+00
-2.017501175544617609e-01
4.028600682933650146e-01
8.566741611377681753e-01
-6.166616616994614886e-02
-8.499459735742944666e-01
-1.491843109114373123e+00
9.697918274217116608e-01
6.828283194993989280e-01
-2.961490577801133006e-01
-7.539771653704326893e-01
5.466615396980258890e-01
6.283587766239520644e-02
-2.502633713671635340e-01
-4.128449367119663149e-01
2.290230380333857507e-01
1.144529044079054980e+00
3.975288165785603733e-02
-8.339239680555274314e-02
7.559058924424094661e-02
8.384540230954535822e-01
-1.585667695345856165e+00
-6.866295691369300735e-01
-1.612492679040332666e+00
2.243711749287891077e-02
8.543749423368593998e-01
-1.107231232674359273e-01
1.311696423462745731e+00
4.942823064150244639e-01
-1.990735426482485582e-01
1.329180019104569288e+00
-1.865254492477492088e+00
6.432382979916593246e-01
-4.050536446325087025e-01
1.003635198312879506e+00
-5.026932426652159780e-01
-1.882737903174642291e+00
-3.244277716650024734e-01
-1.250751317864087220e+00
-6.780143988520495046e-01
8.195925336044505016e-01
5.892253521756105616e-01
1.537977154902453458e-01
-1.588218600890128340e-01
-1.540631350014089129e+00
-1.788882380132896244e-01
5.772609232388815903e-02
-1.260851407631685128e-01
-2.739429570149656268e-01
-9.627418313576461273e-01
1.138902493783385594e+00
1.273521581159051896e+00
7.015318664037679675e-01
9.139564173370507971e-01
3.805325668022158103e-01
5.064948318363755586e-01
-2.382076481703351012e-01
-7.563374055275796648e-01
-5.481161134753671504e-01
-4.005160761984936091e-01
4.263060740950262439e-01
8.965145059317325416e-01
1.436200450062435352e-01
-1.038662164095278895e+00
1.004475869400840660e+00
-1.161800125520748295e-01
2.495663576609170875e-02
7.270441069303209547e-01
-9.374703813629415849e-01
-1.185198620371825440e+00
-1.559641758722113858e+00
-2.313084848916551750e-01
1.664452788008103645e-01
1.604518489930586156e-01
-7.837346051379971978e-01
-3.629597462722029544e-01
1.257690711981231280e+00
5.738727346397465290e-01
1.117161995208861391e+00
-7.966062801559539719e-02
2.871979642374938857e-01
-1.804121435574383980e-01
-6.458040426919942067e-01
-6.799434533186277108e-01
-3.200029138541415352e-01
1.961789155483023572e-01
-8.676410820906510502e-01
-7.878403956858551771e-01
-1.393017809912555915e-01
1.221345725783667069e+00
1.287338579144495787e-01
-2.130548942637283671e-02
7.244048923336380286e-01
