2.674949506073458494e-01
1.319463222309709138e-01
-2.966556714904993175e-01
-4.426244175657196300e-01
6.048220343353729461e-02
6.554409662317703389e-02
1.555520985442257476e-01
4.472855606493086195e-02
1.047818862951779284e+00
5.527444238342208438e-01
2.662076427743276241e-02
9.648721724318919390e-01
-3.050812710477353584e-01
1.831439535634498128e-01
8.292394032348326949e-01
-7.023783294020838897e-01
6.201855880871876003e-01
-7.767114215828730961e-01
-1.328361652072088950e-01
-7.685565773110752605e-03
-6.776309608725308298e-01
8.178573294815747463e-01
3.713318041891222054e-01
3.252896022793060338e-01
5.570541233484906929e-01
-8.388176323474016982e-01
6.010836356699458261e-01
7.157198728272577970e-01
-8.102832306127839557e-01
1.710118398150692887e-01
-2.620764276271103643e-01
5.910139169142415438e-01
-2.294344498945278810e-01
3.068218943484676831e-01
-9.742342009445222051e-02
5.420591848970872650e-01
-4.785740328278160205e-01
8.421219820552999780e-02
-9.325330521979104115e-02
7.832882009294744874e-01
-7.661508149754950869e-01
7.190320248625547972e-01
-3.313892107070691706e-01
-4.378566443437466038e-01
3.950689303643848405e-01
5.266075438727313429e-01
5.004385597827717969e-03
-6.525142466068123426e-01
-5.209086621234507719e-01
-7.919165343968358473e-01
-1.942064074901377058e-02
5.560759502115394382e-01
9.161693314431272883e-01
7.385480703104363442e-02
-2.341692558316650630e-02
-1.952726226934557718e-02
7.910367234313887552e-01
-2.749289652437507669e-01
-8.961171076151659420e-01
1.485354730963974745e-01
9.541547239585330686e-01
1.728472796779025600e-01
2.357009362846560485e-01
3.041807386404172808e-01
5.954624600018847413e-01
6.715527639286366091e-01
7.530001918798003846e-01
-8.831930104189977815e-01
-2.910330628656249141e-01
-2.326713162034386717e-01
5.093126674071071225e-01
-2.723249620452047326e-01
-2.472521253679187403e-01
-7.773439260041093979e-01
-9.119253554110701154e-01
9.162532297555163741e-01
2.454398639792002568e-01
-3.790540856641601009e-01
5.339189689083827517e-01
-2.595170150614664051e-01
-1.002729346695158563e+00
-7.932230134177417069e-01
-3.495312793319982347e-01
-2.133862156894038020e-01
-3.123619159143859458e-01
8.236098516624590360e-02
-4.623396368180043847e-01
-4.923987114811196886e-01
-2.040826566807679154e-01
-8.295022070618388588e-01
-9.664283482759310484e-01
-4.731306402073687245e-01
5.496738593411396728e-02
4.334430947000172396e-01
2.742884945336319102e-01
-5.336403539235021753e-01
1.533596666607113246e-01
-1.182964674058951948e-01
6.348797800558836357e-02
4.713354199759897667e-01
-8.821183111813108990e-01
9.325325436439512172e-01
-3.290567282756882705e-01
9.994396512302461399e-02
3.090493698398333877e-01
2.342534631194224393e-01
-6.144541345544228816e-01
-6.288148310148656828e-01
-2.263553153357120706e-01
-8.262323004815096406e-01
8.024647405101781317e-01
-1.164102857404065716e-01
9.860742896212604247e-01
4.249567049201106728e-01
-4.252576393911892683e-01
1.981212509109296638e-01
3.097125376011901354e-02
6.303002641305043285e-01
-8.639166871085497412e-01
-8.503928939607194870e-01
8.421925467278933430e-01
-2.525202697098216653e-01
6.787935913459497428e-02
-5.081440099697953627e-01
8.126498849585546136e-01
4.064029480620215407e-01
9.312151581897131214e-01
4.534488568290151456e-02
-4.511750505655172105e-01
3.664007103202672755e-01
-8.498329342562652711e-01
1.436549119506504990e-01
1.806968919396732265e-01
1.484957226176963907e-02
7.413600561772809572e-01
8.061502224079827861e-02
-2.153088434886756275e-01
9.244319836634224963e-01
-1.847802313197536295e-01
-9.151113645631204774e-01
2.480357915585370554e-01
3.524315610432323109e-01
-7.042043814389631340e-01
6.260154052141020387e-01
6.111984699168957480e-01
-5.147557205564463612e-01
9.684357691224387832e-03
-7.400100878220403633e-01
6.362766566192925577e-01
7.738720655356147449e-02
3.586693775289702679e-01
-9.627213624376607104e-01
7.801446396366751301e-02
6.742094876626528732e-01
-6.950674700914409865e-01
6.648262641766662373e-01
6.244944317649535614e-01
-8.881255265565999313e-01
4.012770250525496962e-01
-5.874930850779577218e-01
8.613454161132328979e-01
9.387143743182480016e-02
4.371836647702409540e-01
5.558890795959321451e-01
8.000391114205277487e-01
5.060458412659349925e-01
-3.795245557448312379e-01
9.064154923324903024e-01
-3.698009448119021769e-02
6.367975415927834559e-02
6.283780566168726267e-01
-8.331976507461792414e-01
-5.775449675590527132e-01
7.576708749444642788e-01
-2.863386407087507024e-01
5.868983606760891369e-01
4.128319716061111255e-01
-6.935248217227096834e-01
5.976236839003217227e-01
-7.861906069981159373e-01
1.006384849778978324e-01
-2.968672546459446560e-01
1.580726960481437238e-01
-6.162664862056091986e-01
8.389751349886104270e-01
-6.516113048975819000e-01
-8.415787380724091271e-01
-6.932664126286510742e-01
-5.442760809296083302e-01
-5.065979113757036467e-01
6.277454469827727923e-01
-3.912711774952730148e-01
2.582648983934816567e-01
8.362164397351081746e-01
-6.106644012089602613e-01
6.922758716741781448e-01
5.890040721175852090e-01
-8.300469385349343865e-01
3.967520232930722979e-01
1.044720001285661670e-01
7.076331935853814592e-01
3.984636478158312123e-01
-4.303370592151373186e-01
9.852640574537768758e-01
-4.432865355979537236e-01
-4.000449504709485682e-01
-3.376780351987970774e-01
6.095961630780476481e-01
3.164112397800122878e-03
-6.210818398842479215e-01
-3.869810129707180330e-02
2.920380278658418205e-01
-6.029906271848048949e-01
6.022137095494373149e-01
4.296813725334210354e-01
1.939918779864406861e-01
-1.474545530095326407e-01
-2.263076382542125453e-01
3.784185912961254838e-01
-2.835337172592065080e-01
3.312968545262891529e-01
-6.853281004470319626e-01
-8.615151368131465093e-01
-1.184833891942566053e-01
-5.722493310691787460e-01
-6.110529881798343332e-01
-9.671030372412373621e-01
-6.240149147483828873e-01
-8.079644138019359545e-01
-1.235790320661213637e-01
5.634741588972641546e-01
-3.759939388949610772e-01
-5.976549794636307755e-01
7.298160796363672986e-01
4.060970567932670194e-01
-7.821169140081012383e-01
8.211460282033798963e-01
9.692513407288658178e-02
-3.521239783457774664e-01
7.825078943356177374e-01
-1.106272674370616105e-01
7.592243878516549138e-01
-2.331705122873085068e-01
5.703332763251889315e-01
-1.593254372817627385e-01
3.716288314097612039e-02
8.447017929080048448e-01
-2.908519424576492263e-01
2.207078439809851966e-01
8.782187455510553908e-01
-8.974796634063469947e-01
-1.060829842726104533e-01
7.461810401238925250e-01
-8.502458847518088447e-01
-2.555233870697191101e-01
4.813227824663202092e-01
8.131552725345918553e-01
-3.235061563305609011e-01
-5.624485696213038510e-01
6.131627552633475142e-01
6.479259417713236768e-01
-7.280455585364287163e-01
-4.608298757103049814e-01
3.653890937523532889e-01
-8.175775437024914716e-01
