1.404081091010560112e+00
-3.358121325674816582e-01
-1.081946416617137752e+00
3.815464598482165015e-01
8.268950535434698157e-01
2.076855291794502900e+00
5.457819803672774306e-01
-4.279282826670944284e-01
-2.264374687243085327e-01
9.717032761520694173e-01
3.957567478146691853e-01
-6.159867402645733403e-01
3.351390298325678807e-01
-4.045204524334884977e-01
1.636139150901306794e-01
-3.346113690119597583e-01
4.329362124098031783e-01
2.626413152979056309e-01
2.171767292615508715e+00
7.572401714401855166e-01
7.655407062920208672e-01
-2.729391769044107185e-01
-7.180290040905670246e-01
5.377053414818200316e-01
1.287394850213357200e+00
-1.071900288851233229e+00
1.069337760317035091e-03
-2.548050756108767856e-01
-6.576487702827659154e-01
-6.475486782299664235e-01
2.102521703869610459e+00
5.891585705802369066e-01
-3.817096816005534077e-01
-4.638034544867775111e-03
-1.480626483233246915e-01
4.776272322155333816e-01
1.178073408342424688e+00
-1.047517091198550743e+00
-1.457863145895919921e+00
3.669163296947706154e-01
5.053834069137879137e-01
-1.289813798432714487e+00
6.971676920039040493e-01
3.536661130505002193e-01
-3.862003409713593793e+00
-2.221903488631420953e-01
-1.190201790151161898e+00
-2.318666539777635816e+00
-1.090416944332314619e+00
1.706921513975094840e+00
-4.908294654104644605e-01
-7.800996313163138796e-01
-4.521952361760162020e-01
-2.140818223446186164e-01
3.245927618262174352e-01
-9.066704875616096171e-01
-2.664252809286517198e+00
-1.528229444492547676e-03
-6.868181995070140600e-01
1.619153918061871700e+00
-1.093643119584257306e+00
8.497149529159500059e-01
-1.336309271341974136e-01
-2.786434689771855044e-03
1.269701508499353704e+00
-1.158608596249333100e-01
-1.078100548658925684e+00
2.011864098560976200e-01
3.032233594615823397e-02
2.472773021704385288e-01
9.935724858926003877e-01
-1.190566128885952313e-01
7.390190561570033623e-01
6.973509498479446567e-02
5.113233409029167564e-01
8.506992296256937758e-01
6.251901663960931499e-01
-1.334225154438419159e+00
-2.815939462835961860e-01
-7.361093001731877639e-01
8.622976039178614771e-01
-2.001033094811805468e-01
-2.446441358818980394e-01
3.259664573734695758e-01
-6.774869942811839740e-02
1.003655648651409660e+00
7.522081777950677672e-01
3.726113201953388798e-01
6.417224095357950686e-01
3.484244297984289140e-01
1.683606648919285576e+00
-4.685998583884488644e-01
-7.074085143700317158e-01
3.541898841093942263e-01
-2.913995098837735553e-01
-6.871559965335003461e-01
2.959352683490913405e-01
-7.033969091327032519e-01
-5.939354659952704729e-01
1.709750213167615662e-01
1.518655654719143655e+00
1.605825585102856334e-01
-5.342324435914402869e-01
-1.361572565553101244e+00
-8.401924174973838255e-01
6.109199612862807882e-01
7.018221586299466797e-02
-2.381323982943490403e-01
-7.188674400471935233e-02
-1.102262350128393020e+00
-7.876325123811490636e-01
-1.036859449730497928e+00
-5.520992657383665403e-01
5.371557598345165774e-01
-2.176089896664794576e-01
3.097606390190086323e-01
-1.763632801883042167e-01
1.279764343343568811e+00
2.235823300933326152e-02
-3.324619969666031682e-01
-1.057441716496746231e+00
-1.723894646615337090e-01
8.974632840554566671e-03
-8.237307792620714858e-04
5.116801352473112630e-01
1.804385801976179371e-01
1.135819881484123384e+00
-9.170242355982095583e-01
7.889334979286242167e-01
-2.237116933956093123e-02
-3.202517581767692079e-01
-1.115153049478593283e+00
-2.267360885084330757e+00
1.063988961408310896e+00
-1.461336087379986881e-01
-1.403091669452419810e-01
6.391170644805474477e-02
-2.287103575472320682e-01
-1.602717745965295260e+00
3.198644285186198755e-02
4.745546942100006826e-01
-7.980187589203308063e-01
-2.279680368494221288e+00
2.923722045880329246e-01
-2.561461523244358274e-01
-3.354314921765849444e+00
-1.512384981112818993e-01
6.398034883860774791e-01
4.341181140992674825e-01
1.201752335169271380e+00
1.144931907050312114e+00
8.070677758295797810e-01
5.115778489159107378e-01
1.939116959114017380e+00
8.189534093235897316e-01
1.403954827792167848e+00
5.911930339924495459e-02
-6.133493524736257640e-01
-1.321773417110330695e-02
7.006432228919010630e-01
-3.529213022907470299e-01
-2.021208109246781237e-01
-2.935935699355687878e-02
-5.455238902903342124e-01
-5.954729991837810488e-01
2.432384223302352655e-01
6.523591774685927325e-02
-1.210851667293917355e+00
1.125194132598734686e+00
7.226701521994013389e-01
1.019117487690130330e+00
-1.186456818712090966e+00
-5.500641987293252155e-01
4.081163084855404799e-01
4.907656750553177072e-01
-5.169475608915908849e-01
2.459070248156540184e-01
6.677720163738115611e-01
-5.040191802713166885e-02
2.455802399268552705e+00
6.091903526628710264e-01
2.172086549550311663e-02
1.944636799150002149e-01
-3.146791845716883973e+00
-3.396563984233003652e-01
3.561776008859077192e-01
-3.105832647446316597e-01
