5.109566084984740186e-01
-1.036186694562683114e-01
7.362369621514814888e-01
1.378562595922313339e+00
-4.060827721959621606e+00
-3.822999119385884770e-01
2.652935590113436048e-01
6.751796893421840862e-02
1.105222753673660296e+00
-3.931948045389892510e-01
3.765242656817879841e-01
-6.659020335315757322e-02
-4.506453947408949334e-01
1.086251311728622992e+00
1.843808193033168175e-01
-3.923641000382528665e-02
2.611615102314723269e-01
7.892391737743831293e-01
-1.138330530471920010e+00
9.416130413841766744e-02
-6.860622279385433231e-01
1.727541596407706492e-01
-4.233372961160964953e-01
2.019201957840214834e-01
-8.872282276955287816e-01
-3.157730730098958771e-01
-1.620928472617879201e+00
-9.541704341711654269e-01
7.326161175180142537e-01
2.742783993798731945e-01
-6.258001992665408464e-01
-1.985353768693416676e-01
4.973022505502839863e-01
1.206286818564873631e+00
1.361186913604824911e-01
-5.388352900909431087e-01
-9.193492261810194410e-01
6.267608567287321630e-01
9.823096127919095366e-02
-7.488101427725740722e-01
-1.672151155417230584e+00
1.965055372712887771e-01
-1.078274069505546162e+00
-5.506664552221555153e-01
8.247949729610757341e-01
-1.188284494074545727e-02
6.492845795419868171e-01
9.577020537427651803e-01
-5.012973760510616716e-02
-1.158247988718088095e+00
-3.576143360792506387e-01
-1.821535351887483056e+00
-2.351651498189365253e+00
3.102526228396186525e+00
-1.157550617054293518e+00
2.612475562085155301e-01
6.181101680104335999e-02
9.374230425964560354e-01
-2.961248042845419093e-01
-4.116235563678106724e-01
-2.222773088457928203e+00
1.140548188075659830e+00
-2.277082544053816715e-01
2.866037790082099357e-01
1.378140867105486667e+00
5.730450405076612519e-01
5.192989349993445414e-01
-1.556105591456426185e-01
-8.676040442924328744e-01
1.210326800788140256e+00
-7.928843327231951399e-01
8.267123398698182912e-01
1.082831226743770497e-01
2.622431503412568254e+00
1.869598169088426132e-01
7.095371828936404279e-01
-7.668720199042596830e-01
-1.743255043368971691e-01
5.818946021169186383e-02
-3.762355462559311969e-01
1.565847688589877329e+00
-8.130145639885197895e-01
-7.076174285527779828e-01
1.583876609274334768e-01
3.279837903487775597e-01
8.514394788702185357e-01
2.997165446955486479e-01
7.901262390172555383e-01
-8.521116725467845487e-01
1.026886508444657897e+00
6.576949661382190948e-01
-6.150455328643109620e-01
1.649504835507266121e+00
6.730307188792120643e-01
2.321065780229473741e-01
-5.707954249748062869e-01
1.063917026020951700e-01
1.039358148673253712e+00
-3.428228051743130722e-01
-2.219485652160565203e-01
1.053677075675574004e+00
3.942556904240251958e-01
-5.753594676038735756e-01
7.039243239099294280e-01
-8.957639355972053519e-01
3.417689494649859272e-01
-1.969533405031875350e+00
5.375684382854991616e-01
-3.315071308835246811e-01
-5.209707327714016012e-01
1.505648883721362186e-01
-4.243326452459965648e-01
-2.401746776333515410e-01
8.146907454526772230e-02
1.134302663541460754e-01
1.730259673221293537e-01
3.956066583905336609e-01
1.278787704526654689e+00
1.882852223256635371e+00
1.665168471967590769e-01
-4.598413394392911746e-01
-7.990338488642416415e-02
-7.877559610046660499e-01
3.456144384943114822e+00
1.634430546212567226e+00
-1.273728794563371736e+00
-1.085956462655034649e+00
3.468192989815995775e-01
1.292211666654617730e+00
-1.589957652814189548e-01
1.600344654839926717e+00
-5.416201415186068235e-01
4.071899448221670825e-01
-7.456706741341553313e-01
6.863117767505021449e-01
-2.974127957079089057e-01
-1.187649944802772195e+00
-6.136723618571965355e-01
-1.404018406449539236e-01
-5.131750106562558145e-01
-2.618635732908697333e-01
-1.469711031505399168e+00
-1.300631201944609516e-01
9.477587924778487771e-01
-1.289520579287108948e+00
3.267389551367718692e+00
-1.015022302798525011e+00
-1.123507984971169771e+00
-8.245741102381443088e-01
1.043662753428349799e+00
3.075555683131901974e-01
-1.539053630347249624e-01
-2.832947264344422983e-02
8.314437199811581802e-01
1.324874358160549548e+00
-1.253518541041367618e+00
-1.391663277969638290e+00
5.807448666081302946e-01
3.130220418726170628e-01
3.558841214012785636e-01
-3.205615855320340657e-01
2.266247991739366086e+00
2.270783715407359793e+00
1.844574569005198450e+00
-5.227632957663362889e-01
-3.538231336129713522e-01
-1.913324837050703608e-01
-2.109910081398452819e-02
-6.249886437078108203e-01
-9.503950233025881822e-02
-7.498312600713576970e-01
-2.004492766710996410e+00
-1.499634904392522783e+00
-1.189885804647191403e+00
1.293632834803106757e+00
-1.833136630228263897e+00
1.336537777541561001e-01
1.474080681289276828e+00
3.134021654390743095e+00
4.516863560580847370e+00
8.080821678324620616e-02
-5.401019358647164426e-01
5.589073142970955033e-01
3.760601687698846840e-01
1.579007940516445885e-01
-1.872570990755175746e+00
8.326855075928359939e-01
-8.507557309367990150e-01
7.249315926989119419e-01
2.288809814948403742e-01
1.136006650438658727e-01
6.347363872036269061e-01
5.994620425366329330e-01
7.542276357531474407e-01
1.538469537001013077e+00
-8.432883096028795933e-01
-9.806695194726136044e-01
1.930331253606339503e+00
-2.054917219372982273e-01
3.084350883318790482e-01
-1.419743698535796295e+00
7.840176188730940687e-01
1.998552811920034866e+00
-6.466577969126410252e-01
-2.353165062194309265e-01
1.385766755405492212e+00
2.818761964405362974e-01
-1.374708100984902148e-01
-8.483087011295979973e-01
1.409439473712644331e+00
-8.373280632782545974e-01
8.537275595826994135e-01
-7.820979417897733210e-01
9.866341750093217122e-01
6.611693068794564088e-01
1.390678185878667650e+00
-3.669172891191507802e-01
1.708889161887417463e-01
-1.946636590998164884e+00
7.845812418058133453e-01
3.652802590024763485e-01
-1.084385886609940397e-01
-2.791266819761963336e-01
-2.121556200104345091e+00
1.914554399878168445e+00
-3.556107370272729717e-01
-1.615893882957791128e+00
1.770129948557399580e-01
6.110096347186924071e-01
3.887465838327422762e+00
8.673345923897635146e-01
-2.833218990756326550e-01
-4.952531246879214866e-01
4.235494768116687681e+00
-3.822788325924980635e-02
-1.513887459996573259e+00
-7.126644394380716729e-01
2.641960946667481380e+00
-5.566428114494648138e-01
-4.718423968415788039e+00
-1.447679128162685736e+00
-1.709867463211830751e-01
-7.673809333110950259e-01
1.666634544325491074e+00
5.876014687437314254e-01
3.179389268320106932e-02
-7.853102863109925336e-01
-1.002986817518386253e+00
-5.023828748449828963e-01
1.623225928128727791e+00
1.579452388337757029e-01
1.197694451647735470e+00
8.187793599681976453e-03
2.508036825045800722e-01
2.301967791286535781e-01
6.609227804126810435e-01
6.869711521783783414e-03
3.318232937957777962e-01
1.315927615300635622e+00
-4.521300929393129997e-01
-5.757094898554891982e-01
1.488928462969714595e+00
1.001402931173628330e-02
-3.332721225481251048e-01
-8.185861524629509667e-01
