-1.294139423027822033e+00
-6.695903828180284068e-01
-5.205850364857405044e-01
7.076086533169757553e-01
2.758274247428505355e+00
-1.556049057230883159e+00
7.232362356502053391e-01
-2.011421824113592383e+00
-1.736518627838965212e-01
7.598526068247973830e-01
8.709247583151280558e-03
2.170511162808435035e-01
-6.336330999194224045e-01
5.953305692898517298e-01
-2.594623767495587985e-01
-7.603452484044899151e-01
2.684864710640584851e-01
1.795653964926070267e-01
7.739544708927785788e-01
-2.167839028286098757e-01
-7.297739947100456703e-01
3.464731381345373395e-01
1.367476823538799624e-01
-1.926103295758002931e-01
-3.149674780658346940e-01
-3.425189045924565967e-01
-5.151673811786064983e-01
-6.441106500363973364e-01
1.587651296302742265e+00
-3.465500427586314380e+00
-2.924476676302475431e-01
1.369275124553027412e-01
7.940525288608429877e-01
7.837916190762751478e-01
-1.301001792603871055e+00
6.264411953001807198e-01
-4.421631391793330867e-01
4.125824119933870771e-01
8.747523069161085019e-01
7.667685155790603391e-01
1.635546824023867141e-01
8.341118238377718264e-01
1.217471340580177586e+00
-3.627679286183355112e-01
5.631583035917231417e-01
3.298768517402169143e-01
-9.531525164999538058e-01
-1.432527196128609293e-03
-3.405282715999233822e-01
1.237422646466597997e-01
-9.578080982457874981e-01
-9.407008122717770426e-01
3.150165497610859955e+00
-8.583405906959664655e-01
-1.262131056070492641e-01
1.303912222631224416e-01
-8.976447530579072520e-01
1.311822233087444056e-01
-7.502054029088893738e-01
-2.683712911963478942e-01
-7.048060572913661392e-01
-5.826611411414478470e-01
7.457965553180567753e-01
3.736421090170486403e-01
1.006856411969461185e+00
1.136198704061623044e+00
1.188736013454373630e+00
-2.122452854339902384e+00
-1.084023251624341988e+00
-2.212360166624363522e+00
-1.916798375466499116e-01
-1.107120815651343237e+00
7.045092000144482780e-01
-1.577152991098597357e-01
2.812304180160111189e-01
5.959916043947109943e-01
1.387788815900350636e+00
7.936321206644076920e-01
-5.349739017031738264e-01
1.340815862751925103e-01
-7.030787413932004792e-01
1.264475290994410139e-01
-3.877943375840202378e-02
-4.326434108625552000e-01
-1.317704797578007625e+00
2.914228850414795069e-01
7.598315424331307799e-01
-9.056974047876061862e-01
-2.397179195714620903e+00
-2.967313399734661683e+00
2.128039940241705230e-01
2.998449902769808606e-01
8.297728924235842074e-01
-1.062992042717486374e+00
-3.486371928796699882e-01
6.173665114959657751e-01
-5.635689612422598582e-01
2.521022865730029761e+00
7.124004043092238003e-01
1.599562871532436148e+00
7.835740614945485571e-01
-8.110019523366406302e-01
-4.247891756319248091e-01
-8.245228466291246727e-01
-3.008926160986618026e-01
-2.168862763362167545e+00
-1.429324858639705376e+00
-3.195315644316235604e-01
3.755265759796024838e-01
-1.685007480585580586e+00
4.636952864605818903e-01
8.568306995186156794e-01
8.163529918129853735e-01
-6.209118064541804261e-01
-1.162028613803207655e-01
6.935985979229399856e-01
-1.257878474149190406e+00
3.685153840443252116e-01
-2.155950495993620430e-01
2.321932747947898168e+00
-9.640923453992212844e-01
1.067937082388717762e+00
1.260323879004911607e+00
2.123419350464208044e+00
-9.248210739633314637e-01
-6.532222099391875592e-01
-4.568641446712043974e-01
-1.491910812023904409e-01
4.959121835367228948e-01
-8.401357745249123932e-01
3.673100155408809409e-01
1.456842745239338155e-01
7.697443536809178699e-01
-3.034156249763535484e-01
5.349021265102069655e-01
-6.995603707545586802e-01
9.869142831064727783e-01
-6.410162023399561537e-01
1.717268727681120488e+00
3.140023018625197615e-01
-1.013504638095071714e-03
9.991749152513863530e-01
-5.991987105757423659e-01
7.518090746774841460e-02
-4.885106617754493286e-01
-1.251026707138363836e+00
-7.311800999777456900e-01
7.664934380804383496e-01
2.652416024959298735e-01
5.521893629015652838e-01
4.106760719637668755e-01
4.609094111289684936e-01
-3.209067602753058746e-02
1.150360491257928608e+00
3.464351130954839153e+00
9.400613911618209417e-02
2.747547059813806758e+00
7.492613551316438247e-01
-2.054056844086497691e+00
7.594198545478778595e-01
-8.163149365666564350e-01
-2.367084599399951472e-01
3.071785365339191110e+00
-7.676342139864181791e-01
-7.847544520031185522e-01
7.369833346575453970e-01
-2.302346764311419491e+00
9.260901390298585945e-01
1.257067521443306024e+00
6.659910873755239269e-01
-7.580358213919334842e-01
2.196230595921394857e-01
-3.326647340583404056e-01
-6.199296320425538021e-01
8.670035214573620364e-01
2.742054464781942258e+00
9.544192643784342733e-01
-1.154287102875667242e-01
1.490482411610024871e-01
-6.847403016223667649e-01
-3.563292097524960456e-01
4.363118389732175695e-01
6.851445543697920471e-01
-6.791375852257351964e-01
-1.582181834710177926e-04
-8.287176704735925714e-01
4.221371241434601629e-01
1.970260291752613455e-02
-1.860304654274787639e+00
5.322114347661548450e-01
-7.618227752051235369e-01
-3.180850480964703131e-01
8.383886606263900587e-01
2.133929758603513860e-01
-1.379447615006606023e-02
3.444716291779068573e+00
-2.599134635324252818e-01
-1.997483818462995497e+00
-4.604383760019805649e-01
9.338217297236766079e-01
8.857194886228013653e-01
-4.752087755109596703e-03
4.087640630788517693e-01
-6.712033039838248838e-01
-1.492072072815918027e+00
4.572916525100794716e-01
-8.307812744658333859e-01
-5.926152631420220640e-01
-9.982886954411789304e-01
-3.990716863553694260e+00
6.154353906714794542e-01
6.001985970648628932e-01
7.817328276411809052e-01
-9.324053836813758211e-01
-7.456767625719926684e-01
8.380687154416480711e-01
4.627139724054536440e-01
-9.874976307541183385e-01
9.594382934752011538e-01
5.637618873547808329e-01
-4.188612796367655600e-01
1.640615677054053867e+00
8.097197831331064410e-01
9.732001157260177227e-01
-4.765969426777532103e-01
-6.858531958518284677e-01
-7.457257158401786601e-01
2.934569419173436722e-01
2.782984713463033000e+00
3.455132581138912751e-01
3.770923955415911299e-02
-1.251437941884381067e+00
-6.564858826749782050e-01
-9.283958336315968340e-01
1.482173255397948308e+00
-2.661900624277024341e-01
7.630750967253170369e-01
2.387340951175387915e-01
-7.010902708015942508e-01
1.384528680745375606e+00
-2.452207301641474935e+00
-1.371332078280382616e+00
4.088273666272254081e-01
5.618161071490469505e-01
6.852184509453430605e-01
-4.208317865630606391e-01
-6.647409248941111848e-01
8.497951940164287787e-01
-1.074174209081678377e+00
6.219029033950589369e-01
1.030199544355769048e-01
-6.723624098044951314e-01
-4.478306750839918804e-01
1.709735486049202002e-01
6.880014691214313416e-01
-3.240500069200646371e-01
-6.534806156310182246e-01
-7.031857713176428715e-02
-1.919416858337724019e+00
7.521114615453561303e-01
4.034601572634051725e-01
1.503153563901186818e+00
4.917660865255776281e-01
-5.020438426551084854e-01
-6.689506898797754619e-01
