1.286452958827019488e+00
9.096858572873446347e-01
1.622653341625385437e+00
5.326294454524450606e-01
8.901009696717576691e-02
5.665637786802291131e-02
1.426146714573120811e+00
-1.269312463516583944e-01
3.357367035206661132e+00
-1.240350075512990147e+00
5.325860830605557705e-01
4.109027719632671327e-02
7.261240230105270310e-01
1.123918052501504672e+00
9.515913964241113909e-01
-1.031748770562285644e+00
-1.153236960082186568e+00
4.789443998751476972e-01
-2.143016906873195515e-01
1.392626140584328209e-01
2.957165756409747825e-02
2.634807236848055179e-01
1.904729457816438654e-01
1.685969517495387926e+00
1.117578102771690229e+00
-6.031861117265213679e-01
1.597067848095430787e+00
-4.292095285797829785e-02
-1.531231096803133962e-01
-1.003059272638636923e+00
-4.453456018945703976e-01
8.837296631874128616e-01
1.182072889074510691e+00
-1.141660680613080237e+00
-1.438514193841244071e-01
-1.329157856257707326e+00
5.413242673204855110e-02
1.677784558482224853e+00
-6.926622212123705324e-01
-7.658833082677717341e-01
-8.350875173227192416e-01
1.395686110923849199e+00
3.659637407651897822e-01
-1.143615899041567241e+00
7.102420739136926509e-01
-2.404945474084686508e-01
4.878377438748200401e-01
-1.294598215779499517e+00
8.933858958034489595e-01
1.941573118077934090e+00
-1.651805882918969237e+00
-7.161166287121621954e-01
-3.455135469476078747e+00
8.732533822992708528e-01
-5.723962788925446299e-01
5.635341143890783000e-01
-2.473897821076952663e+00
-7.916354926639124212e-01
1.773411594420863380e-01
4.779282702929540938e-01
-2.279507504670039708e+00
-1.595753543357655513e+00
-1.993276530320650552e+00
-8.801954086618456463e-01
-1.267082470475234812e+00
-9.820869315838922642e-01
2.973557031276009566e-01
5.684324888305856138e-01
3.267857569003000395e-01
-9.716265339554261971e-01
-6.471475276155725931e-01
-1.318315472756818263e+00
1.788824189051390734e+00
1.201611813993137767e+00
2.200759484605525618e+00
-1.502338511707440816e+00
-2.608150345249259372e-01
-1.342080658115537006e-01
-6.277543519309378706e-01
1.715558539176632369e+00
1.798268563874798609e+00
7.171422442439906453e-01
-7.652878347516036683e-01
-9.738624016301850039e-01
-5.200964138390686831e-01
-5.784677778127795822e-01
-1.210237800166275246e+00
-5.639841114968855429e-01
-5.210463102508262612e-01
9.550822764831182754e-01
1.435509699203875167e+00
-4.449972043252982123e-01
1.044569085267392339e+00
6.683312274096417926e-01
1.989288103247108253e-02
4.934034077496589343e-02
8.445506976415987355e-01
-2.034863051379016241e+00
1.099503368695646133e+00
5.416890476726640147e-01
-3.819157270289449402e-01
8.485624458890755895e-02
8.259420105192258887e-01
1.673508266479821538e+00
8.062522888710778046e-01
8.847312587182314392e-01
3.164432163357756012e-01
7.604787065164219095e-01
-6.055593754968047193e-01
6.725178480611808673e-01
-2.780129313631080068e-01
-1.908521193204289146e+00
-1.328194803246980360e+00
-1.109410097106017234e-02
1.332686593535415964e+00
-8.548469509558631607e-01
-3.998137134018117655e-01
-8.083466668392602639e-01
-5.478278840378932868e-01
-2.715593017922086072e-01
7.618121881313848487e-01
-4.235435977947945574e-01
2.581381978719706760e-01
-7.065535875558335288e-01
-1.762944727097219610e+00
-4.853694790719029206e-01
7.171933451799674675e-01
-1.048683548680929833e+00
4.969485519290444131e-01
1.180347094390644530e-01
-4.949516330830249639e-03
-9.600701810086221810e-01
1.560619252648438371e+00
-4.442721348459931496e-01
-9.381056974972944440e-01
-5.912187513473783351e-01
-4.690394469592944204e-02
7.659839375017659657e-01
5.300704547477145256e-01
-8.144544244912960140e-01
4.428380905607826046e-01
1.145359051925175065e+00
-8.942113925777232797e-02
1.584169470818592718e+00
2.546078209021878092e-01
-1.772688885185702778e+00
-9.257919907311900065e-01
-3.657757614583130312e-01
1.416203141508792562e+00
-7.171339573333105344e-01
-1.172376339190114525e+00
-1.326358368494266138e+00
-1.695757263242385626e+00
1.440666590809889513e-01
4.024813257756283402e-01
2.237832249225700565e+00
-1.315183820443712182e-01
-2.671734747335391402e-01
-6.896432914766852385e-01
-1.305789320808848492e-02
-6.483218455765765720e-01
-2.400069606873633798e-01
1.146081782016738826e+00
-4.054207051109699478e-01
-3.257531996824200582e-01
-1.169687532649010819e-01
-2.120145799889844973e+00
-5.652840806155815523e-01
4.628429281471431178e-01
1.763113470602142019e-01
-6.471180766859684352e-01
5.093168818998426994e-01
-1.922531184254212322e+00
-2.899637725675188737e-01
-2.478420583472486616e+00
-2.347018575276181185e+00
1.437226939237047085e-01
9.671205853229197791e-02
-1.677547081134846296e+00
-7.815958092629962661e-02
1.206540233349580937e+00
4.781332573677776754e-01
-5.911151832787543414e-01
-3.923311897437374851e-01
5.731381557129736626e-01
4.995752177454555465e-01
5.571038058327689724e-01
-2.387475940655888751e-01
-1.856239583706433827e+00
-1.304452267067033322e+00
1.103887009586894674e+00
1.187799128587716302e+00
6.345694914127855135e-01
1.174248453464398212e+00
-4.319834516820236225e-01
-1.868381896725652469e+00
3.113171290932654767e-01
-1.412694970676090234e-01
9.386864191403245794e-01
5.401110528247478060e-01
-9.278213971024910078e-01
2.383147669365408561e-01
-4.619016811910187092e-02
6.330070834130355761e-01
8.982384485451833100e-01
1.538278590133799417e+00
1.169393765821584497e+00
1.805008317731671419e-01
6.809265256361602958e-01
-1.564821163794847481e+00
1.137787276499991895e+00
1.947715650395452025e+00
-1.101149620324150424e+00
-1.077203699873032494e-01
2.897931758381536715e-01
7.769072807706703943e-01
-4.837618649278882521e-01
-2.005803427854540466e+00
9.753429318313222574e-02
-9.158595030321894370e-01
-1.455861561759726475e-01
-1.759318495566500884e-01
2.594198754991940137e-02
-5.275895420935963198e-01
-2.727690057406228497e-01
-1.336869007541065413e+00
-2.145373688973490345e-01
-1.412444345864047213e+00
8.751046261798641757e-01
1.946827939403817043e+00
1.673769000248598871e-01
-1.088564171316511731e+00
-1.274226072448879199e+00
-1.161367016577340205e+00
-1.927639405198497524e+00
4.834369058425945775e-01
-1.419291865881128656e+00
7.670406705395622637e-01
1.732471473070946733e-01
1.404404373226975977e+00
-8.531798712448026567e-01
4.064722510405359146e-01
7.607765059321864864e-01
1.459209819886528203e+00
-1.599599230021178098e-01
-1.012553605804734191e+00
-1.459117901497407832e+00
-9.247925968363858162e-01
1.193730964573062936e+00
-6.871592233177780118e-01
-5.368082173992628769e-01
-9.448521989622686856e-01
-1.044115049842264442e+00
1.005277933376697241e+00
-1.894388648203169545e+00
-5.499365468525177492e-02
2.226709551226538630e-01
-8.234721629560470824e-02
6.667530797424000566e-01
-3.075166224722216124e-01
1.908733110683703549e+00
-1.092981674853716001e+00
-6.907597006766552639e-01
-1.524345520742223847e+00
-6.378470347196072421e-01
-1.265228856953010128e-01
-1.790494462532939979e+00
7.213940825061508910e-01
3.554364511226019152e-01
-2.098857790961733139e-01
8.746827858232485431e-01
5.345231699928618685e-01
-1.273656312630098153e+00
2.344441694067811999e-01
1.058044795513490621e+00
7.811525318757578384e-02
5.542098916981532675e-01
1.315136286050205550e-01
1.201921989238226018e+00
-1.655771315584404713e+00
1.465546753952220671e+00
5.894170436915830980e-01
5.882379225144224177e-01
1.533357722535645395e+00
3.740710700233561559e-01
4.517427432398468667e-01
-1.684552300400069536e+00
8.278591856639633262e-01
-6.270646457887171787e-02
-6.114904270143166620e-01
-4.396949573290254154e-01
-1.734708702975814143e+00
9.001092613595493841e-01
1.098990896274286033e+00
-1.318396988531354008e+00
2.644302706504482181e-01
2.333982809777435108e+00
6.328979120343971587e-01
-1.426339755669465692e+00
-1.067830627285040190e+00
-5.918572970977723502e-01
1.538735640885478873e+00
3.021923489444304778e-01
-1.946722744988309328e+00
5.855009637849545312e-01
-4.024113607391349712e-02
1.354643707320982271e+00
6.115220898444755360e-01
3.113564812244276059e-01
-8.567370439630814793e-01
-6.150384246878103367e-01
-4.818260815795200047e-03
-1.049808964225738828e-01
1.543444761974112955e+00
-2.380350151166152617e-01
-7.815682111131363463e-01
-1.392633803690387084e-01
8.187393780283036548e-01
-2.501368947695484235e-01
-1.554361650939919404e-01
-1.359656686762293454e+00
3.357788163240862378e-01
1.862049324694391217e+00
1.027445362886515001e+00
1.262886445367192412e+00
1.117668616275839355e+00
1.026227290072727172e+00
3.236162138294222945e-01
1.369686800383421277e+00
-5.900573141174800945e-02
-9.890650388880813937e-01
-1.016547718628352248e+00
3.866981681724375730e-01
-1.563855114359816167e-01
1.106965971643779856e+00
1.842329252281337704e+00
-1.572868295100786407e+00
1.555394298566954658e+00
1.061382376937112459e+00
-5.646964431121265227e-01
1.623271674490969430e+00
-8.554533033294271505e-01
1.835345755555138014e+00
-4.554116738622012717e-01
3.650973326924862872e-01
8.013557776692992185e-01
-1.730992113697199519e-01
4.814444377638837924e-01
-6.972382384549611345e-01
2.087976839252590811e+00
-3.185071467755934416e-01
-2.695046001287560999e-01
8.141598198070947312e-01
-7.517670056604093265e-01
-4.319824863532084058e-01
-7.922066734513950603e-01
4.439376550006952082e-01
5.216124051498388647e-01
2.066388872880655092e-01
-2.923290106733622551e-01
2.040533014407451606e+00
1.694138969101291137e+00
1.550373879486343975e+00
6.549688838701025473e-01
2.082993922055130120e+00
1.216849945590242177e+00
-1.149821812701759649e+00
1.137708863141540849e+00
1.684367055492631771e+00
