1.443753855181818313e+00
-1.330899318541725718e+00
-1.323902034690076057e+00
7.637739610172310512e-01
1.755997761523610534e-01
-4.758264386731487217e-01
-5.229242471108873636e-01
-3.108614249294774368e+00
9.768704833734379589e-01
-3.693084963229537054e-01
1.707877618487679272e-01
-1.009583818814528300e+00
1.244183422210145551e+00
-3.127643080580214119e-02
8.502414276316384578e-01
1.809467051921455294e+00
-3.533448250362277721e-01
-6.440907946577476562e-01
5.572235000729456322e-01
5.067128370445759256e-01
-4.721062612660871793e-01
1.324813659164264079e+00
1.205853156398282611e+00
1.872273387539546308e+00
7.972470033606946505e-01
9.915621296651492278e-01
-9.983031453312564141e-01
4.394104184760693199e-01
-1.427540340061817625e+00
-2.232884787326110398e+00
6.709989916218025985e-02
-2.593687751606321146e-01
1.387528156075970021e+00
-1.119321401696098617e+00
9.754643626828296554e-01
1.994821969867805578e+00
-6.863426892224283593e-01
9.936715580332886599e-01
1.920808623391700110e+00
6.504512632068653044e-01
-1.116924601705437947e+00
-1.646333659751298084e+00
-2.158498861645588462e+00
9.938605640431110722e-01
1.830178545749652663e+00
-1.665883650739588218e+00
-1.396698598499812816e+00
2.298313288667606924e-02
4.466002217549763786e-01
-1.611814679520406024e+00
3.723794707395841619e-01
9.613950258367456314e-01
1.215248616973938045e+00
7.496440576520022603e-01
1.884973862833962510e+00
-8.149107996334556958e-01
-6.653779734569215121e-01
5.691502007937000451e-01
5.390623508068748126e-01
-1.964221513030193211e+00
9.794888234610766853e-01
4.977864447953844196e-01
-1.670549531022832990e-01
-2.167386121640680674e+00
-8.957216609248842554e-01
4.356552546739667631e-01
1.303665579014196552e-01
-4.505897762251654393e-01
1.316342380095377185e-01
-7.123885626883994515e-01
3.869243881912360905e-01
-4.754128864008577149e-01
5.938913522602955464e-01
-2.665200259460621113e-01
-9.546574536635077379e-01
-3.825138066999531627e-01
1.097302809088665176e+00
5.493197879517068838e-01
-1.484568954783816591e-02
4.862343046724406648e-01
-1.503501523990136590e+00
-1.260259021509958499e+00
-3.364052412199321496e-01
7.107854071878163538e-01
-9.710285072568021203e-01
7.467299267777299798e-01
1.297667151157848364e+00
-1.578685042816880379e+00
-1.886813704837780881e-01
4.892238908895225613e-01
2.744236362462404433e-02
6.557550237528169124e-01
-1.136752155385302387e+00
-1.098455613337403491e+00
-4.997984564007191821e-01
-1.386636833402501878e+00
-1.839214738963558249e+00
-5.279336669512467717e-01
-1.317327592257028002e+00
6.778905566645601621e-02
-2.552332699447041886e+00
-3.475891948519990171e-01
6.826316011815604101e-01
-9.537953115352933997e-01
-1.270214961004494825e+00
-2.776312645062700701e-01
1.611588770829886608e+00
-9.344502806415613261e-01
-2.252473626536661000e-01
6.765254059293702715e-01
1.450296433584166600e+00
3.715468204026291521e-01
-3.969787348393629678e-01
1.751039547125077700e+00
6.437674436473737050e-01
-2.655295467177899438e-01
-1.027732559727000838e+00
-3.090269922811434977e+00
-9.685499200229542582e-01
-2.941265770198363549e-01
-7.360190430386497340e-01
-2.949466393127510577e-01
5.513563444329951935e-01
-1.149447700287697272e+00
-1.168920682628107111e+00
-1.629459000500857124e+00
9.687463768377919671e-01
-2.480939549150601664e+00
-4.840361539222143294e-01
9.060010858041110948e-01
-1.471836360900924401e-03
1.561588364390630090e+00
-7.067182346864439024e-01
-8.578889352219579711e-01
1.531994546135262203e+00
9.773564437448059028e-01
-1.269232657093854133e+00
-3.265619338948576034e-01
-6.821047933086626935e-01
-1.651093092140462737e+00
6.168517146110721328e-01
-2.884915536264615055e-02
-3.244179463028671329e+00
-1.345428758246547396e+00
-2.809067542843983745e-01
4.198755071983213683e-02
-2.845371238209555842e-01
-4.333873242369165046e-01
-5.393148146718468317e-01
2.336838447203977154e-01
4.215087063804511813e-01
-8.289666374765957135e-01
-9.236951727063293927e-01
4.683410567478663022e-01
-2.653349016311350450e+00
7.327647799640870652e-01
-1.148331281002696436e+00
8.262163049399058323e-01
-6.128439865963390965e-01
9.131171753405438185e-01
-2.864411005423237455e-01
7.253248933583341662e-01
6.635351553170024674e-01
8.413428767639361538e-01
1.718117959233073755e+00
-1.716296728459810961e+00
1.589876081515635864e+00
4.914990274278187576e-01
5.777985617511065541e-01
-9.629991147380870253e-02
3.514873946916590719e-01
8.846499602969871701e-01
-7.055458195713508740e-01
5.969086926753842670e-01
-5.212752856213073716e-02
-9.243018584674195237e-01
8.524742974694208275e-01
-2.787754975996880269e+00
1.618854369039546715e+00
-1.452768790374769914e+00
-3.040478154597501259e-01
4.955702359529431944e-01
-4.153478851758336532e-01
-8.333610324234563826e-02
-1.967168551398268628e+00
9.210596899891718148e-02
-5.565749965378017361e-01
4.668789049312573880e-01
1.695454695485807184e+00
-8.131841795698171449e-01
1.281286467351039127e+00
1.069796307541220015e+00
-2.774517825460545595e+00
1.732026881438871513e+00
-1.867957637881538568e+00
-2.913765500026587185e-01
6.141888230365729617e-01
8.041127190457468821e-01
6.154554504425562289e-01
-2.312931931663238405e+00
-1.645178176528512282e+00
-2.741191978706162935e+00
-7.302181069555385706e-01
-2.393944143789105361e+00
2.014860065847099424e+00
-5.758506984494318193e-01
2.359042199431050424e+00
2.753808274608495754e+00
7.460978556787792315e-02
1.167849152634018450e+00
1.298134119513614015e+00
1.598949909455985807e+00
1.236236708118536587e+00
