5.697828683242058823e-01
-2.740471572630522878e-01
1.356800537665291184e+00
3.400681568745644867e-01
9.838934779247505702e-01
-3.161398565697387530e-01
3.484161963729276446e-01
-7.698992480151278794e-01
4.929588384764551634e-01
-3.916257624519565717e-01
-7.240103511482833820e-01
6.866278042248081803e-01
-6.663209041212421191e-01
-4.519170484269841026e-01
-2.658879984626083548e-01
9.822577141407089207e-02
5.146439803189833961e-01
1.144226266862841346e+00
-7.072721658957156210e-01
-5.066867747174266245e-01
1.481376534133068690e-01
1.782212901848252984e-01
-2.485457579194381428e-01
-3.387291480003666866e+00
1.169203641137392502e+00
3.843178514041033500e-01
2.785666336834355938e-01
9.940284455483180959e-02
3.235748789160431960e-01
1.084572316463479513e+00
1.007093954986656159e-01
-2.586661277690709415e-01
-7.935372346506959218e-01
1.974477888766655864e-01
8.989201960671440172e-01
-5.191719856249168430e-01
-6.421848060928099233e-01
-8.383537504307754240e-01
5.074218532618648414e-01
-3.850105095147982048e-01
4.712630442371514849e-01
-1.337466545135995943e+00
-4.213280272518404868e-01
-4.094796439414780109e-01
1.650974695626988287e-01
3.651308270809493495e-01
-1.357257605581672077e+00
-4.511597501295336876e-01
6.135222888011524489e-01
1.256913546685434202e+00
4.697569930259286597e-01
-6.658818654551641458e-01
-2.779909272983607793e-02
4.074175086638430199e-01
-9.191935695506107118e-01
-3.263945168337734071e-01
7.950179290687898748e-01
-3.144714900763163623e-01
-1.396284855601285235e-01
6.343830131599390021e-02
8.999022864178947423e-02
6.328289234309174560e-01
7.084570365760043398e-01
-2.611180073692964676e-01
2.792217847727710422e-01
1.741079653655905890e+00
-1.196263183335981140e+00
1.373510779134151871e+00
9.212892658583989036e-02
-7.108553007173994409e-01
-2.332961013028657105e-01
4.341189345915692499e-01
-2.590072660779374827e-02
-1.037695449254464108e+00
4.774780019531110198e-01
2.178710056267679773e-01
-5.424476648610447871e-01
-7.617467076344760502e-01
8.763170820690555085e-02
4.532299572600650972e-01
5.962095611367795867e-02
1.301317368486153203e+00
5.220874576918905774e-01
3.376879589200554310e-02
7.974127226948368730e-01
-4.987819179883323795e-01
-6.773494873390498716e-01
4.281416662684626312e-02
-1.361056893421472846e-01
-2.958282813048571658e-01
-1.345341770456554183e-02
2.786784890215036614e-01
7.444764535787320447e-01
3.559885854376234615e-01
-4.295316236426861556e-01
4.770563574986634581e-02
-2.631999592911450359e-01
5.151005356190321294e-01
-5.556483908411278261e-01
7.021789037995072036e-01
-4.116767118073092480e-01
-4.017988396754293423e-01
1.352934244211372872e-01
7.906695376167477418e-02
-1.005299719088017074e+00
9.509758857611239069e-01
-2.014055525517290390e-01
1.126279616778639525e+00
4.558645785874048117e-01
1.529971771025134597e+00
-2.498188345147199230e-01
-1.576693214569603874e-01
6.190160774901565244e-01
-1.136293041670156212e+00
-2.072066983926779404e-01
-4.236864643954358356e-01
2.678391443693429741e-01
-1.436125712911439922e-01
-7.731204124271101596e-01
-2.482464337717610880e-01
-7.027700839854583714e-01
-4.257639683736327840e-01
6.392083122240663773e-01
1.928135021764235402e-01
5.167535841254577988e-01
-5.026246333196966454e-01
5.956419541345348012e-01
8.839483778603246522e-01
2.814352064541675302e-01
2.154962377187472633e-01
-4.306518314088021437e-01
1.165535488441464373e+00
-7.202007757207307126e-01
-1.137612408416285525e+00
-6.749461808124720408e-01
6.141363251518824895e-02
-3.021341234440184653e-01
-4.457283572955466622e-01
-1.519632954772763611e+00
-7.148044135727413817e-01
1.473769592908046877e-01
2.056627335919363475e-01
4.225388280689843512e-01
-7.521940982299175626e-01
9.216269946696551418e-01
8.117658392926592192e-01
-4.867885536777680766e-01
2.792716180173525076e-01
-2.987848501061450834e-01
8.281601555717855723e-01
-1.516650966043150861e+00
4.153930747700443904e-01
3.120316570359565889e-01
1.816465283500829475e+00
8.339496744598391409e-01
-2.614266214427241053e-01
-8.406563990310114143e-01
6.497812536447330478e-01
3.533876745145210219e-01
-6.026588110060473458e-01
1.236314908940823187e+00
-5.894172713183960521e-01
-1.108721671729571590e+00
-3.299762100782255292e-01
-1.432164793667848102e+00
2.588829972357160059e-01
-1.627625458182607510e+00
-4.523637930984615863e-01
-2.689269209809120320e-01
-8.645555527766753956e-01
9.949294786448202588e-02
-1.509596694568237751e+00
3.113764312752592689e-01
-9.215149828558046874e-01
2.305094821957189288e-01
1.283756171090231768e-01
-3.018125106159083582e-01
3.052493075816363199e-01
-7.452042096436589658e-02
3.025024769107456102e-01
4.698072839082941266e-01
7.490936921403792415e-01
3.566212073960993711e-01
1.791780749287822938e-01
-6.266275808404001557e-01
1.504682422193549085e+00
-5.080863289972923358e-01
-1.930051991668892519e+00
-8.365392728551533930e-01
-1.282741889994187257e-01
-5.559337453386323791e-01
8.623358982899129721e-01
-5.026419778152857454e-01
-4.316500664200247084e-02
-1.144438942858224256e-01
5.333072968706750183e-01
-5.178700816295955800e-03
2.519455567516217798e-01
-7.803931102299457301e-01
1.166236488164908991e+00
-9.217762472236679105e-02
-5.804414978989711482e-01
6.737087050188987902e-01
5.216447854757566560e-01
5.839572856258667954e-01
9.817334220111725851e-02
9.321624354739450613e-01
-7.186429934875213643e-01
-3.595685957929076748e-01
-9.648601291737743946e-01
-3.609798059205170384e-01
-1.173732043181455520e+00
-5.178863095235679559e-01
2.163098468082538528e-01
-4.784638295963107857e-01
8.332328819116897600e-01
-6.852326706811151524e-01
-8.598454411036905443e-01
7.893451392578625381e-01
1.309988552250638705e+00
-3.934431376546779768e-01
7.553396013314246371e-01
-9.732995492953795680e-02
7.614287116376883269e-01
-1.169334683141336040e+00
-6.462871912216392456e-01
-1.095213061744748195e+00
4.493558091525415854e-01
-4.030122459750998809e-01
4.008496329596816787e-01
-4.244561914591185592e-01
2.846005150421193064e-01
-1.124760396069200752e+00
1.899870390233576178e-01
1.920390381566736138e-01
3.264307849386897109e-01
-4.724140015017747052e-01
3.869751220183205165e-01
-7.820961581196733681e-01
4.935619512496211003e-01
1.203458943222970756e+00
1.161212025884414412e-03
-8.246578244881261899e-01
7.057509200213095690e-01
2.412013012911836118e-01
-1.120770002679095434e+00
-1.141370014435435065e+00
1.034244493376050844e+00
5.161081582512483390e-01
5.727074854123125336e-01
5.771082278903763019e-01
-3.734869096049033277e-01
6.251614632761437473e-01
-1.753837248465921761e-01
-4.451135107680220804e-01
-1.110447748606663565e-01
-1.348742278077885937e+00
-1.054436118232481512e+00
6.611455642596741900e-02
2.692407574925909097e-01
5.751864903938638252e-01
-5.445942431466010980e-01
2.563370866016895233e-01
8.172147041335975359e-01
-1.408106698004532475e+00
-7.577882653129830448e-01
1.236855086698289696e+00
-6.571082796881317911e-01
4.979528059534057971e-01
4.833869420237661418e-01
4.890153444269800254e-01
-1.272518218437621029e-01
-4.440009148420594187e-02
6.472968630379086208e-02
-3.062560841373055953e-01
8.138499460859636159e-01
-1.112152628915408226e+00
1.940682189809639635e-01
-8.776289143239734969e-01
1.476054508968037027e+00
6.893930372486978264e-02
-5.085386646187048942e-01
-9.024673660459574531e-01
7.427267618896373769e-01
-3.609804597084477207e-01
1.066312842423402518e+00
-5.874487357418349542e-02
3.090064762005370058e-01
-2.386278432433528440e-01
-5.247077930748978991e-01
1.052025768858957377e+00
1.022328548211841159e+00
-4.313279214895838765e-01
-1.108747855903683188e+00
-7.941854379466858904e-03
-3.731068944454983272e-01
2.335440269021472337e-01
-1.554216304776870859e-02
-8.296438093483367027e-01
-5.075091386655541381e-01
1.076159078467843200e-01
-7.530307819892104737e-01
4.884635848016628812e-02
-3.305522535498043313e-01
2.457720988974408383e-01
1.384415191553336200e-01
-2.181932560579532554e-01
4.850606826677589245e-01
-2.938336217264485573e-01
8.520710968583955491e-01
2.059841610392177280e+00
2.359178734834200541e-01
-1.199941485555465093e+00
-6.028228611683537075e-01
-1.863111127591127736e-01
-5.159065202665404914e-01
1.188608499401063168e-01
