-1.016108040439503146e-01
1.011384362976014195e+00
-1.715116626415498780e-01
5.766464701211733157e-01
-5.890869711409461029e-01
5.965248032924637123e-01
9.847074071028917297e-01
-5.823951673712526311e-01
-7.755637113192178633e-01
1.464120120526714031e-01
-8.381895499566895946e-01
2.291489340271487540e-01
-7.625217212042897375e-01
3.889016338758523594e-01
7.530634403775462449e-01
-4.517973660102517219e-02
-1.950339878059862420e-01
-2.897420102169057099e-01
-1.029534321951993237e+00
-1.752393485475716717e-01
7.757584157894050758e-01
7.466356533734023193e-01
4.416572044525721719e-01
-4.862303381301140148e-01
6.161808141019105012e-01
-5.093655608736864515e-01
6.880654334188910370e-01
3.951816922624812323e-02
-5.342930478537886163e-01
-4.034571502547464883e-01
-3.030638509319822926e-01
-1.419551605687045248e-01
7.154339166595458099e-01
6.794056878621382856e-01
9.846584422480794130e-01
7.945524853046945779e-01
5.501943221811125273e-01
7.876167136937861635e-01
9.110057264556198353e-01
8.970024483204325216e-01
-8.500997995470783719e-01
-1.011186160423707570e+00
-1.002423773644362415e+00
9.172191430399020962e-02
5.718816706515970072e-01
-8.920834833538034969e-01
7.001886691795183859e-01
9.656646473119964713e-02
2.361589329061460907e-01
-7.581081411035915929e-01
7.706173838352595729e-01
-1.671501062888414990e-01
-7.779004359618326703e-01
-7.090212321652324956e-01
-2.309350085054125423e-01
-1.949682967949267764e-01
-9.484946874555272300e-02
2.680554885850938707e-01
3.260568257218210975e-01
-1.055634663643784776e+00
6.755855206677898739e-01
-4.079190521481932952e-01
4.743545933093439304e-01
-1.308822586268496124e+00
-6.356467130002527721e-01
-1.404262438083923703e+00
7.181892509029606797e-02
8.425578099087719375e-01
3.981194175280222125e-01
7.128259027830099459e-01
6.639657849137929890e-01
5.328377374647064180e-01
-8.778011952476754143e-01
1.671877959109448752e-01
1.172387803422561658e+00
-7.488315768338631440e-01
3.398488781697303618e-01
-1.678358979294009568e-01
-7.851909057361738942e-02
-1.594589604433132302e-01
1.848675260263400455e-01
8.930140314839698501e-01
2.312639979975545934e-01
-3.504814668900645969e-01
4.819114929304574857e-01
-1.028180005561808441e-01
-1.024737970330952930e+00
1.282078820375590400e+00
-1.003401045396761226e+00
-1.580548573229085818e-01
-1.025181355211066014e+00
8.862705752046554641e-01
7.490922184413862928e-01
-7.431295986737459502e-01
-9.172487488490537189e-01
-1.130103547285708832e+00
3.997068292746622231e-01
-3.132179195134869309e-01
1.044107279829179502e-01
-2.967486462569081107e-01
-8.954691017559700539e-01
-8.169555920228016577e-02
-4.306093602781136953e-01
-6.114485667568571037e-01
-9.091921656646093086e-02
-3.037981952656056972e-01
-6.530520980067540115e-01
-5.677304439748576126e-01
2.044785822382994556e-01
2.410892145541813636e-01
-5.723701664018037150e-01
-3.464280090425376768e-01
-4.325668464837509331e-01
-1.252647116154972928e-01
5.310692411088775433e-01
6.646064218035935278e-01
-8.398970294206440368e-01
-2.075958117274170067e-01
8.270819904467355821e-01
-6.179654622787762452e-01
4.258613571437719347e-01
7.010312508111640195e-01
-1.272138837068310879e+00
8.303595893080388812e-01
-3.791438402745115899e-01
-8.721887941258507082e-01
-2.961744772271592274e-01
-3.710700318708994860e-01
1.139343788301665217e-01
6.673034062651131970e-01
-1.005741225313225184e+00
9.172735662491424691e-01
-2.527002092582407711e-01
3.819044247679082016e-02
-7.760823819055254758e-01
5.021214229339983348e-02
-2.701496194504329762e-01
4.699844536038783049e-02
-1.104360186007005362e+00
8.277418950510662121e-01
7.681568433372756854e-02
-7.796730612357824497e-02
-1.063468606622025581e-02
-1.909498174393460257e-01
-7.097706820924695181e-01
5.622178762225261694e-01
-7.099196002553161966e-01
-5.376357920334112750e-01
-4.915951060069689293e-01
-2.457293336629235991e-01
-1.079521364794091332e+00
7.132948080788275025e-01
-5.755566710072785863e-01
4.852320770649737325e-01
-2.197670872276990262e-01
3.096318897804220538e-01
5.748742616671142364e-02
8.955462138962770602e-02
-4.150882902201953328e-01
-3.362744936717629307e-01
3.933616707222025166e-01
-7.248670898764976445e-02
-2.849315276559568622e-01
-1.171945999019842893e-01
1.172869919893578583e+00
1.059691690002559361e-01
-4.037390141178067715e-01
-2.860008393258124393e-01
1.046562152644984200e+00
-2.973916565872056772e-01
-5.637211156078668628e-01
-5.697410247706684583e-01
5.476474656460741386e-01
5.522355979053954478e-01
-3.460781023374394083e-01
-1.368892428079137025e-01
4.477640701682027435e-01
-5.315651786077199570e-02
1.609347179211428544e-02
8.634061068190021504e-04
1.004907355971721428e+00
-8.569078328222712315e-01
-1.098129236962922528e+00
-3.542431349739150193e-01
2.763170855811243887e-01
-2.281092566320946924e-04
-2.239384148367900840e-01
-8.951969806387687079e-02
1.543588409170911502e-01
-4.220737312521343210e-01
4.171549012633070097e-01
5.595371959152971586e-01
-8.826023580775093080e-01
-4.631064331340323248e-01
8.664629032105434225e-01
-6.180149504081965395e-01
-1.463486153926942535e-01
-1.152222021705157085e+00
9.584808226073472381e-01
8.199309905620493222e-01
-1.079552669744976656e+00
1.093191389381388046e+00
2.908777365172466878e-01
-6.248688418578050019e-01
7.111692540502694282e-01
-1.337047043164552917e+00
5.124795054369397640e-01
-3.445042497800496206e-01
1.472292174414916166e-01
-7.123523993970766188e-01
1.585345274957238038e-02
-7.454638949067686760e-01
4.157620185694949067e-01
-2.151685661321937615e-01
-1.126478033475109219e+00
-6.079749328594502567e-01
-1.049860659274084729e-01
-9.708399632738144991e-01
-3.066622720027247784e-01
4.704112834844219604e-01
-2.313197366010093792e-01
-1.061585366007660847e+00
-7.759696320385404134e-01
9.760678390816165395e-01
-2.403029853709189034e-02
-7.970735916834188473e-01
1.179382015265887151e+00
3.322854977933842324e-01
-2.195460475419588331e-01
-5.094907707558266052e-01
-4.698696196174237394e-01
-7.274627745480645169e-01
-5.664727521801129484e-01
8.410539781329933184e-01
-9.469780701695617031e-01
-3.190649265316065630e-01
-5.242529160588208503e-01
9.696051071305071822e-01
-7.724015980703470285e-01
-7.434453049694715876e-01
1.001536118072732240e+00
6.288016496709666892e-02
6.575084055488500390e-01
8.366442558231236282e-01
5.733016030546739250e-01
8.887082208734046196e-01
5.566468870529398538e-01
7.225998673367680647e-01
-9.969613589632544404e-01
-7.413439384354391093e-01
-2.615774402005460741e-02
-5.978434487713900625e-01
-9.401331881916894506e-01
1.622936921841360569e-01
-4.930929109779122466e-02
6.830032812823850774e-01
1.706825867918537187e-01
-1.244110824611328159e+00
5.518451631508958233e-01
-1.353773098341045866e+00
-7.431730939727011487e-01
7.792894617722676553e-01
-5.569112547460626228e-01
-1.489059463531469396e-01
-6.314571199868443951e-01
5.331405787293220788e-01
4.493692307225387317e-02
1.031562748176482192e+00
-5.111099420209637145e-01
-8.859009564239237466e-01
1.052110122921728758e-01
-5.902487261100328730e-01
1.264798638754988547e+00
1.665109536443565297e-01
-7.300341646109422822e-01
-2.651472554170907978e-02
-5.312642033360953642e-01
5.343933404740340565e-02
9.436406252083935353e-01
-1.976630655838930439e-01
-7.676979538682109361e-01
1.052191416219724118e+00
3.126804079140176884e-01
1.367919011534109108e+00
-1.366555708697859972e-01
-4.845169122092716218e-01
-1.595971041960426995e-01
6.471860309107965725e-02
-4.448848559075238018e-01
-2.347328282242800712e-01
-5.382439195878907512e-02
5.976302917596090780e-02
-3.028183405520247784e-01
-7.293415277161262311e-02
3.794115876149128930e-01
-1.725127037348592463e-01
5.235034276094742145e-01
6.803840777644452886e-02
-9.473146563595226111e-01
-1.120857686595392533e+00
8.916901007115858313e-01
-1.279990513843661804e+00
-5.211558919574116322e-01
-2.842319728109202193e-02
9.844877915795369194e-01
4.851283138956926644e-01
1.376040308722847216e+00
2.350805063927320637e-01
6.447775900744037170e-01
-2.788742707149483024e-01
1.802293669967542367e-01
-1.974242602452819795e-01
8.289646216111283827e-01
1.513442619053873561e-01
-6.361169308754375251e-01
5.911090065285116157e-01
-5.864295018307803531e-01
8.761209554596512961e-01
4.495890237425986813e-01
-2.209283491923997866e-01
7.279611536050990539e-01
7.904803611207578129e-01
-4.750207603516333199e-01
4.932839782230079573e-01
-6.408321277401404226e-01
-1.859999569759046567e-01
5.691333801215512356e-01
-6.009226517364425479e-01
-7.972153074771218262e-02
1.720831134276423757e-02
4.909206784861225303e-01
1.334506231507194829e-01
-4.351949280982083113e-01
-1.063141751926472089e+00
1.017339950959385009e+00
-6.249082245428498883e-01
2.714193619440599670e-01
2.693808573612215818e-01
1.483991804523162150e+00
1.035665706342223935e-01
7.605102657227186258e-02
6.728425868349541261e-01
3.135735484642096504e-01
1.635448371455679784e+00
-4.534814128939634870e-01
-6.745879514357851214e-03
-3.814613017472802126e-01
-3.958555873946676962e-01
1.208985774640984889e+00
-5.383439688186368866e-01
-3.468989079505948037e-01
-7.090969781741088274e-02
1.070195399565403438e+00
-1.297153911146948224e-01
4.231296378906022199e-02
-1.421129497667869557e-02
1.352710844270305912e-01
7.089435194055895284e-01
9.237686082739000604e-01
1.107308775399725276e+00
1.043608320496197228e+00
1.167058515834538568e+00
7.315944625539183566e-01
-9.344336103108805691e-01
1.547435211471296923e-01
9.031027612351878453e-01
2.661015896939702419e-01
-1.298330530677709593e-01
-1.957229328971741567e-01
