2.015184520057098805e+00
-2.315021383408963629e-01
-1.186770602237712247e+00
3.367677695598167431e-01
-6.147114683914823852e-01
-4.701531534345642083e-01
9.548262140795511499e-01
3.469891323810724848e-01
2.873711547400848443e-01
-5.754427619043338549e-01
-1.897248287755513574e-01
-2.318449314102456471e-01
7.392402280938596970e-01
1.416531372372318576e-01
-4.571012729942838249e-01
-1.167507143096717381e-01
5.955986798839094654e-01
-1.235404043412755420e-01
-3.863747191766996325e-01
-1.205655589237657754e-01
4.886431556952720023e-01
-7.017903878458252587e-01
-1.705016417770034987e-01
-5.078817453960010608e-02
-1.893295574628845457e-01
9.551428367955681065e-01
8.819176248609590374e-01
-4.200394869427609978e-01
1.644464280968386816e-01
4.209087919429674862e-01
-4.375551825505639703e-01
-5.989315783311366381e-01
4.317529116305104941e-02
9.687726160900294037e-01
-1.794505632498191450e-01
-2.152841567225859953e-01
3.945132355417442227e-01
1.343191119916156584e+00
-1.287751202382484209e-03
-1.416404724760596645e+00
-4.207435777556368661e-01
-4.951187378071072454e-01
-9.856136807028684776e-01
3.861846622758902114e-03
-2.599952261207592596e-01
-2.652317556421817865e-02
-4.043098887311868950e-01
8.062517292419746351e-01
2.621283820557464561e-01
4.288733526722249279e-02
3.192178963497860344e-01
3.669049318138630777e-01
-1.018916520689751692e+00
-2.736787869814069629e-01
-1.431234597094632743e-02
1.639443506231215708e-01
6.852970418879726910e-01
-4.794753047497725129e-01
3.457475763774044836e-02
-1.247225387821263132e+00
3.512895904996513607e-01
-9.048907021503543868e-01
1.686226783099542548e-03
9.129223223053217068e-03
-5.855355347209891814e-01
-2.532033851201783703e-01
2.651301931472359319e-02
-1.755000606973229349e-01
-6.544643045422605943e-03
5.216587393978606296e-02
-3.229149091980454411e-01
4.371556218016607598e-02
1.040938598692833006e+00
4.668177306650510561e-01
1.100894990282697272e-01
-1.262993759734390709e-01
-6.563694008249508771e-01
2.160996660921203349e-01
-5.338848996392687729e-01
-7.999489473245791071e-01
2.464420795235611472e-01
-4.897993643372029915e+00
4.218540210559108550e-01
-6.605939981221927715e-01
3.726433105643545129e-02
4.356439645925908044e-01
-5.708499790799306250e-01
-2.144505435697821039e+00
7.160246019131352724e-02
-8.605334164847200373e-01
-1.667051952148653093e+00
-3.874872304984347537e-01
3.350588197367599275e+00
-3.455738777129158112e-02
-1.286638538056742220e+00
8.457953566993686723e-02
-1.558053920102218992e+00
-5.660328456667466229e-02
3.612721605222621313e-02
-5.913953920535348907e-03
7.798307624605513855e-01
1.137221260902811393e+00
-1.117776363150418395e-01
1.122510067499197683e+00
-9.330384370120067272e-01
1.274581443688974636e+00
-3.705848306565280859e-01
2.796885450354988922e-01
-1.140198567911742344e+00
-5.689325686164807827e-01
-1.577720132968391420e+00
6.721038261114605783e-01
-5.333097359242379154e-01
7.117274008618180714e-01
1.154761917081858158e+00
-2.498572051682003137e-01
9.628313760402037458e-01
-9.221987503228414040e-02
-1.249430305843711730e-01
1.081574870229828345e-01
1.408127068566625617e+00
-3.972294539910375955e-02
-6.247524791758081175e-01
5.076904395130834580e-01
1.958972436028485753e-01
3.933898517369841530e-01
-3.099784277956149081e-01
-7.443613990913330869e-02
-5.186423841877563223e-03
-1.522343874709762401e+00
-1.366912302738670926e+00
-4.815973419680300016e-01
6.482714706094732104e-01
2.905161537521877335e+00
4.320182633249056159e-01
-4.715120987741156511e-01
-9.379574668020673744e-01
-7.408886185166055349e-02
-6.979221605445269372e-01
2.928696598427890652e-01
-3.831288861852464867e-01
-3.097502422778362074e-01
-4.400453625985588091e-01
2.711179819982963424e-01
-6.062556506676568535e-01
5.295933701601233945e-02
5.014424930943290892e-01
5.280301195500688438e-01
-5.052150251327165720e-02
1.540110611879530189e-01
-1.959315743381514208e-01
-2.204155127395550640e+00
6.726100189987624933e-01
-7.590783160585248268e-01
4.330865707302798961e-01
-6.993031266316781513e-01
-9.272039924366808350e-01
7.957901097262840007e-03
-2.441464219051165396e-01
-3.114188916141492069e-01
1.605076473722122365e-01
7.647755611461368730e-01
-2.962874237453814730e-01
1.018057785808846871e+00
-3.400526743189025702e-01
-7.725823229614021681e-01
-2.081030571798496154e-01
-5.410527109623998188e-01
-5.344224518307606475e-01
-2.448348722005394829e-01
2.393093540025152677e-01
4.645418853060544473e-01
-1.185736097711016096e-01
-1.335929190009496614e-01
-2.583698658908722967e-01
1.176427868878643923e-01
-9.745564430632391861e-01
9.371425328965425905e-01
-6.281718207161464118e-01
-7.304160603108250660e-01
5.042695481446115569e-01
-1.245749940744626527e-01
1.250485621602108077e+00
-5.460361013446876077e-01
-1.068372697282544470e+00
-9.482178189245622502e-01
-4.745149500449634683e-01
1.165207964262824358e+00
-6.963449872588487466e-01
-1.364624801468490745e+00
-2.158429122909538145e-01
-6.516906609450920929e-01
-3.637543901164088656e-01
-3.380255282348920698e-01
8.085433128057208096e-02
6.410798634418939379e-01
4.432274359800797980e-01
-1.809098069753087290e-01
-9.971320565247966394e-01
-5.051482686655052179e-01
9.420282609114185579e-01
3.814242540454410579e-01
3.694442588936341920e-01
-4.862238987568292398e-02
-3.808791146840262987e-01
2.165661963834470072e+00
7.987395233405678030e-02
9.203882611846997408e-01
-1.114571017454599744e-01
-8.384186660137070701e-01
2.188548279420224618e-01
6.549102728112600191e-01
-7.151812830992962389e-02
2.685195241168248370e-01
4.652366586822307970e-01
-1.133530741924511531e+00
-2.553932076228584425e-01
-1.480499672335919281e-02
-4.251263352438247600e-01
-5.144601875604855046e-01
1.819488986218312121e+00
1.462853179750850385e+00
-1.053808929972330333e+00
1.115957066348608473e-01
2.399413910321810395e-01
3.410260430262759268e-01
8.032377307912540454e-01
4.681650470788690788e-01
7.063960152234698420e-01
2.611061563881391656e-01
2.140378030619072280e-01
-3.743855115333849515e-02
5.495511075798598100e-01
8.469347727132911507e-02
2.283240571208472680e+00
1.736505819485645974e+00
-9.244039322464995267e-01
2.365238526151980381e-01
6.085059566027064548e-01
1.158287565400220875e-01
2.316719246320479153e-01
4.649644991559358925e-02
3.598055549459638902e-01
1.086326146814711402e+00
-4.415972777157343709e-01
-3.099627309866350156e-01
-9.044505243857529075e-01
6.632114097687694665e-01
5.196995162626015796e-01
-2.731756341285276890e-02
-6.471193421242591448e-01
6.591475693996804441e-01
6.476909701574060652e-01
6.209553974019520473e-01
7.498307321749032583e-01
-1.746019638991044842e-02
6.897654950317942957e-01
-2.453370456450748804e+00
5.295998357919984301e-02
-4.672286880980809354e-01
1.116265130789641236e-01
1.595614962219726873e-01
6.846808113498837889e-01
-4.427282026687581196e-01
6.225507273580854761e-02
