6.954179881721571643e-01
-3.644048482955447588e-02
-7.990929895657530313e-01
3.585946358842412307e-01
-5.968899112164798293e-01
-9.784952800076950341e-01
-1.467758969454538709e-01
4.444905334630850913e-01
1.324290489863896969e+00
1.049685599220123944e+00
8.758552828241999988e-01
-1.236064078891627505e+00
-5.574916338162844154e-01
4.105364258865851212e-01
-1.190547360647600250e-01
1.221784743992931244e+00
1.598380494396453577e-02
9.655937560129119746e-01
3.759722642492729916e-01
1.000805964741954268e+00
-7.853393206867687049e-01
6.693313321884500899e-01
-1.925159168839237211e-01
-6.618015762318807393e-01
-5.103257879114979634e-01
9.481554985020077542e-01
9.316344706243884222e-01
-1.540500330290949793e-01
-5.956015953710241950e-01
-1.935342972215618795e+00
-1.179008112725643542e-03
-2.293196511151829764e+00
3.354383657322262402e-01
5.380385070131099567e-01
4.541317049086801005e-01
-8.581665660190641587e-01
1.148109104239646711e-01
8.428041619532495865e-01
-4.533149541157080464e-01
4.419111827220299493e-01
-1.022090402885247551e+00
-1.588862433274496611e-01
1.349306509665798792e+00
-1.335349254680819220e+00
-1.288854862098457010e+00
1.129723049741018004e+00
-4.389036309717227469e-01
6.777078143537955679e-01
3.708736994181232594e-01
-5.572274650579531752e-01
-1.419817479655553605e+00
3.771974852129117428e-01
-8.405204889446540317e-01
-1.556629439729061426e-01
-2.298362787118612527e+00
-1.084292496080443646e+00
2.470008395923895678e-02
-2.893964640664734578e-01
3.434595447623421949e-01
-5.130340693886827896e-01
-1.577807959524763159e+00
-5.620578937165950917e-01
-2.041465405836149771e-01
3.053851984680681753e+00
2.828974305346709794e-01
-7.996653722673445763e-01
5.164887898436248959e-01
1.383914434514236680e+00
-3.081141281382426822e+00
-8.297971885179213913e-01
-5.278837291417531885e-01
-1.244839437030313523e+00
1.630102243893439384e+00
-1.566229517355729906e+00
9.653620330051266851e-01
-3.679875370386619382e-01
-2.347916178344512939e-01
6.879541251656233758e-01
-2.149179158974722892e+00
-2.517020842140242909e+00
5.504380267963112638e-01
8.756553828862072564e-01
-7.018717992283031171e-01
2.474968990939450664e-01
7.203675587520672607e-01
-4.596631120049736730e-01
1.280665338169122869e+00
-6.946484302180258030e-01
9.006543833807501009e-01
7.410139460008666745e-01
-1.060194846880659902e-01
1.774813096691527647e+00
-4.075324301396873183e-01
9.666826808864273923e-01
1.259373089957182557e-01
-1.148753123961056444e+00
-8.883730590139384820e-01
-3.820885607763638836e-01
-2.762345556517746270e-01
1.078932761270093188e+00
-5.137930652841335988e-01
7.694276636583665674e-01
-1.839163674832974715e+00
-1.245575346770984693e+00
1.113734474480747139e+00
1.008942945339130759e+00
1.696413619389533611e+00
-1.004350702624887903e+00
1.289903461452557520e+00
1.827394055921668148e+00
-1.703623939030216139e+00
8.277094236531290505e-01
-9.843897565691130946e-01
6.615089226705113123e-01
9.299721906544937688e-01
8.133876214038889829e-01
-1.447097619446852113e-01
-3.273913101341749954e-01
1.717119126609342183e-01
3.993623790276347452e-02
-7.917316645174524714e-01
9.817428547947004702e-02
-2.409981047358001893e-01
-9.219968500790739485e-01
-1.382775798060984940e+00
1.579122067637941662e-01
7.192760796500097253e-01
-1.204940903395228968e+00
-1.241222268854247912e-01
-1.725386201052544477e-01
6.277394479756038814e-01
-3.006117639734046110e-01
1.568139172613148391e+00
6.691672204007207414e-01
-1.371802739420187711e+00
3.034971943898634450e-01
-6.633400957964072919e-01
-9.881038622859463771e-01
-1.702736158164761537e+00
4.457329004725931743e-01
-4.920177133976301187e-01
1.925964610060146187e+00
-8.844147847521125483e-01
1.323558415437320335e+00
3.451957704574880326e-02
8.824964518727310692e-01
-1.333629919324001989e+00
-6.691332646769782011e-01
7.366532088982730153e-02
5.690656737873232007e-01
1.039303528309812319e-01
5.771512715900902757e-01
-1.368846109424854685e-01
-8.559440019820776513e-01
1.180415045699775511e+00
-1.062036144514171498e+00
-1.390480200236828612e+00
-1.246006462926421143e+00
2.358121156542750119e-01
1.821259654649619864e-01
-6.921262066996515250e-01
1.321322308858883687e+00
-7.946575169683307571e-01
-3.398962730285772227e-01
4.455251623208596468e-01
3.290458879047832852e-01
1.629551369410959349e+00
1.293436806650118065e+00
1.641886780385926725e+00
-8.021278266819512059e-02
-1.328336687166653540e+00
4.819143517142827626e-01
-1.018602944277466005e+00
4.340838550769043902e-01
-1.030517536743315254e+00
-1.311484165664473567e+00
-5.925146025018432905e-01
-2.966591374018114902e-01
1.904889425078192533e-01
-9.068022025309211420e-01
-3.190153866755974787e-01
-1.748724432392696482e+00
-1.341016843873954700e+00
-5.539763261345871381e-01
-9.831085936596432040e-01
-1.701725188003737899e-01
-1.064891346003945305e+00
-9.538917231032657540e-01
-1.268195498122975495e+00
8.621255606933163618e-01
3.759397189222500879e-01
-1.445386585327431250e+00
2.261735969922235023e-02
-5.128658912101468070e-01
-1.193569356222443367e-01
1.423488517135261366e+00
-7.477502661228906389e-01
1.072941854023559349e+00
-3.192412149065674276e-01
1.120524186784099818e+00
-6.242101526746628437e-01
-1.487763868970640502e+00
-4.210564641491462701e-02
1.342456522427668553e-01
-2.015678638041433768e-01
-1.144465914358473224e+00
-8.738266461269463825e-01
-1.216649004201292072e+00
-7.281120037868962225e-01
-6.075456929768815462e-01
-6.469230372410316177e-01
9.574996398864922542e-02
-1.149028800964873476e+00
-1.197799778811469595e+00
-6.830521128936084541e-01
3.863890563664268418e-01
2.502252630334211858e-01
-6.541212002360238253e-01
-6.147538859944363665e-01
1.119667710714090880e+00
2.573754826052284672e-01
4.731569920983137445e-01
2.991273522373709692e-01
-1.222032199898342997e+00
-2.340507144065874012e+00
1.494706166764706134e+00
6.820923426633543896e-01
-5.260587801640440597e-01
1.849205594969384858e+00
6.054022483932340881e-01
-3.001279747457380465e-01
-2.504034276175250429e-01
2.189789528613475533e-02
1.059643373855139181e+00
-1.428737611974344457e+00
2.406388653564058289e-01
1.996215855265394412e-01
-1.510426205413964773e+00
3.173510693350053979e-02
1.442601115975556403e-01
-4.054399272297734558e-01
1.236374493859601742e+00
-2.103984742179139111e+00
-1.051465109026079370e+00
1.886000483948883921e-02
2.144824599524874920e+00
-8.531161473682492558e-01
-2.649335517268792128e-01
-1.031483179399389272e+00
1.334635338971716267e+00
-4.918349458308426958e-01
1.781183536510783982e+00
-4.868515635851679013e-01
1.373369057418383221e+00
-1.052994391683818920e+00
4.765918956840707599e-02
-1.980895338241330350e+00
1.562832724071048895e+00
1.958337122529173913e+00
8.873925494328721575e-03
-9.092686332518981063e-01
3.914088494683397035e-01
1.829097389370681004e+00
1.659246400982125613e-01
-1.212168834786809146e+00
-3.386094629407695455e-01
4.617381583129234190e-01
3.191585118888632389e-01
-8.393302968326947777e-01
-3.198842798246809283e-02
-1.391275409630932325e+00
-1.376094402078593903e+00
-1.791139233499510874e+00
-8.335596780719981558e-01
-9.533893754723640201e-01
3.810566514780225345e-01
-1.867368186360487847e+00
3.890111224057757333e-01
9.490842737031569554e-01
-5.503843539048768330e-01
-1.301418666422592629e+00
-7.023818721244678986e-01
1.155423390221430147e+00
1.740017723921561121e-01
-3.734110676682209640e-01
1.928690317096741103e+00
-7.537596106736871304e-01
-3.322361856992704365e-01
6.737795271251496576e-01
-7.460850897686974736e-01
8.678329176842609627e-01
1.125574459079141804e-01
3.943773077989928266e-01
1.312514328807601105e+00
-6.932829123355577217e-01
6.447277503370258955e-01
-6.697567655661502695e-01
1.237523158925878164e+00
-1.489079155175548896e-01
-8.461284600250322530e-02
-1.865457376912816212e+00
1.943292663114447372e+00
7.369111300760224914e-01
-3.393219887469240970e-01
1.657200456086651286e-01
-1.611636133779524860e+00
-1.870275533473886309e-01
-8.552950202031371907e-01
7.421117083431671979e-01
-1.642975961895752457e+00
2.384065604416278905e-01
6.256466783410924437e-01
8.648562802075081546e-01
1.026645050586207253e+00
9.074841712570357044e-02
-1.583002878904418154e-01
1.149100713199747492e+00
1.343190764632834489e+00
1.440066320875411643e-01
-2.234654786283074568e+00
8.768210698061777997e-01
-4.476811228516643926e-01
7.195528858952618401e-02
-8.395871179212009983e-01
-1.188410557120293642e+00
-3.934196912801077861e-01
-4.859551835451458857e-02
6.322444814541280378e-01
1.520526979564433834e+00
-3.720870845104399249e-01
-1.937003096058088181e+00
1.074050921469211994e+00
-7.765098374499075362e-01
-5.866696492699573495e-01
3.184943657833834152e-01
6.310488138481108455e-01
3.037071019311148867e-01
8.686535285616536761e-01
1.607864817429199567e-01
5.518143113221645191e-01
6.323354222687812554e-01
7.284023772675840558e-02
1.919225465738440883e+00
5.445488027789113783e-01
-2.611635654177526078e+00
-3.922629517621803452e-01
1.838067322623712974e+00
-6.470926795168148171e-01
-3.713341794188897427e-01
-2.599882610802852212e-01
2.328522330454202427e-01
-8.934986418828452237e-01
3.281483124174820465e-01
6.241723607817444286e-01
-6.817052977682865889e-01
1.031089410726570454e+00
-4.182615957416295771e-01
4.395058947571856001e-02
-1.571240704683188882e-01
-9.655463252510569916e-01
-2.062271175436248272e-01
-8.806954183393833624e-01
5.012572757873763329e-01
2.235701651552073899e-01
3.327008274682689004e-01
-1.449041222938217466e+00
-1.394329954177026876e+00
7.596999549419861664e-01
1.678862451269357847e-01
