6.007338753654416497e-01
-4.101546528093821808e-01
-3.404837858603012024e-01
8.499766032873471433e-01
5.482564339544583332e-01
-5.130491485521828654e-01
8.080107692725659874e-01
5.819911319175172792e-01
-3.025085594173033965e-02
-6.112115366092855107e-01
-1.605924521929698312e-01
5.584901239878084511e-02
-6.338091668188603478e-01
-2.927219696325034648e-01
-6.462206761963977808e-01
-5.032325377364541552e-01
1.062697870118791021e+00
-7.696837275610176610e-01
2.092382856761498267e-01
-3.071444560765912435e-02
6.140226342277994576e-01
-2.385819278477794292e-01
-7.427521308595886884e-01
-9.482445903666505416e-01
-6.378796746284052244e-01
7.077884060177689340e-01
7.091437285432752313e-01
-6.778866429733312327e-01
-1.122279704907331643e+00
-7.542839370158723744e-01
-3.956324198511405599e-01
8.889224361734027191e-01
-1.030932393310677764e+00
2.497082444305701032e-01
3.212386002373585070e-01
6.880238848678903452e-01
6.645010235500132811e-01
5.139999838625859407e-01
-7.869588778292740949e-01
9.684269822838539321e-01
-3.212313325614164494e-01
2.481327118861257480e-02
7.740660358033697452e-01
-2.022588933484376628e-01
-2.988721970123867644e-01
7.065421605875932265e-02
8.826764071567532177e-01
-8.039855521040092379e-01
5.453951101469016738e-01
-4.038223434043498594e-01
-6.269536129632964361e-01
4.401696926771516694e-01
-3.162728393839502883e-01
6.895738875803297807e-01
9.034219898865970544e-01
-1.013810680598702385e-01
4.941551081444756632e-01
-2.350016583219025068e-03
-6.258554774601575721e-01
-9.538090452267685704e-01
1.132529729486096703e-01
-3.024075778944158577e-01
-7.578733694793828857e-01
6.255854168544241478e-01
3.669200079245427126e-01
-9.646945292422131057e-01
3.008863535221536489e-01
-4.986620390723663920e-01
-9.044344971835494018e-01
4.376200615764444524e-01
-1.018844747459578981e+00
-6.034719434163867691e-01
3.797805541708296762e-01
-7.493134504501379745e-01
6.370715795224829447e-01
1.870308392724943092e-01
3.156847385413756868e-01
5.306692003341680897e-01
8.225189450607250929e-02
1.064119758228687651e-01
-3.076952207220058355e-01
-2.187176759776786605e-01
7.461861945716278255e-01
7.931112804934512539e-01
9.577600816716083099e-01
7.912715596977279997e-01
-9.526531857682194460e-01
-3.493128017920024142e-01
5.927208234701154543e-01
5.820062796940213001e-01
3.725470928105155122e-01
7.176795980472847614e-01
-7.537652230461089342e-01
-5.130941606286805179e-01
-3.298685074957713459e-01
7.458570504587154204e-01
5.911257133881475667e-02
5.087136352365989600e-01
-7.044624193254584998e-01
-9.727479186569498726e-01
7.248931685028966454e-01
1.064306646035630077e+00
-7.988246754375847303e-01
-1.853098705276193942e-02
6.714924811697221552e-01
3.052158890305613492e-01
3.061616506644366797e-01
-3.029565175683606726e-01
-8.774869584750628615e-01
1.478722679434835152e-01
-4.353741494344660207e-02
-4.814799399641438993e-01
3.940321946199885628e-01
3.758005523016021976e-01
-7.562433815048233976e-01
8.326120769399274479e-01
2.197830964218112360e-01
2.155074017792867336e-01
-5.230625521569773340e-02
-2.927583742680300305e-01
9.014602353902338994e-01
-7.194917333360568712e-01
-1.250174112725278008e-01
1.020718883646031916e+00
-3.154967443639711266e-01
-3.098413425927448728e-01
-5.866836934916433988e-01
-3.537610889990450147e-02
-9.950081770200135400e-01
-8.663349412780618763e-01
6.956776014508071482e-01
-8.516357328366815915e-01
-6.230536274854008294e-01
7.751337579928958554e-01
-3.181680306692744598e-01
5.776490443717998691e-01
-7.494578337786959032e-01
-7.211579004851049746e-01
9.901772766682594984e-01
1.060229774375232026e-01
-1.200482066363040001e-01
-1.153692467285254430e-01
-1.073258733502212792e+00
6.956912538677795244e-01
-4.639196140248058597e-01
1.633028738230959953e-01
2.824842325198698156e-01
7.201598377491700287e-01
-3.981148017314475318e-01
-9.204270881000570226e-02
4.655279394691204664e-01
-5.832673838178756842e-01
3.384399117398164125e-01
-3.808781025039395529e-01
1.661199236816932601e-01
-3.745212143090516088e-01
-3.998344452041452390e-01
2.441074856938472704e-01
5.694201870389103970e-02
1.199520592281029530e-01
6.158214674038309244e-01
-4.537297660024980916e-01
5.734095789612185801e-01
-2.534555749139600356e-01
-5.994704564164454741e-01
1.083275000610504080e-01
-7.006109863190860265e-01
4.582755554932055331e-01
-3.263509519746463083e-02
-5.937380800623059951e-01
1.237961751012018191e-01
8.041249362971094605e-01
3.779248728656487422e-01
3.602579052988102437e-01
2.735251018439995851e-01
5.797364305353746028e-01
-8.683666604497225494e-01
-2.292092462746142534e-01
-9.465878220804555543e-01
-5.783700801123895507e-01
-8.792618461564865040e-01
8.267755528932969888e-02
-3.924638030896313023e-02
4.519679784270585476e-01
6.502511198500072753e-01
-5.343134116384838928e-01
1.034999108391966516e+00
-3.947784170110723023e-01
9.667168723500882965e-01
6.585700913508996113e-01
-9.370504993518871673e-02
-9.885467899232539546e-01
-2.835098396092708417e-01
6.742771848590736194e-01
3.950458367179779939e-01
-2.712935833889791593e-02
8.617291259024505434e-01
-2.143295325679018815e-01
-1.705145740411844468e-01
4.860627827164651915e-01
7.015227834290124198e-01
6.499421952918983392e-01
-1.062766017843442823e+00
2.174478598924448058e-02
5.188007980234525807e-01
3.587001113858125367e-01
-4.845769663392712756e-01
-6.782141585197720701e-01
7.472554105299639149e-01
-2.311887875375706891e-01
8.212189049222557991e-01
9.893776689231095212e-01
-7.190747299573353457e-01
7.914411880535842103e-01
8.007820572924002622e-01
-8.075166586508982780e-01
-9.282911198005725506e-01
1.194453721474812158e-01
5.874802333807962462e-01
8.440187266286098833e-01
-6.280152806120163911e-01
8.870318175631817237e-01
7.878317968093755397e-01
-3.871598299057645298e-01
8.529467627027893517e-01
8.099677133430720488e-01
-5.641204319212564933e-01
2.326767940283235858e-01
-7.031423846036308906e-03
-3.782448411576426195e-01
8.839412590115905966e-01
7.371231637702680972e-01
7.644559041718880232e-01
2.358488792333650608e-01
6.763133058242150053e-01
-7.774614340319108141e-01
9.689243780847345278e-03
5.978804717385372697e-02
-2.196712295632015921e-01
9.594808994996484319e-01
-8.021730242788870369e-01
6.996435496029663748e-01
3.287329134505740935e-01
-9.555964934605633010e-01
-4.887702231734339375e-01
-9.668516854033406549e-01
-7.477657044877339398e-01
3.071717627085495117e-01
-1.759042165457556095e-01
1.144562579087039955e+00
6.776328157344921888e-01
-5.892445487327893083e-01
7.744162718071396778e-01
5.312901264876321861e-01
2.362895031066952756e-01
8.429923859581657242e-01
-6.381265062256049614e-01
2.872418761124528319e-01
-8.621974242957221035e-01
-1.999725802713842038e-01
9.055437309236845644e-01
3.176046439041420311e-02
5.918006453066174677e-01
8.145232874909650311e-01
2.775791072077848365e-01
