7.698422937770558194e-01
1.251205585852026347e+00
5.610001202183667601e-01
5.439899633553814118e-01
5.635657944936892094e-02
1.782756724706841434e+00
1.172174066960194105e+00
8.130515300628388120e-02
5.974397126800596869e-01
-6.616517360446345641e-01
1.058830554155406833e+00
1.126887664884854257e+00
-8.167350272460583982e-01
-8.215048944787488594e-01
-1.996932739687709457e+00
4.917291744263566078e-01
4.292039197368343467e-02
1.374319826233214137e+00
-2.942383466655245527e+00
6.970871319929586307e-02
-2.227816278280329687e+00
-1.135987712428174756e+00
-3.336813026885256384e-01
-1.974962909967663771e+00
-2.664990477448013206e-01
-1.288508666953977477e-01
-7.575494474293973379e-01
-1.258606463684195931e-01
-1.799878945233393424e+00
-7.327130171315514584e-01
1.546099470166242273e+00
5.620066918707555120e-02
1.264445418489905215e+00
-2.409921793621845332e+00
-1.233307451842980962e+00
-9.987036247025233848e-01
1.282882969559017816e+00
-6.992908412735188151e-01
-5.456254875665441650e-01
7.970547278337236641e-03
7.919816484698378733e-01
1.957176045950482557e+00
-3.194034842129742202e+00
1.227269269747988945e-01
3.044636801259333891e-01
-9.905212033110646352e-01
1.538567807868106985e-01
3.266109425559541091e+00
1.411487821168437851e-01
-7.362552791871300739e-01
-6.394394019968078213e-01
-8.942245237987823947e-02
2.055230532345312944e-01
3.386066813142941445e+00
-4.786423632048358856e-02
-1.323496587102800381e+00
-5.232046493948677046e+00
6.512152785581157843e-01
4.186673395150186106e-01
-2.402746744813932245e-01
-5.474479189397254419e-01
1.586292111199538724e+00
2.504385228958219689e-02
-6.010597705022766579e-01
-3.325800956912956519e-01
1.713431586736424039e+00
-2.516602619712503763e+00
8.403362771448797952e-01
-8.506129059846041507e-01
2.042784147762420233e+00
-1.041329576613829966e+00
-1.266161282341181415e+00
-6.678490808510662013e-01
-8.419026510429513666e-01
-7.070867720560964909e-01
-3.228113287446944812e-01
1.549615299395444845e-01
-2.980779717163238862e-01
7.915797621307704701e-02
1.090088900140827155e+00
-6.485549059758875801e-02
-5.463020889479570652e-01
8.384674242105644160e-01
3.054271115532791736e-01
-1.395161882544364573e+00
3.236200780922660059e-01
2.261840490177407403e+00
-8.818905522986245638e-01
1.872625914957128934e-01
1.433390814420107962e+00
7.110379351832106787e-01
-1.724552541333289168e+00
-1.937168625222593477e+00
1.036284319368506512e+00
1.628482671062402298e-01
1.759388103745224974e-01
1.304328990569535662e+00
-2.559992997530018410e-01
4.896563361836220318e-03
2.618724142304595381e-01
-2.800726366552124258e-01
1.891458357672661794e-01
1.172422836539224855e+00
3.558633094427032795e-02
2.550852347452039925e+00
1.266549957809399718e+00
-1.499045555758885762e+00
1.289442518549640315e+00
-3.552040917165839584e-01
2.244050499331762261e+00
-1.884543953343799649e-01
6.410229950684900313e-01
8.199791992755715020e-01
2.008384047619565571e+00
6.207208302133482292e-02
7.221498367902314808e-01
-1.837662225669343674e-01
-9.052897759641025111e-02
-1.068245693863043799e+00
-1.755666274782519132e-04
2.345634817811361461e-01
-2.637651371373996856e+00
3.301215395965401700e-01
9.084918948891722579e-01
2.608190019718064967e+00
4.391610182389175110e-01
8.137464881022634655e-01
6.651183729767604635e-01
1.250014425215407954e+00
4.883269386101830034e-01
2.555221705775357344e-01
1.085377099829742065e+00
5.163660573627714134e-01
1.865523226858215811e+00
-6.402974736088301588e-01
-2.143281144582955378e+00
2.270270179787974740e+00
-1.539268851978824681e+00
-9.029455381673082703e-01
3.373307984864217235e-01
4.448356840947044755e-01
-1.881611526232913167e+00
1.113165037661602685e+00
-1.120330626732364054e+00
-1.276154489767979294e+00
-1.372871831574560719e+00
-7.927339137015346759e-01
-5.510487325200292830e-01
-1.001399489483267402e+00
1.398428897281799532e+00
8.638309287771729350e-01
-1.185645022084639955e+00
-6.440346745706837517e-01
-1.326911527572236515e-01
1.085056516613473132e+00
2.930273325573884979e-01
-4.852484887344798992e-03
-1.199528458866281566e+00
-9.922868897497463259e-01
1.538060747369544679e+00
1.723971568618890782e+00
1.834776237275548283e-02
-4.648534489517961443e-01
-2.842402750669420497e-01
6.322060869863225241e-01
7.635757218801410007e-01
2.915280793701705564e-01
1.469767594456887316e+00
1.155691610171446060e+00
-6.890909042136772467e-01
-2.365932193822675167e-01
2.082246848660698202e+00
8.144073203522274318e-02
6.947017041974181684e-01
8.193854734386090133e-01
2.867219770537110080e+00
1.018713809851235164e+00
-1.323075221716069283e+00
-1.595966424970104214e+00
8.613471867972232188e-01
-1.099325326638263656e+00
-5.762906997675354415e-01
-1.923848316733135277e+00
-4.567351241689397434e-01
-9.811802387331499675e-01
-6.347703022308318621e-01
3.024201788719297901e-01
