-5.883041619962615654e-01
-3.815098350364416746e-02
7.447970217389946468e-01
7.133942355942143876e-02
-6.714693961300690628e-01
-3.876865095261881056e-01
-5.216331099303193053e-01
-4.860383774579254967e-01
6.936175981414405278e-01
-4.645488404092766865e-01
5.117567574495417437e-01
1.320722963590784671e-01
-1.599017419793904438e+00
-2.275199612994057929e+00
-1.508947289012659621e+00
-5.229631908816272379e-01
3.049772784210217844e-02
-7.422052124003845064e-01
8.369526616452365175e-01
-1.278091250265231515e+00
-4.558450044094820575e-01
-8.978696239638088716e-01
-1.718947566370617186e-01
-9.773285185508120976e-02
-5.561668450535748320e-01
3.399023926941651674e-01
-9.100520296323261205e-02
2.996355386269297094e-01
1.082863008246489622e-01
-2.199890519278309975e-01
7.411845624499702190e-01
7.259268962962865945e-01
-8.358987836624813816e-01
7.161789037049901552e-01
3.612842311384682481e-01
-7.674668432858859912e-01
-5.939725363056478358e-01
-9.677118118889732612e-01
-1.064128151378896103e-01
-2.121768932203177416e-02
-6.538038276303770324e-01
4.654818827491999933e-01
3.398680000771012177e-01
-1.030079181744572914e+00
3.146481238701370753e-01
7.108656948411060106e-02
6.380417005957781384e-01
-6.491229206478759117e-01
1.804137767030390416e-01
-2.022269089238662720e-01
2.368132589021579193e+00
4.180744221372441616e-01
-2.001169325982304209e-02
-5.643904254439293666e-01
-8.271232883911741052e-01
2.270075327610263649e-01
1.351351432764048288e-01
3.624198936341270216e-01
7.624585051606651565e-01
1.737560870752287712e-01
-8.380911548306069214e-01
-4.968047384756500984e-01
7.215100014094457670e-01
1.258092787522455902e+00
-9.518537084102626222e-01
1.792563226184805403e-01
-1.012741581295322213e+00
4.874891474290917182e-01
1.470431340109729090e-01
7.973853487185607047e-01
3.938078900065720145e-01
-1.579670551516451749e+00
6.027174813994899683e-02
7.162493980025073093e-01
-1.204342093872691866e+00
-9.300862215647255349e-01
-6.776392309450911533e-01
4.940021541019319340e-01
2.319381814737808134e-01
-5.550660398536853002e-01
-5.379455552691068121e-01
6.220499322795860486e-01
1.269309943581782285e-01
3.742262561862091941e-02
-1.405869273857957458e+00
-8.909401399751915029e-01
-3.106501675358838144e-01
1.417337837473225282e+00
4.669448774080419140e-01
3.611182027268450279e-01
6.032891266018607368e-01
-8.288559774304609107e-01
-1.749495595778158274e-02
2.736363078143974614e-01
2.360655588931596105e-01
9.706043954696265408e-02
-2.898906073077475165e-01
-1.993278343468956493e+00
-9.047460496160877330e-01
-1.203666525504147433e+00
-2.555631213100786336e-01
-2.293096760970389780e-01
7.540127968227670063e-01
3.473623994340467869e-01
-1.440387659625015804e+00
-4.147839041061070486e-01
-3.400477676480755385e-01
-1.717898061257968900e-01
-6.001216540924221299e-01
-4.257375010841774055e-01
-1.528688555459948306e-01
8.037009477569068139e-01
7.788329282116336350e-01
2.993145010413561513e-01
1.744865764276118725e+00
-3.284109201605150963e-02
4.426184563473672950e-01
5.823914313823466138e-01
3.289898370489463542e-01
5.290143807889549077e-01
2.639496258698454945e-01
-1.033627138827203584e+00
-2.658206397202750315e-01
5.815063002715068485e-01
-6.566591651391351370e-01
-1.353395217245749294e+00
8.644756812078433494e-01
1.002143990513737926e+00
-3.370517175452121539e-02
1.036890184218327349e+00
2.915658202732016036e-01
1.395610279511930174e-01
-8.414204867541068555e-01
3.484139620080174971e-01
2.899055819565066541e-02
9.068736895293438849e-02
2.750735416522674948e-01
5.890222060614198618e-01
-2.154267775567556553e-01
5.943887607790081518e-01
7.517793423741860222e-04
4.759506757529583659e-02
1.851560436287510159e-01
-9.300812318447275739e-01
9.032964065277677701e-01
4.808413503141206746e-01
-1.882564263688158990e-01
-6.960984845695252776e-01
3.670053068975283050e-01
9.829192375919232338e-01
5.571120480779954143e-01
-7.806613725365822987e-01
3.263568003514988325e-01
2.238945205136921857e-02
-1.466435663596781236e-01
9.650354180145727101e-01
1.124463138179628396e+00
1.001898621393984695e-01
-1.091319038631719973e+00
6.293760146489917329e-01
-5.972736640215163817e-01
-4.925196975789597476e-01
7.820896579613718647e-01
-1.107337932777044287e+00
7.918552405699039731e-01
-1.061820332240621945e-01
-4.034991502496415583e-01
-3.176902291579781767e-01
-4.673217577258259592e-01
5.822403168546703700e-01
-5.868897385432126912e-01
-1.488315798834068948e+00
-5.796612053737735248e-01
-4.146688786557412021e-02
-7.174609609077238215e-01
7.337531938093452277e-01
8.554194469330370643e-01
-6.690035813753789640e-01
-1.184116262672943787e+00
9.653501753559384779e-01
4.264920219465425100e-01
6.867934422354087243e-01
8.372971432486402410e-01
2.948154394765158393e-01
1.400523149128490186e+00
-2.772409918485982949e-01
-3.635910113363985952e-01
-1.851635610415477640e+00
7.244802432228458766e-01
-4.286381041939030245e-01
-4.360814852267888009e-01
7.240639272520923431e-01
-2.493425071601665377e-01
3.551349292519418999e-01
2.110527878397533974e-01
1.159292479817954635e-01
5.851478575089132939e-01
1.052822676809867103e-01
-1.015992606069325149e-01
1.699915193296013260e+00
-3.371735744806380053e-01
1.481568820928666597e+00
5.081937922972201704e-02
-6.261268630960595827e-01
2.465108189820691409e-01
3.937341353751372952e-01
-6.733026929638084024e-01
1.289007389496646505e+00
-4.644186711289996494e-02
2.955149240292778146e-01
8.130553053708837741e-01
-8.975184220098217924e-01
-6.414757389954673684e-03
6.434028080982221454e-01
9.518715315435019586e-02
5.469894022896037988e-01
-5.137031276045334049e-01
5.019032698838106210e-01
2.547385756114358912e+00
-1.441722124086274537e+00
5.349957108082320500e-01
-8.616097212077492573e-01
1.055845892637873540e+00
7.949210947316167619e-01
-1.743397857753660407e+00
-8.034190454337231113e-01
9.370536053039042468e-01
-1.402623258527816996e-01
-1.521050471854167085e+00
8.027827947080015125e-01
2.689845994191973899e-01
-1.285740274240373404e-01
-2.422576643425196630e-01
-1.578519235438591295e-01
1.231677158071323580e-01
-5.973980076502868886e-02
-5.611893068089868208e-02
-6.416272139611445269e-01
-9.152988448870813531e-01
6.604114907865969997e-01
8.296155161551098667e-01
1.897583621383587271e-01
-4.537181552010697283e-01
-1.177376492475329384e+00
2.600641002107382249e-01
-1.367870501712261433e+00
2.314715742130138698e-01
7.161685825031062214e-01
8.641409391345585833e-01
-5.596355845802889473e-01
-3.414099289895786704e-01
-7.450999009760861380e-01
3.765070324495034537e-01
-1.465228810871048171e-01
7.347530826585870756e-01
-3.625080723317445353e-01
9.237174571901457520e-01
8.128505202924749540e-01
-3.359510832724921237e-01
7.482106804854748994e-01
-2.406670993972442052e-01
9.487284103341167008e-01
-5.097668743980792172e-01
2.011517002272544818e-02
-2.127880084409203842e-01
