-5.482065994174394330e-01
2.816020266466382482e-01
9.335693744081772216e-01
1.188798628100760091e+00
1.009407530496735095e-01
-2.013662840091787198e-01
-5.631256882913592277e-01
-1.420545129155290187e+00
8.961293613916889722e-01
-7.614331327040190223e-01
2.985114947974389921e-01
-7.578128695112505975e-01
3.028039591052715362e+00
1.642669091717978480e+00
4.503857383419145322e-01
2.901447041764072116e-02
2.147731679213816580e+00
-1.002142183033918554e+00
3.072952620132645696e-01
-9.810923557958060037e-01
-1.029756796343164416e+00
-5.770061229047176443e-01
8.461077731634591981e-01
-2.377677279084827733e-02
9.770414532458354673e-01
-6.301121387449161171e-01
-1.851984061665495895e+00
-1.146204485107509274e+00
3.219285347633981664e-01
1.249826655698814681e-01
-1.227309588536950602e-01
-9.028960572476332214e-01
3.670820482339551272e-01
-1.874980382642561283e+00
-1.956339017431254046e+00
-1.904692446358827729e-01
1.130298479709562487e-01
1.055707059576439510e+00
2.525000742443232138e+00
9.252031892850614003e-01
6.685404793868707785e-01
3.993294680778685102e-01
-8.543074863580611689e-02
1.038120016490305941e+00
-1.450815380894630913e+00
4.522015142941631094e-01
-1.398610683153550305e+00
1.700385350447801702e+00
-3.904342610451692064e-01
1.488238674346286095e+00
-5.432679594021663227e-01
-6.652716295044914796e-01
5.016406073016531630e-01
2.270483106381766980e+00
2.491992065162188741e+00
1.546611832352932092e+00
3.272784470285921010e-01
1.680925190472322417e-01
1.715608836885015975e+00
-1.370849581756845126e+00
7.253458178312469640e-01
3.500112800127737622e-01
-1.315897221674917850e+00
1.060988733852180177e+00
-1.731881273081911643e-01
-3.160942105240964195e-01
-3.819915780349026901e-01
-5.708416909629758784e-01
-9.362229358681122271e-01
-1.222799179994378482e+00
-7.019755994741769811e-01
-1.086463868071709360e+00
-2.122819025682295635e+00
-5.084337841929754687e-01
1.454919082410752185e-01
7.511072226528531237e-01
1.385397687905571384e+00
-2.257072871668611425e-01
-9.411809742575569793e-01
1.103712316281503514e-01
1.037585881721256875e+00
8.301226249531907797e-01
2.716030104877830142e-01
4.581707369090022297e-01
-5.769356529372686726e-01
1.087445371376626557e+00
4.563568374295233210e-01
2.013780357192426429e+00
-6.695308071375719594e-01
2.174358112980149027e+00
3.056118891798194070e-01
-9.328142775605967607e-01
1.453479134555601737e+00
2.392466511805458051e-01
4.898775520270031714e-01
8.557939735208652809e-01
-1.074051363316966601e+00
6.904924108660061011e-01
-6.590307488901232802e-02
1.805071214313554440e-01
-5.416867542348707820e-01
-6.125201483848761314e-02
-9.731090347574578026e-01
9.406094354912131195e-01
-6.332215936169740544e-01
1.982629260971422669e+00
-4.219645098944863060e-01
3.599974806989231224e-01
-6.343867562590147502e-01
7.810726217295553830e-01
3.549578889759993361e-01
-1.629999234285901322e+00
4.556188563974634120e-01
-6.265091890100549232e-01
5.024671322665260620e-01
6.028190429748749857e-01
1.010571276763647219e+00
1.550048644074808246e+00
1.011732749677998200e+00
-1.342307869175846546e+00
-5.473490355454593836e-02
2.743290500204185745e-01
-6.394248231014751926e-01
-8.745109020974412006e-01
1.430670863569168061e+00
3.456878591314613280e-01
5.348342792173617077e-01
1.671114706478409095e+00
-6.863589093970871025e-01
-8.430295752591888681e-01
8.142144180678602128e-01
5.474154632567341805e-01
-9.839238809194085222e-01
-9.567989790667201788e-01
-1.938596938557453075e-01
1.990465356412693065e+00
-2.142827260909771603e+00
1.853888729962147153e+00
-1.054218536093735725e+00
1.109194610258477987e+00
-1.052608105271061856e+00
2.108586791850502351e+00
-6.836335946855736090e-01
-2.669445550853092097e+00
-9.943708150556501701e-01
-8.691078675921383168e-01
8.683741339507844437e-01
5.268035820188736729e-01
7.752617976888006579e-01
-6.022934064349074607e-02
-2.836591814822637114e-01
2.284686279585522062e+00
-1.039427900959635664e+00
-9.599731588349430522e-02
-1.407612335837910456e+00
1.390607107367594075e+00
-2.362966036166579409e-01
2.099228733974095373e+00
1.604649545213844508e+00
1.641262024816022125e+00
-8.253576595017733109e-01
2.034719983215759476e-01
-1.582857363662182326e+00
2.428680644195825078e+00
-3.134936143231465411e-01
-2.169792121417574160e-03
-8.104419941254559223e-02
1.002784943318094646e+00
-7.577075779801902833e-01
-2.062863277982622812e-01
3.988642784002744412e-01
1.221303543541970127e+00
-5.140017926180309171e-01
1.580509416964991587e+00
-1.305988843621758377e+00
6.508530790233285623e-02
9.643185305397984353e-01
1.307566526250676819e+00
-1.122759246469512417e-03
-9.726917752167992814e-01
-2.543791975098292468e+00
9.279546618100370514e-01
3.204511458312835348e-01
-1.248872333730208561e+00
-1.001523565917493253e+00
-1.368138935478026008e+00
-3.758042294499818747e-01
6.432571672181334188e-01
-6.262310374017331371e-01
-1.000917326447481326e+00
1.385300468123391804e+00
-1.349971496609259525e+00
-9.436079495910160153e-01
-8.847011275116994922e-01
-1.301581076084542404e-02
-2.369898746759579566e+00
-9.903716642155780958e-01
-1.153325259790881407e+00
-7.151643061784604960e-01
-2.228811284672683746e-01
3.480112704177033556e-01
-1.725402304113355489e+00
-4.702846899034878181e-01
1.107123628130311843e+00
-5.621268410589939091e-01
-4.778490021495946927e-01
1.359804292192350328e+00
2.101587621181912446e+00
9.258667068449006887e-01
1.797625405467838111e-01
3.386293089039382753e-02
-7.701305411176666560e-01
-4.922448369105558164e-01
8.613349775814198583e-01
-4.323011734305841069e-01
7.026961247024832158e-01
-9.977894269299527608e-01
-8.886889189287314750e-01
3.305061048234641530e-01
-9.592594398294003177e-01
-3.052946494098626729e-01
8.494331349558308375e-01
-2.516942340647855492e+00
1.184502582060375397e+00
8.385846350215137024e-02
-9.942786388269775344e-02
-1.299747329181311084e-02
9.175564657053038031e-01
1.741518596912946748e+00
-1.939011151265012556e+00
2.611750044175835672e+00
-2.579958548652064310e-01
-8.155394540781942814e-01
1.446645776205469414e+00
-2.713976853564789682e+00
-1.824485372513428016e+00
7.465506876440942963e-02
-1.882746719561125825e-01
-1.418795948348591462e+00
5.831522140934046750e-01
1.778648106315897093e-02
-2.302625814633038726e+00
-1.016668607742586383e+00
3.760190818797033430e-01
-1.316877062791057262e-01
1.576091161961875042e-01
5.582019959538625509e-01
-6.965354128660108946e-02
-1.811750619059452116e+00
-1.904294654686147004e+00
-2.466508385152978988e-01
-2.208145893012884109e+00
-1.771894580809490805e+00
-1.855967322156431010e+00
-1.364356640110147567e-01
-9.829935000114854438e-01
5.621309831222731646e-01
1.246325485156781321e+00
-4.361815134549325013e-01
6.431177027840390137e-01
-1.756698865487462680e+00
-1.668445245272494049e+00
-5.765263727053311360e-01
-2.084155730138142759e-01
-9.986933703749285574e-01
1.033264924593680467e+00
1.137423851647006101e+00
6.807220581300668094e-01
1.065924439933631618e+00
-5.245945758146778326e-01
-5.512033282112644983e-01
-1.905653752867153550e-02
1.722505853719005220e+00
3.239732781062518163e-01
3.010705507511514112e-01
-1.392919711738168198e+00
5.690385657458656432e-01
-1.427055645694651265e+00
-1.069496637159564001e+00
-6.427466747059329411e-02
-1.543188109066057523e+00
1.257835362487665032e+00
-3.728246012352790517e-01
2.147699123351372474e+00
8.307209809755382313e-02
-1.840730022774177133e-01
-1.060964879475400524e+00
1.210101881826522119e+00
-1.654858012926059274e+00
7.024674295880752872e-01
-6.235793933789771648e-01
-9.582768300391852900e-01
8.849454193709467287e-01
-1.030051947555502556e+00
-8.939918895803607990e-01
-6.401287984262598041e-01
1.840363119987954654e+00
7.835411124284378248e-01
-7.786344765639806598e-01
3.525089006378345324e+00
7.840993714523207536e-02
-9.228340570859780989e-01
1.736522526186124737e-01
4.261593505300402818e-01
-1.116027242018716170e-01
-7.165814824226238722e-01
-1.195368504935080400e+00
-1.958994892032163149e-01
9.962597098461145606e-03
2.952157823850859231e+00
1.966240077090971039e-01
1.306456390868604434e-01
-3.878445080696144132e+00
-1.706356700150072347e+00
-5.330434241405938023e-01
4.928456521214154562e-01
-6.255574311172147350e-01
-8.274884595693933198e-01
2.028312215540188923e-01
-1.283336369429152191e+00
1.755896721909166791e+00
6.228414800697780196e-01
6.274717345232105892e-01
8.861178425923681434e-01
-5.923472859734176810e-01
1.149167157432448294e-01
1.652317173508464632e-01
-1.207338678662841364e-01
7.227682944219454564e-01
-1.251225300110757388e+00
1.690164612807210531e+00
5.228020984023623585e-01
1.614551204230507686e-02
5.220705057854695408e-01
6.104304272795718633e-02
-9.102625506009741629e-01
-1.238415039436447707e+00
-1.130750340446798896e+00
3.469675740631296135e-01
-1.263724311675638035e+00
5.505249847085306181e-01
-8.222818917041321285e-01
2.499814361583855948e+00
1.551651253027809929e+00
-1.573685622650484062e+00
-2.434732875725385270e-01
1.545342947983421089e+00
2.307839668347983597e+00
-6.920267702141322808e-01
9.836899734538179230e-02
2.867368342493070710e+00
3.361259422941610397e-01
-1.038259804545947684e+00
-1.061485011537458417e-01
-1.358770486542463241e+00
-1.583291127237540730e+00
-5.296429326805843774e-01
-1.176115802803202159e+00
-8.066204327442734190e-01
-1.264641075684290072e+00
-1.317682529616733156e+00
2.075671636289138533e+00
1.131987612294426349e+00
-1.035359596192995335e+00
1.056897459716737764e+00
-6.512921057534279967e-01
-1.142855460888803076e+00
-2.567645382972785217e-01
4.358984334285113116e-01
