5.479174659277576964e-01
-2.063691546926550435e-01
5.365057390553982231e-01
-6.303704519067507839e-01
-2.760119800319664751e-01
-8.628678340698581195e-01
-6.024534806427026545e-01
4.926031919679140225e-01
6.903543902976718716e-01
7.358538810606392033e-01
3.256630628983843145e-01
-3.432493176843609550e-01
-6.123209219446268392e-02
8.227611345150769306e-01
3.848496514555803660e-01
4.132687118555968819e-01
6.610869127201786100e-01
-6.847922573513089972e-01
-2.965802932214598453e-01
6.866048269593372222e-01
-6.678351914597855377e-01
-6.229051335032074199e-01
7.434952695465795180e-01
6.819712706964540239e-01
1.258961137469969405e-01
6.291496394422100291e-01
-1.946453195586650420e-01
1.574123422392799121e-01
8.414507672606634792e-01
3.056956611142618296e-01
-8.448571014336756502e-01
8.629113070162337529e-01
1.802447672762541586e-01
-3.588291250017081602e-01
-1.006884699637187186e-01
-5.637865043569454393e-01
-8.573983308465525921e-01
3.336168208060255047e-01
4.536832717974708107e-01
-4.426177802151619323e-02
3.522963719054250653e-02
-7.577720399666327822e-01
-3.240527006753408656e-01
2.363136923038944293e-01
2.195270906948667555e-01
-2.469931446069826286e-01
-1.572095494787295600e-01
-8.224784814667402966e-01
3.385000629998919930e-01
-2.171939895451375779e-01
-8.193493855750757504e-01
-9.226518442166692369e-01
-6.963646500353364299e-01
9.997590515554155566e-02
1.630776017803932110e-01
6.320223155126327708e-01
3.567931608246177611e-02
-5.968626861882988521e-01
5.086755660162680659e-01
-8.167471032554030064e-01
-7.567262039706572629e-01
-3.019334186143075027e-01
-2.919776825176325641e-01
1.237090106437943593e-01
-3.291439646622880133e-01
-1.557263063303182538e-01
1.290108654946708899e-01
2.381638506314252002e-01
6.249744650455786310e-01
-1.108539653334392749e-01
4.961680025473302891e-01
-1.572449052544544479e-02
-8.760081907478332042e-01
5.903990056790968666e-01
-3.743823105688974806e-01
6.534964133336664815e-01
6.522289453622105437e-01
7.538695863802447050e-02
-2.047705794221312825e-01
2.733061710798475041e-01
-6.511639673615117196e-01
8.253221531591885540e-01
-3.688825466810159437e-01
-5.981100022236558456e-01
-5.057076867708760748e-01
-6.956808075342892916e-01
-7.880151435250892789e-02
-9.248223183154040683e-01
-9.324670757804203181e-01
-1.442901917629531017e-01
8.591757588402826329e-01
9.900032083031705676e-01
-8.163843216701602845e-01
3.370352671490106644e-04
-3.750891380292111776e-01
6.828545097727252156e-01
1.061858447790764437e-02
6.944414764769339943e-01
-1.648009075839331761e-01
1.335395838344428654e-01
4.683992646325476628e-01
3.392788451846607822e-01
-8.831422100751211701e-01
9.019127759390317411e-01
-8.817443779442806218e-01
9.934218241249681558e-01
-9.751163352121796635e-01
-1.470514429076311025e+00
7.372516509352533554e-02
-1.675052557830603028e-01
3.060828472815766421e-01
-3.748327537680881671e-01
6.970967692290146178e-02
-8.970875735395940076e-01
4.307291722021082681e-01
-1.131292969700827822e-01
-9.978044346058216885e-01
8.500751216460027404e-01
8.840988452501536976e-01
8.710217695760913426e-01
4.020861385501409840e-02
1.241185407638638605e-01
2.608066742034180763e-01
4.794502559130213726e-01
8.139579643917267404e-01
1.198698371392959539e+00
8.053579814951802862e-02
-2.509705147599976538e-01
-3.350821370676737576e-01
-3.578643876730847051e-01
8.501756835337028750e-01
-8.729187397214241972e-01
2.919329052792205559e-01
-5.892932839240071496e-01
-5.595361611343501185e-01
8.708086519847650919e-01
-3.138790879081422291e-01
-6.858176303404635021e-01
5.858108978961562574e-01
-7.527080346185578419e-01
-2.720032197160778820e-01
7.121065164888413790e-01
6.584308502461277968e-02
5.069021050971500575e-01
7.903451403556664978e-01
-5.328366632783314571e-01
7.326489817308272645e-01
5.627744640862166747e-01
7.210020158648133837e-02
-8.090162245138616814e-01
-1.222566803501023980e-01
5.202119835414745763e-01
-8.981097915217868266e-01
9.580382581232136374e-01
-1.366118851619093633e-01
9.680496057401970500e-01
-4.795715852797970413e-01
-7.838139909694397112e-01
-7.588886290801721834e-02
-3.024888567348116286e-01
6.142354193163237497e-01
2.516508325593318496e-01
1.134209981070541939e-01
-1.164965817693722760e-01
2.514227308843416386e-01
3.371223728161591993e-01
-1.821637057402014648e-03
4.893571980075708261e-01
6.250236661832182516e-01
6.913241956446707359e-01
-1.559863010628140811e+00
-5.938918086228861526e-01
9.346047154400021206e-01
-5.590087406696495620e-01
7.265408023162027717e-01
2.193486963280051605e-01
4.028307024843698070e-01
-2.471259895676332641e-01
-4.527487405990631153e-01
6.549921252488160039e-01
-7.656567471286226390e-01
-7.649062269495567890e-01
-1.112625206941511680e+00
-1.647993681135200283e-01
-4.976417725177706419e-01
6.096240132907273512e-01
6.028551752570623368e-01
8.139102678178911088e-01
-9.858180304815846728e-01
1.322213741346078830e-01
-7.737756887275437645e-01
5.745593083092503939e-02
-7.656787122913832899e-01
3.383383487406448342e-01
4.378033151938713896e-01
3.597541743450425322e-01
9.885871341504337551e-01
-9.968974726264154818e-01
-5.239570257311465529e-01
1.124598970637067374e-01
8.064467745410872634e-01
-5.053571616995495841e-01
-1.202375675628286622e-02
-5.477661993910987182e-01
-6.212116044961630834e-01
-7.249055302259392874e-01
-2.241240642184565424e-01
4.350204750285211475e-01
-6.398591364136441140e-01
-2.157806575238261360e-01
-1.695489910412780743e-01
6.925111283796150374e-01
-6.606327296150664719e-01
4.644322092111758948e-01
-6.609645886880668453e-01
-8.577234925233552243e-01
-4.743895414550560741e-01
4.965834959218891065e-01
-6.421281398630254156e-01
2.610727892725590582e-01
7.775342810471805866e-01
-7.303090629499333630e-01
9.835029765138192381e-01
5.273161637913714728e-02
1.079983969295066348e-01
4.702216928458640144e-01
-5.253377727501831185e-01
-7.549505027759131348e-01
8.712521637432237842e-01
-5.840251843832344747e-01
8.688103681370851206e-01
-3.214785161437512251e-01
4.841593841990520231e-01
2.715681673861515266e-01
5.744676811794973137e-01
1.747316171663504392e-01
5.592939707425141904e-01
-8.828340522331314943e-01
-2.749494678120594227e-01
-1.615637245883596584e-01
-2.466214739058281147e-01
-2.167056404099376721e-02
3.602673492714683068e-01
1.012478021113577764e+00
-3.042247018886934384e-02
-8.262285930237001086e-02
-3.274588261025688229e-01
1.943149007649400684e-01
7.425612739456100009e-02
-6.789781509579460028e-01
-4.879966021257998721e-01
1.545244015184699116e-02
2.301104779087190799e-01
6.883397113109914756e-01
1.503528277951722281e-01
-8.472457964017523491e-01
-9.674312874630932590e-01
1.191601271258167616e+00
-4.862096514860831942e-01
5.554274211177911980e-01
-8.907065892599110857e-01
5.507484450932338405e-01
9.296048327040886683e-01
2.856326830005050388e-01
-1.409082205698427015e-01
