1.694274380794658530e+00
-5.107552480866383027e-01
7.078545437962625586e-01
5.488641919514898326e-01
1.879990472999619300e+00
-1.166200896983617286e+00
4.559215420738130797e-01
-1.279446256783534963e+00
6.397737233017941616e-01
9.497812697757501699e-02
-1.251855629219066568e+00
9.183261800684291987e-02
1.228672452054947462e+00
6.526193153210478881e-01
-3.513215637495514798e-02
-3.876644688561678986e-01
-9.488650710071917516e-01
-2.338155206725261170e-01
1.132157047250977433e+00
-3.065391655269503746e-01
-7.954164557339981068e-01
-5.009535790994270599e-01
-4.867756212120614712e-01
1.015457089074007335e+00
-8.715041627203391483e-01
2.100720281938895373e-01
-6.106902449459283844e-01
-2.116316380641144745e-01
1.212755237890955851e+00
-1.276354253962094232e-01
-1.723773580995212606e-01
1.346460721325530852e-01
6.285083060453949821e-02
2.745754573250521746e-01
-1.765491785292698790e+00
-2.933113785123771411e+00
-6.618680470528954807e-01
-2.113523388745448983e+00
5.670756262451117635e-01
2.564816514262839853e-01
-1.088279449286902123e+00
1.203809490383356051e+00
6.988746964038090592e-01
1.345324302469165234e+00
4.636576670266492339e-01
8.796718188982938225e-02
4.722830173138146126e-01
2.184687326899936277e+00
-9.898435508355412082e-01
-1.185893760927447804e+00
-2.067961640485682651e-01
1.501485644858976620e+00
1.552655751425697783e-01
9.914757693881107725e-01
-1.224797449677382133e+00
-2.225177562920420127e-01
-5.014793631779582705e-01
6.113145163367877943e-02
9.010448458917240666e-01
-1.440892417603744757e+00
-1.045354760600838429e+00
-1.949554053578942403e-01
-1.094700381614999385e+00
-1.747608569903366771e+00
1.474408466360156156e-01
-9.582784083358470983e-01
-3.660975799376851580e-01
-7.892683967779567933e-01
-1.095318418866549237e+00
-2.495208148703374484e-01
-6.437459551421148563e-01
2.118818035378221776e+00
1.388648318561048089e+00
3.733347637116929407e-02
-1.620580819112305004e+00
1.510426709605786177e+00
-3.071709359043457432e-01
1.908419680638980265e-01
1.712674798737101156e+00
7.898075725354762877e-01
-2.970686908565612905e-01
-3.295525624841911805e-01
1.822208937623256642e+00
-6.203855439802659077e-01
-2.513409285773791080e+00
6.087108856416970637e-01
1.121316888579259707e+00
-4.766500845388831897e-01
7.939792925608671892e-01
8.960074634576935537e-01
2.124024784393074017e-01
-5.414507578012597300e-01
-1.453798904470187670e-01
-1.145043390075012546e+00
5.970568572753786052e-01
8.627619252207487932e-01
-1.064706539960609682e-01
6.235122344917700676e-01
5.559406914529525512e-01
-7.594037706218570438e-02
7.361272120923760820e-01
-2.929902879250880776e-01
-8.288358463530459685e-01
-7.489183264014943608e-01
-6.150351269068642379e-01
5.941418714573840631e-01
1.996435708924091945e-01
-8.961774254687229213e-01
-2.281191012404818197e-01
-9.805470368205467802e-01
-6.430819202671620438e-01
-5.374922052053702215e-01
6.822186030943335755e-01
4.725026279186105294e-01
-3.874117421847198539e-01
3.359078533789937038e-01
-8.712057181752211887e-01
3.184921812259809415e-01
1.459190724512454018e+00
2.577413779174780872e-02
-4.382854788346681740e-01
9.665992279215116501e-01
1.026875167415731926e+00
1.278500667562058712e+00
-3.981971663867993616e-01
-6.558019110119013284e-01
7.058804348884252233e-01
6.251844811699540649e-01
-2.995665471917250411e-01
1.197181231724054218e+00
2.293270759162701344e-01
2.690703914023262477e-01
1.814355257550442690e+00
-1.385766419504216529e+00
3.251592356006260953e-01
-3.118907208108139262e-01
-1.132636140068902897e+00
-1.126511967362758271e-01
-1.589867786874310518e+00
8.105632546021028784e-01
-9.482144441256739054e-01
-5.426555726748628627e-01
4.598422038443923388e-01
-7.326269601489979744e-01
2.643997613884199183e-01
-8.549952951519829147e-01
-1.183705757272440984e+00
-3.355176467590306189e-01
4.240640295642782442e-01
1.972421943136554168e-01
5.756499113069887263e-01
-2.474621327024547401e+00
-1.550533542376416385e+00
5.195826103794923823e-01
1.748673644173090125e+00
1.327330166937797484e+00
7.622801123699086689e-01
-9.874620730784992029e-01
-3.134484641739721522e-01
-3.904806080899503318e-01
-8.827157215419458025e-02
-1.571022396528070297e+00
1.088265517843755470e+00
-1.452583115391114232e-01
-1.206319210258942398e+00
-1.360685960124235594e+00
-8.448662895460946620e-01
-4.578269361948927862e-02
-1.110959211010150050e+00
-1.754224432582896842e+00
1.257164967613086048e+00
-1.099592652628596234e-01
-7.732205370160467606e-01
1.107767653097471605e+00
-1.036470479019420354e+00
1.694150812781229254e+00
-1.579601337131007366e+00
-9.774413702994310116e-01
1.718545309320908432e+00
-3.684528462535751614e-01
5.304433652618717465e-01
1.442579188922700206e+00
2.787970236063175289e-01
-3.988681151530162339e-01
-1.385766810452798925e+00
6.748743245620568709e-01
-1.187762806249848424e+00
-8.562919715300755241e-01
-1.119053983260265284e+00
-2.052244937310736539e+00
-1.906147963474563500e+00
7.164262910519217931e-01
-3.167269252435800930e-01
-7.086124459534518527e-01
6.561673914189949386e-01
1.045386226053855117e+00
4.684694810083678274e-02
2.916971267451174965e-01
1.333184564884395185e+00
-1.158276519964171802e+00
3.185903930951533014e-01
1.459806392107320105e+00
1.361028497584412467e+00
-1.963736171597613156e-02
-1.802462409853242686e+00
1.916790405382948093e+00
-1.516950468024087950e+00
-2.797546929221939593e-01
7.651639899392652655e-01
-8.196724518126230485e-01
3.359369328307677538e-01
-1.789471093327207107e+00
5.657865583058468983e-01
9.615730803597994925e-01
8.819172277278413130e-01
-9.738892480239115246e-01
1.715615465552976782e-01
-1.884688256972654630e+00
-1.846120004377853618e+00
2.199093377356000634e-01
1.574392170049594863e+00
-9.984941780674009282e-01
1.559193415681617845e+00
5.089098659657947943e-02
-6.868918183641870012e-01
-6.586282213188779933e-01
-6.333627315423477899e-01
6.595572978545313214e-01
9.786360965318416927e-01
-1.375004932557853499e+00
2.250190639928026926e+00
-2.045018960604814695e-01
7.930765786280876695e-01
1.310928377584128723e+00
6.039243158143206003e-01
2.866860604136829971e-01
-1.037717010668666617e+00
2.578866146048972019e-01
-1.184637910591809007e+00
2.338546719152984066e-01
-8.412099136634879626e-01
-1.284204903002741649e-01
-8.985755915720046172e-01
-2.374175352051548504e+00
-1.365165227970194683e+00
1.191991728807988205e+00
-1.602825689039270252e+00
-2.068509620310531538e+00
-2.310389903780946774e+00
-1.504066463265915088e+00
2.308515235276805411e-01
-7.112436258703281888e-01
-3.598144122729746153e-01
-1.567141598268306790e-01
6.723014772489158686e-01
-6.219743773137543785e-01
-1.496233586192649290e-01
-1.671766178380738044e+00
-3.754464673036034261e-01
-2.429739588425623431e-01
-3.719664254519727820e-01
-9.913088651894898240e-02
5.162689774518057495e-02
1.129026590511953199e+00
-5.041220959801667734e-01
6.435506199402715732e-02
-1.236221256655863243e+00
3.144865952005942988e-02
3.242498709058161399e-02
1.537828887348117457e-01
-5.088660632596747613e-01
2.896662522346867830e-01
1.110094360685131898e+00
-9.707236230185826154e-01
-1.050575486248332080e+00
3.230099563577170652e-01
-7.120236385131889500e-01
2.789582077440699859e-01
-6.907331826885014792e-01
1.656296805590447452e+00
1.473982265969382643e+00
5.479276642062271829e-01
-1.707298800179542220e-01
9.329018620817958185e-01
-5.573410786358669045e-01
7.946584807988219534e-01
1.430089749482314820e+00
7.593928454087364166e-01
-1.130798389121101977e+00
1.875881984186296592e+00
6.587133542255692031e-01
1.281523307358507946e+00
-5.064054410231858538e-01
-2.954592083068742436e+00
-1.762559550538722597e+00
-3.411274634747829992e+00
5.739232450152836895e-01
2.204243537798957764e+00
1.206573596912277058e+00
1.142260297470510277e+00
4.874766846596426118e-01
4.650213605718224175e-01
1.367401982209727862e+00
1.497670143572095991e-01
-1.930128672949331659e-01
-7.579705902620866853e-01
1.193100300168715489e+00
-3.208630042316394371e-01
9.891666546116978376e-02
2.621778722500800463e+00
1.709666292980371871e+00
-1.401457228806992861e+00
7.096310282987007279e-01
-8.441469809508891364e-01
-1.698726840874842825e+00
-2.004567338900417273e+00
1.840166168444340999e-01
5.199526356348126432e-01
9.598204767881386434e-01
8.794895467636204556e-01
2.071812465667391134e-01
-1.000290318175337756e+00
-1.497601538050906012e+00
7.669961437333805421e-01
-3.380790640314610962e-01
-7.514917636534995671e-01
-7.822184473535587212e-01
-8.711027074178244733e-01
-5.527632076613109291e-01
-1.802425660670064378e+00
-5.316673606642077221e-01
-2.632751781736976035e-02
-1.257972620846363188e-01
-2.380087563841638776e+00
-6.772882282962433553e-02
9.295771655415818735e-01
2.410451647539582909e-01
3.723951139778548525e-01
1.768362501225598238e-01
-5.650980552856979533e-02
1.506173847932350540e-01
-1.057163597765138130e+00
-1.203161266461222345e+00
1.753295500044281141e+00
-1.047248417234233120e+00
2.144915707579827302e+00
8.001035326929116787e-01
-2.088804470881729713e+00
2.803202900414412668e-01
-4.555978612420945595e-01
2.595224037418273344e-01
-1.651328447481344996e-01
2.123662291100106181e+00
-1.211713476742915407e+00
2.570507092483629741e+00
4.779923102625096565e-01
6.930747019565606237e-01
7.710776954687266205e-01
2.727199445522617838e-01
2.272286258867836750e+00
-3.521979669502784960e-01
-3.360363475577127224e-01
-3.465609544796970365e-01
1.554964914862136671e-01
1.613569251030129437e-01
1.102262615813202062e+00
1.615599862747547910e-02
-1.243712790487107256e+00
2.003549852708338130e-01
9.474882833622890743e-01
-1.972513854037225012e-01
9.105867586596302909e-02
-6.851798171361582757e-01
-4.486127641152100609e-01
8.868027766680772750e-01
-1.592930077822086177e-01
2.234751789697735358e-01
3.638836047432692511e-01
-1.180773138322313898e+00
5.553450712272556267e-01
1.491110509605041989e-01
1.813529020823353155e-01
1.678384401275714588e-01
-7.283634939217698001e-01
1.111902524207894150e+00
-4.508972827566249952e-01
-6.727261405372447767e-02
2.691686227541342791e-01
-2.230522753450371876e-01
2.036363622747231261e+00
-1.448020117287450281e+00
-1.266641700810466231e+00
-5.545846446362442395e-01
3.092614257017205215e-02
-4.303448469948135124e-01
-1.680869321970844821e+00
1.847894598947941835e+00
9.882518388875725091e-01
-4.771420109465768222e-03
-6.499350228734200874e-01
-9.142892098154851155e-01
1.841466877536809266e-01
7.634956918724732366e-01
1.374886944013379075e+00
-5.385316476244031980e-01
-1.739988605367146779e-01
-8.667354911107939819e-02
-1.876734687474008290e+00
-9.662948346574634639e-01
6.588277735355025921e-01
-1.785462342599921870e+00
-6.371622521215215551e-01
1.392831315769803791e+00
2.944930333805387601e+00
-2.060503613135389323e+00
1.106370627911680504e+00
-5.154395687764296019e-01
8.449640792979682402e-01
-4.476882542019220423e-01
6.387206475991653587e-01
1.399905428379371597e-01
-1.698338205331565431e+00
-1.686327193832758975e-01
-9.412797389308877882e-01
-1.688515587220086878e-01
9.632412945917644409e-01
7.186052191435993164e-01
1.915425652853676164e-01
8.692976877407916358e-01
1.574747889070190754e-01
-1.669632958045306870e+00
-1.035559029445468626e+00
1.443190935912139761e-01
-4.138554426025130573e-01
1.110448479305857328e+00
1.690413214650438256e+00
1.269765954723510948e+00
3.027091272733259397e-01
-1.659861172958392028e-01
2.172077346301546641e-01
1.209060035280540291e-02
5.600313051475670489e-01
1.303242013216707740e-01
9.428827007819924333e-01
-6.508070070711299282e-01
8.194954031394667826e-01
6.249898711288755238e-02
-7.073837699839778947e-01
9.798630314452400070e-01
-7.536400298884744497e-01
-1.806796599603400777e-01
5.639340065506024402e-01
8.239954793885381212e-01
6.970956998771482560e-03
1.959856891681056812e+00
1.813377889883357685e+00
-2.569375631692674133e-01
-8.470485250232864249e-01
-2.372705546985233171e-01
3.329119334342381942e-01
5.383925882546640729e-01
7.435667229591922389e-01
-1.770244513426894872e-01
-1.856333405164270589e+00
2.132310833741014378e+00
4.310112165038862408e-03
9.480581951502956572e-01
1.592839035557720717e-01
-7.407254202249289321e-01
-1.478202595620561555e+00
7.145993735446110051e-01
-4.339544307615190166e-01
5.707491694301638496e-01
