-1.046806873089252132e+00
-1.202715322123278086e-02
2.522142252344265145e+00
1.842049343513967041e-01
2.588175141082024733e-02
-6.710070392991123178e-01
-3.240933208336291393e+00
2.295987528614254758e-01
-5.996006536391120800e-01
-3.820348952919171148e-02
-5.957950558845735711e-02
5.541473643520218317e-01
9.917430413308454540e-01
2.131773873119730212e+00
-3.597378086268701036e-01
-2.430698300728153516e-01
-3.563886000057710397e-03
1.784056544527522492e-01
1.060499953466404743e-01
8.999996105116372380e-01
-1.245796819864866956e-01
9.456149806048805839e-01
1.070710978101582223e+00
1.300555167554839908e-02
-4.606963330862344219e-01
-1.411554213376345693e-02
-1.269929115745534354e+00
2.963091450213222178e-01
2.584219774151910176e-01
-4.922440593070802617e-01
-3.825282829185054634e-02
-1.961587655497861293e+00
-5.299123604664132126e-01
-3.070923720287689340e-01
-9.848750862953252749e-01
-2.181588793467958531e+00
-2.280292873838817569e-01
2.855412023900770757e-01
4.363037449716941074e-01
-4.112114754377383385e-01
-5.942896441908225302e-01
-5.547439748254345826e-02
7.886314690296075680e-01
1.212969880595303973e+00
-1.406285238834947826e+00
3.274340206197698389e-01
-2.154290886742894207e-01
-5.440387295887103569e-01
-2.262633149772467489e-01
-8.708336616775158578e-01
3.311599503293750635e-01
8.241650596065347445e-01
-1.413240056497540698e+00
8.063724939946270709e-01
-6.032645414517243676e-01
1.458594173448186204e+00
-1.394858134703655106e-01
-1.726938122284207627e-03
-5.354245428449211364e-01
1.428004443058469158e-02
-1.021864737278216584e+00
1.985277071700138896e+00
-1.118832124443842613e+00
-1.488818249361407164e-01
-9.305167516162855534e-01
3.265948037200980814e-01
-2.797046970275248734e-01
7.423173887878260768e-02
7.101598224621306077e-01
-1.962663235543088414e-02
-4.825268165063168468e-01
-6.027974970208299643e-01
6.124603082897099871e-01
6.438488053253116350e-01
-3.623644836532977087e-01
5.315070895803616358e-01
6.643137652545123562e-01
6.311456143346590997e-01
1.925713698488716319e-01
-5.975378800199151463e-01
-4.490769195801244118e-01
-1.484838933690677099e+00
1.042640628495141275e+00
3.639545989863958164e-01
7.002843560368813280e-01
-6.418202402978556709e-01
3.216669980315908228e-01
-2.078304192252437566e-01
2.069762907225551452e+00
2.357310499553940120e-01
-3.010750027081578573e+00
-7.620387064129166554e-02
-1.620508018464915656e-01
-7.843917502119244212e-01
-1.033827800461211144e+00
-6.043026239745976635e-01
-4.499568500227237033e-02
2.645358167301576913e-01
-6.656349079549652714e-01
-7.191724098664746823e-01
-2.383452654707323703e-01
-1.205454020959717987e+00
3.635597591524737660e-02
-6.104477570777120388e-01
-8.287364738146789644e-01
-5.079268578071436391e-01
3.349761113081386465e-01
2.003047178958471397e-01
-1.376659254860085113e+00
-2.801911025677117917e-01
1.199965406465289597e+00
1.162393836916912004e+00
2.438561823342383583e+00
-1.791034050887118645e-01
-1.982490422199375768e+00
-1.253032942841857400e-01
3.644562335073032733e-01
-6.274047062642692518e-01
1.272096188611019585e+00
-9.034781948124861461e-01
-4.448588330287781001e-01
-7.337044573125217628e-01
-3.887111360609266653e-01
1.014360052385067767e+00
-4.563069359557325733e-01
4.280222602633561024e-01
1.001908124172332659e+00
-8.806134044116220583e-01
-3.540637403300312958e-01
-1.840893373866337335e+00
-6.679139624101417816e-01
-5.580113951694256613e-01
5.201635343660919730e-01
-1.238728289046751030e+00
1.025636721682295249e+00
1.067646945243183154e+00
2.992529867874037519e-01
-1.779765742423579100e+00
-9.050605294184799199e-01
-6.770765234693740808e-01
5.591203412284921903e-01
-5.479445991892598761e-02
1.177667444650455808e+00
3.711750918128262189e+00
4.596470496982705822e-01
2.835546542691567140e-01
-1.521414008919523553e-01
3.252634259157190233e-02
1.628378392653882512e-01
5.024216318132608272e-01
-1.475601906055363566e+00
1.239180441800352028e+00
7.785639793489201876e-02
1.564698277913514346e+00
2.930434876209706552e-01
-6.331085838947410060e-01
-1.854507820455180589e+00
-2.602435016174501348e-01
-1.543885177448148127e+00
-3.752358103263270239e-01
-2.186094071645008796e+00
5.568843943048582545e-01
1.578291376558611958e+00
2.492353789353969895e-01
7.770852161459356200e-01
-8.678646609842428639e-01
-5.114272273397406643e-01
-1.558368619315825543e-01
7.001287447973951750e-01
5.216773787382646965e-01
4.636117239929734013e-01
3.307847598355339036e-01
-6.681017216542337600e-01
-4.682465703655653844e-01
9.966826365651100250e-01
-1.162968325707424977e-01
3.921971313581749108e-01
-9.646668178621917722e-01
1.780602016553398226e+00
1.248166196873045752e+00
6.359473545496183711e-01
-1.347136624402467397e+00
3.731790790807195668e-01
5.297429560977697793e-01
-1.690188450319941513e-02
3.060053534023862154e-01
-6.068674282999597658e-01
-2.271100122438674540e-01
1.702882989217192333e-01
7.171830604215048144e-01
-3.391524269053859175e+00
8.214505941607989081e-01
2.633316766980605905e+00
1.857612090906390623e-01
-6.323032069954637180e-01
7.136034482584135974e-02
5.714293915744492747e-01
-2.039827208450307183e-01
-1.519957750895823967e+00
-4.986215516929372038e-01
1.862470761515824025e+00
5.227138904518663365e-01
5.735062024040280537e-01
-7.783461718943769370e-01
-8.174016845463949466e-01
-2.709624802968181534e+00
2.047049692764968398e-01
1.151089235940228939e+00
1.217835153500703482e+00
-9.874650557943227547e-01
1.807796662148485889e-01
3.841709665543586172e-01
4.442187789492269001e-01
3.695466319490633422e-01
-4.059517808298480634e-01
6.365315593260221227e-01
4.465691879220363703e-01
-5.531712965699899787e-01
7.302937365554182936e-01
1.807595553513830222e-01
2.723809090674567113e-02
-1.153582862477687598e+00
-6.440933619361387530e-01
1.522556705502290164e+00
5.907214928488757621e-01
-1.811711800646573556e+00
-5.501677053409246287e-01
-1.882211066572108127e-01
2.544510352036406964e+00
3.626346443416705867e-02
-5.752220682762230197e-01
1.084660181283010338e+00
1.029712760273534755e+00
7.035709645541216029e-02
-8.903514915232111360e-01
-1.003051879674453362e-02
1.259401108630689325e+00
-5.280362302451437895e-01
1.819421717900451929e+00
1.317048784106139125e+00
3.396390897760402927e-01
-5.902125034340368614e-01
6.336862096660407229e-01
2.479100786402852474e+00
1.900642850925733374e+00
6.128234765519207095e-01
1.012437561139098996e+00
-9.287146234376339460e-02
-2.630884387090292265e+00
-1.532489814237297576e+00
-5.792526593610420882e-01
-3.519900554451216301e-01
-5.643957384055884319e-01
1.000396317921782963e+00
-1.714050413391636496e-01
-6.037062315680850055e-01
-1.771101854790216201e+00
-3.888723691312661601e-01
-1.313106987471918785e+00
-1.581356044638026481e-01
-9.094253036384546407e-01
5.534612817972424104e-01
6.903335327097663843e-01
4.538857643289404553e-01
6.438477732237779527e-01
