-6.845190782649478445e-01
-4.214717135159835038e-01
1.179738676911082029e+00
1.518903604438526511e-01
3.607953722014750619e-01
1.096412745169947633e-01
-6.346067272815356652e-01
-1.025775741822592346e+00
1.404564896248443828e+00
-4.711415225358602799e-01
-5.304198975764975454e-01
2.390909288755824202e-01
8.005235004210051186e-02
-7.842279436301038409e-01
7.041015334678506488e-01
7.833273273951669724e-01
-6.848842232552407872e-01
-7.745203231909414399e-02
5.632535838535404071e-01
-8.869504134329664335e-01
4.556154336238401603e-01
2.659796158484345474e-01
-6.600797698744786945e-02
-7.017358542123419696e-02
7.849541759520035633e-01
3.829060218667066362e-01
-1.112259868370471194e+00
-9.752675824259091630e-01
-4.099432623485776972e-01
5.715862751140309284e-01
8.030011148228766160e-02
1.449595540754482770e-01
4.651251316803505231e-01
-1.054609246681085688e+00
-1.113330330421720582e+00
-1.630397803116379052e-02
-3.794181904148916096e-01
-9.606836990113001296e-01
-5.349836282083135774e-01
-5.693051169143423795e-01
-7.918120849789938021e-01
-5.126249190964142777e-01
-4.587655919125014914e-01
-5.772634387512148857e-01
5.326334588674773718e-01
-3.631247714524079573e-01
5.354595462627631530e-01
4.627232984624489731e-01
-8.450096024539671680e-01
3.845044820368561100e-01
1.346040007457111054e-02
-5.724838155352225399e-01
2.633518062105461022e-02
-1.672223805149871678e+00
1.137816414114982910e+00
1.412854087643144130e+00
-1.668900699965845114e-01
9.124549537322701465e-01
4.581329790329142226e-01
-2.491096797600957924e-01
-8.868316153013461323e-01
4.659628460519995574e-01
-5.824012160760146939e-01
-4.380501298378831065e-01
-7.028614888996074228e-01
4.124917344804260311e-01
-5.085497639397431602e-01
2.350725655346412035e-01
-9.425468244489466629e-01
7.123572615899944616e-01
-2.775549476912363978e-01
-4.315152013197621206e-01
3.551674773173703059e-01
2.342505251870955763e-01
9.614383682906971762e-01
-3.891986637963413820e-01
-1.144008827676392392e-01
9.326557135043012092e-01
7.732466124841832489e-01
4.161473651666217632e-01
-4.899666950439882096e-01
6.001914031699461249e-01
5.794802599013750832e-01
-1.318305836097698469e+00
8.552400364353528461e-01
-4.006398740780569012e-01
2.348252256128532112e-01
-1.148431314741976461e+00
5.509403383996798187e-01
9.402032393981087921e-01
-8.254653558149480097e-02
-5.714343852759240505e-01
7.726033542049987046e-01
7.872511480375797843e-01
2.874192012762522008e-01
-5.778973807908621696e-01
-3.215349215955212725e-01
5.107254853937961414e-01
8.993167268010662241e-01
6.175696251706271900e-01
-4.504787515312303481e-01
5.586042743797194760e-02
-3.656122489948122611e-01
7.249358465620758807e-01
8.897259064734875933e-01
-1.031136247724813826e+00
6.831962343921405001e-01
1.177189104271640252e+00
-3.379434600391129639e-01
-3.961818488624091472e-01
-7.241900470823139369e-01
-2.141018616722060175e-01
-6.430974154149917688e-01
-3.543222838927007068e-01
9.413312860806941629e-01
1.325201861595040942e+00
-8.791166213603124335e-01
6.688646533357787138e-01
1.539198857458055347e-01
-5.272107167958746121e-01
8.141867411091250339e-01
-1.223824223236589459e+00
1.434181848017865857e+00
8.497289139902394206e-01
3.068852958203946435e-01
3.699855489965576116e-01
1.319439569860327399e+00
-1.028459814416073703e+00
-9.440796878239724466e-01
1.037640566567244876e-01
1.684397401898473090e-01
8.611946677280125639e-01
-7.751398577479897689e-01
-6.724844840139037050e-01
-5.844601903334057935e-01
-4.555610826839767702e-01
-5.721081219308983279e-01
1.549591710114851806e-01
1.925456603692617674e-01
3.539056420911979028e-01
6.225730639669044830e-01
-6.097529957390943611e-01
7.514156648334145983e-01
1.095000530150036511e+00
-2.373196538074515138e-01
-5.502931000857037569e-01
6.467025595359016110e-01
1.075195649571554668e+00
-1.276399281313092215e+00
-8.025652838279816459e-01
2.280474890320315362e-01
9.058088582968381042e-01
7.783040699795250317e-02
-3.735533570165294193e-01
-1.680542661709695240e-01
-7.153380560325109938e-01
-8.582451128178458788e-01
-4.314888636726332133e-02
5.041197139217283851e-01
3.630719052329814955e-01
3.060597742911099761e-01
5.267545487697637974e-01
9.478867259520193378e-02
3.542549252702677925e-02
-9.687425852796288650e-01
-5.113004256093629518e-01
2.649752322086758038e-01
7.910810295504682177e-01
1.913552074172291673e-01
7.862066356906967091e-01
5.701563582197954894e-01
-3.495058626068276442e-01
7.109835915733302425e-01
-8.956370669256268346e-01
1.071254105835315995e+00
-5.670398477650441249e-01
1.411456992408799183e+00
-6.282743154874023128e-01
2.421159287073474387e-01
-2.205917930167928254e-01
-7.900999023332416771e-02
6.080270306365450628e-01
2.541334369669088766e-01
-6.075431918484505145e-01
1.445942602251086839e+00
-9.601702633561197686e-01
-5.417101192653139830e-01
-1.115027977734029396e-01
6.746740697155688693e-01
9.881210904268029616e-01
3.811365978028611323e-01
8.542106035948987541e-01
-9.985281665307066401e-02
-7.403130958513255422e-01
-9.087550826819209560e-01
-3.170722398363487460e-01
1.254170887456661054e+00
-8.430997323360671647e-01
-3.549284336317408417e-02
4.590739520246545080e-01
1.581839265389633487e-01
4.322824857430414003e-01
6.428473620184103066e-01
-1.086477016794130446e+00
-3.527278115283825621e-01
9.691675297995651084e-01
-5.014952229287721330e-01
-3.349045290784290474e-01
1.107764113313750798e+00
-3.878499306059293161e-01
-3.388668406624804064e-01
-3.670924363734008877e-01
2.392075754671889321e-01
8.326365901488822496e-01
-3.015090874609972493e-01
-3.932614929291072814e-01
-7.188807843234573669e-01
4.866867780655834141e-01
9.627068112418686319e-01
-6.592881296314692108e-01
3.577797340660324732e-01
2.852334228571313246e-01
-1.024297766984979763e+00
2.501036432191157122e-01
4.021828931343882085e-01
1.762758911247564730e-01
-6.996827876200616414e-01
4.552315837099906726e-01
5.484318202517493024e-01
-7.429914569212741071e-01
-9.877398059140056752e-01
7.243371970070404675e-01
1.252148187870458229e-01
-7.701866162039239239e-01
7.336627019669550442e-01
-1.392253024280777796e+00
7.480070600520039026e-01
-4.338147964697796066e-01
-5.122323064907896573e-01
1.238265026411182967e+00
-8.505312124488191294e-01
-3.255911146223269270e-01
6.571302581377931329e-01
3.514306178926173696e-01
-9.212252722248397419e-01
1.061451804324256010e-01
-4.070575710928023283e-01
1.397562515803723593e-01
-3.307171333888012099e-01
7.481544869800770270e-01
6.889390090019333890e-01
-5.559480165746242264e-01
4.419940628280936701e-01
1.745125473427159846e-01
1.181053665803357244e+00
-5.657437585986611062e-01
-2.019552729479129893e-01
4.070724005032869686e-01
5.660822386130820449e-01
-5.056918244985184607e-01
-3.495157401256845375e-01
-4.843370475298780509e-02
-3.299559952306487243e-01
-1.457454641666757311e+00
-4.931583223680015005e-01
