2.886416903144417567e+00
1.831465334362457620e+00
-1.913208661664945076e+00
-4.728885635465764903e-01
-3.962294164816737574e+00
-3.419452012805724861e-01
-1.706793523988376471e+00
6.492162246316750540e-01
3.475631968682833861e+00
-1.576148267011572290e-01
-2.068729457836583130e+00
-7.787011459975743399e-01
-5.696552828825918180e-01
-1.071480522241288647e+00
-1.252845954903927694e+00
1.120765529088808110e+00
1.975860503548881875e-02
-2.812664138450929663e+00
-2.602550206611984329e-01
-1.206977469560231997e-01
3.807985698535319985e-01
-4.671812543097687564e-01
7.546175474336698219e-01
1.774543019040255576e+00
8.013836546639130365e-01
8.060481268695202095e-01
4.093921527519361447e+00
1.255193873207104405e+00
-3.084509646813470701e-02
-4.013377467596690451e+00
1.195968461698682761e+00
-2.398585148638660680e+00
1.120067575803989968e+00
-1.179799198196997301e+00
-1.066561089510160487e+00
3.242051639341233749e+00
2.286658163971239111e-01
-2.139760391631963521e-01
-6.270049940026930502e-01
3.236641472274453424e+00
2.113137459304569088e+00
-4.629019437012160676e-04
-7.975853175883175217e-01
-1.468347588721333086e+00
6.732620339892502193e-01
4.061000648840903393e-01
2.539283247621474393e-01
-4.996419458734219221e-01
-2.181627984361960149e+00
3.933907045848860085e-01
-6.130099228477751128e-01
-1.244190292309391266e+00
5.708565964463383491e-01
1.428250471666275834e-01
1.413838611813777124e+00
7.936353523666570986e+00
1.615833352114910415e+00
-3.396846768907460401e+00
-8.742037411116225787e-01
4.437075968114745361e-01
1.592445830157533049e+00
-3.686432699356847476e-01
-1.412825144811515443e+00
1.459672025413453422e+00
-4.309463216564298760e-01
5.719375406728229860e-01
-1.368437187506830188e+00
-1.397229731627602778e+00
-1.475117141074504534e-01
2.956457626967102126e+00
-5.360710246240035559e+00
1.622695818242414489e+00
-6.770658071847719395e-01
-1.110745247909332711e+00
5.391125452713369626e+00
-1.110569942915608843e+00
1.714242590595806415e-01
-2.926189663076000258e+00
2.793917990923887373e+00
3.574000335679512474e+00
-1.264694857031761488e-01
-1.583729257029225845e+00
1.976256292108704793e+00
4.355771803889033400e+00
3.025449342788699258e+00
1.467945358540899470e+00
-1.409866950880375724e-01
-1.145045939065429952e+00
-2.228266304056274016e+00
-1.228444394421529751e+00
-1.130497332241341413e-01
4.480423504322385564e-01
-5.285966369025227429e+00
-7.842622547689340196e-02
3.163265778420160101e-01
-4.804517970241399816e-01
-2.594355073962824054e+00
2.290912684483852324e-01
4.437447504050140434e-01
6.797371670237413177e-01
7.344383025030313261e-01
5.057126890065224423e-01
-1.674426458782703353e+00
1.617635089451080477e+00
8.124858618040914360e-02
2.982915008675498525e-01
-8.223821053510471657e-01
-3.252044050695012123e-01
-6.683440108731499851e-01
8.939983590814003511e-01
5.233034685380104634e-01
2.866109805708908276e+00
-3.826974809888223916e+00
-1.920860066718887982e+00
2.267969980877345026e+00
-4.930040916071690149e-01
2.076904774382244412e+00
3.162918422310445621e-01
8.406857317329521351e-01
3.625652992596662960e-01
1.079315325931892444e-01
-7.345685955320109262e-01
2.804575061375110590e+00
-5.265203110879248527e-01
-2.456508699852662403e+00
-2.394147083679648791e+00
-1.614882347557671238e-01
-1.184673659775858701e+00
1.327688203811266732e+00
-8.776039565536621012e+00
8.385080760761681740e-01
-2.242643174849799692e+00
-9.895122356302024080e-01
1.679928516786046488e+00
-5.840709516685054226e-01
2.229236392038857151e+00
2.006247056166999165e+00
5.699285948360114373e-01
2.997347031942243500e-01
-2.400160653835367586e-01
-2.093417790157894309e+00
-4.986403869286034074e-01
9.614118946263472409e+00
2.293531545334389854e+00
5.323793826042597654e-01
3.752127391623185648e+00
-6.029612909600049475e-01
-1.978458423446049386e+00
-8.627400519693806391e-02
-9.313055777031157279e-01
8.676886187710437515e-01
-1.602586994621873151e+00
1.366314724454325891e+00
3.868620266038992339e-01
-1.095070554451265332e+00
7.414855359416880898e-01
1.141453524107738815e+00
2.075395656444865455e+00
1.014952302943216145e-01
-1.123425612874214607e+00
1.188051022769646803e+00
-7.059032959704907295e-01
-5.027212799594857895e-01
3.502077209075237896e+00
4.945009123803363771e+00
2.793641710561070024e-01
-8.306553103464608956e-01
9.187521866136600934e-01
9.576710830576332656e-01
9.938128650895062810e-01
-1.141460873886601002e+00
3.271868423494201927e-01
-3.785307123476256974e-01
4.091855410581287655e-01
-5.770291802931082348e-01
-9.332403679379572381e+00
-1.834380611062477850e+00
8.606008387476116184e-01
-1.330445022992229553e+00
7.987126768867821580e-01
1.988063580446011169e+00
-1.131840650528856740e+00
-3.092720208735586951e+00
2.573098454775183397e-01
-1.468724721797221688e+00
4.501758535685108642e-01
-3.543711510622466587e+00
