7.801342826708235201e-01
-7.757947738673087734e-01
-3.400098193038774141e-01
7.753593966677259086e-01
-7.019558017860769716e-01
9.120504271085030368e-01
-9.213304603860263953e-01
-5.193261906651722715e-01
5.584230512224899190e-01
4.901864281837211568e-01
-4.834759196365467915e-02
6.295323159197900864e-01
9.684422523369942137e-01
2.483551181289420651e-01
-2.706242215330734169e-01
8.790259052206932378e-01
-5.053099342479303591e-01
-5.358543788523677520e-01
-6.412842723137672785e-01
-5.539124656562031124e-01
5.208218633289141142e-01
6.600963686721392776e-01
9.166388790613348991e-01
3.223466793317910639e-01
6.622277918813168629e-01
1.046325950379238812e-01
7.838126830381053622e-01
1.156025438997401178e-01
7.714612533565698982e-01
7.231298472341634032e-01
1.381018511490579304e-01
1.287211456497976414e-01
2.695908391009158578e-01
-8.679647850886293980e-01
9.408523941610038577e-01
-3.028648229512345136e-01
-3.863634539420930381e-01
-6.027627235723242993e-01
4.302655249447056018e-01
3.675124480104214886e-01
-7.721464484448408161e-01
3.857959907862951177e-01
-5.900000081008727193e-01
6.507983826809053962e-01
-7.204779547089792402e-01
-4.320493750028024937e-01
-4.136945886794172189e-01
-2.104815338375511935e-01
-5.726661218251516416e-02
6.413603875173885527e-01
4.737749842926788357e-01
-4.642674462688951564e-01
-4.235449609265780069e-01
-4.365162467279428693e-01
-7.683294040314714302e-02
-8.605142564009879980e-01
-8.781410451714968257e-01
-8.841278398717760112e-01
-3.083961264035828265e-02
4.294634056552777412e-01
-6.352068260184684512e-01
6.074479265040597653e-01
3.872330172313904750e-01
-3.114351447656329430e-01
4.858939922611520412e-01
3.244569374183412513e-01
-3.459149053251826533e-01
-9.291211743695402259e-01
2.127732557621988541e-01
-4.120558131689389114e-01
-3.293246138308056903e-01
-2.733519055320918767e-01
-8.522620058251755282e-01
-2.877263135141017170e-01
-3.066905842793157255e-01
-8.344237065469761738e-01
1.815001326319642949e-01
4.748334498894506428e-01
8.874537369133346232e-01
-2.219096142666405758e-01
5.756829630159050470e-01
-6.590323332925984712e-01
5.488670035432745564e-01
-2.918811999666752754e-01
-8.064728145978690144e-01
1.490170487521902398e-01
2.070333242416204644e-01
-1.215303907463349820e-01
9.925226968449767373e-01
7.409675923606038328e-01
1.861424099741220139e-01
8.836306563480438303e-01
9.562575312789161064e-01
6.047157443820654343e-01
-9.987296644913157273e-01
4.269775439925622695e-01
-5.314574554348610036e-01
1.327048105028292291e-01
-8.335573962860514108e-01
-8.278441017513336053e-01
-3.362577235600743286e-01
-8.345001330721777411e-01
-6.210270777919708607e-01
8.399190515974706006e-01
-9.321291727044953568e-01
8.502287797927572388e-01
-5.104129556941079393e-01
1.431679050608061221e-01
-3.369687972926997954e-01
2.779780928537283202e-01
-2.338579805661011868e-02
3.094661742837008234e-01
-9.839463211400667486e-01
4.633406918672400288e-01
8.864838018370295725e-01
-7.764654421929375605e-01
7.238967651643146706e-01
5.934694300667486822e-02
-1.561080022313541260e-01
-4.586444818107289212e-01
-8.456225818483120715e-01
7.883976583460048371e-01
-3.731353186315991000e-01
-8.763036992557846627e-01
-6.995666813013998730e-01
8.348394901397342416e-01
-8.509292932798961928e-01
-2.087008306822224490e-01
-8.520041922038883442e-01
-9.152031521909056444e-01
2.423790432123589245e-01
-9.149301339982873760e-01
5.538438499977593743e-01
-2.515697646121342057e-01
1.977087829037580402e-01
-7.422459576830722217e-01
4.314610157075426944e-01
5.547868070769772508e-01
-9.481771699041472434e-01
-8.076396731761799064e-01
-4.600193867794519775e-01
-1.202714378511986482e-01
2.904750689994337609e-01
7.459567461426253043e-01
4.184798735060659691e-01
1.124416251014759283e-01
-8.002390630503057878e-01
-4.381916545964430476e-01
8.660458778569581906e-01
5.390257858801348334e-01
-2.455781422480380893e-01
5.102606710004460311e-01
2.331100093037015153e-01
4.326641302639488984e-01
2.094236095880346316e-01
-3.964633748973185323e-01
5.352216213579237269e-01
7.360410730672342083e-01
3.147904288291405450e-01
9.734085124053590832e-01
-1.001502619505629799e-01
7.648910871968248593e-01
3.088784298154647612e-01
9.183776240522931733e-01
7.761474068892271205e-02
7.514762557814984589e-01
7.633416098414378403e-01
-8.834129532211454361e-02
-9.537168842686232217e-01
-9.594679811656425805e-02
1.562453670100492076e-01
2.196306929076352610e-02
-7.729042950620281793e-01
-9.087837689719913126e-01
-9.636630785248623265e-01
-3.708134824290219012e-01
9.886896985101971680e-01
-1.797325062492081127e-01
-1.302688182562050656e-01
-2.751882414054476200e-01
7.264391154610996271e-01
-9.743989807923896240e-01
-5.873185878704576535e-01
8.902782087653688947e-01
9.582647577839396025e-01
-6.731643713595669709e-01
1.625173084671889256e-01
1.587661957250352529e-03
-7.359301836364380289e-01
5.386319295571018184e-01
-6.811141847290205220e-01
-9.222353490143686550e-01
-4.550345033883327339e-01
-9.119046591901907028e-01
8.057437129070152970e-01
6.419023520212863154e-02
-2.595049451145192698e-02
-5.208591009443239717e-01
-7.326523961561193232e-01
7.173356907017540696e-01
6.983138196887725968e-01
-2.339553164027461385e-01
8.328048178250648803e-01
-7.179184902081270359e-01
-8.841391112298770949e-01
-6.386797920480205004e-01
3.551965258826683680e-02
9.862838865917913367e-01
5.995588134793443658e-01
4.063143810393277100e-01
-6.500035216397848092e-01
5.754709312411570021e-01
-6.913666626875021315e-01
6.626616974203645150e-01
-9.999395310653125257e-01
2.597990890514867424e-02
1.433523270023597806e-01
-1.087357089172424907e-01
2.445017592380218652e-01
1.485385900877254084e-01
-1.429478669804584712e-01
-6.914535994452322143e-01
7.550981513717434090e-01
-1.235718575253341722e-01
9.730552899783144749e-01
3.296255210940068903e-01
1.628238049453867298e-01
1.001898796840539063e-03
8.168180965084597123e-01
-3.746731106386049781e-01
-5.949179427635746809e-01
3.699376340139135522e-01
1.440257226311831840e-01
-9.453164536554790054e-01
7.886231852061276193e-01
-5.723237105368732536e-01
4.317325055665874878e-01
-3.491885940584371628e-01
-1.243839209311461413e-01
-9.561325544202525784e-01
-5.796267701782262804e-01
-2.265621643761162041e-01
9.410892656759894948e-01
-6.517829316368677350e-01
-3.106407021565193993e-01
-3.398635634698878860e-01
-6.397994108437703442e-01
4.786437554478220058e-01
8.494603618135780909e-01
-2.670770351027422773e-01
3.550966271419824238e-01
5.213206287341878298e-01
7.603211992928993190e-02
-1.690224195013247943e-01
2.508414375485945591e-02
7.003833317383649781e-01
-7.472461095373654771e-01
8.900311194365797540e-01
-4.974975186156584961e-01
-1.424477624935982512e-01
5.642739609486053798e-01
-8.517216056202621122e-01
-1.911800391729907567e-01
4.742807956631240884e-01
-1.406898269170977489e-01
