-4.487498198702134511e-01
-1.744414828188747935e+00
1.276548167384385368e-01
-1.658618421690035705e+00
-6.200081622229380862e-01
-6.290772742524390893e-01
1.006316108799608866e+00
-5.355038739228089595e-01
-1.252821991107394006e-01
3.108195058417347889e-01
3.227907600288974083e-02
-4.309436604559083173e-01
1.240991465253663106e+00
1.021951508895757449e-01
1.620819076404531878e-01
-6.939861673485673288e-01
-5.936380745036576867e-01
-1.118296931944034123e+00
-1.569966817193360509e+00
-3.073575464000379287e-01
-1.198321837216526964e+00
-1.363005089181307694e+00
-9.291228703521318133e-01
-9.811729317881368040e-01
-9.940406197966886181e-02
-2.338647525356863377e-01
-8.272976613408540569e-02
1.885530412453189641e-01
-1.051844072891678916e+00
-5.353583802701472605e-01
-5.318650553310450002e-01
-1.200404226106462691e+00
-8.340886938622358304e-01
-6.705817326929432998e-01
-9.402826725609743086e-01
-5.037685539706624471e-01
-3.862031867907611549e-01
7.663776760123690579e-01
-1.495392860542977154e+00
7.126839109628635427e-01
-1.220598401542670963e+00
-7.291340026306275535e-01
-2.881919782939267316e-01
-3.339053511238747052e-01
1.109632672151577903e+00
6.988628745953819887e-01
7.789518686917238366e-01
1.418638906248954390e+00
1.117557050143333397e+00
2.731146212028046430e-02
-8.667784626895695954e-01
-2.019066424509950997e-01
-1.137777466548652194e+00
-1.783389792198428969e+00
7.062256998129285979e-01
1.039364060050594230e+00
1.196786505279973989e+00
-1.330567833301294023e+00
3.112291628675926125e-01
-7.106795651875092990e-01
-4.423398155734062920e-01
-9.384349828080701394e-01
2.499420940294610760e-01
-6.301983192648712429e-01
8.806661949322469596e-01
2.571636757684588326e-01
-1.379163127035959224e+00
6.764303328768966894e-02
-2.254003876715135579e+00
-3.063187812744587180e-01
-1.864449871415061244e+00
5.874828569533138700e-02
7.380034945758379150e-02
3.752919671258047041e-01
6.100325138867093155e-01
-1.622209291367404660e-02
5.856050856032839480e-01
5.246725346314257132e-01
-3.675621012334309157e-01
1.439751946284554718e+00
-3.677800071047729324e-01
-1.352923216580570909e+00
-3.527093582959486273e-01
6.981379069585014197e-03
3.423815163963089270e-01
-6.527656091190265908e-01
2.230903991961483701e-01
-1.980195888233686752e+00
-1.155797369159320687e-01
3.798538991807440812e-01
-2.652645111849972759e-01
1.154648919896265724e+00
9.739733656301919895e-01
-1.503891908098310193e+00
1.404614420111151007e-01
-1.445531652750469354e+00
7.724085138626967106e-01
3.910217482622793117e-01
7.828726026321484177e-01
7.107374126942834769e-01
-1.433504419892086545e+00
2.189724896453350833e-01
1.733807646329192931e-01
1.467340053185379301e+00
1.642588330619472459e-02
-6.660131743820097983e-01
-1.444315629697872916e-01
-7.975847366514287051e-01
-1.455949025135921948e+00
-2.015221912949656691e+00
-9.327790151387264084e-01
-8.874925948301493062e-01
4.308810849362954554e-01
-3.278714252892180325e-01
-5.460258782996025850e-01
-7.965194791113372474e-01
-2.498403366063814524e+00
2.290313595893809229e-01
-8.427420297231509316e-01
1.226531299657865004e+00
3.094761332511631879e-01
-1.498029962292654504e+00
4.347169858811471554e-01
-4.297056321681886892e-01
1.869434352175728398e-01
1.120279186149502504e+00
1.155948554142737006e+00
8.210919668287046669e-01
3.197002055714842084e-01
-9.259294268636069081e-01
-4.202265384109887814e-01
3.517887694794494813e-01
1.107127897039821063e+00
1.734000160189292095e-01
1.942032009793148273e+00
-8.055975250775720964e-01
-3.812040226744789484e-02
2.559546149222170497e-01
-1.633937028224143440e+00
2.018852570897807230e-01
-7.478854459905071028e-01
-1.108178243492468740e+00
1.663374027305458469e+00
3.907075974220613479e-01
1.776946611000471465e+00
-8.199356806695502486e-01
-1.419528245008017553e+00
-6.048209287166732562e-01
2.560357676670136362e-01
-2.412414002407249569e+00
1.929750800642420661e+00
9.829728640309698395e-02
-5.804335651527079420e-01
6.190308223021566691e-01
2.508238816930147275e-01
-9.438306406927149395e-01
-1.564266923870834214e+00
3.368720917501186185e-01
7.147252878806682475e-01
7.179360880453418137e-01
-1.492652372457145216e+00
6.483368226763323028e-01
6.880085218703111405e-01
-4.862368977206762977e-01
-3.380562589706520571e-01
1.010190501560874088e+00
-4.892702161629318702e-01
1.454508288879415856e+00
-6.516359098427980667e-01
8.674427089655272205e-01
8.066712088703050787e-01
-1.455447827612191269e-01
-5.707117622745089269e-01
-2.626869602136965853e-01
-1.391371159483160147e-01
-8.002329700379487987e-01
-4.770143774490571698e-01
2.575564682672665251e-01
-4.094809652296629854e-01
1.062017030875525903e+00
-2.362645549689791902e-01
-9.638412639156783701e-01
2.977062838535702305e-01
4.212476388493090473e-01
1.719334036235268481e+00
-5.850646230341464138e-01
1.971186815096317713e-01
-2.952187193980069235e-01
6.586898562764401666e-01
-3.374521557665460803e-02
8.883862041842145452e-01
-9.493415697596164771e-01
5.509393277913754439e-01
8.339737085748953893e-01
-1.446158578381541160e+00
-1.390920093477132635e-01
6.223666185200326106e-01
3.654626785875131345e-01
1.144713778834405948e+00
-5.718834390228306752e-01
1.409123843730450965e+00
-1.306346606445414560e+00
5.786445613095261287e-01
-1.544365376959152547e+00
1.657632692539012353e+00
6.061407012867225941e-01
-3.848390316639496156e-01
-8.794462332201546939e-03
1.010081754138249188e+00
-3.436386074146802749e-01
-2.888827865996798638e-02
-3.741961027511275795e-01
1.443872532497886940e+00
-9.019177068962731525e-01
7.723444628534650302e-01
-7.669526266987825025e-02
-2.659189922463238154e-01
-2.046791221003958078e-02
2.006285649420042061e-03
-6.442058973140433187e-01
1.482676367595434419e+00
1.631663814736963980e+00
-7.240783927671683162e-02
1.788855624904339026e+00
-1.747774034689929534e+00
-6.780638410268349237e-01
1.907463757921982861e+00
4.769061208312250777e-01
6.503230208569915627e-02
-4.880555217274202828e-01
1.393772193014484184e+00
-8.495188738065762024e-04
5.517002007942084507e-02
1.073807809253083251e-01
-9.758541802969535883e-01
-4.787491182801736356e-01
-3.316477346508525104e-01
-8.404406412887661659e-01
1.654432458716079468e+00
-3.358020705788171134e-01
-1.592538559636132778e+00
3.687739989205622848e-01
4.115774119635656758e-01
3.689956600827326016e-01
-5.562158038055876608e-01
-6.164780055266071424e-01
1.426146068700267611e+00
2.163789482695344546e+00
3.037040886173919541e-02
-2.549206562319997760e-01
-7.435580860094728184e-01
-1.639226689526289971e-01
1.835747647450022058e+00
1.293879463707509614e-01
-1.344302619004296151e-01
-6.223937579384648533e-01
4.886461520731984476e-01
2.287160251504822828e-01
-7.965502706005744837e-01
1.767358526025722076e+00
5.875086438391960986e-01
4.007091461145231848e-02
-2.054816514104937042e+00
-7.062088766575548293e-01
-7.812662203053266641e-02
-7.531909762108415229e-01
-8.542457207363616245e-01
-1.538302127594778357e+00
-8.581794388671224461e-01
-1.096769026063362684e+00
-1.072821443732941971e+00
-8.834734163593130907e-01
8.949007947036330402e-01
-1.200279002387276917e+00
-3.126813774714143346e-02
8.173742424865235723e-01
-1.392474152046893732e+00
-2.311599234995666219e+00
-1.369067510034652768e+00
-2.031704830748696233e-01
-5.816529563281265247e-01
1.566541570987178389e+00
3.389775087915079532e-01
-7.538823755666403947e-01
8.758767433679903736e-01
9.696030835758043809e-01
-8.131512494231840638e-01
1.435068018863133177e-01
4.142157049981504136e-01
1.290542763335881249e+00
-5.757742674532062566e-01
8.163327825223993806e-01
1.725207451769433797e-02
4.951922381684831231e-01
-1.051831617649249706e+00
5.474093618903197456e-01
8.531587213881959286e-01
-1.331360299580711448e+00
6.851725206591392503e-01
1.567688650317519583e+00
-1.465250155160110701e+00
1.562941782919380351e+00
6.183837266366341012e-01
4.625391445507037180e-01
8.984979712941938423e-01
1.618110656060507635e+00
1.232982091475791186e+00
-1.092470187429455675e-01
1.565747622755755408e-01
-1.044943032051364185e+00
1.037460831598790545e+00
1.074188692913152776e+00
1.138511892444759477e+00
9.592139121867162554e-01
9.653034299917943040e-01
-8.588582504827462216e-01
-2.554999214868201918e+00
6.452714930637117874e-01
2.119500741394341192e-01
1.315655649634403179e+00
9.037734557796666124e-01
-8.113092330238348415e-01
1.594623184717546938e+00
-3.780349848226453591e-01
-5.788856801041162292e-01
-4.260774456454933246e-01
1.438945018931087061e+00
-1.160201323332498147e-01
1.074790316211220897e+00
-4.528489136712874341e-01
-1.709215879013052386e-01
1.105275614366156400e+00
2.040168377151296841e+00
1.753357926390494814e+00
5.360795023289147143e-02
-2.098904197118493631e+00
-7.072780095864708572e-02
-7.458964631236984777e-02
2.138605194640581519e+00
6.453155450065183041e-02
1.269073485044157866e-02
-4.168989280010655940e-01
-1.092380367880575465e+00
8.013370677049802548e-01
-7.696901176250527943e-01
8.759964906243309368e-01
-7.555363892249884472e-01
-5.522482183656032273e-01
-4.824109242428805122e-01
-8.748191040163527665e-01
1.829664052129702512e-01
-9.788879909801697643e-01
-7.577324885855634129e-01
-1.580561098357792904e+00
-7.217831330848972771e-01
8.635501014028720279e-01
-1.490409369123771866e+00
-5.424402749156629344e-01
4.493490759579883420e-01
-1.384789615188410039e+00
-9.948827424653591822e-02
6.723598081047487129e-01
-2.542939893017850395e-01
-4.778062237597144879e-01
6.360354036512609888e-01
-1.678708199088106423e-01
5.930215699372946014e-01
4.713045991971160364e-01
-1.663716339345722439e-01
