-1.341247865763495417e+00
-6.497371216650310588e-01
-1.323585853055185280e-01
-6.562929379093408455e-01
5.784478840571549707e-01
-7.939494560474130713e-01
4.533567759845884004e-01
-2.178579009109523401e+00
-4.887749364020693155e-01
-1.833702019250007753e+00
-5.540063708762342498e-02
6.656941169295539362e-01
7.378142373273280930e-01
6.569459664529974097e-01
1.204373646167700818e+00
-1.292607691338909293e+00
1.799019306421719977e-01
-7.577721536929862278e-01
-2.039746261876120847e-01
-5.518968219272230025e-01
1.891548114280414916e+00
-9.975074031708293099e-01
-4.421315284486699304e-01
1.191630519613643413e+00
1.315358202688690747e+00
-1.830891620325257041e-01
-1.782918741213544322e+00
4.865046183089903331e-01
-1.318201595774518120e+00
-3.208421493685351122e-01
-5.846447500808821252e-01
2.039303786412534514e+00
-1.388384679118305653e+00
1.455599563441592748e-01
2.346543170028093928e-01
1.609807257793799962e-01
7.739999592268582695e-01
-6.920323291069593874e-02
-2.825278358071869333e-01
-1.669230518759466042e+00
6.273606234808870585e-01
1.076572351072989209e+00
-9.740203758534980993e-01
7.880412486633784352e-01
-1.428738282434557361e+00
8.976963149936842967e-01
-7.856317748543158175e-02
5.183273606531064726e-01
-3.484515381290883007e-01
-7.202155525954044846e-01
5.015506531480290464e-01
-4.318030539138295598e-01
9.631814848748818658e-01
-8.156829326516903400e-01
-1.174678485168409114e+00
-4.048254821407098469e-01
-1.112525992513105078e-01
-5.943961392761756279e-01
4.388261001728843702e-03
-1.593900122100777139e+00
-5.177584058185329408e-01
3.173131851785904178e-02
1.162273647057171372e-01
-8.799892953887886726e-01
-6.767535230841915661e-01
-3.403706672721127924e-01
1.745945899596005324e+00
-1.529574480552275406e-01
-1.058605876697001014e+00
-8.844721173462375408e-01
-2.432941275357671240e-01
-3.876563267743748931e-01
2.070855385556245487e+00
1.149360689280344516e+00
-3.718305240870714012e-01
4.850250645694761942e-02
-5.423776758934277797e-01
9.703679236502429362e-01
-1.333642198610364593e+00
-1.307723363497985236e+00
-1.702547532479071202e-01
-1.538512144474075694e-01
1.780088670398083384e+00
-2.739599532534855886e+00
2.871515777932879265e-01
-6.592401782082697448e-01
-1.633719573344803555e+00
6.742055417575748555e-01
-2.373158916937962229e-02
-1.643444112868478468e-01
-6.928935884883614671e-01
-4.512762535892345661e-01
1.520637596154648552e+00
1.120758483863970173e-01
-2.093088205472062591e-01
4.770824935432987912e-01
1.737407239940700343e-01
-8.759126827004405369e-01
2.413384898463123651e+00
-6.461657164677658827e-01
-5.568417068412818971e-02
-9.681274277491569435e-01
2.477669375315290357e-01
-1.795186053180715391e-02
1.035938077449945371e+00
-8.621747677142032051e-01
-2.447375218324075785e+00
-4.935714062475513586e-01
1.286459667795274986e-01
-5.077312117084282761e-01
-4.410479834335531701e-01
9.065445448815157015e-01
-1.162106019485672936e+00
1.036511342441578165e+00
9.339741017924025890e-01
1.028795152487885556e+00
-1.659844853083162652e+00
9.095689019744541692e-01
2.231203927414908694e+00
1.275891479009827245e+00
-5.835239475122226960e-01
-2.533014044555975897e+00
-4.414778131733228528e-01
4.144865073912105125e-01
9.452780057892207211e-01
-5.069015157315832631e-01
-8.749255365890852287e-01
9.757270555974146831e-01
1.196549216441433972e+00
1.782603026305325855e+00
-1.427172742979861075e+00
-1.570407962098431920e+00
2.827088260937301589e-01
-8.329694754088327047e-01
-2.230186127234472515e+00
1.032235740621721076e+00
1.462276654186869917e+00
-3.388401507894233111e-01
1.764371994069039995e-01
-8.086632296738667236e-01
1.066101099995010237e+00
7.663289422517902683e-01
-1.915663974654670809e-01
-2.081515814497144845e+00
-8.138114261818486517e-01
2.951019298567998383e-01
-2.104645526551203183e-01
5.177559888833609403e-01
-1.070293091336108837e+00
4.809496239725603028e-01
-1.128027004446586989e+00
-8.529401340564496392e-01
1.563636478604763180e+00
-4.512670314098168878e-02
-6.895436896932800597e-01
-1.925871266388718417e-01
3.275672513876154990e-01
3.594883078752082461e-01
3.302958626092018513e-01
2.569838742537481124e+00
-4.079450792585463392e-01
-8.250447962684624992e-01
-1.647575681384236823e-01
-3.569774864863254349e-01
-7.097444900758483888e-01
-1.517027398022812834e+00
7.149115109487357289e-01
-3.587885626284789686e-02
2.058613052303670976e+00
2.511379308417061584e-01
9.196369089475636693e-01
-5.052366034466955202e-01
3.102292839735302232e-01
1.063358944162616115e+00
1.391245937652868081e+00
6.592296316945922552e-01
4.567548696962597798e-01
2.530608763846090570e-01
1.179756470116995137e+00
-9.437112134657860141e-01
-3.411996349645506355e-01
9.405372584947608861e-01
-7.007687470047327949e-01
1.144057567564249256e+00
1.430674008138173026e+00
7.339377884718029099e-01
-2.350578779133371654e+00
1.091246308418892363e+00
-7.449365218702258540e-01
-9.183963082651465104e-01
-8.927440077672086360e-01
2.712287026008859403e-01
-1.149351253974784770e+00
-5.956412291650281521e-01
6.316938621072030191e-01
5.643796490737383598e-02
-3.513914585375024768e-01
5.909287877276245826e-01
-5.025870106237850798e-01
-1.632411257969437202e+00
4.128504216658869519e-02
-3.126796478945343960e-01
-1.461905593012181315e-01
5.168695720221403445e-01
3.326685519011054470e-01
-6.326114809050866761e-01
-3.460406887614003724e-01
-5.373513904526135976e-01
1.604525327027128134e-01
8.341713339873234601e-01
1.362953154497947184e+00
-9.010242634397247485e-01
9.025743803688096589e-02
2.302038509137600275e-01
7.431658562525229605e-01
-1.077399070749814058e-01
4.478949898603746815e-01
-9.990164666946642624e-01
-2.888506796113265440e-01
-1.231416033813287125e+00
-6.215060201460136380e-01
2.762698467164882210e+00
-9.330918922927619041e-01
1.619000770579581694e-03
9.796348129149341499e-01
1.823887477320683237e+00
7.153005864904125044e-01
4.486106144465676349e-01
-1.304909410545497694e+00
-1.503719682261327906e+00
-1.799108315651465617e-01
2.049204921260120438e-01
-5.917917303178016342e-01
1.002808414008332871e+00
4.025631317336206272e-01
-3.050200014849109298e-01
1.550308651286016248e+00
2.504329174021755477e-01
-1.121213202710274359e+00
-1.274412158481454393e-01
8.701865798330284951e-01
1.263286420505604024e+00
1.215809553278973887e+00
1.673140608894148618e-01
-2.049993058950714264e+00
-2.889895322972307889e-01
1.786299679052254952e+00
-1.236577016265088202e+00
-1.167595779417317237e-01
4.289770080847840061e-01
3.301918469875020357e-01
4.913139088421434875e-01
1.006143389935571397e+00
1.692695675526822985e+00
-1.180209862178471791e+00
-1.330952913663641546e+00
-1.013780355893409535e+00
5.682980679571545402e-01
-1.374530501027027007e+00
-1.609939569871662757e+00
1.266656580723671544e-01
-1.767486059764996620e+00
-5.648597503930437025e-01
-1.212261137947942657e+00
9.614287188861793121e-01
3.489313805826384507e-01
3.431721162117435386e-01
-7.693356102116224449e-01
8.808878477051368394e-01
-6.415652974810677200e-01
-1.993426464326158998e-01
-5.084023460751496692e-01
-9.827443731105525160e-01
6.878243697555854741e-01
2.416614949614686036e+00
-6.359011109822033936e-02
5.945736890422494980e-01
-8.147993411288204646e-01
2.236402785689646788e-01
-6.554389708643980350e-02
3.710242134472831466e-01
-4.327667874681203619e-01
4.093158208770401596e-01
-4.112198986256355160e-01
9.725983919622221974e-02
2.812306797312604800e+00
-1.117273275392550946e+00
1.524758055248675581e-01
-8.145676002379852454e-01
-1.271863059622473924e-01
2.023158324220689419e+00
-3.812518233049092542e-01
-1.452622678444790649e+00
6.691532418316186170e-01
7.261976961880324266e-01
-1.037344285615841466e+00
-1.919764438890559366e-01
-9.017480863275652292e-02
-7.977274919545422893e-01
7.741102231961661806e-01
-4.370524519696721844e-01
-1.562644467016198746e+00
2.111260017358886465e+00
-4.681091181158149039e-01
-1.402172832718719064e+00
-7.872180994670340271e-01
9.085770457138859779e-01
-1.585883817747150148e+00
-1.080397434720436145e+00
-9.631849498064430914e-01
6.796467361815694552e-01
2.560671439700943797e+00
9.401803075302616053e-01
-1.738291706239966372e-01
1.609825129068881644e+00
-4.437049659948196223e-01
-5.986405361819092663e-01
5.055944558637636144e-01
8.831934171743196504e-01
2.278902056187564334e-02
1.112261087487271149e+00
1.712651728006852725e+00
-2.219837109742471615e+00
8.674616488358108946e-01
-2.450633519494129220e-01
-1.064018001707719874e+00
1.375221791590967302e-01
-1.529751765952177323e+00
6.539492885607754991e-01
7.508911199576424611e-01
9.697943032323608215e-01
9.608034305292247890e-01
-1.232675359223449396e+00
-8.198750024355460075e-01
-1.474371149145116799e+00
9.050327486518903175e-01
9.610385459639652073e-01
5.878283310397196537e-01
-1.508301150577501915e+00
3.950540986092977436e-01
2.573994350896822159e-01
1.413106174664466863e+00
-4.691527310349418722e-01
1.689159008428254616e+00
-1.052399789363354654e-01
-4.504995794697718159e-01
-1.449615670801387701e-01
1.532744389273267838e-01
-4.573215112058601761e-01
2.637767750457615801e-01
2.992724105884329577e-01
-2.692181491301938179e-01
-3.196894487347726743e-01
7.241786107448076049e-01
1.949201469717210256e-01
1.833367754557320595e+00
7.409047565435240568e-01
-1.307496378422852601e+00
2.925307189123294016e-01
-1.939625534699533249e+00
3.137893190079162897e-01
4.396803524949994824e-01
6.109776098042374315e-01
-1.352859314746151842e+00
-6.424761107759106027e-01
-9.915419658543282999e-01
1.137259445603387764e+00
5.003148218741915176e-01
-8.069326261000755451e-01
