-3.021354751500766600e-01
1.255491903031237255e+00
2.305147921962550084e-01
9.816159606382194314e-01
-1.486516328097342576e+00
-8.838664221406240529e-01
4.310860906345889143e-01
-1.494754591779867470e+00
-1.775895003618117585e+00
-1.326212460109893021e+00
-3.530168553111164842e-01
2.726657569445901652e-01
8.254987108002184160e-01
4.213533918822182089e-02
-7.534177414312289711e-01
2.853142439807164199e-01
1.057247151192519663e+00
7.407903669803944657e-01
-1.571433060467162024e+00
1.431946543862228083e+00
-3.512653785085612657e-01
5.128099004518510418e-01
-1.806526027424232017e-01
-1.191507501796944313e+00
3.264456172152772617e-01
9.997277758906979450e-01
-1.789577294650242179e+00
1.840422365430449680e-02
-1.411010643027478917e+00
-3.838032682159833731e-01
-1.762479502070725124e+00
-2.438226280425133397e-02
8.162337410277995531e-01
8.303475842695493547e-01
4.380419204855037774e-02
8.683729054804341096e-01
-3.139086186001600609e-01
-1.487057075365784797e+00
1.556128907992973431e+00
-9.081487379875709254e-02
8.011086789083065041e-01
-8.628522615094332826e-01
1.949155444570261464e+00
5.638180893521862469e-01
1.465339664121845464e+00
2.093427720907923284e-01
-5.520750425710354570e-01
-1.402524292489695679e+00
-5.596549014298570768e-01
-1.891491617794903990e-01
-4.377834537483992206e-01
1.687793443344821398e+00
-1.555153177609270632e+00
-1.999606318149412254e-01
-8.043872705474413021e-01
-2.036076754262915678e+00
3.415284925878406264e-01
-1.855166207857072314e+00
-5.041742088208261974e-01
-1.076947364428307408e+00
4.644599397397206064e-02
-2.474190012327546206e+00
9.336647150791731464e-01
-1.798125131860325521e+00
1.334238154916229879e+00
-2.973577204559363363e-01
-3.277556021378583040e+00
-4.132074339401541341e-01
-7.423248965796309662e-01
1.178599909675928981e+00
-1.254785684311649774e-01
7.362531411052648800e-02
1.084417241545776678e+00
6.999140957274728736e-01
-9.105645242633566561e-01
4.052996009725729487e-01
8.838476895652663812e-01
1.582632576631375354e+00
7.036274673601592422e-01
-8.359518628464829293e-02
-5.123766671165234099e-01
7.355882033469088310e-02
-3.707860908426120483e-01
6.905801880360847855e-01
2.022587979919972412e+00
1.413105414190830023e-01
-2.609772562436132759e+00
-1.895159848208869624e+00
8.751078876701208209e-01
1.827940970176093805e+00
-2.330173384946241821e+00
1.556939713740710829e+00
2.090160948247219430e+00
-1.707045043250499328e+00
1.601545366054027308e+00
2.127052114503297453e+00
-2.798960258884229668e-02
-7.319220336225242818e-01
1.194241633211879705e+00
2.957954920385982067e+00
-9.589129991760876326e-01
7.045573541527297978e-01
2.028701785943149538e+00
2.311594747464869481e+00
-1.549262080707392908e+00
-5.767003625394860888e-01
-1.338473822848997297e-01
-4.314835035718208450e-02
-6.844819334471859973e-01
-3.615702317572165869e-01
5.120301096145861708e-01
-4.638378366284932608e-01
-3.552985548770561941e-01
-3.107446731911538418e-01
-2.750671402143683997e-01
-1.053637575999867959e+00
1.283126880615837573e+00
9.656510118291821154e-01
1.030261306292732160e+00
7.308559876048882353e-01
6.107462317687881725e-01
4.592929430692964665e-01
-2.089461897879875796e+00
4.016564241558043258e-01
-1.742711068327006618e+00
5.823472536565782454e-01
6.414646186178047937e-01
-2.011942033443478106e+00
7.707081197929961658e-02
-3.397699522416408602e-01
2.652593661621005516e-01
3.812531341663858431e-01
-6.587610848910121497e-01
-1.522682199403621039e+00
6.219003938637717166e-01
-3.902078782332402129e-01
-4.530374481360666672e-01
-4.763324357660999597e-01
-2.055596899793113330e+00
-1.156215651252654242e+00
9.400378672246206824e-01
-1.769986698099846656e+00
-1.008117639463055548e+00
-1.687828679674005405e+00
-5.604803297865379452e-01
-1.098717563580176027e-02
-1.030029878392520137e+00
-1.281906193536570315e+00
1.027354233807944883e+00
-4.914886858490961907e-02
-8.606421928038157088e-01
-6.938993106369550912e-01
-1.417771258081414743e-01
-9.370191836189571966e-01
-1.100880743083318514e+00
-1.282070839422512654e+00
-1.279590873904143278e+00
-1.305548320085333058e+00
5.231410019820069701e-01
-1.106061893607621638e+00
4.769151500925795650e-01
-1.221161445543951674e+00
-1.620713856232875338e+00
1.009057966247400850e+00
1.826447367603807603e-01
4.588999282772336374e-01
1.656309279552568903e+00
-2.246196219340345079e-01
8.118144315742835682e-01
-1.278141028340755714e+00
3.845496604126578122e-01
-1.180584086413869693e+00
9.268549613530839837e-01
5.608564745001982654e-01
-8.776063856778684169e-01
-2.984066561452859700e-02
-1.593835307198086859e+00
9.568051758852215150e-01
-1.016765042526326157e+00
8.329049631191484115e-01
1.547113439819771896e+00
4.675036216325886285e-01
4.074911713443170602e-01
-3.738309714193595035e-01
-6.048945635024010059e-01
-4.659495972572652578e-01
1.871707260252675420e+00
-2.106009217110317522e+00
4.809867883529860833e-01
-1.081328332273138848e+00
6.745818414941076036e-01
-1.404932737838848755e+00
-3.006077332095573151e+00
-1.025955147227951780e+00
-2.039003752979840212e-01
4.591263158123672361e-01
-3.693434910426782736e+00
5.035658989820015474e-01
-4.734493553905532170e-01
4.290310950244593524e-01
-1.255692972275144481e-01
-1.568890908040966092e+00
-4.030912622658294753e-01
1.045854752438312607e+00
-1.683672601848547334e-02
-1.339588947091619797e+00
7.786380048555481270e-01
-3.045824915648683295e-01
-7.986373282159979770e-01
-1.965629374884214187e+00
1.150847875413436361e+00
-1.211051210959935842e-01
-3.212353858930570571e-01
3.934759442388350847e-01
1.301681782727078129e+00
4.438026983692328620e-01
-5.929000466828524551e-01
-2.055983244483567507e+00
7.663801442477696790e-01
-3.480127413252534496e-01
-5.348900752979714179e-02
2.951837238422891474e+00
8.115888169379108508e-01
2.673837042273012332e-01
1.194402988589351455e+00
-1.774466900892994747e-01
1.027591112089520087e-01
-1.425745687418753072e+00
-1.479649819534766486e+00
1.913096388463169761e+00
-4.288238268303969924e-01
-1.806922079246802371e+00
-1.558374815687582626e-02
5.257025830536714572e-01
-9.345719801540885996e-01
-4.929514218405589565e-01
-1.658830183788557733e-01
1.176895580904026684e+00
-2.615484142711627658e-01
-8.578481834475927270e-01
1.264289871047664215e+00
-2.176793235863516252e+00
-1.213371799562138753e-01
1.210082514649153618e+00
1.608900744686189155e+00
-5.060619561308561387e-01
2.553964031410808300e+00
-6.864128825847662929e-01
2.332063446024090214e-01
-4.692041664379316135e-01
-1.958271977955172716e-03
2.005171047894762637e+00
-5.091293384145318540e-02
8.163678087784937976e-01
-3.576627464945775214e-03
-7.195824602234484058e-01
-1.001664147784699477e+00
-2.348084379326963456e-01
2.432594746554457843e-01
-3.770731243905914298e-01
-7.454237647129439148e-01
2.244262044474550355e-01
-7.141418691663403706e-01
5.517108821945979624e-01
7.359089856346793246e-01
-1.074737965423243402e+00
9.199422130219134797e-01
1.679759398693455141e+00
-7.630749466498229494e-02
2.290646980383400644e-01
1.581509283928289322e-01
8.879763317641032883e-01
-7.672729170855957515e-01
6.000118477215258261e-01
1.636249699974341998e-01
8.946687972213014373e-01
-1.542264623766010645e-01
-2.185830689520896986e+00
1.966384189477047961e+00
-1.694751616655012227e-01
-2.574594832437832714e+00
8.127878719535455154e-01
1.330221446108277306e-01
-7.727985313917683508e-01
-2.228731969849718997e+00
-4.367788567268470201e-01
7.456962310531772831e-02
1.405824308199965955e+00
-4.721905800660645691e-01
6.805473530833594520e-01
1.708094265042272575e+00
-1.367527961164755279e+00
8.868853838656277910e-02
9.357502921133632467e-01
-4.028484221171735324e-02
-8.502059476506627911e-02
1.405181005741819256e+00
1.596249391199378698e+00
-5.033100422092814386e-01
-9.260334429644652143e-01
7.927044552389802545e-01
-6.641213566182794237e-01
1.172268372589208907e+00
-7.586552738993217471e-01
-1.196920500188204617e+00
-1.601077884786085148e-01
-2.443517952368615465e+00
-2.766905728378879492e-01
-1.785590475323419746e-01
1.846396804193404684e+00
-1.474303207859191112e+00
3.441686432295004705e-02
1.764319351627282872e-01
1.813983831980243933e+00
1.555894887650622671e+00
-2.105475194156241514e+00
5.731016944436481686e-02
1.253203718447240544e-01
6.605010410022992273e-01
-8.350883135594477924e-02
9.223473640746974178e-01
-2.633277218589724078e-01
-3.887968465447224076e-01
-1.633852811384098658e+00
-4.755426810456910847e-01
1.145183170771445935e+00
1.032850627278101507e+00
1.911672794116057728e-01
2.023160354335273858e+00
1.523181703902555528e-01
-1.922855575053666222e+00
1.317498496278264764e+00
-2.578004609832474370e-01
1.123645455233828333e-01
-6.155098311028732727e-01
-4.468521072712302034e-01
-4.975202164447718456e-01
1.117338226300496284e+00
5.950442643686740807e-01
-2.568736679656502542e+00
1.673721932431057491e+00
7.901576522798690883e-02
1.218603522092246844e-01
-2.389870683426349007e+00
1.585458987972621525e+00
3.302009037061889307e-01
1.890382561456828370e+00
3.991770131169171121e-01
8.221408731318999852e-01
-1.374122384366131433e+00
2.660493717427142579e-01
9.823197259185071362e-01
6.110811658157700998e-01
1.111323142861000424e+00
4.477054089058582487e-01
1.366711341776642996e+00
-1.036645303742926405e+00
8.159591647158642713e-01
-1.096533422605921793e+00
-1.159139489741884077e+00
-1.786524904290667903e+00
1.255626516536314519e-01
8.578463243403940952e-01
-5.731194901816382137e-01
1.980148198526514358e+00
-7.228694176751129241e-01
1.883609713629377014e+00
-1.375144136850582566e+00
6.787747352747168783e-01
