-2.363177143249220458e-02
1.886233745547530594e-01
2.841587527147692582e-01
-1.243842537797162084e-01
-7.281902595430185254e-01
4.171166464132808338e-01
-1.177085399170505697e+00
8.561464609235103218e-01
-3.908625166362554859e-01
-9.270311792309356980e-01
1.644124818676189648e+00
-1.746218343299586362e+00
-2.786063552451148451e-01
6.867432455244286416e-03
-9.986383600421534501e-01
3.858876260830941818e-01
1.065389709877581303e+00
-2.525377830692951520e+00
-1.207912662238670443e-01
-5.254614577970481704e-02
6.860269411584059007e-01
1.857372204483578093e+00
1.173844726109791514e+00
-1.052615353353105521e+00
9.749340651843138028e-01
1.904867270041852301e-01
2.790290987336102591e-01
2.609973911414426584e-01
1.047997591922237293e+00
-5.999583343817811443e-01
-6.687778122539105308e-01
1.062532679566298821e+00
-2.437225288043378679e-01
7.787919790405317677e-01
1.321132142017151123e+00
1.258472770783821137e-01
-4.932608397727653721e-02
8.471513904994865118e-02
-6.159398602083036023e-01
6.576583527276224084e-01
9.003624929403654109e-01
-6.876544624549461027e-01
-1.176548280842213412e-01
9.745448137264892674e-01
1.404143158771733457e+00
-1.986719472434530509e-01
3.171472861267053966e-01
2.806645285477777918e-01
1.083463227353056224e+00
2.064947967829284803e+00
2.228974429314380390e-01
5.094621129840579687e-01
3.720804411587095850e-01
3.461697314871884507e-02
-1.687311868866969711e-02
2.397871078317810323e-01
1.008451822774653728e+00
7.903044754489952917e-01
8.054882332534731848e-01
4.171770315132654061e-01
-1.171326386140373321e+00
5.990839254437116956e-01
-2.499724711001023447e-01
-3.811551089538368631e-01
-7.427199256070298183e-01
1.617616604752562803e-01
-6.213500290502844692e-01
5.500296853194249769e-01
-1.034545293814852496e+00
1.298281837015404117e+00
-2.639878582127982987e-01
-5.984555037109964282e-01
1.372925178916587052e+00
-5.049067016822555987e-01
1.536020706107971145e-02
1.164387331425550842e+00
3.096467959054510777e-01
3.822422033244533779e+00
-2.996331999540746693e-01
5.781106480806518233e-01
-4.077341916443791847e-01
-1.862308256576565402e+00
5.158788130089312363e-01
-8.041415103108116025e-01
-3.250468782945694635e-01
1.752731798137912911e+00
6.587631671825464608e-01
7.460879683600583068e-01
7.643504294189722437e-01
1.151385308798932972e+00
2.866395927359877138e-01
-6.449376444307015621e-01
2.782262331146355683e-01
-9.954248249702736251e-01
5.016045172042066236e-01
7.243866665161211582e-01
-2.081213139690430702e-01
-1.173011466820114146e+00
-4.201748675500999175e-01
-6.863707741803261042e-01
-7.300167409999511747e-01
-3.655350423850276531e-01
4.590215830641725669e-01
1.023392652460232699e-01
2.038396338079902503e-01
4.002326090352606447e-02
-1.028004916591080509e+00
3.457970246691243199e-01
-4.719585311516064086e-01
-5.660253085126929484e-01
5.853633248161624891e-01
-9.489438557177098943e-02
5.826494007659314134e-01
-1.521760080653785652e+00
8.702613144877435758e-01
-4.420099144134604918e-01
1.467851756039059985e-01
8.409884394953853759e-01
9.662451596552033006e-01
-2.611797161676272516e-01
6.142849741685362241e-01
5.235648234381518051e-01
1.001897648860166079e-01
3.589523716187072999e-01
2.209488346680612558e+00
-6.772770236374732189e-01
1.173729280880322134e+00
-2.198838833914267266e-01
-4.436924146148212844e-01
6.187894313583375272e-01
4.918645512691121047e-01
2.331030848881454065e-01
7.907269528973379091e-02
1.991114245064074528e-01
-7.809792559354460373e-01
-5.050193712782528044e-01
-7.444554467621128380e-01
-1.270217401552849790e+00
4.668840826619243822e-01
-4.948182105112365892e-01
2.508724757372162717e-01
-2.959190790544834471e-01
2.110140873065015632e-01
-4.371458327484066819e-01
1.575531868219520459e-01
3.730975321227332775e-01
5.697831682348197119e-02
-3.445598755322687445e-01
-7.304073867620808347e-01
2.314615619416052539e+00
-1.526834811955579019e+00
4.261775644432768129e-01
1.521689366909865782e-01
-2.387967594836406082e+00
-3.587268004907135377e-01
6.317314071566941802e-01
-1.871330823949754751e-01
-1.500442117738093328e-01
1.095392761518247271e+00
1.586559335993878994e-01
-3.842615713841230907e-01
-1.559456335857168363e-01
-1.152174621080161554e+00
-6.315087119421283202e-01
-1.832471737203118789e-02
1.092948503674073146e+00
-9.558626052993997035e-01
-7.097812313448019772e-01
1.188076480703853743e+00
-1.292438682867432576e+00
-1.908167237539624139e+00
1.483985456965355443e-01
1.114357843870282250e-01
-5.632783553993737646e-01
-1.824341324195939862e+00
3.490821482843137757e-01
-1.356187213402219593e-01
-8.846550525811776033e-01
-1.481759353004250768e+00
2.687789978904835397e-01
5.723178299315484496e-01
3.397220431910653593e-01
-1.447386645779979997e-01
4.271499775585074765e-01
-5.568475788493862932e-01
-3.071366722623986023e-02
-2.032920227077815167e-01
