6.387091303331610126e-01
6.006888552104467927e-01
-7.802901806753810288e-01
1.450469333140977257e+00
4.462626548804184412e-01
-1.123666354480631346e+00
5.777921498218472340e-01
-2.332388654185457710e-02
-4.947003186159729005e+00
6.876115432124537685e-01
-9.365421634792818750e-01
6.305989117339398931e-01
2.546323893491889478e+00
9.118956710829726475e-01
6.723930824944551743e-02
6.759584903517769083e-01
-8.450636529120271467e-02
-7.037932272646179044e-01
-8.714937423105610925e-01
9.048190423483343237e-02
2.539902079188736117e-01
2.989175547407836309e-01
1.314053013634350342e-01
1.224613933397946441e+00
7.131364742252856992e-01
2.003380917050846755e+00
8.096532090429674478e-01
-2.679946925794550738e-01
-6.561734075212477535e-01
2.570851780586594360e-02
-2.330923804366742402e+00
1.171191067360876498e-01
-1.048488594627926096e+00
5.621369211380349007e-02
-9.017443859210455548e-01
-3.134557083889606410e-01
1.334657032360395679e+00
1.041040724608486845e-01
-7.567288838889967006e-02
8.184646102020348701e-01
7.817952060632830102e-01
1.048371389508466978e+00
-1.537879827649739184e+00
-1.884445646699791088e-01
-2.248530733037498841e+00
-1.374259714977432267e+00
1.015923471566484437e-01
1.299752349410774999e+00
-3.904591410053736000e-01
1.723477228193489141e+00
-7.965463267470874742e-01
4.116817856365032613e-01
1.516064897423533564e+00
-1.612087085971329214e+00
-4.001424858986728506e-01
3.942364911263922522e-01
-3.429835158198502043e-02
5.705200604851607959e-01
2.278475764882749388e+00
-4.693427066825352906e-02
-3.955787651259011106e+00
3.060775219161888661e-01
-2.942450440533981859e-01
-1.538219630081212319e+00
-8.831623282602204528e-01
-5.116055185604059252e-01
4.114708193381346746e-01
4.623484153823476106e-01
-1.256312101964290662e+00
-1.248950556836582182e+00
-5.989407252747723787e-01
2.657077948084076269e+00
6.683854986142545584e-04
6.271580596291308485e-01
1.360838538288916544e-03
-4.304332406286857093e-01
2.826614461357040975e-01
4.971246310214116892e-01
3.984003890639289946e-01
3.807556905771742883e-01
-6.419377643034337444e-01
2.789458400006852301e-01
-1.234865995852916898e+00
1.715853609032153892e+00
2.534403477653131287e-02
-4.456336447684191779e-03
-1.369633402143238983e-02
-6.647378409575721570e-01
-4.133994835703985182e-01
-2.055049580941158971e-01
2.796649771544934548e+00
6.090941797626020504e-01
-2.765438802552948605e-01
-1.075243306130671650e+00
3.696575915408912838e+00
-1.043066847579388723e+00
4.837322383192252939e-01
9.669396803955211672e-03
-4.991548758891549697e-01
-5.872827740385131445e-01
-1.162765533354589653e+00
-4.316224772252913455e-01
1.098443172578470461e-01
-1.156511784760430317e-01
1.042417019548415924e+00
4.205821819782877280e-01
1.710565395574869640e+00
5.286978723376629663e-01
7.554200859260787881e-01
4.532193649750301034e+00
3.741160345362536388e-01
-2.371750109456231215e+00
4.538432645492105899e-01
-8.561590373304188706e-01
-2.585552433312130471e-01
-8.275510993625894152e-01
6.394664687238942324e-01
1.551557473752196215e+00
6.008634204245545396e-01
1.907941814076694609e+00
-6.683875235654935798e-01
5.273609341479918999e-01
5.628315475146894453e-01
4.606700887030254488e-01
-7.512732199700223878e-01
1.179007540101375540e-01
7.352196949194713671e-01
-5.419652476339686942e-03
-4.205505175065522572e-01
3.945621949166056019e-02
-7.123646710134667881e-01
-3.721814498686655259e-01
2.738615345578039317e+00
-4.590353780465411537e-02
2.644330858292081476e+00
-1.572616273583459456e+00
3.123661132667516216e-01
-1.683395434001875524e+00
-1.634166725405001408e+00
1.934999052682293330e+00
8.986250612843997843e-01
6.177415619740490860e-02
-1.128391960473267286e+00
-2.049247126245924977e-01
-1.383992142151360683e-02
1.658561467579029447e+00
8.343710061788834897e-01
-8.894126553082055686e-01
-1.397186545220233000e+00
3.389044500441257823e-01
1.815202226806137853e+00
-1.756467469085339683e+00
-1.103156328104870632e+00
-1.598853309701229852e+00
-3.782668785507478093e-01
2.376221153848303014e-01
3.848183481729678390e-01
-2.639453051021968255e-01
-9.203020532891288408e-01
1.263263173003819517e+00
6.457412949641744282e-01
1.400385406120755238e+00
-9.421729392952936655e-01
-2.332796634887744636e-01
-3.129546773530744730e+00
-4.853079767770573927e-02
-4.570292968598035355e-01
-8.306794512809382303e-01
-1.969212780054474310e+00
-1.804035319597442899e-01
3.235310483863619524e+00
1.771013837153531112e-01
4.549329620911427008e-01
-2.159210882046021795e-01
1.030095871344690051e-01
1.953167503134663141e+00
4.123826050707034563e-01
-2.815564060410808089e+00
-5.668949991575444880e-02
6.518619200830368943e-01
-4.518740953288348794e-01
-1.861932395926366945e+00
-2.533507493186971438e+00
-1.928266949864666957e+00
3.691919150107728420e+00
-4.656945629293974820e-01
1.162837164458308870e+00
