3.231056894465506590e-01
-8.125428363617037686e-02
-1.180034635223791151e+00
-2.308626211088432800e+00
-3.057070662784132087e-01
-1.122228254834283928e-01
6.200988301128487201e-01
-4.435750673844060188e+00
2.941553439788963331e+00
-1.449576868261286400e+00
1.014576993287538365e+00
6.260985904197929885e-01
-3.683421883644099060e-01
-7.824827586981316641e-01
-1.845595507394789170e+00
5.836873494729268724e-02
1.147512443264853577e+00
9.275128634163869457e-01
-3.671523246287173858e-01
-1.000148144633292713e+00
-2.085459466188784028e-01
2.963821276964029305e-01
-5.635766862244163677e-01
9.664758042712077168e-01
-4.802355771233323689e-01
-4.337345109092421991e-02
-6.029443897038015976e-01
-1.126707475135196868e-01
1.060692661667554049e+00
-3.317299473814627753e-01
1.591266649391515908e-01
7.964581918571137509e-01
-1.153580156344782059e+00
2.773013940883863326e-01
-2.130384328246857084e+00
-5.404676823610963243e-01
-7.759203602605539984e-01
-1.073094282996450932e+00
-6.296722830212108102e-01
1.055819747046353063e+00
6.520562906649853829e-01
-2.797634145398620653e+00
-1.326499496033852088e+00
-2.401407266347166669e-01
2.085113234433828566e+00
6.114183056177724396e-02
1.059042705837774268e+00
-1.680612499505459712e-01
5.617742926246012125e-01
-4.732479694231507827e-01
9.049273781328104338e-02
-7.355014810927785751e-01
-2.372639692565333913e+00
-6.666003029245919365e-01
-1.426627451903045962e+00
-1.641413683363087239e+00
-4.207982807689477411e+00
-3.924021287905753441e-01
-1.171310894442349371e+00
2.712998639238192178e-01
-1.293346540492386065e-01
1.942562616199362824e-01
3.477973661269571637e-01
-5.414558146365924807e-02
4.175710105213840118e-01
1.930820623376145573e+00
-4.973532444276642095e-01
8.235551274194914395e-01
6.508217730411031132e-01
-1.566447963729800941e-01
7.857480312348785745e-03
-1.477389285628737836e+00
-3.097839102971760017e-01
-1.849953869152873021e-01
1.169195728244941446e+00
6.232151903759866607e-02
1.055019514024519711e-01
-4.443020380683399551e-01
-2.084597089699168126e+00
-3.866558344225963229e-01
6.447658093270566271e-01
6.130294392674084936e-02
-4.284747185280776693e-01
4.584060509594887201e-01
2.080538190042382496e-01
9.466280525011272484e-01
6.529683461603991157e-01
1.678247158279422557e-01
2.104186417477532878e+00
-2.111551136051531552e-01
-5.882694704110643658e-01
-3.167151515624823110e-01
-7.703878330889261106e-01
-2.314793989310572064e-01
-4.032525386375992310e-02
-2.686320431472282166e-01
2.596927741826682290e-03
7.119957068560435198e-01
9.876142961992541158e-01
-1.374963072892764759e-01
6.402991091915988253e-01
-5.322178145528955878e-02
-5.463535605984616295e-01
3.708116871888675892e-01
6.557538882590249196e-01
4.739077066983102826e-01
7.011768320716046388e-01
9.959796756902429271e-01
9.006431301646471432e-01
4.956235599059765629e-01
-1.038908936796019589e+00
4.084500995222521524e+00
-2.553579070213703450e-01
-1.397536954664234221e+00
-7.084821980673106090e-01
1.136588547709814989e+00
7.834591436512919893e-01
-4.699605645807650722e-01
-2.863931109413607456e-02
-9.617052084426909175e-01
-6.149349145610047973e-01
5.939680390135705368e-01
3.150906850463913167e-01
1.140528118211839637e+00
-5.926571107831311025e-01
4.978353395497500666e-01
-4.875131341933279794e-01
-4.214900414272301776e-02
4.649316941962301497e-01
-6.305181184719336196e-01
7.082429654501581906e-02
-1.555523064763361774e+00
-5.480163074816186697e-01
-7.171705147030466021e-01
7.798225649574785923e-01
3.555252278252158393e-01
5.653770479930807502e-01
-3.049441318991261141e-01
-3.029486074061870648e-01
3.195162844225155396e+00
-1.082427537395639350e+00
-4.568358759614974396e-01
8.734198772023168411e-01
6.314940075871093850e-01
2.989407982678894182e+00
9.709378042449180457e-01
-1.960245774351942472e-01
1.057150197681496484e-01
1.223120167173749051e+00
-6.399005144580808269e-01
-1.497140741846821888e-01
4.994960628875014241e-03
-1.961531780605513475e+00
-5.128910608559312800e-01
1.877831417764874500e+00
-9.135806328331832482e-01
-2.104038551037086258e-01
6.389505692583821173e-01
-7.230528136269073203e-01
8.697336452059658551e-01
2.607950739714720023e-01
4.738259999216101748e-02
7.100795075982869742e-01
1.279875067556141000e-03
5.778396923675744867e-01
-1.209816455883315101e+00
-1.614603860806470337e+00
-5.841533999428114576e-01
-3.673629974465256742e-01
3.097538286121611639e-01
-3.071827458297529123e-01
1.059079908064458897e-01
1.295239700172284181e+00
4.340748985915507951e-01
-1.005627658828150417e-01
-1.134754045218865082e-01
3.966330553706792772e-01
-1.255937894738390792e+00
2.019276974138445535e+00
9.220241415320606926e-01
-1.111098123969366025e+00
5.041204234156007047e-01
1.667806440002063351e+00
1.074616494105622433e+00
3.594686015962018644e-01
6.874571485500971524e-02
1.023203901563014551e+00
-6.429169910797480902e-01
-5.810141658165651757e-01
6.881907125550202897e-01
-1.453940964104315725e+00
-2.319807819798080928e-02
9.281674412667531016e-01
2.087262668094098661e-01
3.241501795261039209e-01
-1.497614422915717780e+00
-1.475116308353825179e-01
-5.615126435391598614e-01
1.283499473888288556e+00
-7.643744897586663978e-01
7.892055746096560132e-01
-2.664814501923783441e-01
5.537504176589007621e-01
5.783996659807618679e-01
-3.426396355212797395e-01
-3.622992212933382472e-01
1.876315849489783028e-01
-1.319311840525498658e+00
-2.681983863320960282e+00
8.438092439777095111e-01
-1.141543648203143579e+00
5.080359863528745024e-01
4.757079269401409682e-01
6.557020514168263592e-01
7.459497591787640491e-01
1.691431469777544550e+00
-1.308084159274782166e-01
-4.743117650762170845e-01
9.637112824422361390e-01
-9.802873881359794317e-02
-1.527749912532754273e-01
-2.338582770128448396e-01
-8.971222830410395810e-01
-4.827143744366344524e-01
-2.602652616140531006e+00
-3.978197975740279113e-01
-2.125100008791432682e+00
-7.041375300472514365e-01
1.078974169669222050e-01
-8.981180609043267760e-01
-7.163283643459475991e-01
2.135293242159352456e+00
1.237247024533437489e+00
-1.427915612248308541e+00
-7.244857985189812055e-01
-1.212477136544723777e+00
7.289382437372536883e-01
-4.638466539851524018e-01
-2.101321062291481856e-01
-7.914697163251271927e-03
2.067984416631021005e-01
6.058579876514964546e-01
2.818541757336007758e-01
4.283750128553350800e-01
-5.666840146169064285e-01
6.544193765913612904e-01
-4.856444708744145800e+00
-8.626727825621294254e-01
-1.651057311787192117e-01
1.218735138672599083e+00
-2.013384944818408240e-02
-3.520622077062771083e-01
8.551461594921989651e-01
1.434029567988147846e+00
-1.587899329208517230e-01
-6.512926872750451901e-01
-1.766523890920741025e+00
2.223460158745306892e+00
4.370171485957244362e-01
-1.247573255390132196e+00
1.003729024360734190e+00
-1.870579855227442745e-01
-2.296594089184897935e+00
2.168768652194110746e+00
-3.416405981315324136e-01
