-5.072186504267133245e-01
-9.394848653960375939e-01
6.673364276332056644e-01
-1.490898837373457964e+00
4.023413371917947678e-01
-1.619877743384483093e+00
-7.867879030753370806e-01
6.783782654789884958e-01
-2.457006769729228601e-01
-7.377018528887357984e-01
9.194324014741822593e-01
3.497096312109735927e-01
-1.135067040058120647e+00
-2.732776869759881988e-01
-7.902981344304019773e-01
7.990330284145420459e-01
3.642594334707881520e-01
-1.705788338293554307e-01
4.822954383162743608e-01
-2.679214117886988267e-02
6.121047579290991303e-01
1.365048227490142763e+00
5.570377104214399022e-01
1.116474268402947168e+00
-9.157380960236983780e-01
-1.541259152629684603e+00
-8.025543891268366314e-01
2.054998587005016364e-01
-8.472131945132025388e-01
-2.105638044530970254e-01
1.011737056966404369e+00
-9.776970603230519807e-02
6.707314103777696490e-02
-1.386712904909018218e-01
1.841344171986420752e+00
9.403132561683301693e-01
1.053813473925438782e+00
-4.897716168560690697e-01
-1.507614317566043027e+00
4.747513545009970914e-01
4.746503302410395309e-01
1.063232680854460321e+00
-1.437497732206661549e+00
3.074405511061837903e-01
-1.095734203132429530e+00
-1.314208733890462000e+00
-1.049453298628986175e+00
-1.317244876593478553e+00
1.866950429327584482e+00
2.530522475406391525e+00
-6.906604537492698759e-01
9.655776388743610994e-01
-7.919401911784276216e-01
-6.065841958098052711e-01
-1.165741507094408380e+00
6.901513523754581048e-01
8.704486641131053970e-01
-8.624710878984085394e-01
-1.506178774677512822e+00
-2.554515750124716433e+00
6.387011081277452762e-01
-1.491837195056873844e+00
-1.776716728236915843e+00
4.156829014293728641e-01
-5.072912169008870764e-01
-2.448775366684485366e+00
9.889456636370590470e-01
9.173568780693200919e-01
-1.308422365669900111e+00
-1.101899868849840758e-01
1.441795367533049044e+00
-5.973058831450566153e-01
-9.011990625018696521e-01
-4.636293813029834787e-01
1.491707488485742417e+00
2.243788542959792853e-01
-2.461089008612423967e+00
-1.824164419017863525e-01
8.682030911479592383e-01
-1.067667559242716224e-01
1.786825622198170427e+00
7.959355729885812802e-02
-1.208218091167886643e-01
3.264033822413276442e-01
8.511088385976092741e-02
-1.172474312418907205e+00
-2.062912926259720781e+00
-8.393994547248834204e-02
-3.353667752565953064e-01
3.082843187149326702e-01
3.899047444347548685e-01
-1.408963719849388285e+00
4.319383344772455280e-02
4.226026314258238270e-01
-8.170293265992027987e-01
4.170094655528676642e-01
-1.595512521295937292e-01
-1.500646537575695882e+00
6.335158733713965873e-01
-3.222082585916200004e-01
-4.639938146631674143e-01
-2.040692047571815326e+00
1.092211109791189072e+00
2.202224126611128874e+00
4.899766735358915826e-01
-1.541576783388206806e+00
-8.948570122686229089e-01
-1.250373632355449072e+00
3.330297503392536385e-01
7.219681757438682901e-01
3.002529782393158264e+00
-7.257803470623761521e-01
3.598117466379689988e-01
2.685265246988208787e-01
1.126732837115569819e+00
1.193151708768419139e+00
-1.540714060712522482e-01
-6.369485780773281869e-01
9.557303554171263649e-01
-1.673585002894488194e-01
1.256655313869280699e-01
1.939545981990184131e+00
5.242014376261889819e-01
2.038353572534613023e-01
-4.591191291890495685e-01
6.594781610963761365e-01
8.140175856551986611e-01
-3.827322302213769789e-01
8.583654499154131923e-01
2.073669607757237188e+00
-6.095855024559473367e-01
3.358577709732222805e-01
-1.134681431058491174e+00
1.048231949948810859e+00
1.273505509371144206e-01
-4.589689084866991342e-01
1.818262257263088433e+00
1.891393816096793856e-01
8.750130036423970914e-01
6.098275096621857960e-01
4.715381094807176710e-01
-1.860954286376311329e+00
-7.709579147766780771e-01
9.842007187908546895e-02
6.440352223736946213e-02
-2.045379208266638049e-01
-8.577264970872676697e-01
-2.503348804367441449e+00
-2.320348258327273872e-01
5.074982725543575324e-01
1.040772071819378253e+00
4.700876037564861165e-01
-1.499195049643930577e+00
-1.488292120177452382e+00
3.165383667513657628e-01
4.081355532726309021e-01
-4.669609364616594815e-01
1.944331997233530229e+00
-1.891696889278902338e+00
-7.535800950006718013e-01
9.823148535880689147e-01
-7.610843507120468310e-02
-3.234422997562701185e-02
-1.835652094897176401e+00
-7.778988448708232806e-01
7.104122524446373488e-01
1.465880905454516991e+00
9.666031269578978513e-01
-8.439793406000524190e-01
5.216939099875375074e-01
-8.901745416665945987e-01
6.646596640281452473e-01
2.164335167574567897e+00
-3.777065092486027731e-01
2.444319166046446057e+00
1.296234764766782899e+00
-5.929600057520032497e-01
5.724628023629013684e-02
-2.963601286809395829e-01
2.525430742648512972e+00
-7.991259095531852985e-01
1.590988899542451041e+00
-1.795789342508835318e-01
7.811367812460562332e-01
2.144628552290710477e-01
-1.539393069519399138e-01
4.965397046500153455e-01
-1.343039324800017864e+00
-2.533831605357851124e+00
-9.438607903047214753e-01
-1.425744950694784574e+00
-2.002141992058798614e+00
-1.120282610730540362e+00
6.000210873184206317e-01
7.836960769012251138e-01
-4.176928969370197753e-01
1.399687203983409400e+00
-1.580961160423677958e+00
-1.199253056289402153e+00
-1.016587567465694564e+00
2.077162894459307019e+00
-6.834910007766681339e-01
3.022182796990261627e-02
-1.541430110152607336e+00
4.151270727034126473e-01
-1.091620323458766695e+00
-2.185716403211525327e-01
1.531230888777747490e+00
-8.829709847424632718e-01
-7.469608766950326662e-02
1.335214655353982094e+00
-5.403135228262817558e-01
5.785756327014462963e-01
-1.049458857907209719e+00
-1.539042410860076648e+00
-1.370017000825847486e-01
-2.268075827016401980e-01
7.612076971442465201e-01
-2.123567643456000464e+00
6.986400947243422976e-01
-1.537761176707774791e-02
-4.445019081183944620e-01
3.498159600928001378e-01
1.613260263701431496e-01
2.347224000444380287e+00
-2.914274771714940315e-01
3.741481185802808529e-01
1.834961097716673040e+00
-1.474874352481321704e+00
-5.389599714031644284e-01
7.260652876436560765e-01
-9.681518626643990100e-01
2.930490605148945993e-01
2.341942990664138691e-01
1.247499783252326300e-01
1.124132115576624846e+00
6.465676061283390785e-01
3.691861192733992825e-01
-2.375248257431424592e-01
5.495116818369872869e-01
1.237821498677821319e-01
9.282153824631835803e-01
-1.088793414464324094e+00
7.362471874589631149e-01
1.973592664930205465e-01
-1.219082983941580878e+00
5.079511989820751916e-01
-3.298835719658409715e+00
8.931091867770513115e-01
-2.057455323327846752e+00
1.060028398503019220e+00
-1.684490852670409988e-01
-1.094234754410276622e+00
-2.325347696816870702e-02
-2.181378317182311455e-01
1.332539093527700391e+00
-4.929703195007411054e-01
-2.120675824761238726e+00
-1.085353924486372801e+00
-1.007523060906655443e+00
3.265039075595892459e+00
-7.019184656249881638e-01
1.255621061047428544e+00
-1.574744250873550966e-01
1.458910780725615197e-01
2.246233844764918830e-01
-9.809713524492196246e-01
-3.373644603743360393e-01
-2.016642533564579232e+00
-4.732883266620376839e-01
-9.286169967210015086e-01
7.118170430057489950e-01
-5.643353068544829793e-02
-2.752210752209920397e-01
-8.944417285940023943e-01
-7.579795797151970271e-01
-1.626493395118260743e+00
1.176181935633360709e+00
-4.653688056853387822e-01
8.191302374681934673e-01
1.032155309567757140e+00
1.239811913824686140e+00
-5.577758110186116225e-01
1.450324320048500537e-01
-6.299807754511790314e-01
-6.910778400478014838e-01
-9.586604078039362431e-01
-1.116450041644409197e+00
-1.363429339589921740e+00
-1.105849169034501811e+00
-1.298587786057798787e-01
-1.517345538883278167e+00
8.130165954260221151e-01
-9.705182316158326994e-02
9.059882377495860339e-01
-1.398737045292893999e+00
-2.223665680411485712e-01
9.427282233610866369e-01
-6.052798032692982000e-01
2.330118240478006031e-01
-1.461090029503531840e+00
-2.469162927925908912e-01
-6.345823907082359661e-01
1.403013490865139712e+00
4.085828225804583047e-01
3.545560021924332866e-02
4.655554703518715032e-01
-2.300228661372889782e-02
-4.386270418029089013e-01
2.521013912940051505e+00
1.677407350294356947e+00
2.019296917529664337e-01
2.068934831039686562e-01
1.754797801473678143e-01
-1.527818393543590281e+00
1.132859449334179480e+00
-8.051586693017936947e-01
-1.416745255951121774e-01
1.952110031883711461e-01
7.258684645674660096e-01
4.959501832914171571e-01
-2.359532819573805229e-01
1.534350426201838591e+00
2.574508547784879475e+00
1.472358099539414766e-01
7.437664072254659975e-02
-2.222621212112506628e-01
-3.605338591918703095e-01
-2.505203517758693987e-01
-4.231609680004465301e-02
1.464745171508999633e+00
-1.508968430152539231e+00
-6.456032003725215018e-01
-5.790283676398507717e-01
8.580128545005260010e-01
-5.256277571840233254e-01
2.764958626912186634e+00
-1.230797973984297577e+00
1.207201133641454982e+00
-4.962404605839978444e-01
2.315369117598156556e+00
1.578707319347500748e+00
1.155952548760042609e+00
2.619228869005037486e-01
-1.005137692717230635e+00
-7.342890466812072026e-01
-1.848108339781699139e-01
1.375483247149540622e+00
-8.488532772117866054e-01
2.262868466033639281e-01
-1.032291308996848400e+00
1.130605634535093440e+00
7.918062499831660661e-01
-1.145028106897577752e-01
-9.040620064303256376e-01
1.382836526367058116e+00
2.975830976198886590e-01
1.566461672438707264e+00
8.310717783858154739e-01
-6.920302420131171361e-01
1.451082553391230601e+00
1.599758895710424733e+00
-4.451904743571977185e-01
4.871697343525194790e-01
-8.480153342115157589e-01
4.561791243865013779e-01
1.665166827379216952e-01
7.353450967017125528e-01
-7.875797651993123871e-01
