-6.643539082465317325e-01
-4.186779505496943665e-01
-1.170136722083411129e+00
-5.273357990095679515e-01
-1.365617576894864627e+00
3.039909717464163164e-01
1.178667949058887165e+00
-1.938274969150369231e-01
1.773413997391126928e+00
4.318361217890751558e-01
-2.160712332816006609e-01
1.141419930025720397e+00
-2.258097670150990277e-01
1.281609541807528840e+00
-5.073015806898037994e-01
-1.598530105868384010e-01
-1.146671991746186059e+00
3.534563209237871484e-01
-1.127936569161278185e-01
-1.901854633932500649e+00
1.579258281086050930e+00
9.697204843975020250e-01
7.798650205112013234e-01
1.411629313513931283e+00
6.453699078305841219e-01
1.926089705620459114e+00
1.493937546011042394e-01
-2.582998277937615494e+00
1.636433976365347931e-01
1.215863212637816382e+00
1.727569118317123120e+00
-2.881121131780726152e-01
1.394868424180021771e+00
2.038545862911201600e-01
-2.499461284535790639e+00
-4.748659286347541308e-01
-1.228601817062618284e+00
-7.302281039471344437e-01
-9.737730736800628284e-01
-7.420863046623857873e-01
-1.373461430118393611e+00
-9.419347909360595850e-01
-6.102768166855904175e-01
-5.415866772449730027e-01
-1.810620760077743308e+00
4.624042996659301075e-01
-1.428689175721484572e+00
-1.247762727209830169e+00
-2.348161478567240001e-01
7.815873562440291966e-01
-4.155882103755790397e-02
-6.652547094041871834e-01
1.602126756399890217e+00
-4.909246151621651788e-01
1.787286328757645149e-01
-1.338244895057711659e-01
4.463929347892751642e-01
3.368296581086859254e-01
-7.050571962293621375e-01
1.034316413533631795e+00
-5.873732857537784513e-01
-4.145275444310417834e-01
2.948417294828824531e-01
-2.397048850073244974e+00
2.463613962271567759e-01
2.371627674768428118e-01
7.756592886558417721e-01
1.254718676186931559e+00
-4.607514153076858743e-01
1.002399069346002980e+00
5.343148864693016975e-01
-8.642467610873099115e-01
3.230045354097522692e-01
-9.041716345663466381e-01
7.096988245740756263e-01
-2.049468168071849394e+00
1.420697790848592490e+00
-4.893207448331109988e-01
-4.880370975688105850e-02
7.887587062511997038e-02
3.006035616260561705e-01
-1.275215510043346878e+00
1.431002223672353191e+00
-1.443752384703557823e+00
-2.443189799199910972e+00
-6.935833771728572295e-01
6.976823919320197520e-01
2.555813483847617085e-01
-1.060209752999453636e+00
-1.448290940324614140e-01
-6.706599412530814819e-01
-7.674227003797893243e-01
4.962352371926481015e-02
3.418641105587825746e-01
1.652254221426933345e+00
-9.273882050339080640e-01
1.368044752299472089e-01
8.266986454539584361e-01
-6.714076845373714852e-02
-1.809745108368198574e+00
-4.864687572838446439e-01
1.157493514898992604e-02
1.853551353351378994e+00
1.677589842910593543e+00
-1.801467123746754107e+00
7.303815898584931077e-01
1.680896091755703425e+00
1.459873342574252275e+00
-2.627450138536385982e+00
-1.064591262046143294e+00
5.695335335859830206e-01
1.919530331704244475e+00
-1.035516655160764632e+00
4.473847521107267577e-01
2.583975989899737202e-01
-8.037396729878201751e-02
2.353280165944252822e+00
7.193093869043845068e-01
-7.990113750445786422e-01
-9.780035908246912379e-01
-1.203814215696528134e+00
3.269360941784355545e-01
-9.912329938739679047e-01
-1.205195147246261644e+00
1.091108581542836520e+00
2.395469282416395618e-01
-9.076233042688011121e-01
-4.525092137395771985e-01
-1.049779695424960746e+00
1.429869323523000668e+00
-2.604865714694398759e-01
-8.722365569990027379e-02
1.729960578926064807e+00
9.691791549688035801e-01
5.302626132409459236e-01
-6.906641469363341557e-01
1.581488118958015887e+00
-1.013618817794917470e+00
2.107726475415198752e+00
-7.365378990925773861e-01
-2.797548160489038427e-01
7.643169922568164854e-01
2.151080191704949351e-01
-3.761046442414391344e-01
-1.027107971017928501e+00
-1.357735217858558663e+00
9.140912051942454708e-01
-2.651434772841544163e+00
-6.985385444999508975e-01
1.094966565002052222e-01
1.178199875201801083e-01
-1.178027360659055223e+00
5.978240692093626796e-02
3.909443433865745776e-01
-1.379279044882831373e+00
1.062554350715883222e+00
2.005173770056030702e-01
1.717508345764556577e+00
-1.747686308173662106e-01
1.151805156022187859e-01
-1.391106386331519618e+00
-8.429553546717906132e-01
1.018012735184104844e+00
3.972411032562856992e-01
8.095023621145165382e-01
-7.856716234982017433e-01
1.955608887518930583e+00
7.320662268356744606e-01
-5.082013753370075992e-01
8.990049036253803250e-01
-3.110835674579093824e-01
6.017938221864738146e-01
-1.621288426507074831e-01
-7.106298073475155741e-01
-2.033660285360428865e+00
-1.718605754352872106e-01
-1.301865518849745218e-01
-5.288428961645986748e-01
-9.521351128924271379e-01
-6.896905885826746241e-01
1.533579211347782245e-01
-7.114249741207543387e-01
-1.197135825705889500e+00
-1.444008856939451801e+00
-4.593002608912699625e-01
2.270476278717288576e-01
-3.519846345401296817e-01
2.587912203029186786e-01
-6.633918705144397077e-01
2.137294225288050242e+00
5.285781563074339884e-01
7.239551188061938980e-01
1.778815323503269707e-01
-7.621674795894900489e-01
-1.913061989937058227e+00
-1.092395158498329577e+00
1.876132941143078936e+00
-7.856186591672910113e-01
3.065118523359551261e-01
-4.492617519274560989e-02
2.765174529076803722e-01
-1.485440261477353197e+00
-1.586117526082416462e-01
-5.594759939021423101e-01
1.205541050021180061e+00
4.108922674277601939e-01
-2.162281959695887767e+00
1.936763858501213909e+00
1.173881603977466881e-02
-4.103638886511879469e-01
1.075304795297942428e+00
5.372237699179942538e-01
1.268812911560176504e-01
-8.401145696497920312e-01
-6.839134814118701389e-01
-6.838429675887286452e-02
5.646634107519153956e-01
-8.824325750350899833e-01
7.667104810904687984e-01
3.818480086256615946e-01
9.471645342530811140e-01
3.193052811695533677e-01
-2.268421572151298193e-01
1.802313924060801487e+00
-9.058104276421966028e-03
-2.684170856612096978e-01
9.896391133876205615e-01
-1.432538169411352369e+00
-8.091315004280879020e-01
-2.131563482907639973e+00
1.750537341064352659e-01
5.107405767535527774e-01
5.513157007563016521e-01
-1.045971360155071084e+00
-7.217229345373685212e-02
-1.678897431947019792e+00
5.052454921542702815e-01
9.916232892235684604e-01
9.865849951053383693e-01
-4.246951812246394509e-01
1.328427540411604824e+00
2.429247893780512868e-01
3.041556170077799326e-01
3.940821594476431322e-01
-1.433400668787957688e+00
-9.515758062615842228e-02
-7.179819477063181798e-02
-3.629195205658162227e-01
7.776746655789665841e-01
-4.200932027265880109e-01
-3.498382728987131651e-01
-1.403021383367958119e+00
4.947099310560637564e-01
9.398113361504014662e-01
-5.562768975171661356e-01
9.153632274214105191e-01
2.929047312896111976e-01
1.567841418531256581e+00
-2.014860440390882523e+00
8.897449272849241586e-01
-2.408340616014834068e-01
-4.900091046964628050e-01
8.482843131363800859e-01
8.395335023569987509e-01
2.058806023324749879e-01
-1.462303323012751344e-01
7.866903516017889064e-01
-5.523142600649540990e-01
1.196503674303212694e+00
2.948401254585262810e-01
-6.179586601667504120e-02
1.021858655415051054e+00
1.289481118234350410e+00
7.732472597504689293e-01
7.376528565208221311e-01
-1.039350913996397174e-01
-9.160279099960548788e-01
-2.477227765039088092e-01
-2.131474997817044414e+00
1.004037643186510342e+00
-8.318670843621578381e-01
-9.082896253045549262e-01
-1.637450755902422062e-01
-7.216420595570993690e-01
7.246379882382867343e-01
-1.752458326364930985e-01
8.222534469891673581e-01
9.896747619416350616e-01
3.164288281960402349e-01
-1.417521293577975738e-01
1.574824719102348114e+00
2.227143936965880755e-03
-2.851806162807257183e-01
1.010963624772333702e+00
-1.119853705180395398e+00
2.268880965873207867e-01
-4.741954272131737591e-01
1.413567299860131410e+00
-5.467203010172650979e-01
1.161784446566871132e-01
5.042551482308281763e-01
5.733846472841407360e-01
4.798758402241405374e-01
8.947616163695590874e-01
-1.701093811705669090e+00
5.232437404545128290e-01
-4.958503632905045255e-02
1.032080985848813137e+00
-6.831716916448405952e-01
-6.278504115250744810e-01
6.349096402967449593e-02
-8.557887155436245674e-01
4.194054044882130627e-01
1.488826950665758098e-01
4.904017795188039264e-01
-1.359991694503134951e+00
8.725748159706142593e-01
2.025602583251878919e+00
-2.400037440270065936e+00
-5.608892812124226523e-01
-2.469937620399797140e+00
-3.825078457656710951e-02
-1.633118001834909183e+00
4.452129479304814397e-01
7.707850917431094961e-01
-1.939796893255841370e+00
1.072634495318417924e+00
5.527279138989529272e-01
-3.427957312366095022e-01
7.511534572897046180e-01
-4.006537020188357112e-01
-5.249761693508770977e-01
1.052999669374140135e+00
-1.058579755176426662e+00
-6.747029576470813250e-01
5.032437347410865236e-01
-1.012366306222323153e+00
2.698717298102316087e-01
1.433086955707855714e-01
9.237989037390478275e-01
-1.919216330796087000e+00
-5.863568138425270110e-02
6.231944721639268159e-02
9.189367880455060478e-01
1.223975690144568640e+00
-1.174407623828883224e-01
1.182367479155979506e+00
2.117536125316834827e-01
-5.014461527667173346e-01
5.069601816559321517e-01
-3.731606937287316184e-01
7.607952970635424306e-01
-4.780946735302941120e-01
1.167675700183639087e+00
6.420565182676358784e-01
9.122393958916990009e-01
-9.982033504115596367e-02
8.946882484005364011e-01
-3.647359454290648451e-01
-2.050057232574266308e+00
1.521239908475163327e+00
8.642379411674369627e-02
-4.828298121287680766e-01
-8.659449229348936683e-01
-4.514431548393504356e-01
-1.147592106324945460e+00
5.113021759993297000e-01
-9.318123975617164101e-01
7.935003195187101399e-01
