6.756829015148664297e-01
5.580294276982744606e-01
4.586809104929338021e-01
6.944545627181157865e-01
-5.706333020961843472e-01
-9.346741127319826981e-03
5.765066428252099140e-01
2.159499609923413999e-01
-8.856094226288310223e-01
-2.892396438712602214e-01
-7.936594482285380669e-02
3.251400877618060847e-01
8.094328633610752277e-01
4.751172902592595837e-02
4.998009415731411442e-01
-6.255856251378862920e-01
5.359192861953462339e-01
-5.868126391619731264e-01
-5.745582071071320129e-01
4.252866393912769216e-01
5.010467263204886335e-01
4.683344374006854771e-01
5.000376973235069744e-02
4.608505718490555902e-01
-6.625893440159422720e-01
6.445857444186517959e-01
7.346750497340630570e-01
-3.277974154570043736e-03
-5.023954840961926127e-01
1.064257361264935531e+00
-3.722351024126602237e-01
-6.563731240055927785e-01
1.098613651680675707e+00
7.382466737465442908e-01
2.254460485343960374e-01
4.004981226638426595e-01
1.924522417620180142e-02
-4.771977970739861297e-01
1.098718461325493834e-01
-5.552374123304915088e-01
2.730483418790515815e-01
9.667830331163724811e-01
1.104009415162202634e+00
7.212341824509930222e-01
6.179542058162368345e-01
-2.592971548355691991e-01
-3.770523486157575932e-01
-4.150746673793723196e-01
-5.331249811157191543e-01
1.107618988126051890e-01
-8.207667440631464251e-01
3.372379725546266194e-01
1.251837134426279363e-01
-8.631187341556375570e-01
-1.596788151605865735e-01
-8.191798314410462245e-01
-8.460972680158113102e-01
-4.246015452016563274e-01
6.275561607883292092e-01
-7.482943464033203762e-01
-1.512608180374159783e-01
1.494209175345580509e-01
-4.087926413039226770e-01
-7.789771272738125196e-01
-4.463383478014416594e-01
-3.591904795027101027e-02
8.050141546145204996e-02
6.671386255362151685e-01
2.253352034269695270e-01
-3.413014815911982192e-01
-5.702997303570161991e-01
-6.004660783003186175e-01
9.049391449063577397e-01
-1.129648992385396289e+00
1.130110765885838253e+00
-5.983016176176255696e-01
8.812104576938168954e-01
-8.766636403372626840e-02
-1.840890906195503940e-01
-7.721534089195524198e-01
-3.416515042831041460e-01
7.122385056098201606e-02
5.006670843570950602e-01
8.578087575381534435e-01
1.009545945449693338e+00
-1.306230379094170668e-01
9.760134453555642242e-01
8.202636340413679283e-01
1.236064919851594501e+00
9.575239484628550457e-01
3.026721304188852157e-02
6.350788118611703226e-01
1.980309857498254444e-01
6.422236844002239264e-01
4.808201855194298990e-01
-8.513161600873764279e-02
-3.323530023578724624e-02
8.189877331593892196e-01
2.028895257862485257e-01
-3.946711646732114498e-01
-5.317182062378786878e-01
8.880685203663772898e-01
1.783477500824846573e-01
1.003643895647573059e+00
3.267703943841089864e-01
-5.471254247099586188e-01
3.842843520249697442e-01
5.632384731600308392e-01
1.724277124527005822e-01
7.532296447164972264e-01
9.258830021952926259e-01
-2.793363604398357847e-01
6.804824024357509771e-01
-4.439252673883375966e-01
-7.761029583724025904e-02
-1.063862760834192317e-01
1.200637278955302367e+00
2.533213915352400813e-01
4.816158151280065525e-01
1.015311751099002180e+00
5.822885404540212306e-01
-1.165940467578639866e-01
8.798860182432949317e-01
-1.132063773763165804e+00
5.993868587864227271e-01
-2.873262761621838690e-01
6.025587276141893822e-01
-8.778838311075116696e-01
3.738653237321704070e-01
1.814622000060281126e-01
-2.241310611686100351e-01
8.236700794365975353e-01
-3.517995485299119096e-01
-7.062127371790906105e-01
-5.563174290805537048e-01
-6.855427176599190875e-03
-1.181978252784646299e+00
6.504779216359273253e-01
1.095161043323198136e-01
3.128934524400563411e-01
-2.722840761990132918e-01
-2.179473725175428978e-01
4.495922014405194789e-01
2.252095340387791356e-02
-5.809300260999117338e-01
7.874839447500957546e-01
-6.855105955633814530e-01
4.798415064245608042e-01
-3.250950880022270839e-01
-7.181744883903570242e-01
-6.675918206381725728e-01
1.152373978477119643e+00
9.758876888155468832e-01
-2.043874494013583898e-01
-4.530353198302338735e-01
1.632266902429244659e-01
-6.589073471056432485e-01
8.828431074072111695e-01
2.545978861009068339e-01
-1.979700984183771495e-01
-6.573219597558351834e-01
5.131636514198077981e-01
8.250663469710471931e-01
-8.963191781143711179e-01
8.838338491041869416e-01
-1.603020270065778630e-01
-2.194134715602636676e-01
6.951494224318479631e-01
4.727069555726703398e-01
-6.357224192749152958e-02
-9.506787384235886318e-01
-3.359183501479180989e-01
1.879272284411603877e-01
6.824356658461692149e-01
4.162601342874605592e-01
6.101607759278490084e-01
-5.515503130679245691e-01
7.450678469593963182e-01
-4.529608740123586830e-01
-1.102947900977669482e+00
-8.946078313143053240e-01
2.396597752586528407e-01
7.905879256726568993e-01
-1.283608891281937892e+00
1.049942433010021769e+00
4.228455235738260987e-01
5.443151408165691763e-01
3.071988800776427331e-01
7.633660319988653242e-01
-1.061260009721842090e+00
6.594106263385037803e-01
6.785551579313233717e-01
-5.393706128844947267e-01
-6.057847295267717591e-01
-3.380349051081383838e-01
-6.299156166591515227e-01
1.033904643835521719e+00
-3.921755724069956872e-01
1.257524433710972556e+00
-7.520917880152394597e-01
-1.120047304837030300e+00
3.593720620356770645e-01
-1.088721895395949213e+00
-3.317032166109137314e-01
-2.492612598038773386e-01
8.190600988428639040e-01
2.880226464030443134e-01
-1.858164163115769152e-02
-5.960516659214929458e-01
-8.699340077962026685e-01
9.310487978951949017e-01
-5.277855799677168003e-01
-7.704876686451621604e-01
9.415149252911301225e-01
9.665699486257598450e-01
-5.653945170752234795e-01
1.816313484552756208e-01
4.730023095446410641e-01
8.390189072878665444e-01
-7.424867020978545562e-02
-5.034088209659692836e-01
-1.194412883845822559e+00
5.328804532958503204e-01
6.409417722516186355e-01
-2.792149671085551454e-01
-8.321092652208562646e-01
2.652819166719835170e-02
5.263800648076326638e-01
-1.918008927919973017e-01
6.651400713961852507e-01
2.006833734767511646e-01
6.640860366600696008e-01
8.367604892083886359e-01
5.418108949860619417e-01
1.122319611129688921e+00
3.190361662426647316e-01
-7.449058029574819884e-01
-1.031981734375004622e+00
-7.143545041045626931e-01
1.664939159100213839e-01
2.046336290446849893e-01
-3.313091315389990466e-01
1.569136928672612452e+00
1.498894772491838334e-01
-2.200843954727272900e-01
-6.366805850589963844e-01
-1.003973964465459806e-01
6.308000051103773709e-01
5.625968705192539998e-01
-3.159951981632396767e-01
2.862905387070094898e-01
7.059496254136349291e-01
-4.323008468122492287e-01
-1.031374755474471439e+00
-6.129053424230030966e-01
-2.273099565969909364e-01
1.152926164367613193e+00
9.329704688984870042e-01
-5.091403964700538104e-02
-1.062432800828214896e+00
-3.233581136415976109e-01
2.555531042046010892e-01
1.882798109391319308e-01
-3.491659710573811193e-01
4.552913716813444256e-01
