9.930622623520573011e-01
-4.510121602427992205e-01
9.988908132214147084e-01
3.002494733993503750e-01
-8.452461588297208728e-01
1.156142395377821597e-01
-1.258051750292836335e+00
-8.315633941262068340e-01
-6.931402217206943384e-01
-8.601171984390878489e-01
-1.097141516712994536e+00
7.752836407889018844e-01
5.944201966779414370e-01
-7.161333475736946230e-01
5.085410163960213392e-01
-9.718482610742964489e-01
-2.206757281952276273e-02
6.076344415966272727e-02
-3.837263854931136642e-01
-7.831323468364437268e-01
7.344050220450857314e-01
-4.610210999701633838e-01
2.356035829780540602e-01
-3.944428016032697215e-02
8.808240540467027202e-02
-3.009304616143178013e-01
4.664903341903181566e-01
-5.767853459550740247e-01
-4.181237825043979672e-01
-5.170481542459666180e-01
-6.104176862367827194e-01
-7.269511409918909539e-01
-9.037136431829264627e-01
2.932815558293744296e-01
7.693011322499454518e-01
-3.071963396975148086e-01
7.821791318298141338e-01
-4.257980286856315466e-01
-3.904944150618960830e-01
-7.886953260720863668e-02
3.643436554781089853e-01
-5.057592907915022806e-01
1.011834396702462113e+00
-4.077122622064328628e-01
5.008534121679644180e-01
9.932078286648304832e-02
9.447485604387351188e-03
9.385131085805098472e-02
-7.102875929512530995e-01
-8.268191464066518837e-01
4.029990960691975932e-01
-4.058769930636838552e-01
9.539160727640538795e-01
-1.771110223444272158e-02
-2.041808783504662217e-01
5.922410775434185926e-01
-8.636688230387794540e-01
4.351823647936507999e-01
1.632590533889866080e-01
7.718751992015828733e-01
-4.750765835988246533e-01
-7.625519448168760483e-01
9.142014979203498815e-01
4.747568011058200810e-02
-3.797147166032581733e-01
7.375603572626687754e-01
-8.494778349014400209e-01
5.306662666692938402e-01
2.496408316289304707e-01
-1.607563324868732657e-02
-9.718484928184700777e-01
1.323887984257987593e-01
6.542190796087243854e-02
-5.916733621681504740e-01
1.025887237838352117e-01
6.066512806863619822e-01
7.396391789865315314e-01
-1.173917571308586982e-01
-3.681492214878621105e-01
-5.922099933399955773e-01
5.650556613744417422e-01
6.077610207646757523e-01
-6.059908350857678982e-01
-4.667636395758183454e-01
6.440031020371350667e-01
3.128438766814195526e-02
4.880673113089850634e-01
-9.233119008263157568e-01
-2.397836071551640025e-02
-8.681061890135688408e-01
6.090762597102561404e-01
4.933665386432040112e-01
-7.651300673789600548e-01
-9.904520800964531357e-01
-6.211131406927741239e-01
8.717712650805915509e-01
4.119757129339782775e-01
9.834274762801258341e-01
-5.063708107533249070e-01
5.105164410355091942e-01
-7.238152934920094594e-01
-2.535624773407372246e-01
-1.354873971870536042e-01
8.162630934934587135e-01
-5.294085613014909431e-01
4.628235948310444048e-01
4.543701890555404965e-01
-5.173929168721573824e-01
-8.183936946168983706e-01
2.463796182269002433e-01
7.862181254668803021e-01
5.713364235561682047e-01
9.801316079576842810e-01
4.367718029710738747e-01
-4.769146064988862843e-01
-5.688364567830774821e-01
3.984102427653779532e-01
-3.216304872807274062e-01
-1.152407509775157379e-01
-5.722062806285124203e-01
7.329936382497506120e-01
-9.481263153740462357e-01
9.365693943564035173e-01
-3.660087825538309581e-01
-7.037537617961558967e-01
6.147212191129747261e-02
-9.171176138005834311e-01
9.345864666284826594e-01
5.658126587155813958e-01
1.286786318334026680e-02
-1.044049290310349321e-01
-3.556641313728314824e-01
-9.117208257761872936e-01
-7.709930567961951198e-01
-5.730040702325451818e-01
-6.451186183578168087e-01
-2.652248613921196485e-01
-1.193202488750317869e-01
-7.107415837833315209e-01
-7.850577502294897592e-02
-5.616853184983023883e-01
-1.405846592875563683e-01
4.031305078366791417e-01
-3.559232272764877303e-01
1.576352169180372798e-01
-1.240223383322831552e-01
-7.301295490608905592e-01
-3.489905429323281183e-02
-4.235295576548503416e-03
7.730857434064386524e-02
-1.781169155488104838e-01
3.486136501832666212e-01
2.221787497569054359e-01
-9.512403636632258408e-01
-4.963737318967043066e-03
1.083539753633822045e+00
-8.163011793562047202e-02
-4.526239164593217623e-01
-2.734120862655198270e-01
-9.219990627978216224e-01
-1.273232590841155698e-02
7.010832750683437808e-02
2.395701732013795215e-01
-4.328574422851301229e-01
-8.719252644707833344e-01
5.914933713200944965e-01
6.006254446907706157e-01
-5.843650706779321968e-01
5.307885190223469163e-01
3.901334749675717806e-01
-3.197311324714259273e-01
-1.424439428923196527e-01
-5.107966170724329569e-01
-6.141465518565272230e-01
-9.270196420812162330e-01
6.555129006281692483e-01
-3.842213388121740181e-03
-7.981097446602622991e-01
-6.774671302206389800e-01
-3.858761989646166679e-01
-5.433644142743141447e-01
4.388313839486337464e-01
-7.569182772760749689e-01
-4.352639997506253522e-01
-9.497572549575077350e-01
-6.513514979440278019e-01
-4.077979578409893779e-01
-2.165315820660977941e-01
2.219475930033769362e-01
3.985640713747997665e-01
-2.462996250590943070e-02
-9.639250885511363443e-01
-3.957027182886069250e-01
-3.086691092995397234e-02
-4.648302136407285179e-01
-7.542375570471192558e-01
-8.195238496717518473e-01
3.750373370900237369e-01
-8.142094678197298041e-01
2.363313526249137819e-01
-5.291001675935755877e-01
-4.901755949320691919e-01
4.424173736342236207e-01
-4.429718216763106065e-01
7.555272400183388193e-01
6.405767260122905427e-01
-4.975945019893106558e-01
7.315236281763026760e-01
9.890981989251579343e-02
5.245045114541008191e-02
-8.174613359297266957e-01
-2.107989357033088762e-01
5.584390369523557496e-01
7.460020436279650724e-01
8.092839986143152142e-01
-8.205207347908602955e-01
-4.184420637967916079e-01
-3.981909018068294781e-01
9.798500535498215758e-01
-7.405808289403184030e-01
4.129445467941810222e-01
2.958985583147544229e-01
-3.985376419114554647e-01
7.978108755814292685e-01
8.513435790453025565e-01
5.660984822392818305e-01
8.266608696716979399e-01
4.505773425755574824e-01
-2.741595853984910569e-01
3.848136460496611733e-01
5.908837196726812735e-01
-8.033273913395747590e-01
5.836006417668817559e-01
7.821337232324410138e-02
-2.368513144421394157e-01
-2.269142457243960576e-01
4.056825217788349591e-01
-6.566314559598989131e-01
3.574347290307700042e-02
1.748927749145330335e-01
-2.293848198351813306e-01
-1.180081882911869773e-01
-4.622313921218983435e-01
-6.799474612004285934e-01
8.982642267976662653e-01
7.038882946650759642e-02
-7.121555185473118499e-01
4.173580116445492205e-01
4.594195869323225434e-01
9.518690332924274744e-02
8.285422992339658288e-01
-7.678853462824131171e-01
-3.394741523893305413e-01
-7.748832654143114063e-01
9.262667064693375085e-01
5.245374588375848468e-01
5.026096022772301719e-01
-6.300295319785242931e-02
4.094207249158172690e-01
6.777212158206356030e-01
1.348041152577454938e-01
-3.304419408364878130e-02
-7.843716611124904592e-01
5.149314748955864385e-01
5.022403286571548442e-01
