-1.413830915340536398e+00
7.833453567555546115e-01
-8.923757669074360299e-01
2.758322564995897563e-01
-2.435573864014480283e-01
-5.010820901204766642e-01
6.609137552602927235e-01
2.427969838794138413e-01
9.735811556499013308e-01
-1.488569638005160733e+00
-7.425040331915236380e-02
2.292052014175403940e+00
-5.823203317002105805e-01
-3.736982059599083250e-01
-1.584869894839519844e-01
-7.539136677522295660e-01
-1.718025561555185793e-02
7.287460303325415945e-01
1.482163919147548192e+00
3.404502562743640937e-01
9.028286288789155734e-01
8.827784895710484303e-01
-4.189581597904285526e-01
-4.604175616888179778e-01
-6.025494611738224648e-01
-2.766661009193652210e-01
-1.238795828368596696e+00
4.528885793074022836e-01
-1.360292061644111872e+00
7.816580953882620864e-02
-4.038569097753805792e-01
1.186877713042013283e-01
-6.061731060555852757e-01
7.450333939055482357e-01
3.259977287102943655e-01
8.965878534722417914e-01
-1.515010901053674530e+00
-6.545971115803503881e-01
7.752401368899966005e-01
7.228497915848350885e-01
1.326365989723067962e+00
-2.773350231552139666e-01
-5.065899245374970050e+00
-5.849900235945404425e-01
2.299536668663614558e-01
2.252391766092632919e-01
-7.062440701659618014e-01
-3.321470439886227144e-01
-9.889728579347162318e-01
-2.161232825830051718e-01
-1.933761823705775762e-01
-1.419267660418956023e+00
1.637241053626277143e+00
-3.397307910009842224e+00
6.725283219362836462e-01
-5.740399113279391896e-01
-6.270631229522032335e-01
-8.619591864058775421e-01
-4.640180854378931352e-01
1.580191960152765585e-01
-5.634861980501718604e-01
-1.745444977340504078e+00
-8.746539019257998371e-01
-5.904549490866535244e-01
1.654042751092318908e-01
5.171736389744070461e-01
1.156195040858292028e-01
-2.761146252305235471e-01
1.169766823563090252e+00
-3.832830684027906942e-01
6.661427258680181485e-01
-1.113926311137596048e-01
1.876944990653641454e-01
1.218243635297370897e+00
5.843229092235994182e-01
2.678845510636549965e-01
2.096125816142707876e+00
-1.852569575069603625e+00
-1.321786138792904186e+00
-1.670703897202038268e+00
6.167114995931446964e-02
1.526604510662025738e-01
-1.497782224567475673e+00
-5.405903732183334753e-01
2.707426770111596714e-01
4.623489563865121332e-01
-2.046661963990014654e-01
1.295801446793692913e+00
-6.358409801117227422e-01
4.620752154213169649e-01
-1.087583401858437798e-01
6.649361896465952881e-01
1.034292320601657877e+00
1.023818050290339343e+00
8.525230992907837368e-01
1.374202397264048803e-01
-7.331325482958230833e-01
1.906912432667789536e+00
-4.118981631877651761e-01
-7.513817103077261583e-01
-6.578181704273391439e-01
4.853580210055559174e-01
2.759997128732377125e-01
-2.981057550126466893e-01
-6.533399317067817291e-01
-4.421304669090124484e-02
-8.653901505987022791e-01
1.414839966463647514e+00
8.747715825530745226e-01
1.109110851052754754e+00
-1.166358023479869832e+00
3.458150662983000556e-01
1.950326105090059992e-01
4.137434460334550312e-01
-1.457060651878504531e-01
5.076691232508654394e-01
-1.369445042541028501e+00
1.219466954567791861e+00
-9.568612409827672582e-01
-2.606993734192177836e-01
2.905086806249679854e-01
-4.350861091616350373e-01
8.568740620199732927e-01
-1.030351925537430935e+00
3.997474688316774438e-01
-1.363249171374315838e-01
5.198649151102245902e-01
1.560839151935745350e-01
4.898752057160469797e-01
-1.986239260929486772e+00
3.074675809775702651e-01
-8.574255543918259115e-02
4.764392119781613033e-02
-6.434441099311278833e-01
-8.683511917262023427e-01
-7.552377904815510412e-01
-3.957208627312676086e-01
2.676778601338135055e-01
5.581347050688484357e-01
7.565254356000278291e-02
-1.404511565064411049e-01
2.756132809630238989e-01
-1.471967338216466192e+00
9.507040876383427985e-01
-2.592272120320065376e+00
8.433496025333768742e-01
-1.914801685249990948e+00
-7.505334280596303032e-01
1.822476406106302571e-01
1.331707433996802248e+00
-1.841702365946575881e-01
-9.068004021750433186e-01
1.006459705790013981e+00
-1.117328653608072209e+00
7.446039960353227904e-01
-4.643300287481267885e-01
-1.757598002335707399e-01
4.840666607660263909e-01
2.495194744742878501e-01
3.579671296312900847e-03
1.153892574348542865e+00
-1.409046505666309845e-01
-6.296731205054276748e-01
2.434048297113766135e-01
-1.190255998538415072e-01
9.755946568038798006e-03
-1.212552749414015141e+00
-4.829463239720608314e-01
8.990695700552053804e-02
1.894668405927179555e-01
9.927775155400878626e-01
-1.665595351631994792e+00
1.153950982145335313e+00
7.524479250945130815e-01
-2.958811169937658470e-01
4.345222988413801057e-01
-5.207352527095467920e-01
1.192568589376494348e+00
-4.625520509840707062e-01
-4.932133940728868349e-01
-2.219861254187047162e-01
4.193393694414430106e-01
-5.164172604165141456e-01
-4.869317021883178276e-01
-2.857948935061404572e-01
-1.729019656152952278e+00
8.684223482153401452e-01
