1.962084907123717858e+00
3.328510471757831768e-01
-6.135129073773256669e-01
-2.347642384205458344e-01
-3.841052081044476485e-01
8.783432742713361829e-01
-4.722097812424834173e-01
-3.346372276073757424e-01
-4.799082118911142392e-02
-1.050398471242919157e-01
-1.513052028939138260e+00
6.970509310700504502e-01
-3.176951396864972632e-01
-1.905910473669713556e-01
-5.127960036538145028e-01
1.818375242491401811e-01
1.726770149602028903e+00
2.977659817336156811e-01
2.613223242385325662e+00
-4.624183435140611365e-01
-3.168621698666697628e-01
-1.739826514209860397e-01
7.642537741585498923e-01
6.483710980161432325e-01
6.202096588171193137e-01
-9.782971270007310982e-02
-3.724394802934640758e-01
1.414980790884668327e+00
-5.498736685108804867e-01
-1.441659395455209269e-01
-1.807286851346356221e-03
-3.849038710080309594e-02
-3.342953860582141834e-01
-7.484285284116436454e-01
2.142915552485705977e+00
-3.517541050338033881e-01
-3.824820257182030142e-02
-4.500055357163735281e-01
2.644955283751275310e+00
1.054664553214179623e+00
1.979124254272536798e-01
-4.436784239979438826e-01
1.434082775056710224e+00
-4.758258393703099776e-01
2.508457652581518982e+00
-8.588999437256665814e-01
-4.933363415731187307e-01
1.364895985922574551e-01
-9.661852988020045441e-01
-5.361683254149158806e-01
1.533204661542880709e-01
2.146561642405390158e-01
6.331059494195807602e-01
-5.984679293677659384e-01
-1.219027064004987393e+00
-3.310720477243882520e-01
2.440498971656741567e-01
6.903287611792168210e-01
-9.498807716261130629e-01
2.747372180578745438e-01
-1.319849216088165578e-01
3.888250805764227880e-01
-9.819451953003905942e-01
6.556930779504297480e-01
1.802100528527843748e+00
6.056603672957795448e-01
-1.636649225538879815e+00
-4.365822444773835298e-01
7.884313849122167595e-01
-2.408081796831167132e-01
1.641153822343287272e-01
-4.510796982740929162e-02
4.701937229400862672e-01
5.603712944603447266e-01
6.184168478463711871e-01
2.429265253406117375e-01
-5.284495527076130683e-01
-8.504616231542521110e-01
1.035917199868802568e-01
1.552514432692738033e+00
7.264461962621290292e-01
2.092363237294194711e-01
3.984999817188892846e-01
-2.619059356725104704e-01
-8.045606583141406976e-01
-7.887409056060870616e-02
-1.295453532168638622e-01
-2.687077374817276043e-01
1.857634556068041842e+00
6.690251585226555942e-02
-2.174168292112910184e-01
1.373127699796904966e-01
-9.064176959768240893e-01
-8.823424393821770462e-01
-1.532355171770606317e-01
6.242059178181256218e-01
1.091358211430694114e+00
6.203289762205740354e-01
-9.946901306595588022e-01
-7.906108732623251534e-01
-5.434856305255081343e-01
-3.315042579692925040e-01
2.574693117920044405e-01
5.394646291158370355e-01
3.042634299344462168e+00
-2.909621979913906142e-01
2.486189150813012672e-01
6.164260509715582814e-02
-8.455249311929433076e-02
-1.822154772463067396e-01
-7.127727670808043925e-01
-5.729955316866853776e-01
4.065880784136057247e-01
-9.268235952190102545e-01
-7.771145845740401459e-01
-9.292957935821852256e-02
-3.729219981406362017e-01
2.811456089665357316e-01
4.681245361727833787e-01
3.750847101987199173e-01
-1.600909926613685030e+00
-1.114215958665395023e+00
-1.548938819219765950e+00
5.672284734775694393e-01
4.027441173560265542e-01
1.035834024026725420e+00
-4.400209504790899562e-01
-3.060339005891776210e-01
-1.035143445903509013e-01
2.173328227957662950e-01
-3.359128713033218694e-01
3.715078623839885852e-01
-1.981362913057405639e-01
-3.011391382331629063e-01
-8.058745328416538900e-01
-7.482622014689719325e-01
8.650142489830907611e-01
-5.982800536226826615e-01
-5.339926199939638574e-01
-1.995036326116888858e+00
-6.696641953665182223e-01
1.867127417226282782e-01
1.442359354873171462e+00
-4.131682598168949783e-01
-5.902135756721405002e-01
6.233735968778936209e-01
2.890768624829337941e-01
4.214904041448181982e-01
1.235621131790355653e-02
-9.638235678706521536e-01
-8.690737930852869830e-01
6.789014236291993076e-02
-1.204185794195727688e+00
-3.105188463871889626e-01
4.686705701915845346e-01
-4.628405848681237389e-01
-9.837492737549361488e-01
3.822348799505269623e-01
-3.564201327902429689e-02
-4.179417224614342952e-01
8.191204123513580182e-01
5.095987527599273870e-01
-4.553119040878518264e-01
-2.744710326979546422e-01
-6.420465918413427175e-01
6.253335304974602105e-01
3.058991082586026145e-01
-1.794536533320833405e+00
3.510856743784484396e-02
-4.993853884650064634e-01
1.941081430633896932e-01
-9.197777827739959111e-01
-4.085183421454925967e-01
4.216099732834511782e-01
9.708152240976597458e-02
-9.809073132532415418e-01
-9.731518739129991769e-01
6.240343844857645372e-01
-7.636126048915682363e-01
2.743306005151461835e-01
-2.968482411476148219e-01
-3.332508745588790289e-01
4.287663722162012858e-01
-1.083293894240647148e+00
8.301944219598111907e-01
-3.291565523657915548e-01
1.043440312055850860e+00
-3.281211572422274569e-01
-4.628175936110782152e-01
-7.288408537083156113e-02
4.799832692543215540e-01
-1.266647638097366246e-01
-4.392325961430579850e-01
8.218134997914161577e-01
3.400858973057044876e-01
-2.373071516211538334e+00
-7.661497410614402925e-01
1.981517642448246685e-01
6.566083283907402368e-01
-1.053917997988814248e+00
-6.267107184302477263e-01
-9.203763799326303285e-01
-7.858903338169326291e-02
2.308459118526069165e-01
2.430763149388263655e-01
-9.924938161327800934e-02
-2.207949450972349625e-01
1.109755377490676986e+00
9.653237327498667697e-02
-6.928185310529405561e-02
-2.299747272501721784e-01
7.081676699910671724e-01
-8.598524285948613288e-01
4.130295335534834855e-01
-3.804015758499073585e-01
-8.069998821651535037e-01
1.389668925488148910e+00
-9.806947432654949948e-02
2.059784531982900457e+00
1.395129926784441921e-01
8.434381002493573920e-01
1.270142317235061213e+00
-4.497608484039684051e-01
-1.905790409554837250e-01
4.833649088476367206e-01
-8.551400034856554422e-02
-4.932314061790618598e-02
-1.264366911766436230e+00
3.032986349081190358e-01
1.871645745154030746e-02
-4.127833875299846689e-01
2.269557949736138169e-01
-3.565383242155235610e-01
2.787296788422128913e-01
-9.741536299619545092e-02
-7.926929237913277193e-01
-1.623276776820819708e-02
1.080138820701933289e-01
1.162553465024770416e+00
2.065233390464686458e+00
-1.241258863658589590e-01
-8.660665718129034740e-02
-6.991255763229599351e-02
-1.012054197296282793e-01
1.038338201930828486e+00
9.675789664490119790e-03
-9.371619450817432195e-01
5.391968145263377199e-01
9.750508765059493488e-01
-2.702495533873521261e-01
-3.669279620409441889e-01
-4.535986004281266082e-01
1.141455312145667617e-01
-1.076868638576646553e-01
-3.259774118289588962e-01
1.406970780999997617e+00
1.611802657007134210e-01
6.749029838372748724e-01
5.189729050252360754e-01
-3.631926053911539443e-01
1.240559518196329841e-01
5.986848702489423468e-01
4.691695905365669272e-01
-3.637574300174580832e-01
1.519052996667157762e+00
