-1.365821187827903183e+00
1.688037835951790688e+00
-7.353520747819440873e-01
-8.422558732130029924e-01
-6.567484616258403296e-01
-8.254140336379586218e-01
-1.367097442144185049e+00
1.295625752245774809e+00
1.331904807330824170e+00
-1.659721781463016299e+00
-1.306975902587444116e+00
3.726219139987855256e-01
-6.908822612822738130e-01
1.262994278333895437e+00
-3.377598285714264459e-02
8.992046000904394543e-01
-1.434180135098849895e+00
1.860603939430899301e+00
6.683317051338841797e-01
-1.616549436339750900e-01
5.348958212086580843e-01
1.019281053210945531e+00
-5.258208238767636544e-01
1.947402431505527831e+00
1.455152554147609578e+00
4.129174264529705818e-02
-1.485949455984883150e+00
2.481826195539526825e-01
-1.511099425285632680e+00
9.089829795182469141e-01
3.183754145898501364e-02
1.522310551806459467e-01
-4.594680571816553427e-02
-1.295659581790940817e-01
1.158164788723154842e-01
-8.054782806058636835e-01
-1.943609044870308056e+00
1.758756208818472722e+00
-1.353498805006839278e+00
-1.225396370281725891e-02
-1.654902852762021759e+00
-1.594727792693086066e+00
-4.997086454489191865e-01
1.467182565647654480e+00
-1.224073046172512585e-01
-1.002059224587750430e+00
-1.025903914384564131e-01
4.375455823591272164e-01
-9.157213411859075336e-01
-5.418132579768648593e-01
3.539938972598103417e-01
-1.535700807975707294e+00
1.291295223881869930e-02
-5.378636364010161985e-01
5.986566657424596816e-01
-4.477896704173232045e-01
1.292530008417238641e-01
-2.763724130917002419e+00
9.941446616584880269e-01
9.132670883255827876e-02
-1.446286983207942800e+00
-9.348577854366957318e-01
-1.981309240761880419e-01
5.246118438143310136e-01
7.641489893974591219e-01
-9.584232467912609521e-02
-8.274139522882044684e-01
-1.227325613078312783e+00
-1.431473707474297585e+00
2.184114491223959342e-01
2.953206736577071445e-01
3.038307797762836437e-01
-9.187147060382484520e-01
1.973677671899930042e+00
-3.927144431264391611e-01
7.329804406136597450e-01
-9.391700331418423309e-01
1.782477496863355437e+00
8.268803030969741341e-01
-1.280318167821749231e+00
-1.396108811233606861e+00
4.691664186085028332e-01
-2.191428334618262530e-01
4.218534661784359985e-01
-2.039344186413433180e-02
1.609720758555925002e+00
8.122289727880578347e-01
-9.776017327665385004e-01
-1.609108839120424184e-01
2.091367349375463203e+00
1.405161285498689683e+00
-2.015821343291888113e+00
7.054702304310049854e-01
9.343899651353571034e-01
-1.222065353873780680e+00
-8.998258495824913439e-01
-4.803592705330892998e-01
-2.212360847770199479e-01
8.332318034484579305e-01
3.728636803815310596e-02
-1.240273776906559267e+00
-2.052560202358606478e+00
-1.190328810086775047e+00
9.261711558842089520e-02
7.047438463553410415e-01
-4.363003950048995883e-01
1.143468459180819963e+00
-1.235517857888182691e+00
-2.353832407064941623e-01
9.632369282350240480e-01
6.581113963166673742e-01
-9.006112752648018360e-02
1.096185373116089545e+00
-5.527395027635732816e-02
8.028272525159487749e-01
1.207282640817604724e+00
-1.271988380570138411e+00
1.852733883689330341e+00
1.624935603477121404e+00
1.195065023476984678e-01
-1.407916710000834404e-01
3.296338906526220525e-01
1.389477297556739321e+00
8.189111942467071081e-01
4.897286252308133414e-01
5.708259041635176390e-01
-6.508894109947450657e-01
6.749106969455738181e-01
-2.977189182178486826e-01
2.126395182979554654e+00
4.325059092089594825e-02
-4.343133128815233890e-02
1.570499873615330388e+00
7.376166563848008950e-01
-5.205751848844308860e-01
2.066887708183105798e-01
7.274840927698704718e-01
1.778529151923793572e+00
-1.738707162469793621e+00
-5.061619553868570431e-01
6.904609523658472581e-02
-1.178005799401307563e+00
3.529133071678151601e-01
9.454572989591155663e-01
2.936821248716172672e-01
6.078234478304057609e-01
-1.612604082310990228e-01
2.994436043721717122e-01
1.804460881494299729e-01
-8.959462124936097283e-01
-6.250299214008380178e-01
7.937615047251747047e-01
2.033721479009033550e-01
9.656252580984794331e-01
7.179426787856970638e-01
-1.863358778863625220e+00
1.800018714936871822e+00
-1.472408621037966103e+00
-8.016337351436605418e-01
1.858335060496755453e+00
6.508934590485786209e-02
-9.997683876874903230e-01
-1.963581131797329959e+00
7.826884948201183745e-01
4.038055547691510316e-02
-5.746963770483011213e-01
-2.099865774838689525e-01
4.072952754667956143e-01
8.882107102603281623e-01
-1.070732578601237550e-01
1.037811734353732529e+00
-9.140961265628949617e-01
9.225264495763820793e-01
1.318026637635802079e+00
-7.888839312054155561e-01
-1.517661980710890646e+00
-2.283383321788007847e-01
-4.137318805969489866e-01
3.015205921015083335e-01
-8.689288121109866037e-01
8.621352236978927497e-01
-3.931304112254754290e-01
7.971069997170429078e-01
-4.749036222382306272e-01
-7.520143244398185267e-01
-2.006095924800430197e+00
-1.055810820555086460e-02
1.132964317947367586e-02
1.227938507920735223e+00
5.173623194811408643e-01
-5.284671489709594772e-01
-4.301069046712402422e-01
-7.898188137897235173e-01
5.919181299979465738e-01
1.151041969833303258e-01
3.103078566545347527e-04
-6.811403361418345570e-01
6.471816308233639958e-01
1.194666675551855128e+00
-6.892048521969258434e-01
-6.044587933616059061e-01
4.864112123375688435e-01
-1.942465417810960604e+00
3.374991754902785801e-01
-1.767599727054004033e+00
8.399784086361484770e-01
-9.997028961712215445e-01
-1.461158182897145386e+00
-1.175223521284675998e+00
1.997183773431900011e+00
1.330473976282473991e+00
-7.682223622714610123e-01
-2.350472260533067459e-01
-1.057337414390086883e+00
-6.536964588731163373e-01
3.018095087196873694e-01
9.719848731462976676e-01
-2.071961243548166853e-01
1.114505199132735935e+00
-1.441624001036604374e+00
1.577446702579421434e-01
1.190167033290689735e+00
-6.872039432069395604e-01
2.690988726800886410e-01
2.650076303494264263e-01
-5.576381353585549983e-01
1.044832019003459622e-01
-2.753728011531382247e-01
1.722128052565201406e+00
2.560255241401493409e-01
2.956553173816142688e-01
3.610976884939838538e-02
-3.365766414579202670e-01
1.055405927364438057e+00
-1.134489323403135907e+00
-9.668722713453249407e-01
8.875442629282639384e-01
6.615199621948242292e-01
1.851921596723160035e-01
2.928182055536775463e-01
1.139024605547106495e+00
4.500204671770204057e-02
3.242024926483288993e-02
1.423737148130397534e+00
-5.668036823075713881e-01
1.190392205158739891e+00
-1.481013867443380927e-01
4.837279822264293760e-01
-7.155020046913329601e-01
1.191480045937037824e+00
8.809471675605247132e-01
-1.556629251493172772e+00
4.923302329974881819e-01
-1.051771347169837556e+00
-1.497773764674253272e+00
5.811334432876225087e-01
-1.320401635149153652e+00
1.330422110478581388e+00
-7.373728657196195746e-01
-5.724082662357353746e-01
-7.759151687116316864e-01
-5.982799917925436528e-01
-9.364960936623695220e-01
-6.206294270812655611e-01
1.078748910163640717e+00
-2.869626487024210526e-01
-5.030653639718407621e-01
-1.941112902341681212e-01
1.445860782682782508e+00
3.523562478247193042e-01
1.305598418795020255e+00
-1.175183814011758088e+00
-8.187036403514033056e-01
-5.716348011706038346e-01
6.500132654057658721e-01
3.928562517966102119e-01
3.773376857993420153e-01
4.401549715767807958e-01
1.315563138621887784e+00
-1.062820771610318626e+00
9.710690919167672686e-01
-1.984465835365420761e+00
8.459793419768508738e-01
7.525445794535174926e-01
1.205729686686373814e+00
1.965062397087463664e-01
-9.175901545593276309e-02
7.903394262831776595e-01
-3.362379039879809239e-02
5.290747335015902886e-01
6.747748365433565709e-01
1.262136625683115021e+00
2.482181372215252757e-01
7.745253706554764417e-01
-4.724750262899479747e-01
1.298367801889846129e+00
-3.070595285051090362e-01
7.147724276561390200e-01
-7.747960928112607171e-01
-2.708074659709069909e-01
-1.977182781973927383e-01
1.089015641486507535e+00
1.470973748642565582e+00
-1.409743101666975695e+00
-3.530452881497064266e-01
-3.713466348418029139e-01
-1.758008585591070982e+00
6.905032310781089588e-01
-8.571546844951910549e-01
-8.363454218290979902e-01
-4.910838337500713080e-01
1.949256510984835211e+00
-1.659900209118188030e+00
2.860134867536174852e-01
-1.166645016555004410e+00
-1.880935976975394164e+00
1.190446709933655089e+00
8.632936181662766162e-02
5.698390536139810170e-01
1.679056985229408383e+00
-2.306118489820874196e-02
1.496421517298056170e+00
8.922592021345903124e-01
-5.396321991119581996e-02
8.713646996705968206e-01
-6.113650569922906008e-01
-1.711886677938232459e+00
4.116481694804078328e-01
4.171128282904408291e-01
4.884495853157151402e-01
4.984387080214769394e-02
-1.576010250626055154e+00
2.005924101446340480e+00
5.921082528584705740e-01
1.127954368416597353e+00
-1.645653787268586576e+00
6.352702972101290646e-01
2.454207564987851142e-01
-9.086208135403899266e-01
8.527718569600895027e-02
6.927398788563112753e-01
-1.106047734756075096e+00
1.675381035670744367e+00
-8.698833998474007068e-01
-3.229908101413342392e-02
7.690403307773632235e-01
2.859098713354092935e-01
-6.144787507981122054e-01
2.343668919307379805e-01
1.317503213409583429e+00
1.049142797866429833e+00
3.225442747968481072e-01
-1.695964482652843719e+00
-8.582842594471971065e-01
-7.076939288854083854e-01
-8.232118589878860693e-01
5.807653686716152119e-01
-8.732839666839468107e-01
7.318019775663080484e-01
-1.036015546715245872e+00
1.497140152784946610e+00
7.306313207504985252e-01
-6.424518485158523529e-01
9.317685188200885982e-02
-3.501729858150384178e-01
-1.523722224244022372e-01
1.261185613222126412e+00
-1.038601857775470094e+00
-1.462962124229207905e+00
