2.224137378528603104e-01
8.783480250436220826e-01
2.119379896661957585e-01
-3.692833035857413515e-01
-1.507568297770502497e+00
4.102717536073963167e-01
-5.032317589000372404e-01
1.485643788174750402e+00
-4.978399825901835829e-01
-4.329724920282007616e-01
-1.114572845927550793e+00
-7.763235735928393222e-01
-1.120300980368243104e+00
-2.522148545222307470e-01
3.871876624784252319e-01
-4.911737897152845811e-01
6.459402431254922528e-01
-1.260670469129705484e+00
-3.814861207540648502e-01
-7.747351657708647643e-01
7.218558943895984070e-01
9.338153774783863881e-01
7.819074236613660078e-01
3.955645162675218707e+00
4.877352865911584456e-01
-7.108949706049246808e-01
-2.520334103815988769e+00
-4.964081664509206182e-01
-1.056399651038477883e+00
-4.900825385198964712e-01
-6.971334112970222208e-01
-5.582664817690823345e-01
-7.034271947647944279e-01
9.629525264261368234e-01
4.363118932025492613e-01
-9.474472110731221308e-01
-1.850999498350705541e-01
6.945386338425777462e-01
1.969960596417628940e-01
3.264577911194632143e-01
1.307458191630704647e+00
8.134978763770399635e-01
-1.531229861490478017e+00
3.278318619614358775e-01
6.684421491373252477e-01
5.739175503009733559e-01
7.398194530032353722e-01
-6.294431289730466617e-01
-2.715781148645611820e-01
-9.165316086222212721e-01
9.001999775536959625e-01
-5.891582282512002056e-02
1.475538856115731656e+00
-6.758873864924128672e-01
2.900977689241375668e+00
8.913241298775340660e-01
5.673857239912837302e-01
4.107674412000392183e-01
1.513432185947055364e-01
-4.599234531391109826e-01
-8.796951642999020771e-02
1.704253461283549154e-01
7.918359117419436766e-01
3.405199737941299043e-01
1.089300972439041643e-01
4.680964585800967970e-01
6.767429019799495737e-01
1.219222300939978521e+00
-4.545890627209369650e-01
-1.575961245561400492e+00
1.133432545310025352e+00
-9.331012537815130958e-02
-4.127115901625965089e-01
-6.940777859381684900e-01
-5.343866392032202706e-01
-3.508062782885842168e+00
7.914351457524142208e-02
-1.723046623897477314e+00
9.289720841948198027e-01
-5.363107169633694049e-01
-1.541150482419998413e+00
7.505371038451711385e-01
4.009597600043242338e-02
4.348906361715984659e+00
-1.382881453653567461e-01
-1.593301926541044411e+00
-1.764819529171114842e+00
-7.851619436421043707e-02
1.202670978391951140e+00
-9.319453179149980171e-01
7.178625413364847496e-01
-4.580800600338500450e-01
5.426993584042963947e-01
2.126774685784159846e+00
2.791178837791585821e+00
-3.581672435424006484e-01
-8.146362400025769501e-01
6.832675006801277595e-01
-9.199193263018520250e-01
1.398779625932711657e+00
-1.211048148810851321e+00
4.042821617852036531e-01
-3.176367236476650646e+00
6.782691847648313066e-02
6.847996621646967874e-02
5.098163926189061002e-01
7.690060888313119403e-01
2.630150083509704917e+00
-1.872548386067122150e-01
1.744245020286257003e-03
-6.041126274284488451e-01
3.774589340535532411e-01
6.750198747253930431e-01
1.004148080731003256e+00
-1.197745320261544011e+00
-1.283915920399905541e+00
-2.405741098438164416e-01
8.553860251876984622e-01
-2.028165351037495512e+00
-4.147358644048385834e+00
-2.473113749908398606e+00
8.656039261615089409e-01
-3.301007998120867315e-01
2.919738172160264433e-01
3.589571804140583300e-01
1.607110511138144071e+00
-7.672658659669570058e-01
1.095687104852180571e+00
7.781368731436355546e-01
7.370841652994220006e-02
7.330537119604305651e-01
1.055129677548094724e+00
-4.115841332888826032e-01
-5.604781721430385222e-01
-4.960042778795804019e-01
-2.406721817025401222e-01
6.996721792427734732e-01
1.223347200706679017e+00
3.016000801754133431e-01
-1.592955103084710444e+00
1.199646114744334247e+00
1.172741339761773194e+00
-6.189520722081286452e-01
-6.865602655805312649e-02
3.416383538576979184e-01
1.074150008575380788e+00
3.736492556844044355e-01
-4.311181387029973666e-01
-5.564549826436087088e-01
6.359225238414769610e-01
1.878901161679032095e+00
-4.215254198155176102e-01
-5.799722443294307306e-01
-2.875146950268924195e-01
-1.593269525743258530e+00
-8.945422157031416299e-01
1.509052660481569497e+00
-1.153807000255385740e+00
-1.115819152294274530e-01
1.478093240461588742e+00
1.640421850368596557e+00
3.202206163381784987e-01
-1.685782961632696919e+00
-2.051831358906399227e+00
7.632704317232714974e-02
-5.250447367156630962e-01
9.347916408740449823e-01
2.299093527609860355e-01
-1.265744423029220744e+00
1.102584978152178152e+00
9.049122105769955571e-01
7.837527865754785328e-01
6.072324988220165753e-01
-1.112511447262996001e+00
-1.066321141786271243e+00
8.740454897250573563e-01
2.462473208078002629e-01
-4.118721201445488811e-01
-1.750404288695261434e-01
-1.525903122120111144e+00
-1.173683554446579347e+00
2.478452979474893847e-01
1.397910122474106398e-01
-8.561975147977352041e-01
1.511261247600923951e+00
-4.427769521723338153e-01
-1.433265640619026726e+00
