-9.227503137831368774e-01
4.364731446743955745e-01
-5.264119623220151478e-01
8.874304484224825318e-01
-3.783658224438991025e-01
-4.827123946259750942e-01
-8.229776639448058151e-02
1.014072679149153056e-01
3.958196757761099915e-01
7.208164433821266925e-01
-2.329953136890694498e-01
4.675000981273260137e-01
-8.394965581963885481e-02
-1.219040231233907978e-01
3.442658477085905888e-01
4.632328224140150330e-01
9.451306924551545752e-01
4.115685081682196600e-01
-6.369089360896175167e-01
-2.959469476258408949e-01
-5.478904583518401372e-02
-6.927024470663477596e-01
-7.640778308938938057e-01
-4.815942752529436266e-01
2.827367136400061876e-01
-1.508913574253811785e-01
-1.147935519745669486e-01
2.048508927523333689e-01
2.648552636452461972e-01
-7.347995284728043863e-01
-2.326262101996025844e-01
-1.980556713741087049e-01
1.277849016403684868e+00
8.104360062913848473e-02
6.513192011983781615e-01
-5.503591608898733556e-02
-5.940201524789888443e-02
-1.656277333390515083e-01
-5.302123227095077995e-01
-2.510352305677553408e-01
-3.116117945131444689e-01
1.121668300866278223e+00
-2.514538366274827741e-01
2.742790472368920041e-01
-9.306946586467867988e-01
8.889069198089876167e-01
2.977594060127082831e-01
5.942737750897149063e-01
-1.284463996690362597e-01
-9.283711295627519733e-02
4.798465822810361603e-01
-2.124730745440181201e-01
-7.278929476803863707e-04
1.274014342620559237e+00
7.392644367512703207e-02
-1.292224062331691070e-01
1.389562475198159897e+00
-5.270524257045537952e-01
4.523136659498592227e-01
-2.555760254228600648e-01
7.167671387153973228e-01
4.065740781198303178e-01
-3.775488681088760012e-01
-1.093954698354882904e+00
4.167666707868474263e-01
-8.921398233253856613e-01
6.262731841913382613e-01
-6.015799281417284483e-01
-2.312642877392791507e-01
-1.111761961310944846e+00
1.293056496535075039e+00
-9.866013459551059572e-01
5.731156581428511476e-01
7.095329828521731996e-02
-3.600166358667544753e-01
1.991916651474723021e-01
2.227656698070663854e-01
7.650158521119183597e-01
-9.272326973663526095e-01
2.417197513145066257e-01
-1.279954271329566851e+00
-1.061715449915243248e+00
2.293903026592204186e-01
-5.531917427406362053e-01
1.494918113417972316e-01
3.145449104516400141e-01
6.409133387618926037e-01
-5.002609468979539731e-01
-1.221397654545524958e+00
-5.163365553823118237e-02
-5.273273440510828358e-01
1.165925774881149679e-01
-8.476231390611684013e-02
2.697244216982866427e-01
6.099139325236266895e-01
5.298562264592641124e-01
1.246257293791132037e+00
1.122703528650745408e+00
-2.199951317319568389e-01
-1.227646901426719395e-01
9.523002526662788236e-01
6.628330278597736047e-01
-2.860396887772570507e-01
1.059774536029777670e+00
-5.247037211018014125e-01
1.111666720385467100e+00
-3.057403058264529516e-01
1.523508668675864208e-01
-2.138199153125055763e-01
-1.167448004722821675e-01
3.831835828554558399e-01
-6.324818510596916799e-01
-5.185537976599787768e-01
5.080330568495725063e-02
-2.411341261232848310e-01
-6.679286057566713453e-01
4.910149344778030889e-01
8.264323645244811001e-01
5.381222364944946435e-01
-1.128878599650771086e+00
-8.217135575353341492e-01
-9.269709202002224258e-02
-8.150227758762937924e-01
8.646456045350658925e-01
1.315700171590344469e+00
-6.203647329034335245e-01
5.800258494340613247e-01
-8.415615323268914594e-01
3.174985155779549428e-01
9.320294786739911075e-01
6.165967496289643801e-01
8.912683678532230536e-01
5.111392567816408494e-01
1.603302366646718047e-01
1.129438392262354540e+00
3.277082507943233081e-01
7.634843144637248891e-01
2.517212030725050065e-01
6.048774164666512743e-01
5.166900913027170361e-01
1.301258991553067013e-02
9.264529305293314199e-01
8.985137994186778720e-02
2.298417976014111019e-01
1.023088222697948746e-02
-1.844551407590926118e-01
-7.934925530501566460e-01
7.361595934049565138e-01
4.187469736487092198e-01
-7.177518095658442787e-01
-1.794280848461923816e-02
-5.342403958802626196e-01
-3.509634652167845092e-02
-5.758730836701356215e-02
-7.222246574700885713e-03
1.563171251674921325e-01
-1.678587595147596756e-01
-3.989463031396668913e-01
-6.830847598767475493e-02
7.692276613752929704e-01
-1.220154932131373382e+00
-2.435639372423072102e-01
1.285284607250936739e+00
-2.098215203911220073e+00
-1.683111831721150753e-01
1.059285330731059682e+00
1.140645568321374759e+00
2.485570924568879514e-01
-7.821974946922447547e-01
1.284009945118758322e+00
-2.335421160142340524e-01
-8.509387861230461869e-01
4.620341795916319549e-01
1.354304793365621373e+00
1.715646336761205426e-01
9.573398376898965001e-01
-1.594357173621628654e+00
-8.469565086125799835e-01
2.621875443163546038e-01
-2.732266220286875824e-01
7.318107022711255460e-01
-1.400172470309875683e+00
1.462546993870921241e+00
5.912468206532258685e-01
-6.602916324913292723e-01
-8.055123586091095245e-01
-1.267991125366453309e+00
-6.377148785438984113e-01
-6.634609359392945604e-01
-3.162521372822958976e-01
4.490604574310733677e-01
-4.818202106657140660e-01
-4.016803753761180040e-01
-3.725192675450278434e-01
-7.471515878854398940e-01
-1.275237578329029731e+00
-4.721561917311188905e-01
-1.266472984736380702e+00
-5.602979430025255558e-01
1.698279140608423554e-01
-2.925990946628317935e-02
-9.255010577399366833e-02
3.583959938036319071e-01
7.829855395055690392e-02
-8.947082303714274376e-01
-7.072801304436548975e-01
-3.848656763763357858e-01
7.067254559463114205e-01
-8.943146671533975800e-01
7.106497728860664553e-01
4.147623777076853147e-01
9.939190794866742396e-03
1.014078040910075362e+00
-1.668920075309590967e+00
5.367651161855713227e-01
-6.196461710386699795e-02
1.516886233175019916e-01
1.174017999022063385e+00
1.215544133711358027e-01
6.858065682864681323e-01
-4.613179414862873529e-01
6.907369068710074167e-01
-7.011950800730291089e-01
5.313316814955251766e-02
1.051373384523673682e+00
-7.991764755091138595e-01
-3.242424880709337542e-01
1.322946049077312614e+00
-9.464089613175061810e-01
-1.669287249917654203e-01
1.191547744807715248e-01
8.721952781500128538e-01
-2.895664291122506118e-01
-4.315786192745166838e-01
-7.910012954197556123e-01
8.001836875680021777e-01
-9.896430326679186984e-02
-8.077093118289667695e-01
8.289505108899103414e-02
-4.274639536484026170e-02
-8.510968390599801259e-01
8.894626779595925514e-01
4.768068609179450523e-01
-7.854046320164618233e-01
2.990479235289499327e-01
-3.226151961513876176e-01
-8.428978155091602087e-01
-4.648708383722366944e-01
8.157524807589191518e-01
3.555130837298425828e-01
-9.589835965005196750e-01
-1.311349485566641881e+00
-1.510941484033013760e-01
8.828027699150327035e-01
-9.360363925424523002e-01
1.407567813610185459e+00
-9.438691931315483785e-01
7.833995846731821588e-01
-1.011156471746879060e+00
-9.697231667919581355e-03
8.166762083948491124e-01
-1.173333050679973066e+00
3.091567299370496791e-01
-9.530993462496263613e-02
-6.984778170079104509e-01
9.359797600177979238e-01
-6.201815567256510064e-01
-4.589385923886493135e-01
9.685100454052860686e-01
-8.377644374258076398e-01
-3.750868575847468023e-01
-6.457934484522771523e-01
3.740491425322561292e-01
1.047229496769614521e+00
3.679214577750922199e-01
-4.519473492872325832e-02
-2.526728477616164703e-01
3.942169169826434394e-02
1.683981811514568827e-01
2.458845404900297238e-01
-1.055596685683803937e+00
-4.122089748082214400e-01
-4.516845364942598251e-01
-1.024093092966084972e+00
-8.970438835486751472e-01
2.547412115085642692e-02
-7.600664753055106360e-01
1.004915608919902503e+00
-1.618192069486041884e+00
7.800462718491271152e-01
1.097459150097971792e+00
8.109043681579075624e-01
-5.811562449438267830e-01
-6.399951095143456836e-01
-2.291720488845465642e-01
-6.047941020067898465e-01
-8.611251666830745943e-01
-1.073224771212331730e+00
4.465114079072688424e-01
-1.066771060219273703e+00
-1.023836891427124252e-01
6.874605767133510348e-01
2.179878347511421399e-01
4.659884407892739833e-01
-8.611690450163664856e-01
2.476365506455746601e-03
1.649554224680555015e-02
-5.382090028802415382e-01
9.322816335575237479e-02
1.006329166082985616e+00
-4.238579764092459401e-01
-3.083709686580152209e-02
-3.068134750566087754e-01
5.731814263643335572e-01
-2.087283519284532651e-01
-1.798243131640017700e-01
1.250399236549724347e-01
5.510120057475411670e-01
-7.887579165591496189e-01
1.442068883415352498e-02
-2.080361470900733423e-01
3.462865715427284052e-01
7.459561412791421153e-01
-1.394997936092100960e-02
-8.740325967202009494e-01
-2.401777260880088027e-01
6.901235756794568132e-01
4.928444363286946794e-01
7.150137227532502582e-01
-2.412167763679742560e-01
-6.712545922392976205e-01
-6.236784568125031125e-01
2.517480594329872812e-01
-2.886988563914530959e-01
3.430139854994104232e-01
5.089404547003069101e-01
7.186569680324469966e-02
7.634985862061309803e-01
-3.068767277876932598e-01
1.076117795787467246e+00
-2.305386529853328259e-01
5.791429323433333609e-01
1.051446652133424031e+00
5.588343946852252220e-01
-2.660037663279963410e-02
-4.873809737712750945e-01
6.107164354575924659e-01
-1.625650260671505531e+00
1.919284126848325167e-01
-1.114534265930745338e+00
-4.209738714331658083e-02
4.635350534385599963e-01
-1.421116977564787387e+00
5.536282759817012789e-02
-6.184336805588230845e-01
7.401902725257836213e-02
6.932528584712450703e-01
4.581811507105586490e-01
-5.442640765665706093e-01
8.994777708285561779e-01
-1.206682220130912003e-01
-4.807394638221930694e-01
-9.886653962338917689e-02
-6.576958426789817347e-01
3.001397521180105277e-01
-3.150816365309658251e-01
-3.990321886722556499e-01
8.383892915964783477e-01
9.561952783301089775e-01
