-2.784783117952112086e-01
1.079492870079675482e-01
-1.155301771144503942e+00
8.430216202791916968e-01
2.813834120018948726e-01
2.174624826657369225e-01
-6.837189747127522255e-01
1.027045061526010272e+00
8.508891411195508292e-01
-6.927331606754945081e-01
8.080183288954514986e-02
2.456997994635866100e-01
5.632719916626287571e-01
-1.560819840048681406e-03
2.681696061738726988e-01
-9.174591633465919438e-01
-7.131861278708709895e-01
-6.395350596309608004e-01
8.390650419506338054e-01
-3.303721529189946882e-01
-1.067528481523209782e+00
-2.449226368407105836e-01
1.341590742232664502e-01
-6.050242229066283839e-01
1.516159855430275982e+00
-1.470496347471648979e-01
-4.919035122455508446e-01
-6.446470669589972058e-01
5.952277288299046010e-01
3.703553987822060800e-01
-1.654306770720005426e-01
-2.136678399825456265e-01
7.047305471754843342e-01
2.186312597294404469e-01
1.334835623596392296e+00
7.409673855904319595e-01
1.625470417234381237e+00
3.152028972266870399e-01
2.534444881633882152e-01
2.071798520367610918e-01
-6.765448790422128322e-01
-1.043811768212412061e-01
1.004335404857469083e+00
5.024614302000657284e-01
1.509646919156447387e-01
6.488007581347785546e-01
-2.011449030852807962e-01
3.929267356553223234e-02
-7.163378322663680464e-01
7.877408564066180618e-01
2.964857853412194988e-01
4.590852768404011242e-01
8.238863057453176264e-01
-7.227450784021033359e-02
2.254762352621736410e-01
5.004464539331232587e-02
-2.004154384596184280e-01
-3.416553305926883777e-01
3.242508976606687243e-01
5.909841732629420585e-01
2.445779349731392216e+00
-1.410894773958887294e-01
-3.885935092058175888e-01
4.863673896644175043e-01
2.256066606457641122e+00
6.864246801046276492e-01
3.158833922433152974e-01
-8.230204645566195909e-01
1.191195940697233474e-01
-2.752732694615350750e-01
4.947379950421685324e-01
1.827108232904616880e+00
1.306400886422912855e+00
1.724771041671732563e+00
-1.609680451727490413e-01
-6.086247476769730824e-02
-4.386452651467537267e-01
-6.645011567297256505e-01
-8.277928260085632983e-01
7.077235768173967267e-01
-1.322872881226549335e+00
6.491206208297937152e-01
-3.311257532220312494e-01
3.257880695063974930e-01
8.826799284660086231e-01
-1.485031292107430456e+00
6.776425331829982746e-03
1.403054495603947238e+00
1.718992224684165460e-01
-4.282721007880762598e-01
3.130466595418210929e-01
1.478740569545480277e+00
5.717693424605564401e-01
-9.787759861365791236e-01
7.615999705181806245e-01
-1.622558026311318180e+00
-9.639275734266629092e-01
-4.778714368476347785e-01
-1.635461716531922072e+00
-6.066760526865532244e-01
-9.987159781105464651e-01
7.947826724245048435e-01
-8.806706854258652406e-01
-3.773178354622433450e-01
6.144716023591518805e-01
-1.886876260952777828e+00
-1.224784589346121555e+00
2.260520801060459939e-01
8.828151007330871103e-01
-1.017397736940486075e+00
7.295121778976579874e-01
5.973942334060893256e-01
1.153678651710008829e+00
7.871707013880446802e-02
8.071160004156621159e-01
1.816868377925110467e+00
7.904812985928248992e-01
5.623974963756295242e-01
6.109625142676811116e-01
-4.953769767322909745e-01
1.688877695427222880e+00
-3.919297200813901538e-01
7.077342163956498178e-01
-8.160812500365552946e-01
1.727522640318577052e+00
-6.168935718697321491e-01
-5.325710171815276617e-01
-2.469509053683205946e-01
-1.521853931576800267e+00
-1.833361339352878927e+00
8.202499870850723518e-01
6.939713684784193370e-01
2.678111739929684987e-01
4.279476442891989585e-01
-2.565005246134038908e-01
-6.331275405794156708e-01
-7.276770794108041729e-01
-6.265098157715622840e-01
9.905110666982176459e-01
-7.675330660965286045e-01
-1.051726583606226395e+00
-7.497778627128427464e-01
-4.380744710380505835e-01
-1.001570890915546297e-01
1.826172724028497063e+00
6.169238321822452242e-01
-7.900858982946199482e-01
-9.556191855357103471e-01
-2.557671509959752801e-02
1.237197761547392250e-01
1.506462675363474391e-01
-4.860515757878292042e-02
1.905345574653583007e-02
3.887136870050589277e-02
2.701178879752990092e-01
4.726759008536414175e-01
-8.400801036698204993e-02
-5.688215886968345930e-02
-4.535511470122851607e-01
8.121632646942078537e-01
-4.404643742821270358e-01
4.000060495926361925e-01
-1.666187421371571054e-01
7.925735713578649921e-01
5.150836398952973738e-03
-2.032305563040053276e-01
8.000319499812449386e-01
1.240829015992177611e-02
1.758813272735825217e+00
-4.774050111992648726e-01
-2.312855490479797105e-01
-3.838417845167640952e-01
-7.614069340221959470e-01
1.754950108149040400e-01
-2.414654338593328342e-01
-2.699474513204156434e-01
1.000543967225658637e+00
-1.319873110870169342e+00
-5.164961884254877234e-01
1.337462408584176643e+00
-7.075959262548152662e-01
4.804209026000705318e-03
-7.119251521202150101e-01
1.816355587421814022e-02
4.675396892641927593e-01
-7.905893758803961280e-03
1.055888620951011436e+00
-6.618521085542483640e-01
2.212068032618003111e-01
-8.752814920714643288e-01
-6.915026903897032451e-01
-1.026372998825628713e+00
-4.485778308244812163e-01
6.664374264403567505e-01
-5.127312276857615148e-01
-1.096479705258331716e+00
6.994022572283827843e-01
1.589208049701845038e+00
1.073645527325360449e+00
7.292161421333345772e-02
8.195916916891359261e-01
4.891157521899088811e-01
-6.137341419786419561e-01
8.443037592857909335e-01
2.881298240101365593e+00
-1.342355892748823554e-01
6.047465337964417209e-01
-1.019393890214730813e+00
-3.514361290676581984e-01
8.888034908778102983e-01
-2.241543190621298198e-01
-5.400387370456920522e-01
9.883928184917954995e-01
-4.906855980815497675e-01
-1.231044691528956569e+00
-6.385767223947644844e-01
-1.212056428654368356e-01
-8.300628818607663773e-01
-1.238659985460822011e+00
5.215127828991936720e-01
-1.422735176222901798e-01
1.003590662981829196e+00
6.637687234538482972e-01
9.098503441219233379e-01
-1.783381365711323441e-01
-8.465012669370999276e-01
5.314974318351056021e-02
2.200976518316183572e+00
2.079482250255911824e-01
-4.650684517246343463e-01
-9.629545174649772887e-02
-1.599939494824315300e+00
1.252946022777018609e+00
7.112464603885343406e-02
1.068212805417329658e+00
4.669854192809570481e-01
3.357643423003663918e-01
3.627297446813247950e-01
9.566187357672452096e-01
1.572475966152994342e+00
-1.646527586651882036e+00
-1.891272591510747281e-01
1.204244688616315506e-01
6.979162916207268808e-01
3.387319319917740934e-01
-7.482017769668893870e-01
5.435515371708602439e-01
-2.609907690500442787e-02
8.138858535528055160e-01
-1.628425488045622149e+00
-1.316285781012661582e-01
-3.422191399778730103e-01
-1.361276044138970964e-01
-6.073109154860987235e-01
5.881945503176432277e-01
-6.170590061347220878e-01
8.810407901140271392e-01
-2.171177131468302157e+00
-8.953076859260324927e-01
9.769545150971381542e-01
-1.179682958564301831e+00
-1.118616533011156378e+00
3.421571750200689266e-01
4.888007766053565351e-01
-9.102248606005549636e-01
