-2.447938735404456834e-01
-2.843857453988252182e-01
-2.085109970411427316e-01
3.641556346365725783e-01
6.115557859336228086e-01
9.617518526837648407e-02
1.100224559276240521e+00
3.203707738943163685e-02
8.471544846680491292e-02
4.060596994517149949e-01
-8.320436027097855014e-02
-1.047448765500772705e+00
-2.225509136176818947e-01
-6.640984822775763963e-01
-1.282060949677505945e+00
5.489775950614462774e-01
4.698089083324303861e-01
-1.004327878913344740e+00
-3.876718082489122308e-01
-2.707098404780213241e-01
1.506523469264134385e-01
-3.333576687567804120e-01
-6.641724710582428415e-01
4.803022693339282223e-01
1.377739207602280413e-01
-5.897577409206306021e-01
7.428175102347895908e-01
6.862580110088954966e-01
4.515539062552964555e-01
-7.013096653957452409e-01
3.581289736584292865e-02
-9.641767145811647177e-02
-4.009327538618285836e-01
-8.445336330661135094e-01
2.408991263195444654e-01
7.110505457060397605e-01
-1.220970584685160398e-01
-8.463720333954485309e-01
-2.340327442165049399e-02
4.776114292702001718e-01
7.955650867731604015e-01
-1.096996719243733098e+00
3.805285365379952323e-01
-1.039864447602721065e-01
-8.416489602313941276e-01
-5.178455720435822807e-01
-4.015250046091192182e-01
-1.685956937085643925e-01
-6.006836303023839196e-01
3.661067635285286115e-01
-5.126420497875940896e-01
-6.560283473851337144e-01
-4.394071168793008964e-01
1.403555595565077196e-01
-1.210483142081605068e-01
3.643578039376791367e-01
1.581339259339336889e-01
9.697238466636702858e-01
5.595608356268383377e-02
-8.154739360965507222e-01
-5.680347217866107412e-01
-8.081492782595578461e-01
-9.294150352608380183e-01
1.922387158463001178e-01
8.158355466706124215e-04
-6.353793590795714374e-01
4.535954856424680992e-01
-8.794052204721318489e-02
-1.258888891399958521e-01
-1.428512264239244767e-01
1.527739264147960629e-01
6.587049803234795720e-01
-1.294372740081191908e-01
2.089471100856714614e-01
3.657827442419597230e-01
-1.337730599735373005e+00
8.771510926795019758e-01
-7.837581003487138764e-02
-5.272718303529955186e-01
7.377377061004243286e-01
7.233229019874342081e-01
-3.200044756752890018e-01
-1.076671523119122620e+00
-4.019891624419580922e-01
-8.593360083975547514e-01
-2.779147970545509660e-01
1.529841235277551448e-01
-1.499812052112840244e-01
-1.035560457807110923e+00
-4.674021768961489909e-01
-1.436593121279270413e-01
-3.330292449854485026e-01
1.738587110887073850e+00
5.842709862503939755e-01
5.531883743182322011e-01
-5.341651500299764432e-01
-6.014532528461136174e-01
5.274340140212333550e-01
1.024646979157805005e-01
-6.611609227771859665e-01
-9.473431089569183117e-01
5.784602518545360894e-01
-1.249210209003037697e-03
-4.607633161672747280e-01
3.324161912018199772e-01
7.865531120489739625e-02
-5.911151917298297365e-01
-2.591048614564791519e-01
7.714421032611450402e-01
1.973140827483314819e-01
-4.486164403877075380e-01
8.675767902973654522e-01
-2.029334766809716417e-01
8.904639665803807391e-01
-1.125248295874258009e+00
4.913526937999546096e-01
1.253076347678536429e-01
7.239378648957688345e-01
-8.107475525373007974e-01
7.251139879903986118e-01
5.365266630800001879e-01
-1.305912152250596203e-01
-3.081829795219479529e-01
6.936179543717013729e-01
2.884959347140662045e-01
7.388896176403590699e-02
7.062074747278311859e-01
-5.034316940084813119e-01
7.790397696314838027e-01
-1.568125042915209655e-02
-2.681282545312601018e-01
5.854426601530922092e-01
-2.348611142437460608e-01
1.175920220674093963e+00
9.471212048308788045e-01
-8.302499195623419537e-01
-2.033205132844838059e-01
-6.884876081516718704e-01
4.661860840793075056e-01
-1.026335980033208140e+00
8.283563222886363153e-01
1.146645433693151750e+00
-1.833029243226411142e-01
-3.674353622320805646e-01
-4.890192476832014856e-01
1.521839595776086906e-01
-7.576706319061300432e-01
1.055858935279028188e+00
8.569216267022439215e-01
-9.320340148776440348e-01
8.940809719256320731e-01
-7.040061034101616766e-01
-5.396866247374864090e-01
3.001410105324268107e-01
-5.316301429256388156e-01
3.902930217957018000e-01
1.420439437825803952e-01
-1.699892686959251220e-01
1.063649741709461027e+00
3.869797437573736509e-01
8.552925029867569640e-01
-7.071229601985759561e-02
-1.754707987236708289e-01
8.025091409333952042e-01
-3.639229176435337387e-01
4.417850325582274307e-01
-7.400869382609015501e-01
-3.270448738419413637e-01
1.343489528877580330e+00
4.342575899099307968e-01
-2.014046696261663771e-01
-6.577383062923698454e-01
-2.953716094085742094e-01
-3.491758095295511843e-01
6.941555278976598853e-01
1.891998275162586896e-01
-8.909969120413289145e-01
-2.329814775790879089e-01
-4.385174491534971075e-02
5.098255386910622855e-01
4.452124082630078417e-01
7.973963616116950259e-01
-8.104753336467512836e-01
-1.157221530071192106e+00
4.757166797583008977e-01
3.554480959405693641e-01
-3.192238201676154130e-01
