3.744729807911095776e-01
6.610495305782049247e-01
9.732641925618861212e-01
-9.037077457314992568e-01
-1.080518967967147859e-02
3.078422862093723733e-01
-3.872598868912065506e-01
-4.615478222175533052e-01
5.240762967353318480e-01
1.289477764413941685e+00
-6.125741335249470509e-01
-3.006360453842231717e-01
-9.921179384604617013e-01
8.091695388981487991e-01
-5.294291381635793936e-01
2.186377199667866922e+00
2.041071553356931800e-01
-1.434351103181619180e-01
8.301535954712546683e-01
-6.170267069580850361e-01
-6.273215930939002316e-01
5.206517488230517632e-01
-5.483411584437614117e-01
2.861354393280350905e-01
-2.921612042088022054e-01
-2.586892702509084874e-01
2.016268311290584592e+00
2.108391736917906822e+00
8.843507465774305132e-01
4.398103521839737962e-01
1.483371467437417657e-01
-8.716861422219785993e-01
1.236620029261841891e+00
4.691456141919914113e-01
-3.491486471033928840e-01
4.919856850216413058e-01
1.383879390796394215e-01
2.907830431456330800e-01
-4.370923965390507426e-01
2.529696262536820228e-01
3.739712108575474758e-01
-3.411314425869802491e-01
1.499788546808734635e-01
-7.845733226544293615e-01
-3.926478727912170452e-01
-1.278653780947205387e-01
7.434326033486260421e-01
2.818438827690104009e-01
7.880149735802062239e-01
8.954222890721308392e-02
-5.819776210258482685e-01
6.122354338308151345e-01
3.107462177893403066e-01
1.657139786671326664e-01
9.023107064624324991e-02
-2.036909698589308704e-01
-4.362988238852132383e-01
-2.256419991601821273e-02
-9.378543011545283914e-01
-7.730031178107814593e-01
-4.251263094013699728e-01
1.990134941044410244e-01
-1.734270510601302773e+00
-9.222748795729618365e-01
-5.581848434160507910e-01
1.702863596168360250e-01
3.994637357825359114e-01
-9.238219655112240858e-01
-5.071781461842346239e-01
-3.009854008082846200e-02
4.798890396151067606e-01
-4.085362030951267265e-02
-5.789957354714947435e-02
4.192891747599623020e-01
-9.183832306314951843e-01
5.124543459276098556e-01
-4.226272452789239242e-01
5.172939902272364332e-01
-9.501939747539562831e-01
9.687305662922218730e-02
-4.511064243562645792e-01
1.377492174408772030e-01
2.667989661264913437e-01
2.188767494710956996e-01
8.833251862964976997e-01
-6.122456651869363498e-01
-1.503393582516310278e-01
7.249645954120771396e-01
1.006028946679830893e+00
-1.654311890910986182e+00
-7.325055930810899785e-01
-4.762813039341002863e-01
-4.820618233177833556e-01
4.955570341674191415e-01
3.547783618395192740e-01
-7.618770981415847743e-01
-8.826980312080947577e-01
-1.524981777073413092e-01
8.015942854429782827e-01
7.624899460760201642e-01
-4.963419624587064316e-01
9.817530217594399033e-01
5.507076064095774992e-01
-5.306692945174631415e-01
2.705826317234150125e-01
3.496664583000435034e-01
5.916232811090766930e-01
2.845111867512011283e-01
-8.620877853246093903e-01
4.458532186516830365e-01
-8.623963972082846485e-01
-6.598463063867048284e-01
-4.977072158307471739e-01
4.371979267132302116e-01
5.550085105732200930e-01
8.216452929245690040e-01
8.265955244147769054e-01
-1.599520088033048459e-01
-9.463888760879772821e-01
-1.087289850409955960e-02
-3.786448168053511143e-01
-3.681373910648724768e-01
6.835697965127718323e-01
-3.006048038516540011e-02
4.664300776108132318e-02
7.883873353489665448e-01
-1.050671569196248711e-03
-5.713624469410134576e-01
3.331593338830189932e-01
6.715995745443081866e-02
6.865588513466196474e-01
6.503791038734723085e-01
-1.500150468275547322e-01
2.177076828059667513e-01
-5.587136476426607379e-01
-2.161634051626333264e-01
-2.200224729218012154e-01
8.913986442004757649e-01
-5.762488459520762607e-01
6.188300715825163500e-01
-4.513082590314474452e-01
-5.985231829545791804e-01
2.304255904841889802e-02
8.444210733759547338e-01
-9.275664685417228661e-01
-8.257817282756116928e-01
8.794394901111259877e-01
-5.837371860792612832e-01
-1.372413293248608834e-02
9.025728949275246826e-01
-9.388375674744617871e-01
1.663332277548732474e-01
-9.936722034579998919e-01
-2.271239981110753092e-01
1.117020676637952015e-01
-2.753702943532110314e-01
6.530192284781091150e-01
1.803810909250499916e+00
9.926218483339033227e-01
9.755428997393167379e-01
1.175627427517045298e-01
4.988271603939984367e-01
-3.775069534525361536e-01
-6.518373272955017006e-01
1.294941467098562393e+00
3.970763467737659091e-01
-3.641535179095645169e-01
-7.305993111843911425e-01
7.265927510307368387e-02
6.491347314260487167e-01
-5.462837238930839945e-01
2.389037372787434776e-01
6.861834459391611407e-01
-7.892615916955081357e-01
4.468680153790967058e-01
1.649919403397522633e+00
-8.942993936759952023e-01
-8.551175892499671694e-01
4.381362336186458428e-01
2.771981157787404282e-01
-4.265821633712634231e-01
8.459916112752896566e-01
4.278622248002659223e-01
-9.217056778108161375e-01
1.233267672911737556e-01
-1.112653460260137894e+00
6.260488208003699429e-01
2.278939542243800798e-01
9.651362781966468241e-01
4.082487523349014324e-01
9.358984269924444099e-01
7.497635889568275980e-01
-3.006948448410518004e-02
-1.105636112153226991e+00
-9.177654270922310786e-01
4.518304320755333059e-01
5.452711409594623859e-02
-7.475367194012596528e-01
-3.158472495487327780e-01
-3.104963731547678574e-01
-9.706519219991325276e-01
-9.395561699335880368e-01
2.622846183951597077e-01
3.744892526405620981e-01
-1.309160733830125878e-01
-9.324109706966305922e-01
1.849952764709530406e-01
-8.922475964342668764e-01
-8.154040319439812556e-01
3.981207522714589331e+00
-8.816719848205800680e-01
-1.446474178115808584e-01
6.673105858136438862e-01
1.321169646518572716e+00
4.638833212332809097e-01
-4.736221914438321079e-01
-7.571384221063315323e-02
-9.302519534662714307e-01
-6.909819523381672823e-01
-1.377594705005460440e-01
1.280820630990954889e+00
-8.052381120850822249e-01
-2.996688781992074002e-01
-5.863289376392428753e-01
4.671319951568517759e-01
2.495756540515374766e-01
1.711299311487028962e-01
-2.531112651761668886e-01
8.450451262354428117e-01
-6.748380710822273754e-01
8.594970269980795052e-03
2.057776656296514961e-01
-6.447752829183275303e-01
-7.109730742605206988e-01
-6.134071729974037712e-01
-9.727233687569734055e-01
-6.498119664194512701e-01
-4.860385490468496217e-01
-7.737610805943329062e-01
2.703225970635282360e-01
9.012968244139643037e-01
6.820493307289046125e-01
6.352568152841537863e-01
4.657959900922277185e-01
-1.926661591441751753e-01
-8.365909971717568894e-01
9.763793352822365268e-01
-8.491682060417180544e-01
1.025344992548912870e+00
-9.523896303861407731e-01
8.068316271264901474e-01
5.847487471894803335e-01
-6.281503279197409029e-02
-4.440759139006844602e-01
-9.628347877108081043e-01
-1.095180697630394384e+00
-5.759675605010156074e-01
-1.733026155114807398e-01
9.209358144084727194e-01
1.063107566230443446e-01
-9.084304276361991892e-01
-5.418973997266149922e-01
4.013416499738808874e-01
-8.487043637990681066e-01
-9.945162409650016855e-01
