-1.018102657009046341e+00
8.104718489481692600e-01
-6.972922685300237955e-01
5.011359354084261586e-01
6.508247303620230684e-02
-3.800364948946604038e-01
-6.859407506625150308e-01
5.727024450925091159e-01
2.661855602631962303e-01
1.677147061805434047e+00
1.536645686051913429e-01
-1.700169550514110783e+00
-6.203815001080241753e-01
3.837711383011925270e-01
2.889965099355555900e-01
-1.160116680036519909e+00
1.440377086365927928e-01
-3.997200622369920797e-01
-8.053512560305240431e-01
-1.447122173849042515e+00
-1.177528218057367626e-01
1.849681372977953764e+00
-1.019475107902059641e+00
-1.408386161256060198e+00
-9.735592494918734463e-01
4.454291120230471912e-01
1.175109388769250307e+00
-8.858290829618138407e-01
2.051265348645400888e+00
7.555720250614428313e-01
1.304846108664148963e+00
-6.463251496742837832e-01
3.572409773216698614e+00
-5.282553267248160100e-01
-7.745866321818706268e-01
1.218571928539776694e+00
9.271123577432752172e-02
1.184322318762144333e-01
2.151301129391882117e-01
1.514079450786136316e-02
7.454534486803749971e-01
-2.592835025916852554e-01
2.523669743549641353e-01
-6.404119714563247800e-01
-1.045893744103562339e-01
1.212754800627517726e+00
2.918837464104426793e-01
1.528689871802960676e+00
-5.333016140739759159e-01
-1.930302961715642196e+00
7.032964503397920453e-01
-4.565844747902756962e-01
-1.300183578037001908e-01
-6.206043105858994879e-01
5.350937324932858452e-02
3.481618819326017800e-01
8.503131076630671137e-01
-4.453812568379323267e+00
7.957232641271418105e-02
-1.429511249152561891e-01
-8.886988502587414573e-03
-3.258081541822381300e-01
1.097833006630476005e+00
-1.079118600173103237e+00
-5.470521014298813656e-01
9.761543209132508281e-01
1.167449669972218995e+00
2.799557691171801199e-01
4.688547587520837112e+00
-1.356131201418392829e+00
5.398163227502905670e-02
1.590423552289405684e+00
-1.345928176520307273e+00
1.755767560095888857e-01
-1.190680713258249979e+00
6.901597185059740180e-01
1.615041829642624105e+00
-6.528473327286939965e-01
9.141396658114385454e-02
-5.846508481417479752e-02
1.973326159394919177e+00
-1.483817055452587852e-01
-1.744462141660561239e+00
1.553887091514310204e-01
-6.104709244356436582e-01
-6.001339684336121083e-01
5.284557909728186953e-01
-5.147427502583167280e-01
5.652922415456607119e-01
1.270853260586223499e+00
1.519233864970525705e+00
-1.693037547036189583e+00
-5.700801799895279798e-01
3.553237778055073903e-02
5.756779533069704691e-01
-1.345882967824125975e+00
1.351959948484615870e+00
6.574878781634753144e-01
-6.132709913414458036e-02
3.252070938762446239e+00
-8.478561535232079782e-01
7.957356958117862700e-01
5.390670131127510700e-01
4.357582491764249166e-01
-2.461785414888709167e-02
2.369671716399925021e+00
5.002409668213284727e-02
9.140419277213112093e-01
2.225399605654944324e+00
4.321975429157577930e-01
-2.091410835848013239e+00
-1.800741226356457336e-02
-3.747115408603618469e-01
-8.973303135941769204e-01
-2.995547877102211931e+00
-1.990576124404564995e-01
-1.774727056375586809e+00
2.042306745014551339e+00
4.165261496859999357e-01
-1.225997554613874829e+00
5.768012160661051269e-01
3.932318153308920206e-01
1.990529880111886751e-01
9.500700162531688919e-01
-1.217359709936502998e+00
1.230954612484385757e+00
1.347085824333666304e+00
1.322994108825068071e+00
-2.125907162595111366e+00
-6.848422930979793932e-01
-2.984695446145573805e-01
-1.075794910134194815e+00
-8.447133324512391406e-01
-7.401018038216528039e-01
-1.140777483120178237e+00
-1.155844045235915107e+00
-1.059213135381569693e+00
7.385631560585614874e-01
-7.182008970675252124e-01
-1.275121869833745869e+00
-5.498209862524210401e-01
-1.100754394445715434e+00
1.162104434855161461e+00
-1.905633060042624782e+00
8.301060141185053753e-01
-3.452471840155814098e-01
2.080949684832042124e+00
-9.221484628759715196e-01
-5.377334425750531777e-01
-7.422205645930790574e-01
-1.574442616545604245e+00
-2.434505994696547493e-01
4.582103772202832381e-01
4.652426647203257715e-01
1.023481226289975732e+00
-5.660310436189376349e-01
4.516016262092507616e-01
1.882515138657206433e-01
6.351022448667070774e-02
-8.858991330335084236e-01
8.925588218145150687e-01
4.422883983245473161e+00
1.049849472851616117e-02
4.164371821221031222e-01
1.899808620392454683e-01
2.092320997946838235e-01
5.352651627561857417e-01
-3.288715670441481054e-01
-2.458916965772450502e-01
-1.049619687792116896e+00
-3.141971292338238686e-01
1.188559797609127555e+00
4.951777729678241702e-01
-7.645923188644848656e-03
2.179809601770292260e-01
6.984026468419601841e-02
-5.405080469772763907e-01
-2.229485917282825747e-01
-2.429102178189928907e+00
7.730379879248583386e-02
-7.860960277828279441e-01
3.557779761070180569e-01
9.720060500748781140e-02
1.412275257100043646e+00
6.677650583733741874e-01
1.260602080757949606e-01
-8.821316898496408543e-01
1.273276368729137076e+00
1.923897803594190048e+00
-3.120356882164768697e-01
1.358267185854660219e+00
7.850625552737677815e-02
1.072120125074295993e+00
2.831824382393005601e-01
-7.166247297254867421e-01
1.007164948858229492e+00
-9.781589652114648370e-01
-6.224650105095683728e-01
-5.688351459242925179e-01
1.049125959814115605e+00
-1.011095529971137941e+00
2.003556054690515953e-01
-2.784765165749548688e-01
-1.181095985554456163e-02
-6.268775227086043067e-01
-1.688996791021937005e+00
-7.785971992465211544e-01
2.786425590048083323e-01
2.244804788448595545e+00
6.673201010918823339e-01
8.169385260563335471e-01
-6.222631458334456633e-01
1.150761831741952346e+00
2.945750319543392615e-01
3.598406505818063390e-03
1.421454820731240298e+00
-1.550217928964679581e+00
1.488836675289539335e-01
1.689340560070558828e-01
-2.458567412811614727e-01
-6.722285978141284701e-02
9.209595583505584271e-01
5.456371994687106985e-01
-1.217778119322175723e+00
-6.430453120348146312e-01
-2.466396846082779259e-01
-1.104896193220294282e-02
2.068560117861215630e+00
-2.450752518845383254e-01
4.872749198168242757e-02
-9.688510524608081598e-01
1.006883456718185688e+00
1.056631470472490369e-01
-7.813317012775615744e-01
1.178691175709531302e+00
5.110774131836615108e-01
5.330735954690948297e-01
-7.345759433319355436e-01
-6.196510931017590318e-01
-2.391816132644133258e-02
-1.141152883456968636e+00
-1.315221070852425345e-01
-2.326923976858663867e-01
-1.078673217434408249e-01
2.293815675237793061e-01
-2.239103204923505785e+00
6.098319442578565841e-01
1.135545379272850930e+00
-1.446197007944743373e-01
-1.515756612094937283e+00
-1.987710298390895081e-01
7.916322915538015481e-01
-1.645643744421567245e+00
9.721167862619801703e-01
-2.876522911457002341e-01
-2.510834048245360606e+00
-1.580990878833176572e+00
5.248484529594964199e-02
6.014543115760692116e-01
1.925766121219496529e+00
-1.114826635791444920e+00
-1.575414092585687986e-01
9.720278989558946980e-01
6.801207140378661142e-01
-1.895725741615960525e+00
