5.681580061325470776e-01
-1.571408290620655901e+00
5.785760426186361549e-01
-1.080793604388515128e+00
5.898050355347836948e-01
3.267845811593758087e-01
8.495411879795520260e-01
4.046065603216437712e-01
1.578009894657624645e+00
-6.497993894598870224e-01
5.405290759704164394e-01
-2.083119168277915101e+00
7.966291631198203493e-01
-9.840528065953924042e-01
-2.345861916835934036e-01
8.557565570867102789e-01
-1.089437817679023590e+00
8.002198874723682742e-01
-6.687573272368472210e-01
-9.227010945254048302e-01
7.499270346976916191e-01
1.068412508947071293e+00
-1.792260494188585795e+00
1.249483264752192291e+00
-3.418486970097531219e-01
1.251273452168929046e+00
1.334777734319426423e-01
4.473871751601568580e-01
8.843516896191423449e-01
1.268197291231348611e+00
7.564264652613019724e-01
-1.188168333350203554e+00
-8.950256585075445637e-01
1.346430256744167997e-01
5.178658820753945236e-01
-5.104691218694096255e-01
-2.519595627623370859e+00
1.352601511858904537e+00
-1.098978597896571596e+00
1.065533560797529145e+00
3.873988516810686344e-01
4.749614896800882224e-01
-4.048743881280711387e-02
1.146417976322868515e-01
-5.743276066034486149e-02
-1.095578542279455725e+00
3.544547951244482742e-01
-3.985179240216755736e-01
-1.407010384854767926e+00
6.880982280659613259e-01
6.508190456913891531e-01
1.258285380336848780e+00
8.713942306862976217e-01
-2.271538039313590884e-01
-1.291467693220583191e-01
4.377392708856956416e-01
3.570006772282459107e-01
1.343420364927741528e-01
2.831775834390594659e-01
-9.864149031222063657e-01
2.540936421976363047e-01
-8.204771245360051868e-01
5.674816463806811595e-02
-4.541483498596374790e-01
-2.240051830158718005e-01
-3.458445097227341170e-01
1.097341274902941421e+00
7.596468458962767345e-01
1.634790113244222187e-01
1.796589136480626792e+00
3.363749198494710990e-01
4.548074035556738393e-01
-9.814237343620251242e-01
-1.379911887462674125e+00
4.683676346825843551e-01
-1.775234540285073603e-01
-8.490487080555428889e-01
-6.551937950545054790e-01
7.688946584116487792e-02
8.310928522560614984e-02
-5.934839406671285622e-02
3.483740786579120341e-01
1.199020582886217934e+00
4.117256890293508609e-01
-4.159851230154011925e-01
2.634510190298507415e-01
6.724304169138060061e-01
6.105100148277883276e-01
5.299936208010572192e-02
-3.840297515047217947e-01
2.564389487983358140e-02
-1.215792183041280783e+00
-4.066785847245953933e-01
-1.773085458168467410e-01
5.820183870595894149e-01
1.301024975957416063e-01
-9.528265853562757626e-02
1.403374461507281845e+00
-1.133654592387158377e+00
1.515714973482721994e+00
-3.036759782918718176e-01
-5.992134975727982926e-01
-1.564059573671896519e-01
-8.697952581500294211e-02
-1.364332835295855695e+00
-4.844346570220163795e-01
-1.086437708114853296e+00
8.224050137129286231e-01
-7.303599849189379434e-01
1.147034864113804620e+00
3.004309827186066872e-01
1.324630455962319819e-01
-5.342634790417268020e-02
-9.128027973864183409e-02
-1.028314882686679255e+00
-1.732570007423917813e-01
-2.262993063776435054e+00
-1.408462483310328528e+00
6.936941207708154922e-01
-1.081620368569689683e+00
2.150165536429486934e+00
4.070002329992522538e-01
2.581663965783512760e-01
3.238501956514730495e-01
-9.533002812285281680e-01
-8.949617517186279902e-02
7.025694197576236588e-01
-1.493530500469549605e+00
1.773247721822786560e-01
8.731764936535965083e-01
1.098841804965283719e-02
9.540891892657570317e-01
5.238025647251599581e-01
-9.230346985983628461e-01
-3.789502429763549340e-01
4.464785302011077261e-01
1.507096988581839991e-01
-2.258786426797094293e+00
-6.836839734086641585e-01
8.746272986643635061e-01
8.687287404132403301e-01
-9.838666190868767814e-01
-8.885744927309581209e-01
4.465290528081398702e-01
-5.255834627420257199e-01
1.241157785224473287e+00
-1.191671602609656766e+00
-5.865343779784608635e-01
8.799183192255681796e-01
-3.933302332268296952e-01
-1.107546475389502794e+00
3.028980263314365873e-01
7.097548973015407325e-01
7.737073213750764733e-01
5.490648915211921999e-01
-7.101165807692955134e-02
4.694157603564029779e-01
5.641758101964872152e-01
2.858294471968813033e-01
-5.955304527973885875e-01
7.907966463338250707e-02
1.184138643269083135e-01
2.836998703693756507e+00
4.194920354331008183e-01
-1.244262172489358109e+00
1.030998922818484598e+00
5.495827718801201689e-01
2.165415318706128689e-01
2.622613177667403317e-01
1.067823969157455810e+00
9.892843483716642905e-02
-5.871963107438488150e-02
2.170862482324728560e-02
-8.150700068902494433e-02
6.296621397051398450e-01
1.282114862846170933e-01
-1.388619429431441121e+00
-1.560172066448147765e-01
-5.850282334293481767e-01
-1.036747208127086983e+00
-7.972472891034476650e-01
7.117061849765253800e-01
1.391645932442805988e-01
-1.303386938573517784e-01
-6.503783392974021860e-01
-1.323193069519900678e-01
-3.913659315644860137e-01
-9.363894586257761610e-01
7.222222317413595771e-02
-1.164742657478686771e-01
2.679841563881671385e-01
-4.521417548103353612e-01
-1.581878933631567730e+00
-1.108816861165576428e+00
-1.522730625544685301e+00
-4.364497333481684449e-01
1.611707891874843090e+00
1.177473663854382568e+00
1.259424836355794275e+00
1.125269354399460964e+00
-4.675507934433811297e-01
-3.305646338979512100e-01
-2.014719025978261691e+00
1.418979386966806588e+00
-1.169453088542820735e-01
-1.787858358169832851e+00
1.888974047017638380e+00
-1.343688948892712287e-01
-5.129383609387302423e-01
-1.382187306667981286e+00
3.586240977583468048e-01
7.301836790033529312e-02
-1.061517877087563955e+00
-3.881898055808485903e-02
1.011102538382141702e+00
-1.195843314010361258e+00
-9.424629102130100966e-01
6.997773221806252719e-02
1.608025493244777504e+00
1.284373503052738341e+00
-5.260208178767497023e-01
-1.427171044819076362e-01
5.939954562220957357e-02
-6.059548695528590295e-02
-1.270977397469593040e+00
1.993996962986711585e-01
6.164519316958462225e-01
-6.055299582562090333e-01
-4.599380871605786569e-01
-8.069592995736436514e-01
2.213746904818728378e+00
-6.291185284902265362e-01
-5.302789707637703964e-01
-8.465095255928317686e-01
-5.253960226224373420e-01
-1.567065425902107956e+00
-1.265401922970028847e+00
1.107605822466150469e+00
4.302809525121222278e-01
6.723447114285040493e-01
-6.274741302562449885e-01
7.225980651550031331e-01
6.802183708672077112e-02
-6.274231515842318974e-01
3.798844237914955624e-01
-1.699560779363818552e+00
-1.102371110207092553e+00
3.314009177589235522e-01
8.643224637392656895e-01
-4.616093529982863153e-01
-8.740819474570640235e-01
-8.962233696989349019e-01
8.723424436823504213e-02
-1.691534093195591559e+00
1.411018580117320287e+00
-1.087175946945498461e+00
1.817277562621835429e-01
2.692614367677607090e-01
2.024689298752643918e+00
-9.652072443767945042e-01
-9.780358941690299179e-01
4.387787994250236939e-02
1.204995527451127924e+00
4.830230348991828015e-01
-1.450441066066137652e-01
-1.448595640219942693e+00
1.943580370286352721e-01
4.408765352846449326e-01
7.691163283959823183e-01
2.085511301217101154e-01
-1.722227732371424791e+00
1.122864291041472562e+00
-2.840998765252535918e-01
5.435920757496426337e-01
-4.638749290354851063e-01
-8.463465502776743588e-01
-1.648112752341618581e+00
6.350871296645289599e-01
-1.058011946883067100e+00
-2.945258117070825160e-02
-2.181033376035215743e-03
1.580304986159930980e+00
5.553964654602092654e-01
1.086584003130019349e+00
-1.514559390548037676e+00
1.400450114607784957e-01
-3.441323395349138448e-02
8.382082702413329311e-01
4.313375356098312907e-01
-1.092442111809177607e+00
1.120910773960858586e+00
5.301093150540469451e-02
8.904654995953027452e-01
5.626261705806784308e-01
6.101418314707531820e-01
8.019767628754151945e-01
-1.000225654812062270e+00
1.312769462803685006e+00
-1.234458162266941633e-01
3.763417987692270206e-01
-4.263395893554390859e-01
-1.547368620643533449e-02
-1.019857522779904269e+00
2.108570350921141756e+00
-1.252257822554288413e+00
-4.676227493171600802e-01
-9.462044624641276214e-02
1.247782328225722770e+00
-1.513068240104104012e+00
-8.683406458899647351e-01
1.059864101103423772e+00
-1.124530710064508277e-01
1.602920631367726889e+00
7.300819317121799434e-01
-9.391257403949979654e-01
5.407922628910228902e-01
-1.676550253633577237e+00
2.090814685142285967e-01
9.709921746606391402e-01
-1.365211365163654378e+00
-8.085661894807187888e-01
7.872773108278787735e-01
1.674957686213592034e-02
-1.576239598753573112e+00
-1.997903118723159399e-01
-9.774992670942838080e-01
1.036345148291347495e+00
1.755373260519550227e+00
4.374229399833672316e-01
1.562734039040663214e+00
-2.672909652592189711e-01
-2.414485464812605731e-01
-1.413521240552757963e+00
1.275497840112944647e+00
6.021083313355879429e-01
-1.955631677663731693e+00
1.469133227598504732e+00
6.659187529403363115e-01
-1.154607642886812613e+00
-8.481746927985487350e-01
-7.056064856669475027e-02
-1.833417844100138527e+00
-2.076758472505495501e-01
4.605564362028793934e-02
1.641587730243788013e+00
-6.825263689843708015e-01
3.157631831698968217e-01
-8.237170902032662223e-01
5.292516848369341886e-01
5.349075786175789826e-01
1.203736743393666764e+00
-1.357656872836623396e+00
-1.573801771296502894e+00
4.573553434500184922e-01
6.951655182403826405e-01
-5.791843111563944602e-01
1.384980373732679126e+00
-9.635585509675114180e-01
-8.213897361584647783e-01
-1.287925114202121524e+00
-7.638786519213890402e-01
1.294510803830864809e+00
8.073173967964969444e-01
1.541282808129790016e+00
-5.542897867027707370e-01
5.764758513438950072e-01
1.342209522112103759e+00
1.718011682489688219e-02
-4.290439863956082567e-01
