4.405557173058569642e-01
5.424300064953164746e-01
6.691489669294280462e-01
3.218500129531357001e-01
-3.844452267886581676e-01
-2.080039865950587541e-01
6.778108370520128378e-01
-3.869622801439721038e-01
-2.810532361674861757e-01
-5.260437991484276932e-01
1.188245245310016185e-01
-9.339061655885934066e-01
-1.131436055963279119e-01
8.472614246464789112e-01
-5.372207541869790104e-01
-6.276473707526775137e-01
8.611061720077860526e-01
2.706303455462897856e-01
4.303052789299549041e-01
-2.988504171020346378e-01
9.652841329270522852e-02
-4.133501844006948756e-01
6.652381469925623403e-01
1.354257954412091403e-02
-6.475293694157838731e-01
-1.225165922331907797e+00
-3.105165316531140196e-02
-9.462267093703271570e-01
8.591020491719657537e-01
-3.787490522716616681e-01
-1.066962638888041770e+00
-2.515109076127836629e-01
-5.610247347090739911e-01
-4.610288255028836546e-01
5.802126534075073838e-01
-1.740439396083358070e-01
-8.944257243610936881e-01
-7.063244531615046062e-01
-4.241700278672985158e-01
1.612334638421677180e-01
1.054333149587991514e+00
-9.017926601761205863e-01
-6.181887359806508275e-01
1.669611495116852529e-01
1.184659138268831235e-01
-5.753837996648835107e-01
5.997522241916806163e-01
8.879576218633080664e-01
1.003666943013178159e+00
-3.514095890524551735e-02
-7.376879699835359183e-01
5.814069431134945010e-01
-9.114692217611131131e-03
-4.182085259428020008e-01
4.769634217399169873e-02
-3.807250336531718959e-01
7.178845558305000374e-01
-4.408575874320718180e-01
-1.912919218647602115e-01
-6.434178164639042796e-01
-2.589778227604601635e-01
-6.430868429240341744e-01
7.026290156606033177e-01
-8.380158310377513464e-01
-1.083786920864634906e+00
-5.858570155937797841e-03
-1.207194911033696028e-02
2.901340092194419906e-01
-1.308326171905800084e-01
-1.734032737434851867e-01
-1.039729641354653289e+00
-1.322078055370957961e-01
-3.963349093533911072e-01
2.980852806730257543e-01
1.376491789805796673e+00
-4.798921522427196940e-01
1.987556388751817726e-01
3.898245861654484057e-01
-6.727186492436028065e-01
6.850732645949426658e-01
2.816228144649385312e-02
-1.084395310131588963e-03
-5.000268544126714731e-01
-9.017791596646327346e-01
4.509405597336807459e-01
2.866109275699026959e-01
-3.611708430878234344e-01
9.167731379465410280e-01
-5.775350570841322750e-02
-6.656332517769038004e-01
6.585797654315104221e-01
1.369329074762879461e+00
-1.005426120996461004e+00
1.164359658551917587e+00
-3.663658000166787887e-01
4.485375399862174262e-01
2.517309212864253798e-01
7.702678352114297189e-01
-5.372709221143847635e-01
3.346617082481387340e-01
-1.582355938647991012e-01
-1.321913319225747063e+00
3.852802480653846895e-01
1.252514864837523723e+00
2.873708798333226011e-01
8.951755590770880122e-01
2.479840108955385924e-01
-8.513026781899699635e-01
-4.846242864037130782e-01
-7.426395172839762582e-01
1.592040181329896775e-01
-3.448563876428012431e-01
-3.826656234238361987e-01
3.246313431325401067e-02
5.550268584533827321e-01
-1.775903945848624627e-02
-6.481727095094514945e-01
7.690103956015084119e-01
7.103169535554427760e-01
-1.027233944408627364e+00
-4.038230685540865061e-01
2.704460515182752767e-01
-7.991503864523983314e-01
1.382017741576426206e-01
-1.955960742026160992e-01
-5.039870586521415508e-01
-1.010923381964313306e+00
-9.308905023748998975e-01
3.332923755983397962e-01
9.369452546826121386e-01
3.595232693626216891e-01
8.956871410442519554e-01
-2.762383767824960201e-01
7.155003934362396123e-01
-4.572773118621838162e-02
-3.301314230468870847e-01
1.197137201325875616e-01
-1.146837655765125197e+00
2.679374180315020060e-01
-6.462689915798182083e-01
3.011895253329484046e-01
-1.094857119233621168e+00
-5.606349612751047040e-01
2.152609943331066644e-01
3.104971748006785104e-01
5.127634806594612016e-01
-4.682793477470247878e-01
8.833773790135243664e-02
-4.415095616845021720e-01
2.050926504051186483e-01
4.982410685158769059e-01
3.035283351775144856e-01
4.120317091855850711e-01
3.074542807580221138e-01
-3.802668324962403534e-02
7.479368755031032823e-01
-6.587797940219140003e-01
5.780056848438811512e-01
-1.062174859335554972e-01
7.345309510572781697e-01
-9.102337491469257857e-01
-6.845642098522479735e-01
3.537451764480588623e-01
-2.473266211090379696e-01
2.490146159150052885e-02
3.055896646352338486e-01
1.158643971794086180e+00
3.534726158913125138e-01
-5.830472146813274748e-01
-7.663194323717659184e-01
5.693684203595059667e-01
-7.731755695874735768e-01
-9.873760719253613094e-02
7.204395541426324989e-01
7.383680038140758572e-01
4.188997738530489401e-01
-6.218871200218538675e-01
-5.896662172130761048e-01
-4.444918571413876696e-01
3.150201691553489169e-01
6.502616122963996714e-01
-4.197013312824991460e-01
6.351174540306199212e-01
-1.937239951056653753e-01
3.721219883878826296e-02
4.340742663341113916e-01
4.016259440536188441e-01
3.399436957516433488e-01
9.480941434434843051e-01
1.025233950526587556e-01
2.769232641410920293e-01
-3.170758647889860837e-01
6.512312513907783096e-01
4.639002387013760331e-02
1.904169991166368425e-01
-1.775180916632436157e-01
7.586542767816152333e-01
-1.354671992056656116e+00
5.679505746348749717e-01
-1.605234136691817692e-01
1.839503421832294761e-02
7.435653571275646634e-02
4.129859330124466821e-01
7.406794707661974453e-01
-4.783074279362128367e-01
-6.008183780442559740e-01
-1.078609925308676859e-01
1.293384853255219902e+00
-4.632915964899783079e-01
9.579518610689460312e-01
-6.998077406333881312e-01
-2.396690980045214636e-01
-7.366162930341907389e-02
3.396635501358031828e-01
5.358933564245691450e-01
1.500439332530292269e-01
9.911084535323796407e-01
8.115143267442150865e-01
-3.724399293361993490e-02
5.947040487124299890e-01
8.381993682220310049e-01
5.436993593159097360e-01
-2.661098810597338216e-01
-1.464672283141912057e-01
-6.036210970557470690e-01
3.050113782499588866e-01
-1.964827608937511072e-01
6.541819446086232226e-01
1.009098020841729726e+00
1.264732154205142622e-01
8.579931340220666725e-01
-1.075879547405433456e+00
1.012375938925577312e+00
3.793017275990126502e-01
-3.985013598085244690e-01
-5.764259349005199651e-01
-2.648347462853711809e-02
-6.775701318851445887e-01
4.762921973962158662e-01
-4.843245362923739861e-01
-5.296220587468026819e-01
2.323363746423738330e-01
5.593402405635133912e-01
-3.194121741819598292e-01
6.158701505005037546e-01
-9.092181916030039890e-01
-1.664140361920133926e-01
7.406887943322549850e-01
7.309300541092478287e-01
-7.007641005287058578e-01
-1.293838326361595459e-01
3.694160078330505081e-01
-3.465787180247712485e-01
7.610321861427769008e-01
4.557678564534558552e-01
7.805378850900959176e-01
9.171721778693895377e-01
3.875751844429592419e-01
-1.927200898702640108e-01
-4.530793645801602376e-01
-2.887411080611970160e-01
-1.049164665636967975e+00
-5.650925720000126162e-01
-6.552115326450060895e-01
-1.257489524082744392e-02
