-1.006843149438363394e+00
-2.141890375714461392e-01
-9.297370205174090296e-01
-2.633695857879418400e-01
-4.782883904452406298e-01
9.700410503797441963e-01
9.626991489878067298e-01
-8.981185189399143454e-01
3.993216205608411395e-01
-5.604650654312121061e-01
2.941074937813614176e-01
-7.311364517761325121e-01
8.298628219386562366e-01
-3.880638932601592761e-01
-1.404789211610411259e+00
-7.186127795674304153e-01
-9.518886538822372012e-01
1.123757181058768762e+00
-1.145123760657187573e+00
-4.343974772994976807e-02
-8.993189762940818621e-01
1.144321479189186030e+00
1.195544364208746879e+00
-2.850448356741510647e-01
2.306364063169057121e-01
1.131170665750584670e+00
-1.515258217115103445e+00
1.118930141454296923e+00
-1.356506121940246778e+00
-1.186031149382980709e+00
1.139608849886478564e-01
1.217604550497451310e+00
-6.412450349538663108e-01
9.080106555265952950e-02
-1.292298683387059555e+00
1.839245333683089623e+00
1.172353712130764780e+00
1.201171052445394016e+00
-2.142884660853541234e-01
8.492980224407342682e-01
3.764807638924430044e-01
1.058127670230048167e+00
1.231287090159848718e+00
-4.702643393512794256e-01
4.251418500490899977e-01
5.673754237131092837e-02
3.949733146544267548e-01
1.396660755365845885e+00
1.145448842170621040e-02
1.323066886414196563e+00
-8.834539068209134038e-01
-1.168509995950252289e+00
-3.455283655429008949e-02
6.086577205077330077e-02
-9.002656013637331256e-01
-1.255794471312748462e+00
-1.995708867660057617e-01
1.793213262425346954e+00
1.163605208873947472e+00
1.195689958803757946e+00
-7.518457185474153315e-02
-9.485398023026767600e-01
4.675104342917213440e-01
-4.717694490575838895e-01
-3.614759430136881280e-01
5.117221684094178658e-01
-7.920173792132206847e-01
2.838255005668467446e-01
3.711102121818506960e-01
-1.278308698939562005e-02
-5.711755838841472421e-01
7.237737802365160067e-02
-9.430107773050787623e-01
1.181135306076360525e+00
-2.509910497523575867e-01
-1.655526926551714739e-03
6.232786763495056226e-01
7.089588095272576496e-01
-2.101086898618805821e-01
-4.952645756741275163e-01
2.499274668631521923e+00
7.652613206140590485e-01
5.599561168340400075e-02
-6.517912280588489260e-01
9.924316764414332637e-01
1.213845735702227424e+00
-1.018655547135946804e-01
-6.638831756517532545e-01
3.744357521602395544e-02
-1.034293004456991794e+00
-1.227144549743357238e-02
1.106562438228888140e-01
-8.536684764804347569e-01
1.643263514414300408e+00
1.022555245245095223e+00
6.051890189388500207e-01
-1.895468444137754505e-01
-2.579673733259587043e-01
1.086461298671291376e+00
9.928158138844692671e-01
-7.546345686106289419e-01
7.223040266534141995e-02
1.339251162706398324e+00
1.016729245645973251e-03
-1.276126312956918363e-02
-7.807291444721223828e-01
1.496664718647623404e-01
7.913217252988167250e-01
-2.604491293671318819e-01
5.774330837991462628e-01
1.054715487781954453e+00
5.738570799733994088e-02
-1.017438618361127922e+00
-1.953948830407321369e+00
4.693729323129755548e-01
3.352110938171920518e-02
5.256034114298945292e-01
1.098542740767068926e+00
8.367130893112171286e-01
4.847979517067629862e-01
-1.162860544907532656e+00
-5.273528853002084071e-01
1.049454109734897778e-01
-7.035982942480462077e-01
1.169620877986172092e+00
-8.101781095797637722e-01
1.064384134855006936e+00
-3.080527495377830549e-01
3.587865059312800309e-01
-1.450423583085351575e+00
1.685966243415540911e+00
-4.770447246572617761e-01
-2.456934148975442600e-01
-9.883688055512640513e-01
1.168552001046242461e+00
1.700876143754674885e+00
-1.428125633363014624e-01
1.820426980076679246e-01
7.961709644805777808e-01
-2.459204603101458331e-01
2.389291811907073848e-01
5.577032512570867517e-01
-5.320908893123771355e-02
-4.255210752566084831e-01
-1.419882966034553995e+00
-2.498379271001714141e-01
-9.311163301684566296e-02
9.961401551008569610e-02
-1.621631106319795457e+00
-1.232964826978255157e+00
-2.210564917504887483e-01
1.622550093667536775e+00
-9.524609420650238523e-01
-1.118698089295335096e+00
-9.536070156865172898e-01
-1.845348486215348804e-01
-9.256550172658959408e-01
-4.130096199904031984e-01
-1.340640312897231956e+00
4.940379561559825328e-02
-5.048711876251410491e-01
4.435879485569972358e-01
-9.117270180833524085e-02
-1.220749542980174018e+00
9.707749834464759475e-01
-6.477339716078052145e-01
1.687620028442820663e+00
-3.825080466518873679e-01
1.095155558763382109e+00
-2.369425289735685447e-01
-7.470012212385611639e-01
-1.231140392602334543e+00
-1.316271643050672902e+00
1.506373899301044483e+00
6.584142928259612004e-01
-2.318716155275829249e-01
1.312271901208590830e+00
-9.578305134187159453e-01
-2.180326163812394413e-01
9.555553359994752860e-01
-4.749165048284577084e-01
-1.541456187644993370e-01
1.660185117496868479e+00
-1.130699677206653264e-01
-7.630758232388211715e-01
4.147455596732987915e-02
1.225451246610302469e+00
2.955259441003263987e-01
1.730920565459175053e+00
-1.306265659887737574e-01
-1.777369939320557979e+00
6.507218788424569411e-02
-7.675826352569198319e-01
3.394328569080108382e-01
-5.251353564311317390e-02
1.149173372815412542e+00
-5.427491427976346983e-02
2.913337558838872132e-01
-3.361749964198624818e-01
9.056089167336436874e-02
8.691906468593812995e-01
-3.529768118907053442e-02
2.903685697644717290e-01
-7.529824762373936720e-01
-5.990350897565621668e-01
1.419044848740882436e+00
7.716969889965045182e-01
-6.951770888288123507e-01
-1.454919015218635980e+00
-8.431009969140321747e-01
-7.760631335155911970e-01
9.777148140277602817e-02
6.906451871045395929e-01
-8.018132393823471094e-02
1.762366634342827365e-01
-2.192477457592199031e-01
-6.694780495367393947e-01
-1.222406340189732710e+00
2.361088521631361792e-01
9.155373837885104615e-01
-1.042562175726800655e+00
-8.898085912687736521e-01
5.974338533861506956e-02
-7.396828134663903098e-01
-3.366539937329090515e-01
1.789736802635387980e-01
-4.244120505975264579e-01
1.130339538429034341e-02
-2.567503356506195544e-01
-4.475655268198671100e-01
-5.252915720334710992e-01
-1.922630401419305191e-01
1.791710406569091418e-01
5.922611267382509315e-01
6.563627471632533794e-01
-1.932508549479410753e+00
9.777340724496381974e-02
3.916657493689335023e-01
-6.561119471018895810e-01
3.795136232438524049e-01
-2.988492998680896684e-01
-1.712542762753408887e+00
1.996066696460732537e+00
1.269604078542962977e+00
-7.262906545200780162e-01
-6.902625147453120835e-01
-8.894856622627078657e-01
2.946855552237132025e-01
-4.518211112492817039e-01
6.311999575053368616e-01
2.979262107085378086e-01
1.401047278227965487e+00
-5.446769112671918656e-01
7.273208531525512388e-01
-1.314232272122889400e+00
4.416712871448631450e-01
5.685319117348072021e-02
1.470966535588646984e+00
1.795859581972509000e-01
1.103942108646217973e-01
3.644018167272613518e-01
-2.188389941377173187e-01
7.742731916955565286e-01
1.098366447146899683e+00
6.450584975528762532e-01
-2.767686864993587625e-01
1.723932339215879184e+00
4.475411351417972750e-01
1.630969353284115325e-02
-4.155587818035491599e-01
1.312802187493898431e+00
-1.093876932484689757e+00
-8.067765354837852509e-01
8.174309582993530832e-01
-1.188552897098996031e+00
1.255348428667673932e+00
1.681917754110868524e+00
-1.205086258522160281e-02
-8.837363241815741066e-01
1.030448467694430326e+00
1.377547829296970727e+00
5.378463074825494683e-01
1.503215938138485086e+00
-2.500901294019193810e-01
-1.212304271321499094e+00
-1.083833911788568249e+00
9.842535449603156961e-01
1.273918355150967407e+00
-7.205362489473172705e-01
4.481829144597948567e-01
2.047319514538268603e-01
-1.747392619397117208e+00
1.049910844043898006e+00
3.841962986175014860e-01
3.884165693195114066e-01
5.665313021139872784e-01
9.950271996642718886e-01
-1.191852723741601450e+00
1.289874533088199549e+00
-3.414944151012290763e-01
-1.441330283759518993e+00
7.815050180629901089e-01
1.320842481278423186e+00
5.233207333631256786e-01
2.064607819123930876e-01
-1.784054799616105469e-01
4.800782713824829906e-01
8.013567034417462542e-02
-4.700086290945919565e-01
3.041874783118205805e-01
1.283276327720368037e+00
2.241940878100489587e-01
6.425649470009896502e-01
3.789074445589670770e-01
8.165516296977395339e-01
-9.118327803079048777e-02
1.472320697707265147e+00
-4.886559467789664546e-01
3.502149438112301949e-01
6.762930245282712249e-01
-5.221595683595623427e-01
-5.003438659686947343e-01
-5.382030824868495600e-01
7.936968903373736728e-01
-8.754251457436740269e-01
-6.258517382333000922e-01
6.500462522371335261e-01
8.183483945994174391e-01
-3.158471720692749840e-01
-6.095194601088359532e-01
8.437362591021102531e-01
-4.539897698053091402e-01
3.418789120816216887e-01
2.640547495641578091e-01
5.261665658293868120e-01
-8.973930674589075673e-02
-6.322587121403223653e-01
7.241923451246989885e-01
-1.041445083126517401e+00
8.276552051096204288e-01
-4.321345438050683274e-01
-2.458113032578846113e-01
-4.699889528654656590e-01
-8.006930487669969843e-01
-1.485631062884643083e-01
2.620172744493182160e-01
1.097293463166452376e+00
4.847572614999079987e-01
-7.446106812682698473e-02
-6.588113453584085732e-01
7.704165596396251869e-01
5.998870888415674951e-01
-5.977449023271308448e-01
5.487418829805812415e-01
-2.407237754278637176e-01
-1.088915229860814682e+00
-5.597354119019548602e-02
-1.735833389205636568e+00
2.764053481835744286e-01
6.314346135056686515e-03
3.134279504014045314e-01
-3.074644191166894247e-01
3.911314721017423168e-01
-1.636671779818212658e+00
-5.812030584981747738e-01
-1.971586435626192235e-01
1.781292761259357094e-01
-8.565913603326682502e-01
2.829284283904076047e-01
