-2.741659986636965751e+00
-9.075446601134655733e-01
7.372932286518799616e-01
-4.587983836631618351e-01
-1.067865989378406627e-01
-2.517063415265789472e-01
-1.183672936263854503e+00
1.666037412298464915e+00
-3.408989912873393036e-01
-2.025003770345376264e+00
-9.718291527817002340e-01
3.345193919444029995e-01
7.391221610395599662e-01
-1.305810457216660447e+00
2.144971315970588543e-01
7.924944652057590577e-01
5.390180278732223940e-01
-1.443934977037860223e+00
6.890950069674662837e-01
1.779390399006735901e+00
-1.478863941032032558e+00
-5.801556186809676552e-01
1.202841202444999702e+00
-6.167521067674223145e-01
8.425193759188431830e-01
-2.312774487664586598e+00
4.653737215093048385e-01
-7.061691710599150573e-01
-1.511534213401074966e+00
5.024017571903823809e-01
1.012047958869854103e+00
8.270615431829013708e-01
-4.036825104110313145e-01
-1.551433893004131370e+00
-3.962098618201256861e-02
-5.879077700366749371e-01
2.207203887069554060e+00
-2.009126780635178910e+00
6.019262241244975886e-01
2.894476046479199649e-01
1.080834250348692516e+00
-8.061694623223836231e-02
6.120608513585999999e-01
-5.094127056408529475e-01
-4.872301511713587052e-01
-1.369970801280003814e+00
9.469132970625331325e-01
-3.070468182194848517e+00
5.524688422541393917e-01
-1.921152463107567154e+00
4.712814597567770436e-01
7.145916556604591241e-01
1.786615859661659478e+00
2.109931759175343036e-03
-8.080994679691547722e-01
1.716264258501631668e+00
6.942481383696055275e-01
1.374800511871360431e+00
-2.067577722526691697e-01
3.055540378709663552e-01
3.267248019877300180e-01
-2.805482545394112903e-01
1.574935462027644117e+00
9.589231883623718922e-01
-3.559022668290946489e-01
4.355958537172155420e-01
-1.385263003853326236e+00
-1.472484435031442551e+00
6.084358808906625837e-02
-4.928932068997395333e-01
1.782696710189704437e+00
-9.602321135564020893e-02
-4.343419510719398469e-01
-1.745357558616416060e+00
1.607218798986775610e-01
7.292505612703019668e-01
-2.198539372497410938e+00
-1.186898926081248806e+00
1.262149941546717447e+00
6.725099476846883029e-01
1.085435220618866214e+00
9.085594117944204573e-01
-5.741488310029438935e-01
-5.987085469273334404e-01
-3.400877393224269740e-01
-1.206407510819790696e+00
6.930658749753806358e-01
1.179591234343087658e+00
1.098411674904709256e+00
8.123040662212780427e-01
7.811226377416596867e-01
2.024007248291953776e+00
2.255779160086141544e-01
-2.432136070340543132e-01
1.802645615171669935e-01
-7.825268292005220783e-01
-8.681299649497780102e-01
-9.614598882083301712e-01
-1.321189745092620216e-01
1.338664318668087772e+00
4.103147062350330221e-01
8.141403183620014028e-01
1.686423904388642259e-01
2.863231922531140339e-01
-8.369686070210404782e-01
-1.263827782822632306e+00
7.066932003096262349e-01
-4.893418735772459005e-01
-1.026037699963072425e-01
-7.903930540198185195e-01
-6.666288167120768549e-01
-2.122562411760504086e-01
-6.652309737409134449e-01
6.365412732407487173e-01
-1.512314214216895270e+00
-7.963910861703140665e-01
-4.900626889157909671e-01
-2.598144395253747518e-01
4.917048666763836895e-01
3.770974356908503577e-01
1.370872495598673690e-01
5.313613331935115314e-01
-1.020075004882380565e+00
3.397892961950640944e-01
-1.135355986828086250e+00
-3.181362510279769351e-01
-2.431050516809347251e+00
1.229952748744987251e-01
1.982196384057992367e+00
1.367018110607407300e+00
1.621711143287364765e+00
-1.301977196825022443e+00
5.390224523713595950e-01
-1.699358437048464676e+00
-4.644976792393765708e-01
1.868426082331761662e-01
-2.034961362280657493e+00
-2.263204101985653305e-01
-2.609659157465712420e-01
-1.519831024539849140e-01
-1.067077927189179931e+00
3.443074998925056418e-01
9.847778125162139906e-01
-2.136620002841308485e-01
6.198881896900108046e-01
7.461443742048924355e-01
-2.040251771579063289e-01
1.167038712087931529e+00
-4.128806632864653325e-01
2.243811102911815181e-01
6.741754333130554888e-02
-5.578929431724635180e-01
-1.099393622784035296e+00
-1.093310459962738568e+00
-6.879243167990823915e-01
5.462696555689091626e-01
-2.188338524953355735e-01
4.932978849184980752e-01
9.284991822680629392e-01
-4.662301898048434312e-01
-4.080610762401797320e-01
2.948988133902138986e-01
1.541971955560312413e+00
-5.287165237434883203e-01
-1.107259718928417014e+00
-2.452730847417137483e-01
9.615568627946581293e-01
6.127319889615224779e-01
-6.453974052085411639e-01
-2.620367027390458348e-01
2.465313099428687038e-01
-4.527295187271178079e-01
-1.728611168855216151e+00
1.260582056375519233e+00
4.249704341673216090e-01
-8.034784389438703878e-01
6.506434716543074703e-01
-7.546506567996522641e-01
-8.677313515094283725e-01
-5.200303928645306772e-01
3.998135287319538045e-01
-7.663015876060087495e-01
1.129236376315547297e+00
5.590907865384129316e-01
-9.141668775674728353e-01
-2.392674652451598216e-01
6.853389626443188165e-01
4.729581832536601249e-01
1.583527039169809747e-01
-1.291654836706187082e+00
1.318388737151298340e+00
-2.587744018902907728e-01
1.314652081143677043e+00
-1.390012995586538347e+00
8.031912060668698894e-01
-4.762906161830241514e-01
-1.331456071312905554e+00
5.711991291183262653e-01
-2.661241446468204930e-01
-1.622442812334489171e+00
-9.807587074831072282e-01
-6.312935322411634687e-01
-1.209268367709490422e+00
1.096670178370684035e+00
1.377313941432433131e+00
1.522699163736549455e+00
-9.796969735560636661e-01
1.777577835745062451e+00
5.958711684568634981e-01
1.510866083984420349e+00
2.191891703318019913e-01
7.180015372305030841e-01
1.371222590729422208e+00
-2.332449794899993378e-03
-2.716260681122417142e-01
-6.046439844259029472e-01
-4.698751855706894687e-01
1.776163132836815928e+00
-5.303214029609697455e-01
1.472425062549653330e+00
-5.773874605295657991e-01
8.518427189188293447e-01
3.371132125656130935e-02
1.537713985128116745e+00
5.154711669750603464e-01
1.688605333814151566e+00
-6.224191742726515875e-01
-1.200714151922235517e+00
-1.799365131525848538e-02
-3.854767563025869315e-01
1.597739377599374011e+00
-1.722070126593267803e-01
-1.089816522187966319e-01
-4.184890898522747316e-02
4.580995740851342424e-01
4.221536858320828478e-01
-5.623999230957332784e-01
1.651742001402594306e+00
-1.731706352595110188e+00
8.120920673661242706e-01
6.950492554456048078e-01
-6.573366781275252757e-02
-3.134080570516812880e-01
2.156240628084518107e+00
-4.719495151086116613e-01
-1.211758863793444274e-01
1.602525305304791647e+00
-2.490092529155977230e-01
-7.945165541666910913e-01
5.323671300735207668e-01
-3.108220703832982768e+00
-1.446067596409033706e+00
5.797569519594395482e-01
-5.288486887842513973e-01
1.724026107518953632e-01
1.231201850968218103e+00
1.350976680552119280e+00
-1.093262312181930707e+00
-1.675421988142126617e+00
1.697775927995242851e-01
8.437543088404471092e-01
-7.601203115539769684e-01
-1.356063451797410391e+00
2.689684972626003034e-01
1.044954215113955254e+00
1.905676327054706798e+00
-7.017317503333475592e-01
1.793491928940723068e-01
5.706734906702200238e-02
-3.331320368413451249e-02
-6.338343884690973429e-01
-2.971483740263639595e-01
6.678432334171733320e-01
-9.478495619229037050e-01
3.648344514537270045e-01
-1.014242277689234140e+00
-8.386810186474231710e-01
1.084006298285467906e+00
-4.112444763803333458e-01
4.347557045224625383e-01
-4.547446004480416581e-01
-1.453535137876134753e+00
-1.261838377755605700e+00
-1.443163321119195874e+00
1.077523222262827929e+00
5.298268570199763383e-01
7.468486463601820002e-03
-5.471492650857310291e-01
-1.838989005503901542e-01
4.005235204172713503e-01
1.816806715117706084e+00
-1.714730185663911666e+00
3.617863265398214012e-01
2.494422390353024099e-01
-6.261677318562171024e-01
-4.598897819204346704e-01
-6.559057012149829280e-01
2.925798106280667610e-01
4.280758745878476823e-01
-2.042701666976409314e+00
9.039958201002542548e-01
6.543781460494848545e-01
1.399574345151619825e+00
1.061447329150255525e+00
-5.222180902739157471e-01
-1.993030656776447973e+00
5.002410833970627468e-01
-8.785918284363486430e-02
5.325095724229506056e-01
1.729980685883293345e+00
1.602523946655252246e-02
-9.530608429362708023e-01
7.296093656572341657e-02
-3.397356631460418663e-01
-3.959496170927792602e-01
2.555282295259300729e-01
-1.275781665668288545e-01
1.375906149976649839e+00
-1.230439076678728760e+00
-3.549464283606071913e-01
-5.919674695249343976e-01
9.639542571821783090e-01
-1.141185484153142804e+00
6.891584652968670843e-01
3.798658433018571312e-01
-3.310997165195299630e-01
2.374864252533775422e-01
1.477350814590136785e-01
-4.472012280199398893e-01
1.548143816668670070e-01
-8.942425028725677905e-01
-2.834971135376621598e-01
1.930917800947574148e-01
1.072997922416826011e+00
3.696873450712678810e-01
-9.377156075443751071e-01
6.213363262990159175e-01
-1.221263803162388140e+00
1.647018633692673539e+00
-4.038560860739212055e-01
-5.865957739517579927e-01
3.008553836820595517e-01
6.710589869806979912e-01
-4.389977283820101217e-01
-5.643861061396719669e-02
-4.900658543806471479e-01
8.850206190303319675e-02
2.317044698001738734e+00
6.268492087120338674e-01
-2.253820188686935122e+00
2.947957928931634886e-01
2.221486676293385476e-01
2.293904690982113137e-01
-1.062323883786653544e+00
5.882947853257487481e-01
9.309867659030616194e-01
-1.865591412821746786e+00
1.931149100368550586e+00
-3.870671944494724626e-02
-1.333312247397637984e+00
-1.151830122829973629e-01
-4.896413782826304351e-01
-4.274878235226992063e-01
1.536084206578727240e+00
-1.081032781305363510e+00
5.224826541537097579e-02
1.036471359575598106e+00
-6.874610423935774151e-01
-1.112712681240735968e+00
-1.419163378111380824e+00
5.972718236373745215e-01
3.682873055841209831e-02
2.849950597070188829e-01
6.451490471084897482e-02
3.957226034815085058e-01
-1.585717833134690391e+00
3.325560079005239478e-02
-5.576835915605340421e-01
1.323536162740196476e+00
-1.377316526432119659e+00
4.239869484951021561e-01
-2.205014269951602213e+00
1.377516250660555386e+00
6.190928101497719105e-01
4.214039763245386316e-01
-1.844548014525856816e+00
2.153832080181246056e+00
1.560594931522154782e+00
2.170852711643575184e+00
1.237304396772221926e-01
-6.484485655902442192e-01
1.458228446974014769e-01
-1.698837627712739495e+00
-6.576389600266218105e-01
-1.191427826629555708e+00
