6.802584330367239529e-01
5.819657990747306719e-01
8.056325690389529171e-02
-1.262528172286851991e+00
-1.556183784790682756e+00
5.292730192626078356e-01
4.194405940701249058e-01
-1.551472694767296878e-01
-5.814497661755289037e-01
1.144701672336712051e+00
7.943773435378534975e-01
-8.056637054694253397e-01
-1.038913429702377655e+00
1.459434492443893783e+00
8.989927876028986908e-01
6.759587734225750433e-01
-1.145165568406711465e+00
-1.901980809083960444e-01
-1.264973544855224619e-01
-5.966238283828561029e-01
-5.101608402247272966e-01
-8.450247971896349131e-02
8.569965665771921426e-01
1.177835959272631461e-01
8.768339894559680214e-01
-1.158047248489587844e+00
-2.816564125136313268e-01
-4.769238166075114860e-01
-9.045054810043013926e-01
9.427366235983992704e-01
-3.830567824186251746e-01
3.923930781565558301e-01
-2.369154990333117161e-01
-1.303041851177865418e+00
-2.457090736467186787e-01
-1.002195258256615817e+00
1.362590030548163522e+00
5.348664600744442721e-01
1.854936423270210355e-01
-4.208351834469259978e-01
3.101220344274795426e-01
4.174683557087428554e-01
8.122511662848226344e-01
1.493221036062383766e-01
-1.342466867735610636e+00
4.284400572656560380e-01
-7.050217172174001456e-01
4.274796712408391319e-01
5.646232511505753227e-01
-1.042409189400697045e+00
-9.593289083485725399e-01
-2.650284433037042864e-01
4.871191881757368503e-01
7.395240679619524693e-02
-5.016928750966878070e-01
1.007148784314009449e+00
2.255742304791214792e-01
-1.219992002555749133e+00
-1.313061725520682232e+00
1.193581117764363375e+00
7.360349087425421821e-01
9.013496454015137438e-01
7.085463718274478406e-01
4.780689020084578911e-02
-1.005941225768897995e+00
2.918578318339508093e-01
3.323794146252918580e-01
-1.363077786589328433e+00
9.028741346333598594e-01
1.762900815328070914e-01
-5.170092496943377025e-01
-1.011799500306576061e-01
1.530083096337534698e+00
-1.195726010152962981e+00
9.846124339497225320e-01
9.806606279539109572e-01
2.333895289168948506e-01
-1.382764943899864374e+00
6.269078270945196429e-01
-6.297945926449832754e-01
6.122409173687020090e-01
-5.467575675875699925e-01
-1.120482931422970729e+00
-9.498942045988357785e-01
-2.864751064843890083e-01
7.887037400199852222e-01
3.819360242348481815e-01
-4.933240722052338878e-01
1.181437339412719556e+00
-6.708610554740661591e-01
1.342658525975255701e+00
1.007636667500670713e+00
-1.311560144622667123e-02
3.766979775997197910e-01
8.873928876208585503e-01
-4.673022814103115763e-02
1.252194157575786004e+00
-2.444091389436663930e-01
9.437709378520797721e-01
6.445588013428182883e-01
-9.759632177961194976e-01
-1.810686767504812611e+00
5.808988407839819068e-01
-3.799248406240686715e-01
2.047533486361698407e-01
-9.874988007682167224e-01
4.741884340966354694e-01
4.808669741110054852e-01
-8.319230643563410577e-02
-3.123991240298756855e-01
-5.268133710647212586e-01
9.012960592331626941e-01
5.192390021405383083e-01
-4.004917381458074077e-01
-8.073502006919013319e-01
-1.099653046285900965e-01
-1.082822309472411648e+00
-9.047026030381818962e-02
-1.028201453098805063e+00
-6.205255485131573601e-02
5.081072682934791862e-01
-7.305321483170277297e-01
5.784029027331146766e-01
-1.346337108921104031e+00
-7.217688310325707235e-01
3.771470674039779647e-01
-1.951031615214272374e+00
9.953418087794064784e-01
9.512620970480533122e-01
-1.504665363811595213e+00
-1.041951716362055524e+00
1.570567366520014607e+00
2.934468017610194351e-02
-6.095430612030251494e-01
-7.787062655700442981e-01
-8.542957361810026296e-01
-1.593461799786786592e+00
-1.037933244949541312e+00
4.761700528989683545e-01
-5.740832304182329204e-02
9.961999010245320418e-01
4.790393225536869193e-01
-1.233980689653929819e+00
-3.280073561148332262e-01
1.395431113656639077e+00
2.156853194696902454e-01
-8.714468629263607546e-01
-1.365644864489130028e-01
1.721682376554828364e-01
-9.517635599186891060e-01
-8.068638827035864436e-01
-1.250640690495053331e+00
7.854990851596075352e-01
-2.078254098206280265e-01
-1.636708612472584645e-01
-1.449370811365704170e-01
-1.116214876932081629e-01
2.110361895376279828e-01
-1.495337733382563483e+00
4.112992559857706620e-01
-4.146010129296463509e-01
-1.154590253163625846e+00
4.376530392430261762e-01
7.052893383863694243e-01
2.963914036439717625e-01
-1.108574071219783796e+00
4.942791063683423802e-01
-6.803794270827440149e-02
4.384135059779484256e-02
5.476903785613116415e-01
1.362694183167537654e+00
9.501635611036024498e-01
-2.806882169953484052e-01
-9.642977557948396727e-01
3.537420821422951889e-01
1.683327014393553867e-01
1.182519943647909022e+00
-1.148529696368997932e+00
5.174942581443229273e-01
5.801782615510889807e-01
-1.152560408694129013e+00
-1.408933844006395431e+00
-1.016307718414511951e+00
4.280771525346446782e-01
-5.089708777629951830e-03
-2.653320355237666073e-01
-4.815514007425386600e-03
-3.562170651458027026e-01
2.950218943069632394e-01
1.112121955185094574e-01
1.339720712922420204e-02
-5.101573675889761184e-01
4.787373390693134834e-01
3.836978162165594064e-01
1.185325109040018310e+00
1.313821702789432777e+00
-7.100414216952516400e-01
9.337151033683731560e-01
1.874566536296531361e-01
-7.897148792404861117e-01
4.984710494941753112e-01
2.866411600863010833e-01
4.247917787139651735e-02
-2.938554777639848514e-01
-8.556302288612751550e-01
-7.623691652364332771e-01
1.332645694470869224e-01
-2.578274026739887370e-01
3.880259597556970919e-01
-7.611484293091574926e-01
-5.802274839638714710e-01
2.242768283830335330e-01
8.837265726297091062e-01
-6.947606980064715554e-01
2.019485096013276415e+00
-6.607488710167050971e-01
2.382796848798389155e-01
2.237005052568100449e+00
2.699507170980449677e-01
3.315850249790777693e-01
-1.072616755700709801e+00
-1.605414586691253698e+00
1.035076130016740370e+00
1.026067238944071258e+00
6.027470982658351961e-02
-9.964078495246973810e-02
5.216770043664662460e-01
1.206200082265198592e+00
-2.659137954737065823e-01
-4.409334430230471558e-01
-6.289054873015326175e-01
4.563376266156495276e-01
1.378546133298796383e-01
4.379571046838461046e-02
3.357222604057670812e-01
-4.626586783274591053e-01
-3.166661155034728448e-01
-4.139566249782271612e-01
9.057729149608612085e-01
-1.993269208725642894e-01
1.005093507364487326e-01
-7.668848997184474214e-01
-7.659883934885463042e-01
3.787808317847011219e-01
6.232980655694971839e-01
-1.064627215171035424e+00
-9.986430150388382332e-01
-4.366871689306500715e-01
3.674425106033562538e-01
9.188805533451848140e-01
1.680520064937021329e+00
-8.724057048274609372e-01
-4.554055467332500384e-02
2.914601817910768000e-01
-1.179176446716690529e+00
6.867929779431701798e-01
7.446599261793483970e-01
6.860301836873623493e-01
6.946182793408341993e-01
-1.061943852702329494e+00
-9.178545720082043058e-01
-2.180587534317029175e-01
-3.095148877932814568e-01
-8.158984743282404750e-01
1.076564265217105909e+00
