-1.086638839950864410e+00
1.805145536153484942e+00
6.787246286027863729e-01
-5.016823018999368999e-01
1.035178642559265311e-01
-4.976300447261062243e-01
-6.481338003562927552e-01
-2.178011265159145449e+00
-1.984834097188096891e+00
-1.681351412282756086e-01
-9.307184483369597139e-01
5.310695558598550470e-01
2.207242166722825708e-02
1.576055827990507918e+00
2.302044585040867730e+00
-3.598089938031740154e+00
-6.168811162189611341e-01
2.329819187941316372e+00
4.495838327701709436e-02
5.884922527548117621e-01
8.472847265141363327e-01
-5.946777440838666440e-01
-6.316657625954344990e-01
-9.094931322193816614e-01
-4.578816720222366188e-01
3.416177141268106343e-01
7.853404877788769944e-01
-5.985617851001348022e-01
1.303520756912675882e+00
2.018783601462430966e+00
1.156462360515369214e+00
-1.796676454722740734e+00
4.628852783504379120e-01
-9.239408404095830196e-01
-1.414048041675189937e+00
-1.121293048657964864e+00
-1.118063575906360407e+00
-1.825254419697280195e+00
1.531226702132425066e+00
-7.262384620790703071e-02
-2.452484281159187152e+00
-5.085313374538228404e-01
5.466177045595761452e-01
4.670254827945360954e-01
-2.634585319711729712e-02
1.705552218528229025e-01
-4.056445675093224845e-01
8.086905342916923534e-01
5.966752891042517160e-01
1.693635685834341764e+00
3.621433739085681003e-01
-3.136074137098655013e-01
-8.805712896168820247e-01
8.492887401487975163e-01
1.142985418430366579e-02
-3.558076118478327388e+00
-3.692576719238725436e-01
1.274485917098641119e-01
-2.772440948343508182e+00
1.609435129243909968e+00
2.187076999767524621e-01
8.111517248610461417e-02
1.289971082223027476e+00
-7.602728994882643199e-02
2.566645254218292482e+00
2.010652228258010821e-01
1.267345400933848731e+00
5.683707824968062816e-01
-5.772644074416543036e-01
-6.781625382428895232e-01
4.523299770854100621e-01
1.807740583823941316e-02
7.559454575132625864e-01
-4.586724942647293357e-01
9.279099761382137990e-01
-1.875446971364476967e-01
1.061850423772933150e+00
-2.892483402622929134e+00
8.244106078094469714e-01
1.056620763202468893e+00
-1.138832084966507674e+00
-5.309090435325083401e-01
1.691154465231240689e+00
-5.150602534363926677e-02
1.717433875116685549e+00
3.107406182870073863e+00
5.559316169488758286e-01
-3.702485833392208936e-01
-2.621695603099054583e-01
-6.735507382507409657e-01
-1.832841433339156278e+00
-2.274653894327950177e+00
-1.405226854380977830e+00
-3.547721479085041985e-01
3.018369434465404955e-01
1.196028456995498201e+00
6.768981347511034974e-01
-6.698365324441489799e-01
1.242576052647672569e+00
-1.937747164510876877e-02
8.220078584567469537e-03
1.045567241102164147e+00
-4.829311738299382206e-01
1.486099551542337249e-01
3.030298632451098761e+00
1.460089515417216210e+00
2.169584242909750049e+00
1.530317908078062672e+00
-1.187613241723992408e+00
-4.375259566630329555e-01
-1.693938758643707132e+00
-1.316176967377269136e-01
5.710099670223042212e-01
8.903292526183873012e-02
1.542806567880835811e+00
-5.032699826308256741e-01
5.383492519501893447e-01
2.910377656364266041e+00
-2.484208527922680820e-01
-2.742997757030242734e-01
-1.239847981134301058e-04
1.815519831864115030e+00
1.048597554070637983e-01
4.405650085961554940e-01
1.892106514137039952e-01
-8.024303901941494122e-01
1.711095442700046432e+00
-8.478801277186360785e-01
9.160664288512673226e-01
-5.650651646482666157e-01
4.540252843999262322e-01
3.493535257249854586e-01
-2.540058627778298272e-01
4.166073240464263527e+00
-8.896226765919076351e-01
-2.266977308148021564e-01
5.793398624576767020e+00
4.020788049047143708e-01
-7.207090377853875296e-01
2.530539327554107154e-01
7.138743507669773614e-01
3.581610737687842549e-01
-2.251661667906372344e+00
-6.118862643542544166e-01
-3.962935952199055922e+00
6.995106131455006704e-01
-1.130573713257672308e+00
1.244027258996540652e+00
-6.979302635162263346e-01
1.503311328513511569e+00
7.446637689687323203e-01
1.092368401613678763e+00
-8.409523686894695427e-01
5.707987944215746623e-01
-4.994875938791681347e-01
-2.014878821678631471e-01
5.489416430137699088e-01
1.365938138577348804e+00
3.749229601373346710e-01
-1.525998515520859966e-01
5.239421844273292050e-01
-4.294664003397898000e+00
6.559414717775315928e-01
-1.895928734750988554e+00
-1.070734860091653751e+00
6.001993080428940086e-01
-9.102216970741070501e-01
-7.779645552637831640e-01
1.229355970986393931e+00
-4.544816384232492901e-01
4.190762418539295542e-01
2.765072807405750677e-01
-3.082111399609060332e+00
1.124109818764622792e+00
-3.173983382670419573e+00
-6.772423714953956786e-01
1.106637384269278490e+00
-2.134795491110998977e-01
3.002561492328938986e-01
-3.430061533290850395e+00
6.073522973627115684e-01
1.224162972279838169e+00
2.333633802462146134e-01
-4.428826044965435971e-01
7.341518071940148493e-01
8.094564415184918316e-01
9.405064476431720943e-02
