-4.615932167014126786e-01
4.525186221534370778e-01
8.421901287820493520e-01
-1.176259563391986784e+00
-1.419720443826962830e+00
1.461450224059965608e+00
-1.134727529524874878e-01
6.485443596509913311e-01
-7.908368230782658603e-02
1.213620631247195103e+00
9.002310263946583513e-01
-3.945933043047381017e-01
1.182412703385302549e-01
-4.593729876855512928e-01
1.644446805722750149e+00
-2.594414475568427303e-01
6.691708763021883555e-02
3.129270259280646505e-01
1.722906954903468124e-01
-1.088672531545902267e-01
-7.042286555121597402e-01
-6.904167599662547339e-01
5.448224659616914822e-01
-6.672322725654804554e-01
1.437548820341799649e-01
-1.059893697521718137e+00
1.920371085219778617e-01
1.025599386531082624e+00
1.162694510051532071e-01
3.055298994010378077e-01
-7.269867016633124734e-02
4.813153464729758579e-01
2.807286678998752283e+00
-1.389409947103187104e+00
-2.177894764130911209e+00
6.521339556282346184e-01
4.153519335238748944e-01
-1.138152936666182447e-01
-3.394277422923464016e-02
-2.144944545609724085e-01
-1.639585612136035819e-01
-6.216031656496842084e-01
-1.561905434901005307e-01
-3.386879523390387003e-01
-7.581802819959346795e-01
-2.485249064206942748e-01
8.219092483830161555e-01
-4.524430450116578850e-01
1.478862276451764046e+00
-2.081904888617108762e-01
7.592863118218363960e-02
5.987129930036266812e-02
-1.965477717203777397e+00
-8.445276373440617768e-01
8.183037957676444485e-01
4.080948415741807445e-01
5.266604862755220884e-01
-1.828896825788300928e-01
-8.213947242596619791e-01
-1.002875833384705151e-01
-5.893836934629488322e-01
1.133113202305592537e+00
2.653228903674949013e-01
-1.860804513338317978e+00
-9.817935424481943896e-02
-1.945267537902917621e+00
1.279001515279077905e-01
7.063512744577733482e-01
2.307014550099365735e+00
1.813039677129376415e+00
5.613119565106585718e-01
-1.821217595644782777e-02
1.165544944496475499e-01
4.708892079546893039e-01
2.316462751037039247e+00
9.438590529281651320e-02
-3.659617884915890018e-01
-3.374899874075580897e-01
-1.850380712495548474e-01
-5.397745555468282802e-02
-1.037120200212822141e+00
4.586777829857854316e-01
-2.665432233735894885e-01
-3.615275573303899925e-01
-2.082816851623662924e+00
9.183824766420255470e-01
-6.483643885767853554e-01
4.189572756555537958e-01
-1.255510685694382289e+00
-4.512092759127995789e-01
-6.588653891969078469e-01
-7.476616431682278630e-02
-9.279616092376989922e-01
-2.750997936737799021e-01
-5.671096082464807120e-01
1.639270385697694232e-01
-3.512684978419958748e-01
-2.069671632131601768e+00
1.738402596165664615e-01
-4.059669416164569944e-02
-2.983607237214229713e-01
-5.201941917777296032e-02
4.107630799872445948e-01
-5.977905526853930507e-01
2.727255845692018177e-01
2.062857642620937182e-01
8.364698430956212238e-01
-8.956838022843857106e-01
-1.235744955020246783e-01
-3.510683299137817848e-01
-1.209209696778228149e-03
-1.821102837653972406e+00
-9.196180772467482667e-01
1.097109023898366953e+00
1.351173615096689984e+00
-1.839537828730990032e+00
1.522584473943123573e+00
-2.086114318699211490e-01
-7.091537755590073822e-01
-1.968406524120759338e+00
1.563372931950008926e+00
2.523788927654435632e-01
-3.095534950954197395e-01
6.182263387034383495e-01
-7.962108605656794680e-01
1.253972942852261685e-01
7.763803175302097515e-01
1.629552922114818059e-01
1.037034603298937763e-02
1.438255487379201947e-01
-1.233977094977947164e-01
2.578116913983872216e-01
-6.029726498163795467e-02
-5.107958079089734010e-02
2.514323321203978390e-01
-7.626142119607202119e-01
5.631938910453371250e-01
1.262034668717494368e-01
2.470662268853690904e-02
8.377440485732148279e-01
1.542099544822211343e-01
5.033685009588525494e-01
-1.879755308388557644e+00
2.045698427319918022e-01
-9.610563858405443693e-02
-2.616914507191582251e-01
-3.261144251483610867e-02
4.551350385762681361e-03
9.282045965878733540e-01
-9.639522820752451926e-01
-6.021056083307880780e-01
-7.275139691784038298e-01
-1.860451212802004262e-01
-9.861886631882148535e-01
8.267828585466137081e-01
-1.635041483076685509e+00
2.606598391016875516e-01
1.679898698069547613e+00
-5.163244631790856465e-01
1.507083662258291268e+00
-4.551376569823593066e-01
1.905004377877936861e+00
-1.440776180527522099e+00
1.917424336990601885e-01
-7.339426319598931769e-01
-4.303632748779547823e-01
1.073568350465829546e+00
-5.646402543445753208e-01
-4.406479986555976724e-01
-3.548753226720205989e-01
-6.571817083529192249e-01
-6.833209198540272089e-01
-9.589390385346465706e-01
-1.290982956668879078e-01
-7.198656960146153881e-03
-1.594252419235725471e-01
-1.959184519716500872e-01
2.531940080805976656e-01
-1.822299256443630222e+00
-7.528340875814383271e-01
-5.258704713867278224e-01
1.583972617793401483e+00
-3.213064530156385601e+00
-3.865605194614463169e-01
-1.961897072640234052e-01
2.913884433672386809e-01
1.093987049841401937e+00
6.336770135396109227e-01
1.956100602861466031e+00
5.701257962163350790e-01
-4.555831009015026689e-01
-1.808674575118220940e+00
9.555130895100505395e-01
-6.766019313115023692e-01
-1.257058008829136764e+00
-1.882650901513107211e+00
2.413520308747613696e-01
1.021132434255220822e+00
-1.987978944216128863e-01
-4.730736221800462271e-01
-7.719576106056280640e-02
-8.624665299465783530e-02
-1.180324827152851030e-02
2.835339057570399612e-01
-8.606839323276583853e-01
-4.563664904885478824e-01
3.619875039174457187e-01
1.147621742982816606e+00
9.437292332668762995e-01
-1.005503580287104182e+00
1.149029482110607292e+00
5.596629195844869953e-01
-1.077389978930825887e+00
-6.254109541205458145e-01
-1.362417959385270549e+00
-3.553189007870537486e-01
9.780939238542542269e-02
-2.546932535983478019e+00
-2.035538517774864720e-01
-9.770489505368840089e-01
-7.836290514819940212e-01
2.337898718858919533e-01
8.352807108225590582e-02
1.895419222795761138e-01
7.193658900532796663e-01
8.674611563839181860e-01
1.772729802397656207e-01
5.617712533458899538e-01
-1.387058226209519352e-01
1.881349716806206621e-02
-4.161250357979652259e-01
2.782672930147217505e-01
1.832058088716884248e+00
7.267008943696704470e-01
-3.970267923924853948e-01
1.957604549740317723e-01
6.582131250509379861e-01
4.608660308298029862e-01
5.124339086864699855e-01
9.377799616526898419e-01
6.227357922435774462e-01
4.207615010122996990e-01
-4.540679764629857451e-01
1.659516088930236277e+00
8.348920010221652088e-01
-2.616605588842729202e-01
-2.377258667905411960e-01
4.150561146518433331e-02
1.282998810553155344e+00
6.594039718385817928e-01
2.699652821826122873e-01
-2.854610284078150095e-01
8.484411202262014395e-01
6.813512607805671806e-02
-8.824693945723335320e-01
-2.304803290273281569e+00
6.307847235755066340e-01
5.894148132275756069e-01
4.934962367323436627e-02
1.115009058271585030e+00
2.752706214950542685e-01
-2.215961196457834625e-01
-5.753718115639638864e-01
9.039018999968924106e-01
-8.704258297211676654e-01
