1.147222247831986230e+00
7.012964828092257408e-01
5.698709368097056860e-01
2.045715498457163939e+00
-9.746075929756425893e-01
5.282726682601954771e-01
9.256186268134158901e-01
-5.346631247501226758e-01
-3.280795830484301012e-01
2.840943984399836308e-01
-6.040647226970844441e-01
-3.026751671206674710e-03
1.013130767118029407e+00
2.857071307488684431e-01
-1.237892221539554694e+00
1.042903577975046847e+00
-9.150372231930445910e-01
1.024256443443498865e+00
-1.112550455807913341e+00
-9.376987220766630493e-01
-7.504939202423143163e-01
1.386775061906340145e+00
-1.096342468460111075e+00
-9.261392698833476045e-01
2.031744137436445607e-01
-3.780028850423153841e-01
9.903695348656246233e-01
5.146963361567197248e-01
-5.205880391944665009e-01
-1.213555016866552982e+00
2.453477624466500751e-01
2.981219798874025773e-01
-4.129344894640183394e-01
-1.072967084625352729e+00
-7.795393480217851501e-01
8.167270166503258766e-01
-9.201398697051087483e-01
9.248531048679771160e-01
3.311081316309756328e+00
-1.591685776934214314e+00
-1.092695317973718661e-01
-1.069076516782736963e+00
4.045817184418900037e-01
-1.263828319370045028e+00
6.803352534382782757e-01
-4.951954704764562343e-01
1.420743829407671854e-01
1.845214526539801669e+00
-3.042242564734543020e-01
-8.352310135708909122e-01
1.248324593777468072e+00
1.151204074571731795e+00
1.140365475926366168e+00
9.013107795881503126e-01
-3.765243973783172216e-02
1.857137889473398973e+00
-1.427215876896928970e-01
1.637949672362673192e+00
-7.406495990695289855e-01
1.401548854485615003e-01
-1.047199598218519156e+00
1.471711601261690427e+00
-7.506373556589731599e-01
2.222399391297044779e+00
-5.129833256730751412e-01
-1.724003101183444020e+00
-1.646212878600906426e-01
5.407465354672081892e-01
9.593449287523347913e-01
-1.285480012972442632e+00
-2.530374676761418251e-01
-2.371412455713649559e-01
-3.191159362164712743e-01
-6.822219108678374555e-01
-2.978598126258200640e-01
-8.959824112257580575e-01
-5.242818766060849400e-01
9.833763790864219478e-01
6.769493599902806080e-01
-1.484690126528783960e+00
-5.794143475884357963e-01
-2.966054099598880445e-02
7.717700677111388741e-01
-1.084436055654484310e+00
2.673582527268916764e-02
-1.083285343856945415e+00
6.797692903659394159e-02
1.073680627424000722e+00
-3.695417123548367377e-01
-8.612738491916749339e-01
1.291119988455691758e-01
1.878540685590862069e-01
7.763979997213635853e-01
2.435035512734176066e-01
-1.408241009991130221e+00
-1.292472156416786921e+00
3.931600876781706777e-01
-6.860542292152699284e-01
-1.561375767192485720e+00
-1.180033284822589179e+00
-8.721754780952513109e-01
-1.772709691574307911e+00
-1.456642953732584012e+00
5.209212787865029615e-01
7.940885730770165241e-01
-5.645161454813780733e-01
1.520391306671329712e+00
6.201465945630336707e-01
-2.178447318625165441e-01
3.099700503763740400e-01
-9.965881933591801412e-01
-1.670857102366206881e+00
-5.336877547739491412e-01
1.091186678385046127e+00
8.615861936642140728e-01
8.737640987705693751e-01
-1.094160061687920737e-01
8.914120917724371873e-01
-6.986840270449298229e-01
2.937380637832014973e-01
1.215229437556409220e+00
-1.047742438226652861e-01
-1.332733954057868431e+00
-6.857054099889050569e-01
3.730980219890716598e-01
-1.200760465966877799e+00
-1.556888191774417951e+00
-4.463551744640231744e-01
-8.695500890500019731e-01
-1.785337063139845082e+00
1.871927633551251358e+00
-1.141222645717879347e+00
1.454455046450189859e-02
-1.658596144964692654e+00
-2.048150250819433804e-01
-9.229513210118269750e-01
4.637802559315227779e-01
-1.960953877497945419e-01
-5.190867130208927371e-02
-1.028302000841996744e+00
-1.153410169341316127e+00
1.457668610718552804e+00
-2.053180836791493324e-01
6.044470229058116484e-01
-3.390596928906693952e-01
-4.701966873833549609e-01
-2.421431799607164093e-02
7.797590623038538338e-01
-3.359766071245910979e-01
7.015360906304254351e-01
1.094660993439419805e+00
-1.032436068724613465e+00
4.480281715520599839e-01
2.719131081694826646e-01
-7.341563648345417192e-01
-7.426199626343243931e-01
1.877470370471348571e-02
-1.727856164811805373e+00
-8.540793489319101761e-01
-9.736271583028973664e-01
2.297138822134794367e-01
-3.400235100862437632e-01
4.413868845997652723e-01
1.504986674869355667e+00
6.465916079499565150e-01
1.505594692059414985e+00
-1.129516522536035072e+00
-9.763605615326569342e-01
1.256337260727083738e+00
-1.696196913968928799e+00
9.774922570227434493e-02
7.123804398560942275e-01
1.192082674074302240e+00
-1.149122166000372536e+00
-1.559206428239466868e+00
2.866524124944734853e-01
-8.472671693963967909e-02
9.418721328456834962e-01
-1.011143601502002276e-01
-9.930942187813527333e-01
1.653632411840558758e+00
1.694915099237866762e+00
6.204329579208194001e-02
2.765848301688088595e-01
4.649489759269790357e-01
-1.269630458942349716e+00
4.040858193540315391e-01
-8.233280831087075313e-01
-1.279714833497559656e+00
1.604386163943150867e-01
3.412660983749301047e-01
2.090053829362376048e-01
3.407184082005046966e-01
2.984116669685585310e-01
1.253068875401561533e+00
-1.163602017027483421e-01
4.663716329918200509e-01
3.112408611361197064e-01
4.376202566318859177e-01
3.177326134264110147e-01
-1.007476924895293724e+00
-2.683611701965657459e-02
-7.556078086131460259e-01
9.719597104128526732e-01
-4.324425131836053815e-01
1.102416161805239991e-01
6.104857804618486483e-01
1.101640368572390782e+00
-6.395556722573002562e-01
5.726679311892487467e-01
7.598380765490833078e-01
1.227105387557385185e+00
-2.803897908191522181e-01
2.511982286208416237e-01
1.543223916852570765e+00
2.785385705400019729e-01
-1.213172198370617572e-01
-1.400002717289286769e-01
-1.048099768921216590e+00
-1.213928864533468377e-01
1.366111138412179571e+00
-7.308995732269388812e-01
-1.678711450112482906e+00
-1.794827825420138856e-01
-8.745975141588786528e-01
4.356736325528341447e-01
-3.415983522210659928e-01
-1.224707853686649028e-01
-2.937341922602463296e-01
-1.314094014829446933e-01
-1.305294470299064979e+00
1.225919920725029977e+00
9.897920181276551599e-01
-7.460860011591892160e-01
1.231512222611366392e+00
2.380707223511479842e-01
-1.070231865757925283e+00
1.159091810457252153e-01
4.208375838446815620e-01
-1.167371938050357633e-01
-3.316601676123968612e-01
-1.249354825490721910e-01
-1.088822293675318909e+00
-1.759688357109038481e+00
-3.998698522464827487e-01
1.178477294607650050e+00
5.901096117475470582e-01
-5.931528834088677371e-01
-4.893379520510853231e-01
-1.033535095472110088e+00
-1.780884515720291716e+00
7.264306612780064842e-01
6.574043105675242415e-01
-9.094178833011065111e-01
-3.065383156918242633e-02
-7.866267506289891243e-01
-1.328702199571111686e+00
2.192605876419089217e-01
-6.956844031421788310e-01
1.176728055739436618e+00
-4.995917827309988013e-01
3.177621545378915835e-01
1.507838143174797585e+00
-5.493065939607615356e-01
-9.419233264167456987e-01
2.718226601880888715e-01
6.189946800866787807e-02
1.431508337053698510e+00
4.283700160586128569e-01
1.320591438242337157e+00
-8.715571527622585357e-01
8.467819376522542907e-01
3.700835624203079877e-01
8.211583123419283758e-01
1.553564910855992132e+00
-5.295026400233711072e-01
-1.706563576605679700e-02
8.605812114651085754e-01
-4.917626240468696286e-02
-1.414501527411048842e+00
7.876204912217573684e-01
-5.026638048486691268e-01
-2.746307846982786738e-01
6.673961283057355809e-02
4.610827480059060957e-01
-8.690043108715972409e-01
1.482671014556203648e+00
-6.242993311062086659e-02
-8.988403211545948901e-01
2.319284138973632725e+00
-2.302811601302868993e+00
-8.667299506307895030e-01
-5.594105085921030618e-01
-6.037179932086044198e-01
2.123789931931607367e+00
6.127024101822179381e-01
1.682489583778850051e+00
-2.177416865281651959e-02
3.420402902650864219e-01
-1.277548362800930315e+00
3.309137476813624468e-01
-1.707728997322131015e+00
8.647711539779828760e-02
-4.541667764637881688e-01
1.307676996231827093e+00
-3.774481204544042900e-01
2.180266751291887739e-01
-1.717411212799082043e-01
-6.635884794838359246e-02
1.196702312532105905e+00
1.056855835752803729e+00
-1.708645506151938553e+00
5.649035421796382295e-01
-1.573279090785880907e+00
2.000805527808478868e+00
1.345314543689960951e+00
9.654873272349682178e-01
-4.268011542526530255e-01
-6.311251274017979362e-01
-4.715472444550272146e-01
-5.750046936433673705e-01
4.771795254136053099e-01
1.193029912604032683e+00
-1.943032988664016303e-01
3.994053554436839959e-01
-1.043854310260835527e+00
1.104531516732044416e+00
7.897804597234245882e-01
1.701098702345437808e+00
-4.470094457963880163e-01
8.134683502199282490e-01
-4.786739537808397671e-01
1.445605450368505407e+00
1.839194169949922575e-01
-1.781418568779817635e+00
-1.292210343910670245e+00
8.227073546707693863e-01
-1.396136423441482144e+00
-9.178062870164526155e-01
-3.710219044705167502e-01
1.446625877366246316e-01
-4.797733805082561864e-01
1.400576199227376861e+00
1.107567274881101405e+00
-1.138454895518834720e+00
4.860725730357488006e-01
-1.057865838271704467e-01
-1.467195642427240321e+00
2.336493524215905171e-01
-8.354188822246062518e-01
5.578091690558252269e-01
1.605527806025839610e-01
9.480794129861049857e-01
-2.268522335986369320e-01
-9.911776485870840148e-01
4.481874149845317956e-01
3.958235434426571331e-01
1.275715419295463837e+00
-3.974035208295197963e-01
-5.055525577802381099e-01
1.684529322947220020e+00
-1.619582074410872152e-01
7.659526210199028018e-01
-6.522839174001426876e-01
-4.196270615017514416e-01
-1.148205426588468470e+00
-5.426033355892954935e-02
1.912718811753381376e-01
8.307620074870465388e-01
