1.329753410598461527e-01
5.379757843813670615e-01
1.020396564606312895e+00
-1.472018650984946719e-01
-1.292346480238466544e+00
-3.306278939045090848e-01
8.725573592815877300e-01
-4.909475842503810972e-01
-1.647012579507726393e+00
6.690707731055848262e-01
-1.727606478434757786e+00
-7.793852928370892386e-01
-7.447579799771634201e-01
8.400904155785101635e-01
3.881188295907617158e-01
-4.711622571133228243e-01
3.574792860312698828e-01
-5.001256156880248827e-02
9.038592907492389861e-01
-2.184644199746850757e-01
-1.605252978098273386e+00
1.013201031753078407e+00
1.817951503245709699e-01
1.569077009135290801e+00
3.186161067852218420e-01
-1.325160650390982520e+00
6.486116706642472973e-01
-5.097025416377698459e-01
-8.135109751502918041e-01
-1.677540200260464243e+00
2.847503490641294377e-01
-3.421447873889611468e-01
1.311629204339515464e+00
-1.649353042115306867e-01
-1.559797481889850568e+00
-8.758183922771166641e-01
1.357669650508667170e-01
5.745673541654132688e-01
-1.460749785618674634e+00
-1.325907288883436896e+00
2.571184786472834993e+00
1.654002767134810536e+00
-1.530298593109555627e+00
1.748791019553190829e+00
6.931529640281899329e-01
-1.361544795908759431e+00
6.097083478178464411e-01
1.787830222984496231e+00
1.817689372683037041e-01
-1.907847203933718205e+00
1.355876479272244195e+00
7.491491617624567168e-01
1.279528584284093773e+00
-8.143000279096929139e-02
5.508275713905965709e-01
-1.435949779852642383e+00
9.226703305141498168e-01
-9.980917467767148887e-02
1.437128046342124876e-01
3.706316611680738338e-01
7.578714885801427492e-01
1.197923361528962227e-01
5.095505489724967696e-02
-1.055272068757884929e+00
1.863071120246178936e+00
-2.122616085311689993e+00
5.645456886605370039e-01
-7.993903748022808120e-01
2.104732227937946010e-01
-3.825148719994517776e-01
1.539116465291561764e-01
-1.808609290480117093e-01
-1.244798544413715513e+00
-7.390359033864051241e-01
4.897216799862953995e-01
-3.116731483971940664e-01
8.506475049097042551e-02
-4.210486937595434576e-01
1.673821683987456010e+00
-1.483443316281991331e+00
1.156448880398972756e+00
-9.368241860751156391e-01
1.422693420167630673e+00
-6.689050320701200869e-02
-5.841729342024603033e-01
-2.133566439552908034e-01
-7.954230963282721278e-02
-1.135083469370097742e+00
-5.757015569425013579e-01
5.876527006906775291e-02
8.691184306824828454e-01
4.788646423398514873e-01
-8.995483490075366628e-01
-1.301189517506161630e+00
8.569721511181828122e-01
-6.330993840371914594e-01
5.227548182301571256e-01
-4.847260841969092127e-01
-5.082946157362042694e-01
-2.687062191589241200e-01
2.055339995163876665e+00
5.640262080828891689e-01
1.414114622967224122e-01
-1.773272598337586325e+00
7.063808291377973170e-01
2.355099125661489212e-01
-1.016088508647359223e-01
9.312594231490168850e-01
-5.640833977463115545e-01
1.470537641905925508e+00
9.858235243554182015e-01
-1.240172316593860069e+00
-8.600122954572554379e-01
7.874533876165403790e-01
-5.791566393918112787e-01
2.411440921696774431e-01
1.121077794021231311e+00
-2.641235158564654850e-01
2.512039880150133131e-01
8.528440228961517988e-01
-8.310645234670807624e-02
-1.279808651569174005e+00
-2.332210441362225217e-01
3.731847939255940327e-02
-3.278241083539976120e-01
5.287171899586980972e-01
-6.928774231447124010e-02
-1.743520860911011106e+00
1.997734776506203680e-01
1.307323150826048330e+00
-1.834501461401760736e+00
9.189412627354650587e-01
3.619322443839176340e-02
-1.766276789992338392e+00
-1.849363015851892833e-01
9.354026251888617471e-01
-1.678741882098786720e+00
1.848425659868187521e-01
-2.149208030977073136e+00
-2.295589932274610945e-02
-1.574906755652525137e+00
1.609298250340617464e+00
6.200527545895826442e-01
-1.893543745580716919e-01
8.887105363567919802e-01
-1.048949250815181644e+00
-1.151279969821479843e-01
-3.573007949762406765e-01
-4.901463340865664930e-01
-2.349643806388799216e-01
7.054656697921541930e-01
-2.305981958781122998e+00
-2.000301776343253179e-01
9.967378412437707391e-01
-4.650593557878122120e-01
-1.518833956143113006e+00
1.502573273726643288e+00
-5.455501023526025950e-01
-4.437112852017708886e-01
-8.044599202899556101e-01
1.135613418124406110e-01
-3.831720003123394447e-01
2.742909524742322830e-02
6.790465543432320228e-01
1.523171764398410177e+00
-1.461115370282686093e-02
8.925287018204555167e-01
6.235325295901213982e-01
6.817576565432772462e-01
1.594052767059169623e-02
-1.215966897602121233e-01
7.023104345027151307e-01
1.739918383499796661e-01
-5.167732552048610595e-01
5.155375095135998897e-01
2.375474540412098601e-01
6.627365298139297201e-01
5.469252948917887602e-01
3.326916931040478920e-01
8.776548085687987388e-01
-9.303696917555975832e-01
2.168557362730927085e-01
-6.966036989358143083e-01
-3.851940834949642567e-01
7.593135595991984399e-01
4.357849962473688832e-01
1.322188167528324687e+00
3.623547175535178355e-01
9.288735580844629247e-01
-1.837213703366269879e+00
9.330991568551234572e-01
-9.874142299414851998e-01
-1.279898744020344203e+00
-6.547781676385251437e-01
1.048636252908011546e+00
-1.520203302357405528e+00
-2.807969461440457115e-02
1.326967775739236743e-01
-1.412728560465527305e+00
-8.194946646715366434e-01
3.255627378778170322e-01
5.625978335865762237e-01
9.864498144595429396e-01
-2.095449414871506377e+00
1.139265538165297187e+00
3.930826298450267320e-01
1.355442582191500378e+00
-8.417467747839212366e-01
1.411223552009345461e+00
4.248794977402137879e-02
-5.553505959524206448e-01
-3.991530779208949942e-01
-4.776509894491705044e-01
-5.042968326223281617e-01
-1.616821891524927057e+00
1.161523610500367898e+00
-3.511213830948982650e-01
-1.778485774279867204e+00
2.082711822679053359e-01
7.723489873056210708e-01
-1.170512243121998752e+00
3.092231401647602129e-01
-1.051735282277897365e+00
-5.899227649048579547e-01
4.796576098666596177e-01
-1.025297319214056591e-01
-5.298381100739367744e-01
1.811118063026108560e+00
2.149384208970746002e+00
-8.894857624857557821e-02
6.254336769375437033e-01
5.843676102111386994e-01
1.547145786865708805e+00
-2.269360413049627212e+00
-2.144515124429311470e-01
-3.618328972228105900e-01
7.210345019470336680e-01
5.741963468945819882e-01
-3.582360399096409243e-01
-1.854864944604753152e+00
7.392521564641898468e-01
1.485285128605930316e+00
6.463300161353130457e-02
-1.088472203881998057e+00
3.371364845112886366e-01
-7.040086769277662526e-01
-3.333660020747981623e-01
-1.103522925563312107e+00
3.103888371526680179e-01
-6.339497789889430024e-01
5.487164262171495555e-01
5.687825713492250523e-01
3.564026749421975171e-01
2.175503010806060011e+00
1.509680293997582412e+00
1.469790455425471931e+00
-1.066942317447643340e+00
1.111092584945114758e+00
-7.462115049531539146e-01
6.438489483351608200e-01
-5.346203740824355677e-01
1.053821546927747210e+00
-2.150205434848874830e+00
3.079049564048879639e-01
-9.673908221210857361e-01
2.822720997299916323e+00
1.546272478124228744e-01
2.546496561843026862e-01
3.143303262546805144e+00
-7.553818833538276101e-01
1.185369023845506797e+00
-1.634398926625682646e+00
-1.086560131546620234e+00
-1.300410188496204100e-01
-1.556291720761422637e+00
5.874489634843712560e-01
7.954086018888869569e-01
-4.110487071068516518e-01
9.876176332184718465e-01
4.092996725945514114e-01
1.812228347191443767e+00
9.540034205859867500e-01
7.756305792960843659e-01
2.330908324838873169e-01
-5.141117435822493142e-01
-7.885591875604410772e-01
-6.168731245501199445e-03
-5.651170006915340327e-02
1.090189925888157774e+00
3.536118869722498781e-01
-1.414055625597397947e-01
1.109016627769380481e+00
-2.711410862353200169e-02
4.656086731313071048e-01
-3.428202042506949820e-01
-8.897545526299803775e-01
-6.405523739124584504e-01
1.926721738856196131e+00
6.367631724835068341e-02
1.875556183512919306e+00
-1.106419249205849997e+00
4.516462043784237324e-01
1.386800905800888772e+00
-3.693639934715940987e-01
-7.945800852494009359e-01
4.748129589167969511e-02
-5.404421391256469809e-01
1.546608448627801558e+00
-1.277570233709609537e+00
-1.423170335678459741e+00
1.728192337416267987e+00
1.417732504096197721e-01
-3.452818605382891870e-01
1.974207914947997633e+00
-1.566004335931699409e-01
-7.043850707421638324e-01
-6.774580464591727358e-01
9.994162225959630774e-01
-1.597102298815807675e+00
1.189957578764613721e+00
-8.606151864517564976e-01
1.434090716488295447e+00
-1.468741660973611696e+00
2.471752052666867372e-02
3.982627431937094675e-01
-1.270399219347641884e+00
-2.893031126629449501e-01
1.996095461716311803e-01
-9.904381995863916766e-01
-1.834713061540878876e+00
-8.027619297895420836e-01
5.876859800309504056e-01
-6.421827026271182959e-01
-2.399048731952612423e-01
-8.736041024077253470e-01
3.538464339737842357e-01
5.813960955861658952e-01
2.110030708857209281e-01
1.618949769674007944e-02
-1.645563751416287301e+00
4.251610743595013453e-02
1.072054631487621146e-01
-1.305736340456837397e+00
1.610104142579588560e+00
-7.217988574964716575e-01
-1.161153204192567845e+00
8.197353870671274523e-01
-1.522620255037398840e+00
-1.719107254744109969e+00
1.041712611768186303e-02
-8.718344626723364410e-01
-1.284370760768984931e+00
-6.354187199331410296e-01
-9.934588744136283456e-01
1.734770052282765818e-01
5.181210143067073171e-01
-1.208637577151449038e+00
-9.258983803166774829e-01
1.828317234562779892e-01
-1.036978589166020370e+00
-1.699123276074372968e-01
1.562816332897582372e+00
1.202865124185028556e+00
-2.567684778747490459e-01
2.265115034355161594e+00
-1.746210086636546865e+00
9.836922090405154917e-02
1.172114513547016346e+00
-7.106263268903861841e-01
