-4.434174937508411074e-01
-1.888859714632630804e-01
1.501641470952698842e+00
-1.920503562382220863e+00
-8.866644751824047654e-01
-9.718510882354194358e-01
-1.496786186359165272e-01
-6.045133299970995022e-01
-1.876911635205959383e+00
-1.154832137041001960e+00
-1.267536159417966601e+00
1.743513599513992207e-01
1.708015809985113265e+00
-6.388382090155315662e-01
-3.600468407618173661e-01
6.184664695798736123e-01
2.211685218111303808e+00
1.714834177000521820e-01
2.063404684523212351e-01
8.610362652720437993e-01
1.025722906217184205e+00
-5.310097923099527106e-02
8.915107134338500217e-01
6.253050550277416963e-01
3.000650794710913241e-02
-1.482131423514411406e+00
-7.682695466436183507e-01
-6.251114095668655057e-01
5.817360543974330334e-01
7.780295122931599749e-01
8.861942506223294824e-01
1.213708807820992330e+00
2.285807701001029701e-01
-1.040964229427789878e-01
-2.155623939624654040e-01
-3.255960098858868834e-01
-9.655659498136568430e-01
6.507325785927768891e-01
3.352209992242721759e-01
-8.786970992021586602e-01
1.305032455131183711e-01
6.722065510519754650e-01
9.787073707153144397e-01
-5.174272431590687393e-01
8.330775738308378031e-01
4.036653482933122428e-02
-6.514116609334212882e-01
7.159624648522378010e-03
1.448634415172572742e-01
1.832007527588301252e-02
-4.122441558497811909e-01
-5.540059625473526400e-02
2.310129841227533676e-01
2.334338612795227030e-01
-7.151494487583701098e-02
-6.185436077056406523e-01
3.568438652728375793e+00
-3.587186751042136912e+00
-8.062094566273064755e-01
-2.545519989790344884e+00
-4.276542257222079035e-01
8.252541334510146154e-01
1.503757533698246718e-03
-7.669669990480192379e-01
1.631868140834967118e+00
2.460887784945579304e-01
-1.556050462316172611e+00
-3.087070110886195318e-01
-6.209032966745130500e-01
-2.653933962584524853e-01
-1.343563153988626357e+00
2.056361540510457608e+00
2.106329003154364665e-01
-4.401208325133388888e-01
-2.375658551831587306e-01
9.304280778875496649e-01
4.297042425213437600e-01
-1.179431281224387895e+00
1.005286261065209352e+00
-9.837965304612605877e-01
7.222365805234036706e-01
-3.886311515275430173e-01
-5.689848995856922054e-02
8.291205205799240252e-01
-1.329010556374412566e-01
-1.376686032414171201e+00
7.740120280875644188e-01
1.284979212152025152e+00
-1.434757296100453994e+00
-2.148601030200503637e+00
-1.713042359204227164e-02
-8.006291400877378894e-01
1.094329152199559507e+00
4.927268562510888628e-01
1.824408736072916926e-01
1.015283750498400028e+00
-4.627519147696569357e-01
1.763457711875831890e+00
7.487236312150463702e-02
2.453566501776596742e-02
2.858537699659827069e+00
-3.357255635151150663e-01
-3.806843838129030377e-01
-1.628420570361318598e-01
1.010810597823197376e+00
-1.771049340467262034e+00
-1.994777797855851742e-01
-2.822905548598715342e+00
1.894049000482352252e+00
1.505761209081813323e+00
2.807189844355455488e-01
-1.207925932731941820e+00
1.736484156380312116e-01
-1.852508870047572254e-01
1.381801033091562214e+00
-2.292366124038920816e+00
-1.700334404721323689e-01
-2.569056500213155125e+00
-8.334936681293054761e-01
-7.103923633257938075e-01
-2.367588485864280945e-01
1.144555586723730700e+00
4.705479151506510305e-01
1.775017743391676284e+00
1.265224789304687958e+00
4.001502803721158075e-01
7.171972644695764204e-03
2.844701348884465797e-01
-6.843980765018203849e-02
1.088593197483511688e-01
7.960795243029100687e-01
-6.665629602448110980e-01
-2.020590133298568958e+00
8.322819520449540320e-01
1.184127060803552567e+00
7.532157838129198701e-01
-7.120482912016746768e-01
-7.583226723893838894e-01
-7.103848190481326652e-02
-3.228536614850938680e+00
-1.244799911092405953e+00
4.156344511898261707e-01
1.209138024441322568e+00
1.150808576162360319e+00
5.433209873144788649e-01
1.313645793488470437e-01
-1.574303992492590010e-01
6.728940873658542099e-01
-7.292482682633703028e-01
9.813134588701173666e-02
3.252852684461304822e+00
5.182180818497156283e-01
-1.107646757915301539e+00
1.940337986039589180e-01
1.952327049255931368e-01
-8.629589925302633135e-02
1.383666398756200122e+00
5.240630988998764117e+00
-1.915247957228244591e+00
-6.199966876164839658e-01
3.338509693647344179e+00
-5.320350527679658104e-01
3.650732423663245463e-01
-3.729339904577531062e-01
2.510590415627268257e+00
2.628865065069651230e+00
-2.696712925264938693e-02
3.581983749678385731e-03
6.054121615140228146e-02
-5.993253198756766376e-02
1.078714249296369720e-01
3.688662502858113257e-01
6.174805965570925176e-02
7.897390636167608280e-01
-1.198386781136004386e-02
1.076305011129955469e+00
1.702760078401019506e+00
3.119109951574915662e+00
-2.099309630951512684e+00
-8.763761053987095817e-01
2.742003584814307615e-01
9.607986869493888582e-01
9.268775218143845418e-01
2.476991480305921201e-01
6.032623539506585253e-01
2.863976323689712000e-01
-2.985489438121859962e-01
-1.073853548383734147e+00
1.367343331766104342e+00
3.806911289478854599e+00
3.311271141051669531e+00
4.213198647134329677e-01
3.012245607176141093e-01
1.198337444677582964e-01
-8.238146082310575657e-01
1.650170681830986474e+00
-1.173872763442495581e-01
8.614464503780780991e-01
5.245818223701057548e-01
-1.634136575815791081e+00
6.956140660955512089e-02
-5.129450960264165804e-01
8.090643518434540438e-01
2.870390068897339664e-02
-2.108678181855065059e+00
-4.408942594477897603e-01
3.619626623344545546e+00
-2.190476549883095814e-01
-5.184340985864706042e-01
7.825029117440787108e-01
9.078815767244308166e-01
3.242454419577087688e-01
9.297353694471228724e-01
2.016671860239653835e-01
6.809844314074857685e-01
-5.599851091606463660e-01
-8.138653450656192501e-01
5.413938799318355199e-01
-2.679050420753061323e-01
-2.442824275716459326e+00
2.331054942898828752e+00
6.571264865967165747e-01
-5.631054869522911233e-02
-9.979373553684192100e-01
4.526818824947496100e-01
-2.650589815439058916e-01
-8.539855759605328167e-01
5.298949072679394190e-01
7.526817652847950235e-01
-1.312002918148407415e+00
-4.186772010650362530e-01
-6.930113783694917817e-01
-8.966239326154533673e-01
4.258853763412865923e-01
1.633830650845668586e+00
-1.573089978545760381e+00
-8.504522682588329108e-01
-6.795829908962880417e-01
5.070963044022119837e-02
-1.867465038965686164e+00
7.700153132652843846e-01
2.692323229994174394e+00
-1.071170084090768970e+00
7.107839369435394739e-01
7.033227691047949648e-01
-1.312770703819412521e+00
4.166445347363486595e-01
3.074840496697749948e-01
7.576652751789867413e-01
4.255295569796452848e-01
-1.680761389309647358e-01
-8.940343325659438900e-01
9.678332473381734413e-01
1.892240887163281204e-01
1.695066009485485470e+00
-1.517118939760941920e+00
-4.078446637266911479e-01
1.121974164178409561e+00
-1.666576819120690889e-01
7.576675176326094219e-01
2.298654942519852695e-01
-4.584124615835510896e-01
-4.588036822972926254e-01
5.688162483070060560e-01
8.603650659190984484e-01
