1.269304297228378120e+00
-9.088934356879494469e-01
-8.671947843848182291e-01
-8.550038142447123901e-01
1.391493126772906486e+00
-4.361472913055769451e-01
7.316893780661026803e-02
-1.143810384970623373e+00
-3.348220663960536081e-01
2.271123787609908851e-01
-4.442200835680692461e-01
7.476457832029608230e-01
-6.013476509026277617e-01
1.155654414177783584e+00
-4.450120815544196251e-01
-7.223604785189692290e-01
1.741478010461147363e+00
-1.349993626399677848e-01
4.830525029812435811e-01
9.714268729916007983e-01
-3.569542844528259540e-01
1.986885601604889029e+00
-4.823377257159551235e-01
-1.207164696780128166e+00
1.389497533925696526e-01
-1.378141956067651774e+00
6.719313250388574410e-01
1.936378999335353623e-01
6.594113631728069080e-01
3.058800890082652435e-02
7.244729981606228275e-01
8.993717296560712615e-01
-7.606353799380718428e-01
-1.898622347309082414e+00
4.477481103304625787e-01
-5.935404476256593842e-01
-4.771624189661587967e-01
-1.046143172309313085e+00
-9.900475891513271787e-02
-1.100775285631512945e+00
8.760930016161279088e-01
1.750462666402864409e+00
-3.143912670162025136e-01
-8.894019864830446931e-01
-1.422559024978968578e+00
-1.815565166620098703e+00
2.971353375128782393e-01
-9.013044743146546578e-01
-1.831847410459873648e-01
-7.197820390656978207e-01
1.168479543433580181e+00
1.620561352918956644e+00
-2.671131001752622969e-01
1.003081332086274147e-01
-8.632359618137732671e-01
5.921961843417594684e-01
1.469118188177194195e-01
8.359619961427471324e-01
6.936231498002919382e-01
-6.211189438626168319e-02
-6.516397670542222187e-01
8.484634675162340267e-01
-7.113103966442289039e-01
4.540072094502839439e-02
-1.199449072999906774e+00
8.697176674425348697e-01
6.088545088249583959e-01
9.619711856834640695e-01
6.545181285944629002e-01
-8.074329478213170264e-01
-6.487547881919076588e-03
8.546888774768229835e-02
3.050867186625876304e-01
-6.299434281158512450e-01
1.144368234743859680e-01
-1.112138669473148322e+00
6.186249525245790526e-01
-6.637284321072492999e-01
1.837529879720770865e+00
4.789466322482557881e-01
-1.453605641022454265e+00
5.375279176918494883e-01
5.395390131900090758e-01
7.015843390737579455e-01
7.403831080437877077e-01
-2.117340062423180291e-01
6.547480720161753531e-01
2.974701845321937821e+00
1.812342790929961367e-01
1.954192475229242554e+00
-5.450613384372391401e-01
2.419747272205076793e+00
-2.034270653657434813e-01
-6.820224301645183562e-02
1.438800341412853179e+00
-1.718269945315220038e-01
4.105863582150109936e-01
-6.321483248572112856e-01
1.222565210025556182e+00
-1.479395276579198448e-01
-5.991622791870396814e-01
-3.059950047411231777e-01
-3.706507751595684574e-01
-7.455740735236441319e-01
8.160585739282438800e-01
7.277217462042806506e-01
-3.566189905461852327e-01
5.914260005188225477e-01
-9.667761511956962650e-01
-2.833229423466705477e-01
-1.679170534183600516e-01
3.802155794923552379e-01
1.201832752720939812e+00
-1.659727001089686294e+00
3.000227439798353601e-01
-7.378794412286340254e-01
3.002812696533923020e-01
4.780953182866526929e-01
-8.411331252520046764e-01
-8.650421946784514482e-02
4.812833812807488787e-01
2.621251278639464832e+00
-4.167157397749521319e-01
5.012688240770124537e-01
1.512557690602706728e+00
7.399270669909093767e-01
3.741182144220329686e-01
-4.916633617321119337e-02
-3.998809148327189256e-01
-7.289200646565162645e-01
9.070703654798251137e-01
7.454275509239116637e-01
6.490627573489921032e-01
2.652074517092239958e-01
9.726532929000941685e-01
-4.888470186000669626e-01
-7.345523103111923913e-01
-8.434658953535310033e-01
1.432310637156865463e+00
-5.532124358809620279e-01
1.469525360643921807e-01
6.397803360454145105e-01
3.499807790593330026e-01
-4.395273838888826834e-01
-1.115178138039052552e-01
6.231559426351463912e-03
-7.549877706940169020e-01
2.805116051877469263e-01
-8.118313880685016359e-01
-8.474185537209952268e-02
7.553406608457272631e-01
1.005256167924447330e-01
5.375161551387241943e-02
7.090242691475621140e-01
7.741528184763887266e-01
6.685765267442989046e-01
-2.783637646605753302e-01
9.795785315872141963e-01
-2.809876468660191806e-01
-1.427478392114983174e+00
2.109559930350971335e+00
6.072329998663660300e-01
4.294937828002825531e-01
3.806367278617105443e-01
-7.887809661286893093e-01
2.645431053544080591e-01
7.758666592043531596e-01
-5.571291219309885134e-01
9.508255277187553922e-01
-2.323008137664465678e-01
-4.804128264126015235e-01
-6.365811607835258901e-01
-1.551780515574411101e+00
-8.804345599787193333e-01
-4.345062431941755232e-01
1.043191084692033366e+00
7.325208707671347907e-01
6.907398740974519669e-01
5.078064745323966900e-01
4.810038318621598918e-01
-1.532656365533487941e-01
-1.044430695366833917e-01
-1.080129521628159228e+00
2.964886573558566107e-01
-8.098301055289248707e-01
9.792289010316165832e-02
-5.265458423768578644e-01
