6.981104486503120210e-01
-7.296116332867005339e-01
-3.036499418713723308e+00
7.528190475440504903e-02
1.125760621438236520e-01
1.017261580282554867e+00
-1.917161450430033831e+00
6.832208113494745438e-01
-3.350656738080235453e-01
-1.773547395118901804e-01
-1.012968886201861984e+00
-3.025119773248579058e+00
-2.182422808295097383e+00
-1.226721123175763983e+00
3.487707789160990668e+00
-2.375131928909810508e+00
2.719590860595349380e+00
1.348767868505067469e+00
1.352489121312703491e+00
8.565847548444394111e-01
-2.227080984363285499e-01
-7.176897850313413985e-01
-4.463307505019138421e-01
3.921545143767915520e-01
-1.567323715067524992e+00
9.219460574918617590e-01
2.813816547575685778e+00
-1.073811920888041671e+00
8.362495007433363714e-01
-1.281490944954319700e+00
6.021615535991045043e-01
-1.631137735512031561e+00
-2.730891765759731804e+00
-9.061877905751218876e-01
3.302581704850638289e+00
8.972564351278289330e-01
-2.193427648026500254e+00
-8.493768780894743742e-01
9.097363610140374313e-01
1.288091283341238125e+00
5.490448319213256934e-01
1.057694295018294817e+00
6.627712885582081270e+00
-8.554425605891657014e+00
-6.007857694570877261e-01
3.615298560826580854e+00
-6.269993706391445709e-01
-5.217599540978112849e-01
5.094811613478622547e-02
-5.683686301992740830e-01
4.665753412974416037e-02
-3.156043249036944776e+00
5.442635786591993874e-01
1.428226831202140890e+00
7.768445001625172708e-01
5.807900771820092567e-01
-8.071074248052112488e-01
4.074584603221189205e+00
1.940629352670725893e+00
-1.052694174158174345e+00
3.168069393242979870e-01
-1.186409870297648217e+00
8.237152174515256498e-01
-4.268208760830464743e-01
2.877524807926217676e+00
-1.879042360371323106e+00
-2.612310582347519006e-01
-2.125814477650616596e-01
-3.104127773586145000e-01
-6.971056718832363552e-02
3.948081880171604996e-01
-2.530135970015935154e+00
2.939152980224091216e-01
7.375263850760067630e-01
-1.400044913627814136e+00
1.088393400165416969e+00
2.862772302905867150e-01
-3.086858062132231684e-01
-1.641819654749502755e+00
1.923990591552088292e+00
-6.965571222928387263e-01
7.659527549559698167e-01
-1.419732078618451299e+00
2.526180189865662840e+00
4.773929118077956391e-01
1.098823607388846213e+00
1.177860605660272508e+00
5.682269027621906776e-01
3.427133196616584110e-01
5.898643105646933726e+00
1.946240325411405792e+00
1.991282978334203868e+00
-4.771839291010127049e-02
-6.529198174903892982e-01
3.648502266443012232e-01
-6.666997270561511035e-01
-1.343867825353650236e+00
1.661772481684881786e+00
-9.212641177181335905e+00
6.162801811597136137e-01
1.430331673106418844e+00
-5.785694248208743673e-01
-1.098845170960498052e+00
3.009011712792218907e-01
1.514717925512255814e+00
7.759974681562425980e-02
4.680706616985347290e-01
7.860625357934931667e-01
-8.268929215674629685e-01
-7.098936058478693134e+00
3.019822357617379938e-02
-1.160458532863699821e+00
3.418145245975191315e+00
6.149744981356453088e+00
3.317966608675020357e-01
-1.131529611833701043e+00
-4.009619269821169674e-01
-1.187476745535395617e+00
-2.081920742983267569e-01
-2.903613475018617773e+00
-4.836530235880960316e-01
-1.681829309567813846e+00
-1.563350100589760094e+00
-6.687168346141538322e+00
-1.683005393548232975e+00
-1.709966292523558362e+00
2.016069342059318537e+00
-4.943043521851129274e-01
-2.282986655877246307e-01
1.110865814134845753e+00
2.229162259369781018e-01
-1.611001619154948661e-01
-1.324743017603745798e+00
1.396610632252218043e+00
7.606595534060113017e+00
5.522721148258817880e-01
6.003952983283500355e-01
1.600003228533832145e+00
1.633629947041565167e+00
1.019827780756894509e+00
1.487798785512176314e-01
6.600492194215901165e-02
-2.899932449597848905e+00
-8.191167606052315309e-01
1.265642648283233918e+00
-1.091768271263488632e+00
7.392584709581304647e-01
-2.372605207430095842e+00
1.217116776284849600e+00
1.190370740234548252e+00
-8.814500787515719971e-01
-2.786459826740134371e+00
-1.542568923474611831e+00
-1.722165430489068561e+00
6.103414428621531940e-01
2.681997510127209328e+00
-7.693634620335396690e-01
-1.056718751095272246e+00
-3.549581390807902359e+00
9.325814263311240637e-01
2.986621100261580342e+00
2.195977576190040192e-01
-1.426421501561176142e-01
-2.186209004724777583e-01
-5.003293016719978503e-01
-3.619777204092140543e-01
6.491760223941366315e-01
1.483954828762945599e-02
-7.117836995467142769e-01
1.604855571014514037e-01
-2.252363507456186298e+00
-1.056117263310568211e+00
2.553033419682537275e+00
-1.885310741958498681e+00
2.676270046938375557e+00
1.966552673306028787e+00
9.344727069186936630e-01
4.622377235904750470e-01
1.193961546584950240e+00
1.060286985209204946e+00
-3.053446311025171056e+00
-2.000145048769597644e-01
1.211912019880515140e-01
-5.227071104442695404e-01
1.861909782739525898e-01
-2.466158977019045073e-01
-1.189480576526772637e+00
