-3.078071062158097781e+00
4.950914085260926800e-02
1.875083610838408354e-01
-7.011557221073002610e-01
-1.248954775023641606e+00
9.781104739276351712e-01
-2.857361879399794580e-02
-8.917017201572852159e-01
-1.954405055978964967e-01
-6.634360225520113952e-02
-4.827885069098715176e-01
2.053569588542617730e+00
-1.303934177658899962e+00
2.137786450828558227e-01
3.977492290079469583e-01
-8.095329154853611042e-01
9.341108496087879853e-01
-1.855092087083517693e+00
1.010459277332154127e+00
5.236405675654487446e+00
-2.682153363624693032e-01
1.864927247488201711e+00
-3.436261938551373074e+00
-4.874282815606022501e-01
1.220249559804325035e+00
-1.386839066825095612e+00
4.682419440516493170e-01
1.678350412067821651e-01
5.067106651457700117e-01
-1.530555454178782693e+00
2.118247885818187903e+00
3.868280987808437210e+00
-8.089675009691388308e-01
-4.728413434624196277e-01
-2.776660522693268351e-01
5.190795793994024798e+00
1.060847397680561910e+00
-2.270831304654383764e-01
2.582557678422637615e+00
-8.303516780337537317e-02
-2.590570909763929563e-01
-2.949945082466852719e-01
-3.319208598798732091e+00
1.755678598598415574e+00
1.164640620187165077e+00
3.640448990550232411e-02
-3.628612027456563638e-01
2.704973492559243353e-01
1.624136614499466447e+00
4.491666250762556878e+00
2.352787825938703392e+00
-2.586858731314607418e-01
3.286907947646533046e+00
-8.987523840301149258e-01
-5.023624744552875887e-01
-1.743609240413090511e+00
1.425961288627651591e+00
-2.189463078592240597e-01
1.168927996240167078e+00
2.305975664820524074e+00
-8.262760846564231043e-01
1.453098006961943689e+00
9.269436271499120750e-02
1.154523895165692343e-01
1.984507509599168218e+00
5.178257585975742927e-01
-1.376298259385656753e+00
-7.780506443504957570e-01
1.662151749204835993e-01
1.172633894389170095e+00
1.496644781193091411e+00
2.419047256792805634e-02
-1.141868963377734580e-02
-3.050911296303809861e-01
-1.901904352334982562e+00
-2.312102259172400753e+00
1.520950020749758158e+00
-9.444695038908765827e-01
1.865761254492670496e+00
8.851817698439318205e-01
-7.501259886612996475e-01
6.107819919298473899e-01
1.330994870265922003e+00
1.658906771583511963e+00
2.412120767976970725e+00
-1.159030254740416988e+00
-7.266148619450956136e-01
-8.033308232555551598e-01
-1.840422405578887810e+00
3.829575264096917175e-01
3.537521040529367777e-01
-2.739983603120465183e+00
4.287024257146467288e-01
1.912812400626776599e+00
-9.463568533557402407e-02
-2.976906534348554012e-01
-2.071441176480555590e+00
-4.683232485367467834e-01
-9.858472986506640334e-03
-1.000771236964245192e+00
-3.961612072817080055e-01
1.153346160973790724e+00
5.474525603957588693e+00
1.601464760361730022e+00
1.388492250293408725e+00
-1.835025295107410859e-01
1.605269244268466289e-01
7.909593425618074436e-01
5.256303915812419181e-01
2.985488216398195060e+00
2.746286990161879160e+00
-1.797649666878560204e+00
-3.683193451191714374e+00
-4.936623865626398322e-01
-6.536402719483915824e-01
-1.679728959862558879e+00
-1.688368781748390557e+00
-1.413603737530688242e+00
1.462682796365925464e+00
-7.719778374066378346e-01
-7.306873693903230826e-01
3.883574896116095410e-01
1.403175600931748646e+00
6.993829873686341347e-01
1.058455409754995191e+00
-2.427755039756429034e-01
1.034714448659788566e+00
-5.011173690107314505e-01
-1.402349204580858807e-02
7.275027747902392816e-01
9.465905378431092865e-02
6.397761343097008169e-01
9.722210166997702352e-02
-6.336903861797973381e-01
9.562310145473436052e-01
2.565339659180529086e+00
-2.064456604788486693e+00
1.496639598218874267e+00
-2.176540670749909090e+00
3.707201261129449588e+00
-6.555594061331828648e-01
-1.422124420921125676e+00
7.810193730024013181e-01
3.654934757851666105e-01
2.033757274547460803e-01
-5.837528771738634825e-01
-1.261969484855169910e+00
1.104291299303307161e+00
6.652881787348510212e-01
1.794000291894854549e+00
-4.471408236329865726e-02
-5.531573306570983783e-01
-4.520455731338804739e+00
1.892110677223442838e+00
-3.271858260702801502e+00
3.660616493097294533e-01
2.296230285647324898e-01
-2.075793543500196403e+00
1.192049866871087715e-01
-7.607812332642189812e-01
2.119604887992122766e+00
9.505016684227585166e-02
8.214493416751548205e-01
-1.470545373924604604e+00
6.462696965859489051e-01
4.266553063451583583e-01
2.266694738205264348e-01
-6.353328349593313773e-02
7.523827858292998494e-01
1.117874917235884169e+00
-2.267693489958516051e-01
-1.396614552164150425e+00
3.015811096237726474e+00
1.277908258277579368e+00
5.634556130902254080e-03
3.227264883083392766e-01
-2.510349935477329542e+00
-1.755040735953443010e+00
-1.221642234685362816e+00
2.343122494218396579e+00
3.187316004433002892e-01
3.043211971908260871e+00
-1.319054771827463113e-01
8.234304076028204911e-01
1.590486326493754099e-01
8.290357727085707895e-02
-6.544791179097420031e-01
