-4.552751421577753810e+00
1.180966406681408509e+00
-3.060223720221228461e-01
-1.530103963395451405e+00
-1.735428986013458186e+00
-1.758345694382278834e+00
-8.620391681986985244e-01
1.914007496879562842e+00
-1.304083843905538664e+00
-1.941900084896460710e-01
-7.906988694834922171e-01
4.382763903613722256e-01
2.609332389853332712e-01
8.658528551157793629e-01
8.508550444266878010e-01
1.448199737272666043e+00
2.566564053983614868e-01
9.772080566064114127e-01
-9.436579234191044829e-01
-1.273489374888030490e+00
5.372227755843302088e-02
2.281597381314210415e-01
8.113391748346027166e-01
3.242394332412426028e-01
-2.387781713355851543e-01
2.464377594510664682e-01
1.821247326366703501e+00
-4.466650578104915947e-01
1.218925726941014975e+00
6.990442847959142947e-01
-1.432995250589226555e-01
-1.206533297111550329e+00
6.132264061394578913e-01
7.145097871009791213e-01
4.271411078575792497e-01
8.731140724189696556e-01
-1.664189103840804096e+00
5.219013648613490819e-01
-9.005677836009432502e-01
-1.206825128229086219e-01
-3.870444650585723734e-01
9.623305225143399255e-01
7.361144500197860374e-01
-1.494163732003488676e-01
-3.219658780270738541e-02
-9.229773487222094897e-01
1.179935806135464116e+00
-9.401986883276930440e-01
-5.600368011787808520e-01
7.072669523376166056e-01
-2.166973188009119755e-01
7.007284374836528773e-01
9.088711270319731472e-01
-5.254495253619110295e-01
4.985224416454783758e-01
-7.567004850011131989e-01
-1.440121135330937330e+00
5.163624774941434348e-01
-2.009226911924703596e-01
7.266043368698920091e-01
-4.758256651638047563e-01
-3.049966035706525372e-02
4.164991469323168438e+00
1.007585563352752400e+00
-1.643588623237483670e+00
3.346301905239973395e-02
3.085788976833039321e-01
7.514965181484158097e-02
2.979032614739729468e+00
3.636936413813963154e-01
1.083866744426298823e+00
-2.749817192177351211e-01
5.214208842576137926e-01
1.800426213936193953e+00
-1.215770139509850800e-01
-1.653233579541066423e+00
6.652873428760733843e-01
-1.416412716332894561e+00
5.001003497070881654e-01
-4.002586217250796857e-02
-5.457283624122075683e-01
-1.446227172037793496e+00
-2.772703066687157714e-01
-1.477451874438050039e+00
8.399582344005906975e-01
2.486318893707205380e+00
8.200416899924045655e-01
1.018649287245033230e+00
3.817469977710884477e-01
1.909411592871026908e+00
1.445603813695439110e-01
4.265220966305030892e+00
3.925683084065474948e-01
-4.398860656712513251e-01
5.346714540434074348e-01
-1.486372416343957781e+00
1.109897238571525113e+00
5.745294986427745831e-01
-7.918256279485381688e-01
8.161425274199884949e-01
-4.211597854478880132e-01
9.793679601291840342e-01
-1.123646990035418902e+00
8.775165122051563626e-01
-1.642003448387681086e+00
-9.768993112012702706e-01
-7.015413105206244615e-02
6.557805197849628787e-01
8.397406016141882867e-01
-8.203565003371740549e-02
-1.183037621140178519e+00
4.646117863597710729e-01
-9.957300601719645261e-01
-6.716003964143417715e-01
1.026616852584808726e+00
1.275700732767653056e+00
1.080649792298762790e+00
6.964836727823999762e-01
-5.342185239584316125e-01
2.110581928119591222e+00
6.929036552252065828e-01
-7.022382101559297984e-01
7.004459149664227224e-02
-1.800662877811594509e+00
1.886404812751064641e-01
-1.076179548658641627e+00
-9.142186115835986282e-01
1.385468282304016974e+00
5.461699604460847013e+00
-4.364591336195212112e-01
-2.396481562844571811e-01
-1.057631971959692496e+00
6.205958050433112438e-01
4.316362428119140393e-01
3.490416422094825499e+00
4.537987574981467986e-01
1.070096343714043607e+00
4.160918715790456801e+00
1.986806983336776078e+00
3.307473982823903869e-02
-3.811183035111646022e-01
3.012598300853095434e+00
1.653568943477959241e+00
8.658740640373022712e-01
-1.247962688098986916e+00
5.736347990819102849e-01
-2.374225498115346555e-01
8.246506118872977131e-01
1.888770543346410952e-02
-6.778657314416651758e-01
5.679133093979266134e-01
6.320425297086607053e-02
-9.626378780334615692e-01
9.897990569502411462e-02
3.626901464755687421e-01
3.293486231400195585e-01
-7.679102960134940314e-01
-3.578863390860331783e-02
-1.880836908048416911e-01
6.255182456605352659e-01
8.521848658725248438e-01
-5.037068279463962073e-01
-8.630707819938276959e-01
4.867873319407635124e-01
-4.469926875984717718e-01
1.047618271345570840e+00
-8.280664929312454570e-01
-5.418603815253426603e-01
4.580085606694401790e-01
4.386250071633625680e+00
1.517563674837154319e-01
-1.073665953913644833e+00
-6.569057805158659002e-01
-1.503167307868675584e+00
-2.113599392885850414e-01
6.069566325077146995e-01
1.023897537852587192e+00
6.231439027258274255e-01
9.289348160046180525e-02
-6.534292194728867909e-01
2.332532279764861771e-01
8.245855256780092457e-01
7.892329339285164558e-01
-9.168632133956291508e-01
3.990427929197361556e-01
-7.108311450846571677e-01
-4.601608478358834575e-01
