-6.053942143650874463e-01
-1.475404264264264520e-01
-3.436699508567366834e-01
7.118701409115106848e-01
-3.001706371777452254e-01
-5.411934655918249071e-01
-4.392712342265532310e-01
4.381405693624895736e-01
-4.666515397851275226e-01
-9.058148321168308925e-01
2.764535222118303381e-01
-8.032514434707709317e-01
-2.455148383416028701e-01
-2.950919598368589858e-01
-7.803305052519370344e-01
-1.261353982732153212e-01
9.032176653040642489e-02
5.103821676520055028e-01
-3.795504149542022060e-02
-7.826028636249686699e-01
8.774850254806965122e-01
3.486381861599954779e-02
-6.219854226223717752e-01
7.838095226928689652e-01
-6.195264018701847064e-01
2.801333441238968991e-01
2.291392085970051784e-01
-4.786427264559234285e-01
-2.089543601506882731e-01
-5.777738906157230403e-01
-5.815862782461418412e-01
3.608893598480563680e-01
-1.030788823340537785e+00
6.011905951252438651e-01
-8.119422279008544630e-01
5.035570607162512813e-01
1.803824383564676670e-01
6.605217553810928122e-01
-8.025690019149709364e-01
5.240715013872359052e-01
-4.862660548547914630e-02
6.447359592696306763e-01
2.995136619299595959e-01
-3.264087866592531029e-01
5.406456311312368701e-01
-1.765893444732513917e-01
3.320254490045793094e-01
1.698328144407791063e-01
2.554902515080541003e-01
-2.286182472580045588e-01
5.751187286696664014e-01
-4.330972883403316070e-02
8.468394656873798887e-01
9.032468593925635503e-01
2.113403704051917964e-01
5.498172637500094995e-01
-8.054084255314151175e-01
3.951303220516780845e-01
-9.210836760316050142e-01
8.377100183331542826e-01
1.919935738773139999e-01
8.575357307555216135e-03
-8.077105878518665572e-01
-3.516174132664969809e-01
-9.211412246317911556e-01
-9.649321023474143333e-01
2.789355058214496030e-01
-3.150898497741201343e-01
2.726802029798841009e-01
-8.268335626039071684e-01
2.461151965740229208e-01
4.823656488962202449e-01
-7.527624792633180739e-01
1.140999137642146444e+00
-9.565611952026404907e-01
2.276604284533985112e-01
7.931641207576651809e-01
4.105939122090993543e-01
8.881595685783920668e-01
1.028910369877539477e+00
-6.240627633958473197e-02
-1.839571227441982593e-01
-8.684911323892373636e-01
-7.593827221889908330e-01
8.048351721898121536e-01
-7.606186338167457706e-01
-7.663024836820101493e-01
-6.789112559276690995e-01
2.006587750720097707e-01
1.260709526634751221e-02
-3.112717770370454495e-01
-3.239063786111870957e-01
6.286879355808503433e-01
9.836403537188019852e-01
-7.367903747114616930e-01
1.256703495554414296e-01
-6.998344066313868517e-01
-3.559693394389755738e-01
-9.504031807176558377e-01
-4.171524345577028448e-01
-5.623892139953201585e-01
4.703257305343176431e-01
8.380762197966405980e-01
-5.257367801579739819e-01
-1.104979850007768716e-01
-3.801672860656769015e-01
5.827720843602544054e-01
-9.522053694964138781e-01
-3.577188414839903019e-01
2.429882611474327714e-01
1.951169825378462896e-01
5.756402684296360039e-01
-5.067036898956079893e-01
3.242755262191849841e-01
-4.567094929284729599e-01
-5.506835951731263723e-01
-8.183325023315701774e-05
8.416538914560629525e-01
3.665053333799253021e-01
-7.755552915975357786e-01
3.801789091799248066e-01
8.079124943712523432e-01
9.967931162363233288e-03
8.992101335551858643e-01
-1.145353705206923478e-01
3.313372203736699162e-01
3.892781114624239147e-01
2.257062819335744208e-01
7.041383235922894501e-01
-2.908793291048786256e-01
8.351337944140135860e-02
8.333430814368034678e-01
8.106051757299652660e-01
-1.080881420047250741e+00
7.402192674437653164e-01
3.769500172798079946e-02
1.254729315520911326e-01
-1.170950511013965911e-01
9.116537678279440504e-01
-7.992624231960863135e-01
-5.038392542704805965e-01
-7.340757824353263405e-01
-2.282335665589848850e-01
9.345632677358927110e-01
-6.315137591608805945e-01
-6.249952647331706856e-01
5.479877304839293473e-01
-8.821580871750360764e-01
7.439478558883032555e-01
-2.091604464559865262e-02
3.556820471392973387e-02
4.608614486189276938e-01
7.256641217458905668e-01
-2.613557462900518713e-01
-8.845758918672320670e-01
2.537617511222412525e-01
-8.251021633194237648e-01
5.886876654609414228e-01
8.855876849027628506e-01
4.403226412487491470e-01
-1.308043904459829376e-01
-1.988225941648064099e-01
-5.718083538680629463e-01
1.293999432570207553e-01
-2.624879549692477054e-01
-3.124443946095342151e-01
9.248140388923866695e-01
7.105129138198749139e-01
5.577248868978478269e-01
-9.478443466233118508e-01
4.481987332536886970e-01
-1.156662398876442538e-01
4.718459459711945581e-01
2.527408307345710425e-01
9.116498524275818971e-01
2.095101317493789639e-01
8.865831649636404244e-01
-7.575849289066638459e-01
-3.497032519739486089e-02
6.943307171627099983e-01
-5.462843219782851367e-01
8.636681175900406959e-01
-5.210181313846038442e-01
6.481018815830950075e-01
3.840437397711438661e-01
-4.416371599339685705e-01
2.090169665386561737e-01
-3.412568732112706837e-01
3.977762871252585875e-01
2.140770707605310630e-01
-5.824653941428778459e-02
-5.050103909262514401e-01
2.634274147473684158e-01
-4.381553996128739747e-02
7.541956726259575472e-01
-2.488895676704856452e-01
-3.832770757871770129e-01
2.013879661413895128e-01
6.659329555321307215e-01
-6.203326502762558370e-01
-8.628086820279271540e-01
4.918859958379075970e-01
-8.653535250165442783e-01
-8.810996611450211402e-02
9.141769386892198979e-01
5.046030423648866226e-01
1.368978318511442360e-01
-4.933964257054285762e-01
-4.805112756255604245e-02
-6.253194485829318694e-01
-6.203038635006155044e-01
8.089695391173358230e-01
3.143866734585640255e-02
5.674963242265648189e-01
-3.099943035278835968e-01
2.335304272100993672e-01
-3.612260501221116193e-01
8.698611433654139802e-01
-9.838702341070819646e-01
6.800527686909096925e-01
-5.746899822435611593e-01
-9.309151554246862803e-01
-1.369515066483795174e-02
-2.545048565602390234e-01
3.998113688941958843e-01
2.656252458116159509e-01
-9.335243376623546252e-02
9.956399332970494731e-01
3.976055276299988450e-01
-1.377473746241092978e-01
3.112152416461678728e-01
-5.443734950181131627e-01
-7.453732033399964596e-01
4.779532618253101717e-01
-4.823364093453309520e-01
6.507701990809100501e-01
-3.221147511162191779e-01
-7.093976867928727392e-01
3.892014842652167239e-01
-5.325367591270361300e-01
-6.330278524273884599e-01
9.190879098141445658e-01
7.042512200612200957e-01
1.016692615193186322e+00
-7.519349217295430154e-01
-7.487147636406180640e-01
-6.777139595950649742e-01
6.662529672437582651e-01
8.447469095726150012e-01
3.314493043277060846e-01
3.550588661268012092e-01
-6.075365860818617847e-01
5.188836370774663198e-01
9.838974160516442691e-01
3.915017883321258996e-02
5.168358485354206389e-01
9.164489607578110153e-01
1.916669796229256428e-01
-6.668102044310089127e-01
4.887365859192900341e-01
-4.945698671626708176e-02
7.876170480163522392e-01
3.351380702346958840e-01
7.023476107540834734e-01
-1.349587432478630000e-02
