-6.404290922139821429e-01
7.460952016743438442e-02
-2.243537652466686794e+00
9.365999850468994525e-01
1.752240374309022242e+00
-1.979252154419676613e+00
-2.863989935969420975e-01
-3.866749792784007766e-01
1.112827143069819558e+00
3.759898114008836667e-01
1.979247010798607764e+00
-9.796376919236149394e-01
-1.650859931971086492e-01
-7.255837899857173756e-01
-2.406230539554153225e+00
2.586688141044853895e-01
3.786747614332836021e-02
-9.837547296778359485e-01
-5.793935670311964881e-01
-6.242116946061360139e-02
6.520923126815802995e-02
-1.266962822667807576e-01
-1.026206479213866096e+00
1.228535678825953159e+00
1.773728449483014113e+00
-6.262089836334178150e-01
-4.645105732898072715e-01
-1.111682915729221621e+00
2.653934757969821145e+00
-2.184589342259352307e+00
4.487594319845361057e-01
1.782796201928769364e-01
-5.797204850565752521e-01
-4.343760657992774554e-01
1.493506576997816415e+00
-6.389881969304493925e-01
6.733201518259855911e-01
1.290618999500675379e+00
3.027163525947309530e-01
4.704994311937066298e-02
1.039229305183908991e+00
7.545656349355948089e-01
6.459559220580282091e-01
-5.629467899545261000e-02
8.303694044238997263e-01
1.020042045858239099e+00
7.288804675803695066e-01
1.960659022035611820e-01
-3.453634415996219564e-01
-3.373885499774218477e-01
8.592378394876697412e-01
6.194074574825366719e-01
-5.143780211412202208e-02
5.124261428374680127e-01
1.189428163532838312e+00
-6.362505684559689456e-01
-1.713410565138877351e+00
-8.386681731301459664e-02
3.119810282007606794e-01
-9.316532176564483736e-01
1.220094247067501803e+00
-4.419574939997502061e-01
8.515683395342311668e-01
-1.387073595046334429e+00
-8.784120240584153416e-01
2.103954454001715213e+00
-1.809396488706908723e+00
1.982852470739561390e+00
-1.188629582197548162e-01
-5.244055248252605939e-01
1.249869139007599772e+00
4.295805182479788820e-01
7.845560813782817000e-01
1.029976037366082675e+00
-1.374605774153694060e-01
-8.377213885321733722e-01
2.089555828957084249e-01
7.636333212274333260e-01
5.574890234021568913e-01
-4.808837288586604308e-01
1.189936780433604735e+00
1.482965907641615955e+00
1.599443184686987207e+00
6.606803631952897771e-01
5.364347234346056315e-01
1.025493539674619869e+00
-2.038689653781573796e-01
-8.699338405051044720e-01
-2.488036443709225609e-01
1.097980490188351865e+00
1.916764781869806367e-01
8.948283951140327819e-01
1.034499646935192585e+00
1.435904667413403724e+00
-7.648856914800394868e-01
-9.340850459086801338e-01
3.753508587573969879e-02
-5.665738539062742385e-03
-5.571332605217902412e-01
8.806777058739366781e-01
-3.799627567570029729e-01
1.262010264388604641e+00
4.256245105602539658e-01
7.437864560403011360e-01
-5.536787611423011901e-01
8.677806974491364400e-01
4.628763367992217992e-01
1.396358583369772255e+00
-6.916648210900377958e-01
-1.596734234196015123e+00
1.374565802760866040e+00
3.171593334058656621e-01
1.428710511136897399e+00
8.384909928395706258e-01
8.812914289975500859e-01
7.175912364930205900e-01
2.917044782954040238e-01
6.122102850569712817e-01
-5.264345210288230437e-01
3.824672971208226135e-03
-9.957267820740062225e-01
-7.280691183229308638e-01
9.813817528281987279e-01
7.104900921036768624e-01
5.063570160970003453e-01
4.766119851464077628e-02
3.253962393601113057e-01
5.940956249248898757e-01
1.909425393917925096e+00
1.207450048613462723e+00
1.219477070107196415e+00
-2.950700040309238159e-01
-5.452682636568968455e-01
1.145396847107246208e+00
-1.137419011550822479e+00
-1.908836655335648169e+00
2.363578307652629273e-02
1.521842088365166434e+00
-7.597036806661094932e-01
5.939980055553919502e-01
-2.375662992456256450e+00
1.707992665210668726e+00
1.819229499009658690e+00
-5.141244829350041234e-01
-1.147244771834456945e+00
1.426194110673919990e+00
-1.034190783867762420e+00
4.463357517096803173e-01
-8.110610830149710404e-01
2.010449706174083084e-01
8.081649919404316762e-01
9.751489652530307417e-01
-6.611887879215218033e-01
-1.028491947830570519e+00
-8.076259453159781443e-02
8.512359490227547898e-01
7.306936142420310532e-01
1.942093264909942052e-01
-2.343354171228212435e-02
7.493405380367889057e-01
-6.336480983195063033e-01
1.004098459877373339e-01
-1.477212336442549345e+00
-1.625321115089353174e+00
-2.391149559259420077e-02
-6.440930753500521133e-01
-1.684146756045304505e+00
-1.408873506750311977e+00
-8.002522588244184720e-02
1.059401980912228591e+00
-2.566785712266250186e-01
1.724849668711418982e+00
-8.297559119715587350e-01
-6.593169049577576324e-01
3.527300105612822256e-01
-1.804456745887757507e-01
-1.044360506208561912e+00
-9.796560400517552170e-01
5.411594622119714204e-01
-1.809196457657579471e-01
-2.686311104885792389e-01
-3.990555328646097077e-01
9.408248292326756301e-01
-1.233197422284839639e-01
-7.944485920408157487e-01
6.699177304497385688e-01
-7.115152256088875804e-01
1.249294236663040403e+00
8.271013645590723495e-01
1.435749988603978400e+00
-4.799859388372637037e-01
2.305507462442093036e+00
-3.313453873575633590e-01
-2.592043406151906204e+00
1.635083714568208668e+00
3.327070018668785156e-01
-1.631260493208417373e+00
7.522016606893877633e-02
1.494796008503832319e+00
-2.142250515566246793e+00
-2.116322250374543523e-01
4.572611168190494624e-01
2.715658952857583630e-01
-1.342756182485138616e-03
2.554393518642250061e-01
-1.008530860615528102e+00
9.434630825797748477e-01
3.497022929196259566e-01
1.393864536397751097e+00
1.944274471339040300e-01
-1.313204906522644766e+00
1.824470775817196522e+00
-2.457368933058520888e+00
-6.475320339015017135e-01
-4.136738203325268648e-01
1.306326862905117903e+00
-7.912036370538005903e-02
5.424416478545848186e-01
7.799218052101796195e-01
1.221458432514144765e-01
-2.015364466417999267e-01
-4.673810513227415475e-01
-2.848606119771456280e-01
-1.900086202934223034e-02
4.295070348294292573e-01
-1.077762259739616812e+00
-2.855219682034730866e-01
-1.879230601848937532e+00
-1.354350210715497882e+00
-4.147354904410560095e-01
3.098075733586038716e-01
1.305120905741869120e+00
1.360990251022713982e-01
-5.779934630026737352e-01
1.104101334980801319e+00
1.314197074675012566e-01
-1.597312808653402527e+00
1.935231114071392644e-01
4.578360514619514987e-01
1.819949847475487603e+00
-1.028395198308288627e+00
-3.999074056554925427e-01
1.178041329500638112e-01
-2.176393862305253890e+00
-2.325071504086622109e+00
3.575333975336353332e-02
1.051857698299305310e+00
-3.759958090656050911e-01
3.702179811806243226e-01
-2.058522354687268408e+00
-8.659127039257765723e-01
-2.098137379463516083e-01
-2.734471623180506628e-02
1.427090562234138327e+00
-9.174451848492478634e-01
-6.149321044981757023e-01
1.216110068998188298e+00
8.859926393114837539e-01
-2.042766669004043578e+00
9.752094253775714927e-01
1.785226085251664374e+00
8.134895282183718379e-01
9.184412061653420833e-01
-1.326321439751430020e-01
-1.639923846388948586e-02
-1.304056526986915543e+00
7.959056575820222523e-01
6.935316671311323455e-01
-1.084353244050277443e+00
-5.016565767994838332e-01
-1.181215088880593012e+00
-8.407924479357773428e-01
-9.794831416332904217e-01
-5.496947645790620229e-02
4.747213659868222413e-01
-3.308058133540473511e-01
-6.482209981625977058e-01
-1.203360180569483573e+00
5.786821693485099116e-01
5.252635094305232455e-01
1.855299909393827162e-01
9.918092390010073700e-01
9.514050399706852623e-01
1.956416227070138181e+00
-1.155340235980086172e+00
5.245373836441586946e-01
1.627964358672150835e+00
-8.760639058608550300e-01
-8.099562077674251626e-01
-1.544186202279629549e+00
-4.622961207184258514e-01
-5.308352671547472701e-02
4.101483439569994505e-02
1.818355721786022006e+00
-1.238405185830883548e+00
5.222501095578028218e-01
-1.238709653767739560e+00
-1.403172260039427799e-01
1.907919280005841989e-01
-2.091976700670560518e+00
1.154989011594799164e+00
4.632565007268995005e-01
-3.647763608153266612e-01
1.934423834801124675e+00
2.561470077682665991e-01
2.104220423032793441e+00
-3.463314432739614812e-01
2.262218285281131502e-01
-6.211661703407539425e-01
-1.619718009443072093e+00
2.792544733431317372e+00
-1.778611683691059042e+00
7.312522283897480158e-01
-1.184534325809271538e+00
-7.993511227925175211e-01
1.030749617051258671e+00
1.116841998010212889e-01
6.431311062158493463e-01
4.236268450057117940e-02
-3.373998429642077745e-01
6.501027769022269531e-01
1.166807054930845799e+00
4.574124588312398210e-01
-5.914558061562899538e-02
4.624473644021634966e-01
1.139062980296163263e-01
8.769361567196056750e-01
-2.071893446145486095e+00
1.019120274803532844e+00
1.840354004581820524e+00
2.113531249742617302e-01
2.888007217470251464e-01
1.585520732770834051e+00
6.118723351498819296e-01
-3.865332367009761683e-01
-9.883001950420023940e-01
8.624411111030927390e-01
-5.680092107531133916e-01
-9.399267879834299899e-01
1.295637002744058464e+00
1.778176305185422690e+00
6.702814903936645807e-01
2.689251735932944865e-01
-1.074027167174667952e+00
1.125573285157778880e+00
-1.190450381288249870e+00
-2.214421124507154337e-01
3.703079658443516609e-01
2.892570398974396717e-01
4.791302255669475096e-01
3.782565090161655874e-01
5.007014048283097152e-01
1.296239893901182771e+00
1.184595341835131821e+00
2.103348191206469764e+00
-4.218910747785582782e-02
-9.668054051690404549e-01
-7.427313626872137364e-01
-4.818595166841787569e-01
-3.299990406388805808e-02
-2.846915531211562378e-01
4.082965511115344004e-01
6.562944426430362688e-01
-4.230660344856463917e-01
1.373617476641331825e+00
-4.210333122091505786e-02
1.458191229202528527e+00
-2.884190021483641619e-02
-7.097492790067491120e-01
