-3.428328631227166134e+00
-1.902833537395869634e-01
-4.073606385857630130e+00
1.504131834665682899e+00
-2.123833590350393319e+00
1.454669482677263925e+00
-3.780621869434519500e-02
2.630993511184763101e+00
1.696064901651100465e+00
1.427526135636835392e+00
-6.091093612483500230e-01
2.182258993498952471e+00
6.086283331734100299e-01
4.425823738660057960e-01
-8.696577618332972381e-01
1.199207698476430384e+00
-5.687887993333523573e-02
6.659968901728078317e-01
8.836745988456495837e-01
4.658074729230890498e-01
7.971407807642336696e-01
-6.566346262643255605e-01
-1.320984584443509746e-01
-3.522253302073088843e+00
-1.162126488214804354e+00
2.504681165230796314e+00
-2.265463193756570570e-01
-1.401527145696273458e+00
3.130270916481789900e+00
-2.348002938783629645e+00
-1.919802854590449304e+00
-3.962547996150482532e-02
-1.792755914574170883e-01
1.903859359468355272e+00
-7.798339083860532650e-01
2.331391649830603097e-01
3.157430317860119295e-01
2.089502811487402023e-01
-1.277823927533991433e-01
-6.465904221714433575e-01
5.809260218157044076e-01
-2.020922293069603026e-01
-4.665103472213405489e-01
8.315029828384690180e-02
-8.071717409984926483e-01
-1.075465311465289675e+00
2.673736384026512702e-01
-4.784802428697825655e-02
1.292430270566833905e-01
-9.086295370784103209e-01
-4.613281514472808986e+00
-1.788888633749894375e+00
1.107679309211035745e+00
-4.991915146027556816e-01
-1.842797981597731782e+00
-3.635611401392926934e-01
-1.071755769203805164e-01
2.534364946030208399e-02
4.634568304512066916e+00
2.105992723235734054e+00
3.068777416183881446e+00
1.740382689886833756e+00
1.043233590069161165e+00
-2.407006329466832462e+00
1.331912613752332941e+00
-1.689035836432409177e+00
1.144419581131449259e+00
-6.016088407813928729e-01
3.898569764288748907e+00
-1.475248334498963532e+00
5.372611148105534085e+00
-2.485756586511591593e+00
-1.117338748448268637e+00
-2.451884251715560348e-01
-1.400507682857523362e+00
7.019178089702473144e+00
-9.525074510700026753e-01
6.451991927924116688e-02
4.402139732891252599e-02
3.575367152099669710e+00
1.024061734273145063e+00
-1.139170067102970307e+00
-4.065959045911007874e-01
1.030897329888655678e+00
4.446215759348306484e-01
-2.482295701452312819e+00
1.606147969705695455e-01
1.874044578460771326e+00
-7.370109123664159156e-01
-2.972919628656979896e+00
8.064951792279749787e-01
-9.267739411267905680e-02
-2.049007122302255901e+00
-2.580619828070000565e+00
-2.434038049072326793e+00
1.046122808636878343e+00
1.441099665725771750e+00
2.407675572378296991e+00
3.406783902492902527e-01
-5.726042705666933852e-01
-1.260768520868619458e+00
-8.965885579604407907e-01
-1.617928824999674831e-01
-2.336569683878785497e+00
2.048640407708016919e+00
-6.745731369721286175e-01
-1.170144250249129048e+00
-1.408065848358424299e+00
1.059359658681422900e+00
-6.499156437341723214e-01
-7.040337738122979250e-01
4.280700931665124553e-01
8.680174818472961018e-01
1.553772238753868384e+00
3.317191628608445741e-01
4.740358507721695869e-01
1.496962874198757287e-01
8.473216374482402946e-01
-1.019709466657847674e-02
-1.928473956696369118e+00
1.211590992503450259e+00
2.883792383165549311e-01
5.896248808291881804e-01
-5.812339531569228335e-01
-1.603333518980533334e+00
-9.782386976148051971e-01
-4.341593862916953706e-01
1.559425253292985092e+00
-2.500874465520114498e+00
1.060132362571950537e+00
3.771035857752996767e-01
3.202018120414448221e-01
-3.804033088929363871e-01
9.163119459176056747e-01
-1.043143276985378926e-01
1.977284947571047224e+00
-4.106452181142358215e-01
1.604341835832106433e+00
-6.412331215060459444e-01
-1.850003008357199663e+00
6.777389804794917705e-01
7.712261816400143299e-01
4.536487326122742303e-01
-3.147931162812003247e-01
1.760069922721428703e+00
1.931193380884286714e+00
1.599554013662979335e+00
-4.807633118828990249e+00
-4.566881007515709356e+00
2.959996831202822420e-01
-3.328997909133334931e-01
-9.166840692904475452e-01
-1.135424064272301248e+00
4.353731633534324352e+00
2.906414575174203208e+00
4.502035385639099885e-01
1.610011508452637852e+00
-1.459540289444478889e+00
-6.381029586622134486e-01
1.342606844441404101e+00
2.069532869262090458e+00
-8.494504922588085316e-01
-1.311687286720271350e+00
6.319185850552036521e-02
9.894754448026993332e-01
3.225330315659364011e+00
1.060107859924256157e+00
-9.190480614969103179e-01
-1.856183001533243893e+00
1.135955439458063987e+00
-7.244156243925889971e-01
-9.757968798213215722e-01
1.661314320597636340e-01
6.865412241679256233e-01
7.735936398018365967e-01
2.516154388624778804e+00
2.510301551014951116e+00
-1.971943263823743298e+00
-1.597941934682822751e-01
1.982819063211847421e+00
1.756411339346199696e-01
1.667961353471714148e-02
-3.854564488753218221e+00
2.123576540166138837e-02
4.623047259414856947e-01
1.774023072770095411e+00
-1.819374159045949124e+00
