-5.756090823632864506e-01
-9.239287903400129620e-01
-4.095886385832910315e-01
-3.617687855539120090e-02
1.328116596490444001e-01
5.657537450726018990e-01
-9.049854815308011613e-02
-1.379569933249099822e+00
3.641426366078313048e-01
-9.697407918001572646e-01
-1.316427998118976095e-01
9.897529735458507338e-02
-3.373185518630714697e-01
-9.116174028654574490e-01
-2.618504954662066453e-01
1.810390165781951000e-01
-1.577080439382700483e+00
2.854370976325426024e-01
5.601644077041899594e-01
6.237630061366203904e-01
7.805860421873291877e-01
3.912367428192229935e-01
-1.031763410914258605e+00
1.704680643874949553e+00
1.549445959317982957e-01
9.182370418445028326e-01
-7.759660385058904097e-01
-1.287901306325462680e-01
1.810272047233366099e-01
-1.305911972652026964e+00
2.745344155954666521e-01
-4.214340394085159813e-01
1.259234147977448703e+00
-1.780376960363222461e-01
-5.176235728932436497e-02
-4.262415046490086734e-01
-5.154647170202889539e-01
-3.958511993655224326e-01
-5.229173690356929693e-01
-5.844842025127884311e-01
-7.268638983181467950e-01
2.508594073413956682e-01
-5.072559417005485516e-01
5.389400315840705558e-01
6.717423914960412024e-01
1.632204828287242837e-01
1.618487626465124452e+00
-9.921971448933136761e-02
-9.269730632883507182e-01
8.342054092216506789e-02
9.087362454998868522e-01
-7.797735834945214162e-01
-1.525730693556711648e-01
4.238294451562237275e-01
5.239099724726323931e-02
-8.418828128706488112e-01
5.945154007064831214e-01
-1.762712470371233797e-01
9.082303240239906206e-01
-6.797445720638398692e-01
-4.192531264481466624e-01
-5.056624138471221830e-01
-7.084614205033192835e-01
-1.640957059322709632e-01
3.844943223832576473e-01
1.712235862953787879e-01
-6.865508882413896841e-02
-1.340344827987641763e+00
-3.663202303862062026e-01
4.454118890665933472e-01
-8.419965072023085639e-01
-1.003084306029119022e+00
-7.842697810310594875e-01
5.223082823571582045e-01
1.328485994831562156e+00
-8.321211522145510742e-01
-8.291947627324451897e-01
-1.022170077114161080e+00
1.252058367092953040e-01
-1.229551173233531580e+00
4.461722169717782793e-01
-1.402977736771414463e+00
6.271820282371233235e-01
-1.651250457334279553e-01
-9.025324192384620581e-01
-6.918772907698145236e-01
-6.002897503505530974e-01
6.509440151535975105e-02
6.265902114062216199e-01
-3.219598441431620328e-01
7.565600374711160814e-02
6.076826808435629168e-01
5.236107220210376445e-01
-9.307616762124479304e-02
-5.308190828763474922e-01
8.847050926062371978e-01
2.532071719047224168e-01
9.376745298526902028e-02
7.166313551724164954e-01
1.743835630741441545e-02
-3.277854859773653984e-01
6.025192249857853621e-01
1.508350547521950746e+00
9.237732082651534116e-01
-8.157705886739672341e-01
2.426549205180733304e-01
-3.196734317805712267e-01
-8.208765987998262181e-01
-8.540399127113695865e-02
1.570529278261497463e+00
1.513726627916988920e-01
-9.504561986522711559e-01
-4.738343728942252531e-01
9.262002246490522728e-01
-2.281960350039249075e-01
9.821625587821520842e-01
8.136656643744206718e-01
-6.926154530308596957e-01
-9.824897646138703866e-01
-2.075213064969466670e-01
4.048419523423024691e-02
-9.174813369783048345e-02
-5.815443962743727102e-02
-7.566291229103931926e-01
-6.742949158147814037e-01
4.776237164113484868e-01
-1.165544600953277055e+00
-5.636239529508854096e-01
5.819707191526364287e-01
3.780307231063736451e-01
-1.386437287977572153e+00
9.271542048846166673e-02
-1.314500415307375825e-01
-1.193404522121473521e+00
-2.830238939473024296e-01
-8.852453119399021908e-01
-3.381402543379820047e-01
-9.001847047614190966e-01
7.793749903070271157e-02
-3.284499299149778451e-01
1.369564723412963758e+00
-2.952903044395515098e-01
-1.176751362087803676e-01
-8.029158297833448588e-01
5.547041851037087801e-01
-1.229110439639144126e+00
1.206900010033532089e+00
-6.869697414247960543e-01
-7.883558566943052459e-02
1.423729478124346748e-01
4.123541094206738533e-01
1.073816656698212968e-01
-9.843611721912194357e-01
-4.494499687137187838e-01
-1.053428486296826616e+00
1.719238761962511020e-01
5.343728006999316493e-01
-4.274498483911760571e-01
-3.539748047017660104e-01
-2.034926139089480834e+00
-5.246992072436945653e-01
-6.252251237924308924e-01
-1.570839117791072437e-01
8.311381328565474735e-01
1.091532271830804257e+00
6.587605409258802114e-01
7.015735541076408843e-01
4.988034978751046400e-02
-1.586145879433089045e-01
-4.702577526666409380e-01
-6.170222982533151157e-01
5.060162277876018022e-01
-7.297343861722067615e-01
6.749920196881085133e-01
5.090150694667134879e-01
1.677024614557594828e-01
7.898864559761152593e-02
1.778035423957251338e+00
5.127014349755860678e-01
-3.033263060666988031e-02
3.363472034141864464e-01
1.017201744915892547e+00
-4.714507833191569630e-01
-1.050299871707668808e+00
1.024641673282488563e+00
8.995563099990310230e-01
2.613606689301816166e-01
1.777862295720179731e+00
-5.992465731394307493e-01
2.090202046611322029e+00
1.793634589540971103e-01
6.245167524134371817e-01
-3.500535936342089594e-01
-1.268120963198624551e+00
-6.708144305522495410e-01
-1.847614625539351629e-01
3.224154577638075891e-01
6.192305758727378873e-02
4.104208325873335284e-01
-1.170420117092602519e+00
-3.789014147108832331e-01
-6.221421853467858920e-01
-1.632970350716194674e-01
-1.311466993080914856e+00
-3.322429926763577623e-01
1.322701646216825289e+00
-6.732791849460022515e-01
-6.300512064453633876e-01
1.028062911460652762e+00
-5.202383904275389437e-01
-2.816134476690169697e-01
5.587693143711994909e-02
1.336078883321680788e+00
1.768062110036756618e-01
1.022584673208589146e-01
-6.151847581684527499e-01
1.022371111516609421e+00
-1.428992238177699381e+00
-2.605806305269782186e-01
-7.941751945806263535e-03
5.685369402453774312e-02
-5.406713249472851202e-02
8.070930814643404450e-01
-5.927240817376788762e-01
-1.393488822072319056e-01
6.197450823127963471e-01
-5.589279981295233179e-01
-2.551762593211090446e-01
3.284935455536765470e-01
9.530100961296314455e-02
-1.307801545277612165e+00
-1.550127864883096063e+00
3.694508300803118761e-01
4.295501463679535226e-01
5.481551949647112121e-01
3.929727401866246472e-01
4.337258650897022338e-01
-7.175465090956836267e-01
-9.612224538497188275e-01
-4.949604367833478347e-01
4.928223986616403485e-01
2.177159862181560213e-02
7.930710685947033323e-01
4.721989376285607443e-01
3.410980724634218864e-02
-2.297426760658923262e-01
-8.644666758566024178e-01
-4.919502897488405857e-01
3.158362204201986545e-01
-1.517700189117995313e-01
-2.180693593501227823e-01
-6.220218068909162679e-02
7.970038222108912773e-01
-1.372179496455743497e-01
7.998448062809150327e-01
-6.984111292314997277e-01
1.238551113510557300e-01
-1.173411013503762590e-01
1.577601580284404781e+00
3.377069489774694455e-01
-8.846088430326360941e-01
-4.230313048076569382e-01
-3.591495022211316224e-02
1.187252345254551145e+00
-9.364803401206901468e-01
