6.184958649664084041e-01
-9.582948852858117483e-01
1.562191568694634713e-01
-1.541269502873768404e+00
-4.620243378255350919e-01
-5.862679819029312789e-01
-2.009139322171588082e-01
1.531859418117159088e-01
4.120242576165279447e-01
-7.404054315414858589e-01
2.362789353066446496e-01
5.667789928399795674e-01
-4.621779257612719238e-01
2.207243960437142327e+00
1.245450826077720008e-01
-2.998361624500467948e-01
-2.249656298395664056e+00
-5.863290665607749919e-01
-6.411307769491538799e-01
1.523468715977160937e+00
-1.061089558819623135e-01
6.046624146641650377e-01
-2.304516748151970718e-01
-3.853628513481179851e-01
1.105603031845051820e+00
8.595301858001286321e-01
1.704745147650405412e+00
2.057846303558629741e-01
3.112410583644765749e-01
-1.368631011794755548e+00
-5.223636241275244618e-01
-3.406067559589365246e-01
2.451047896414337013e-01
-8.627643989188082951e-01
-2.849779734762741823e-01
3.922452384522375768e-01
7.721672648276205475e-01
-8.703611049436439373e-01
1.290820300419703859e-01
2.337968938428932053e-01
5.444641594374585170e-01
1.394403135861414622e+00
-1.040189465951327996e+00
6.093593673580774972e-01
-1.714712540676973651e-01
2.132695191825279279e-01
-9.424036369093147236e-01
1.153995536385668208e+00
4.634160348695312015e-01
-7.566066541197774553e-02
2.979341297444690895e-01
3.998460846535660806e-01
-1.889133656268385253e-01
-9.073862675151310730e-01
-1.063519058215351976e+00
8.122999473746458365e-01
1.392824269151559768e+00
-5.936599169644514173e-01
4.219630016358416613e-01
2.576840037757102131e-01
-1.808530912854690698e+00
8.976107103844583879e-01
-4.124384624713064440e-01
3.467166452285511680e-01
1.852098687969798707e+00
6.880502630814191445e-01
-2.442984607940805297e+00
-7.143281013079580410e-02
-4.084743886703295912e-02
1.926282334480879488e+00
4.239096410582934293e-01
4.037439553043400964e-01
-9.003650706814438909e-01
-5.431340801926309858e-04
-3.349430932013766071e-01
4.199262579864750933e-01
-1.448973419944272756e-01
-2.608243395165460443e-02
-4.716037210037316019e-01
-4.351955543649083102e-01
-4.723939141531898200e-01
-4.958226394036633344e-01
7.091721091020252166e-01
6.790759241485753162e-01
-5.356828388562118182e-01
2.115689930903139754e-03
-2.261033039051052185e-01
7.332209274149328326e-01
-1.792906520455541663e+00
2.631541160451397049e-02
-1.146305507826137049e+00
-8.074450421609428163e-01
3.393469212315733397e-02
8.613750782612552559e-01
4.375488537078313644e-01
7.267082929830595006e-01
-4.060027443884764997e-01
-7.489837950547126866e-01
-1.239557552659338091e+00
6.898032459797410754e-01
-2.244783484710677901e-01
1.836439344611469515e+00
-1.323467107039579149e+00
-6.033625398935846817e-01
-3.596157425807453012e-01
5.917370556440331164e-01
-7.003824869578567647e-02
-1.169529624773503196e+00
-6.109322584324239358e-01
2.172498003627225671e-01
1.934444116462966656e-01
-1.159272942520676031e-01
-3.007183858002343557e-01
2.571042968924899697e+00
-2.906127153790952766e-01
1.119825367864273558e+00
-1.401399821107542465e+00
2.841436780116765592e-01
-6.138940092763573997e-01
2.106186267604263085e-01
-1.060011890711177074e+00
-7.324131462563945316e-01
5.991036406680193549e-01
4.484437542105826346e-02
-1.252121412538639955e+00
-9.529742392668197337e-03
3.520533058546816418e-01
-2.676602266071435032e-01
-9.119669475590168606e-01
-2.894853459264298268e-01
-1.647029089341098818e+00
-1.223751973988551178e+00
-4.609736202576342201e-01
6.665520250179648443e-01
-5.009209358016865066e-01
3.705001242219745361e-01
-4.076462818469712701e-01
-3.370961443464101093e-01
-4.131078151325341397e-01
-9.679031997767917339e-02
-1.580793684234274465e+00
1.727685114326890647e-01
4.819939676899196446e-01
-2.060625820350800996e-01
-1.209353984898630802e-01
1.602412997037522824e-01
8.144839841656630330e-01
-2.423206019490528274e+00
-3.024978284814173191e-01
1.586935621066026258e-01
1.211493315396503068e+00
-7.653706841423587592e-01
-6.340334731762549136e-01
8.452206127150956316e-01
6.159412233435346273e-01
3.174412923881115844e-01
1.070498558919157350e+00
-9.063105355884470971e-02
-1.209647641820349673e+00
5.986635669583926234e-01
6.196878129463889717e-01
-2.889368092494836171e-01
4.970372852179220091e-01
-1.459780882276485309e-02
-9.016000080400294880e-01
-8.520105384578616214e-02
-4.027113880755329722e-01
-1.285155642391290431e+00
1.264529662916294095e+00
-1.741999055872444080e-01
1.505753128954862685e+00
3.015003553714765694e-01
-1.021024711535222007e+00
-7.483569037777888511e-01
-4.275496510836918063e-01
5.941714510597673193e-01
-1.193320076223334247e+00
1.095487992867338667e+00
-1.911713181338753897e-01
1.151242987486994496e-01
-6.376223176498045930e-01
-1.012237385752423613e+00
-1.761780660382713748e+00
5.805193819844158831e-01
-1.981822326146931990e-01
-9.541501266365021161e-03
1.692167398092813579e+00
