3.825775866213507737e-01
4.293656063979717219e-01
1.701408757435435848e-01
1.316019415930009262e-01
-8.012675758567643081e-02
-8.060853769156374193e-01
-9.961231974833852920e-01
-9.058437745806054986e-01
2.330408566555973449e-01
-1.511983450080187918e-01
4.414393526337253432e-02
-4.003917126604910059e-01
5.112120974905878246e-01
-1.209858388870754364e+00
8.520248666956595218e-02
-3.206979101949524735e-01
-8.054524375093663480e-02
-4.353556515303780294e-01
1.396865738453691330e+00
-2.688298861124270300e-01
9.411234994246946428e-01
-9.414755509427733537e-01
-6.602454298549766953e-01
3.238327817509715767e-01
1.599097998240327501e-01
6.568484222060564370e-01
1.224707094630473447e+00
8.051895812778547823e-01
-9.207836005925502665e-01
-1.080991825433002651e+00
-7.664009453243787462e-01
3.895199813689090851e-01
-1.449771970001282329e+00
-3.170987869614737553e-01
-1.821304742960935696e+00
-1.487167323562998411e-01
1.718100549144971345e-01
-7.205204486458776092e-01
2.923983265644317098e-01
1.554254606676612971e+00
-1.603203859570787149e+00
6.775295621527910317e-01
-3.848499673010319366e-02
-3.126059767304964487e-01
-5.171843986513547931e-01
1.564113311517489890e-01
-1.282588536781780197e-01
1.215651745928818528e+00
-2.294224633899969445e-01
-1.875089671577738759e+00
-1.453720441427395649e+00
-8.352634661865515620e-01
-3.935744556815694573e-01
-4.454827818068575196e-01
-7.074353096383938500e-01
4.344428868298958468e-01
-4.153743445119328914e-02
-1.140293716040964966e+00
-2.448826155075747302e-01
3.018920984798104112e-01
-5.967024697181279036e-01
-9.004216270576129721e-01
2.060943550907815836e-01
-6.309981026621165334e-01
6.133249778900398130e-01
-3.334597443494739522e-01
1.635938906516252400e+00
-5.609722047673775247e-01
6.388492110810799485e-01
-4.994654811313704035e-01
1.110069491338991465e+00
-8.639165216197046415e-02
-4.036008345702608580e-01
-2.548941891620343791e-01
-1.801863698603222375e+00
-7.188335539969603616e-01
5.006563126238999795e-02
-2.720313289301140025e-01
4.013099238416695247e-01
-1.216431067324740045e+00
-2.098079749778862246e-01
8.854753264454590100e-02
7.903722627637626008e-01
2.009219752318347485e-02
-3.453322545140931066e-01
1.857657248608229894e-01
-9.283193971111486364e-02
-8.643890843935014834e-01
-2.283996571610769910e-01
-1.330958220302645989e+00
2.796559502628345739e-02
-1.826956102991819930e-01
2.066512664745768779e-01
4.806315601895895240e-01
-9.568997452386833746e-01
-9.234895984288392645e-01
-2.629759856631601056e-01
1.234573110028207132e+00
2.684474949648952280e-01
1.193955474741450029e+00
1.609363957478411600e-01
-1.166315484137076197e+00
-8.773550363364781557e-01
-3.705819856264315759e-01
2.768261815756490329e-01
3.960459182439409753e-01
-2.503752119434431989e-01
-3.975173975367055634e-01
-8.104852091024719596e-02
-3.213438496469310235e-01
7.829708457061959059e-01
-2.555367278963946442e-01
8.391116020395289476e-01
8.830810346006208178e-01
-1.102717046824638114e+00
-9.287378439024498444e-01
-7.119639126935774220e-02
2.093771447629146909e-01
1.116566383123698492e+00
-8.319960421958521035e-01
5.945846320860803669e-01
1.540960260496356149e+00
1.099690477029791946e+00
-7.131147117422854675e-01
-1.501269245403715480e-01
1.436131387138118054e+00
-3.520905713100189183e-01
3.200965058301242783e-01
9.888581359215942168e-01
-1.893224039775581957e+00
-7.786261623450726477e-01
-7.871897874185981858e-02
4.899699601898886980e-01
-1.772151623493075867e+00
5.916145910527892404e-01
-2.462726501706379023e-02
-1.416712547606614470e+00
-1.510969133351796057e-01
-7.874261835612872407e-01
-1.445619553537062840e+00
-9.790477144367183415e-01
-6.759342526209861646e-01
2.078500455109692502e-01
-1.146796018639235082e-01
-2.745192248433767634e+00
-9.813799499828655681e-02
-3.825718579334227432e-01
1.387447467549045355e+00
-7.119443527898692281e-01
-2.576100582582987464e-01
1.172407398002403012e+00
-1.400708006055098265e+00
-6.331500501132443226e-01
1.706958529575110184e+00
1.756303887919181683e+00
2.009121669687223555e-01
-8.764345263940080955e-01
-1.971061777023136674e+00
-1.155819333800245374e-02
-3.257000559541098905e-01
1.134852772428221190e-01
-8.090918347530103860e-01
6.325058212327411278e-01
3.110650198257728372e-01
-9.030555966234150578e-01
-1.019040287675426759e+00
-1.039768952018600867e+00
7.521809643395851452e-01
2.560028827118514261e-02
5.572553408556353283e-01
6.091253178552709091e-01
1.927635607130297468e-01
8.966077074251639356e-01
5.395449383956096856e-02
-2.865614350406299193e-01
5.668921169660889881e-02
1.125772299755384065e+00
-4.275698228252039490e-01
1.100243613635875972e+00
1.939675791767190294e-01
1.757881628313423317e+00
1.524766444111207875e+00
-6.512708798724189396e-01
3.489676308501274415e-02
2.017042324275188925e-01
-6.117578948351276580e-01
5.239946563195788110e-02
-4.439332482520151613e-02
-1.042174448104374651e+00
1.015643282786225621e+00
2.404163465978152725e-02
-3.606798716907321234e-01
-3.661075337053546486e-01
-1.020010559512164461e-01
5.355094462169677216e-01
1.566439681614244961e+00
-4.801730338288667244e-01
-1.778525674797080569e+00
7.027494174446348163e-01
-2.438323138290760528e-01
8.214707210100858914e-01
1.386356533508915190e+00
7.482193646623345185e-01
4.901737821266795025e-01
-4.850865044727044051e-01
-6.859280329898520545e-01
-1.145079730429201081e+00
-8.255045415751188775e-01
-1.655924093652275886e+00
6.219924691204308242e-01
-1.272101819666222600e+00
3.432573180443342364e-01
-2.283621120962585405e+00
-2.994809930441941215e-02
9.754421207081620526e-01
-1.608482751014324696e+00
6.158189201557668913e-01
1.183894634841130999e+00
-8.403805553963036301e-01
1.306369461555284994e+00
4.631283041727982108e-04
1.023283316634234552e+00
-2.164049875265128819e-01
-9.321040557880175825e-01
-2.180803188346461252e-02
-3.373411636783363310e-01
-8.907063744233186808e-01
7.366168655758285055e-01
-1.829873549372509345e-01
6.292626915080495875e-01
-6.380128476259430137e-01
5.679006371308785717e-01
-1.859023235825509046e-02
-5.168336860411611999e-01
-9.388361680309567081e-01
-1.108919903623415415e+00
4.785086726870145801e-01
7.614378921191854444e-01
-9.950068476994645694e-01
1.185961128783374063e-01
1.299368570392672950e+00
7.865903192527771148e-01
-5.671631517989900173e-02
6.660860880619559610e-02
3.498601450972932403e-02
-1.016714289805574628e-01
1.428841626764975281e+00
-1.199030097235839754e-02
-1.337689456681554478e+00
3.124844288291740435e-01
-1.044286862491278223e+00
1.406482483259420491e+00
8.241971520158075659e-01
-6.331331713901970915e-01
-1.562924819704013979e+00
-1.552273674244867285e-01
-4.199405830192164402e-01
6.082919024845904188e-01
-1.645440504901235279e+00
-8.973072498619967252e-01
-5.837763335654558849e-01
3.543086967289547640e-01
-3.406273219827923304e-01
2.855304951009501879e-02
8.475437309476729908e-01
-2.688722703066375730e-01
1.571650193512356575e+00
3.650545522156039002e-01
5.005341085305238247e-01
2.501892920996220404e-01
8.551321932472649712e-01
-2.987762476796362865e-01
-9.611501898480398487e-02
1.083774766904080644e-01
4.245581094560523794e-01
1.439186796386882961e+00
-1.305574526258892476e+00
1.095213104575524010e+00
5.768070567364123047e-01
5.497269482454864020e-02
1.927802162818768039e-01
-1.912699444583425556e-01
-8.214399541710620811e-01
9.062380825775999682e-01
-1.740831797401764414e+00
1.079266061990241665e-02
1.068860356393348310e+00
6.881174254398028656e-02
-6.030174707416761093e-01
5.211645347882254420e-01
-7.831053282332536281e-01
-5.758591149830594169e-01
-9.574492357290511624e-01
6.851750983867973543e-01
3.236653000880138076e-01
-6.525150699296461410e-01
2.383962566279184125e-01
-6.677775580622102858e-03
-6.218052980109185501e-01
6.325414824944386449e-01
2.452694734498908347e-01
5.426814843849794290e-01
2.546655511823200935e-02
7.205696758655656398e-01
-4.856589873286369374e-01
-2.154713279638840462e-01
7.911255249041663218e-01
-1.995829788734665156e-01
-1.158629236779756599e+00
-1.193514533293347002e+00
-6.689607837092312881e-01
-3.118163404777072323e-01
8.430171602092568772e-01
1.913795764289637491e+00
-4.953180231595329386e-01
-1.044712075188565903e+00
1.371412670617203622e+00
-3.176354178098209635e-01
-2.698214079165994206e-01
9.722239597008047740e-02
9.960453691514731256e-02
5.013031915175829578e-01
-1.609456513249855614e-01
1.777913089379553835e+00
8.931325337813038612e-01
-1.605580151518837262e-02
1.639712948468808218e+00
1.713868749218245835e+00
3.626009054817264099e-01
2.969717424073051726e-01
1.807099593343721944e+00
4.890934383573268818e-01
1.296301686005671305e+00
1.638009281279976692e+00
-6.197277186812425454e-01
1.086308434825714819e+00
6.941382358667590458e-01
-5.473634756872695073e-01
-5.199021784188380124e-01
-6.318330467403638906e-01
1.111614454630645232e+00
-7.334946799915618154e-01
5.530074857992197668e-01
1.334618124472774614e+00
6.519996637431288988e-01
-3.736522449526505363e-01
3.819807466927062634e-01
-7.131382342540492081e-01
-1.145894599944190739e+00
1.266946404990127339e+00
-9.103552720684663369e-01
-3.911790049749489517e-01
5.793751409993070922e-01
-1.740350373252841365e+00
-5.118397230868911851e-01
2.969187493677011291e-01
7.707732845729590165e-01
7.242127673356441031e-01
-6.975617168670827928e-01
8.081282063198627075e-01
-1.054211220956234651e+00
4.194063638198688992e-01
1.491720840322323438e+00
3.180434834491455143e-01
-9.946713537448651499e-01
1.214093292761615039e+00
-3.808583558996253560e-01
3.064419963513709266e-01
9.395547262897513408e-03
