8.836820763634377629e-01
6.978128575207421802e-01
4.991687154062768306e-02
-1.086751242686364360e+00
3.263334328182834754e-02
8.880289279836890703e-02
1.080209821887916366e-01
5.296972984065336787e-01
2.858290632178407398e-01
-6.511802732513498615e-01
6.247789136998582737e-03
-7.937759714922044685e-01
8.760992970120372314e-02
4.981257825613654155e-01
6.189087673240931675e-01
-1.137903024111851069e+00
1.621650849485600787e-01
4.627117681023010798e-01
-1.163962610455187008e+00
-1.245650871327706882e-01
-3.909939169822339577e-01
-2.690826906493267723e-01
-9.741869343010974847e-01
-4.676195599752380194e-01
9.870393525304768101e-01
-5.677191112443611548e-02
-7.948661206550010627e-01
-6.552755374801997323e-01
-9.952215245047442149e-01
-1.127141646402069375e+00
2.684955700198046746e-01
-1.041153239380890216e+00
3.645866325631744176e-01
-5.053979533545137626e-01
-4.612187632700324169e-01
2.103623907103824575e-01
-1.836381739633993204e-01
2.040844441073156601e-01
3.215589960714951845e-01
-1.005161158403362898e-02
-1.241335836943330051e+00
3.160503570266494089e-01
8.408782996109804841e-01
-5.771532771157924513e-01
1.057022930956828533e-01
-3.808590054148063841e-01
-5.927683160073009550e-01
4.916651493201733281e-02
-2.217800226315010809e-02
-1.493786058433583253e-01
-3.339030839654362759e-01
9.094489562844083608e-01
-6.943815110440438865e-01
1.454264795414351163e-01
-7.598766520543077663e-01
-1.068140556983973921e+00
3.990563958689396507e-01
8.898758684704403121e-01
-2.075414932101447008e-01
-1.653627875873605602e-01
-3.064760282113936918e-01
6.662285509352406931e-01
4.571301894621106476e-01
5.035800156925334115e-01
-8.884348774116206104e-02
-6.171099054119064675e-01
-7.959671802650689632e-01
-7.491410447651022375e-01
3.486777340553083304e-01
-8.135312333195445778e-01
-1.189420163177211942e-01
-7.555405927557665713e-01
2.132669169478196292e-01
8.479698670819764139e-01
-1.055736508997365819e+00
2.565139524250099612e-01
-9.945034820080719262e-01
-6.150168041880270664e-01
-9.714972831592809666e-01
-1.000330203472542312e+00
-1.388953247432282989e-01
-1.001334558485491716e-01
2.452673447084874683e-02
1.146073087138992225e-01
-5.996020393373172608e-01
-4.263175639328659061e-01
-5.013106412830179437e-01
5.789049311811271803e-01
2.304695364979956473e-01
-1.017979170218036522e+00
-1.160925751586357746e-01
-5.764082774553439537e-01
8.250729959538409819e-01
-2.795913713448625049e-01
5.853307206288908132e-02
-1.088818251355045508e+00
-7.844109994805298358e-01
5.002673349485406984e-01
-7.281167025729974318e-01
7.459622829728346227e-01
1.143737642334465177e+00
6.650727476173362573e-01
1.648827385056655659e-01
8.031456694594452106e-01
-8.235691933941097220e-01
7.502937226314028152e-01
1.545907990094487650e+00
-1.803698967256051611e-01
-2.844393246132246866e-01
9.858592777546719699e-01
-5.256964434411565135e-01
9.070687077745336335e-01
1.287296735852377638e-01
8.394186363985720600e-01
9.011166303224358298e-01
1.112837827772171773e+00
1.298349996795891137e-01
9.473286062241579319e-01
-8.178997120230455109e-02
5.420067138805995111e-03
5.806852525255291608e-01
1.198951314769469700e-01
8.355618949368744941e-01
-7.913659605081362347e-01
-4.809461451342708638e-01
1.175685311519321097e+00
-5.113001000622856562e-01
-5.059422155797653753e-01
-9.038320168708758873e-01
-3.506648113529338140e-01
1.835760895057065023e-01
6.408902361912786061e-01
2.648245156466536576e-01
5.951539518171651555e-02
4.505399465024366723e-01
1.337272055212094801e-01
-1.105119299398114319e-01
4.862262745380537821e-01
4.616635254956155676e-01
-3.564141797357381347e-01
-9.873928965962430748e-01
-1.077526742651743863e+00
-7.545228405743028555e-01
4.515108298052188385e-01
-5.879638031891516459e-01
-3.237127818425018511e-01
8.679030081001576358e-01
-3.329536878053056537e-01
3.662393909878254861e-01
-5.032856819637800960e-01
-6.779259674672049041e-01
-3.523877713103170661e-01
2.215712621029461149e-01
8.379122225464936680e-01
-4.352013381944557779e-01
3.687221454957220201e-01
-2.982075658994273182e-01
1.670749562069962224e-01
-3.936176202033991878e-01
-3.139298775934837860e-01
-7.944705215484910710e-01
-6.033504702683502030e-01
-1.066119557849211363e-01
1.100832675820856837e-01
-6.143113248870060161e-01
-1.040415387894710442e+00
-3.931534163836002405e-01
-1.129069124648550027e+00
1.281306707879880769e+00
6.377533735349847355e-01
-6.283171926361581505e-01
9.751908214912130557e-02
4.232175032985606780e-03
-1.269017029767464666e-01
-4.254774415105544438e-01
3.576081523978689725e-01
2.224190533017392779e-01
-5.836461319876785625e-01
4.464770695741258066e-01
-2.719316867637239926e-02
5.100371556229283954e-01
-4.631069312525079584e-01
1.456397704170683260e-01
-3.763644411054198335e-02
1.886257367194098533e-01
-4.275818368442839135e-01
4.507964940880518911e-01
-7.602285656265859171e-01
-1.651948605145162619e-01
-2.535555062164916995e-01
-1.339018655725024320e+00
9.727479895260326970e-01
6.758790826475975511e-01
6.256597222018371873e-01
-2.019270112361344349e-01
1.216763667795425774e-01
1.019512633328242546e-01
-4.014692013778778934e-01
-5.610996940801278310e-01
-9.725066291637414206e-01
-9.797712181638834616e-01
1.017540708378977588e+00
3.041601543689984588e-01
5.687231104621163214e-01
-5.554311718706018697e-01
7.411408976269764914e-02
-2.776944970270398549e-01
-8.082059332606892355e-01
-1.000475718804197278e+00
-5.969449356078581070e-01
4.343256056514217534e-01
7.457949936380285916e-01
3.332691688528652829e-01
7.721235970176488772e-01
4.063168527109786710e-02
9.030518560990890009e-01
-9.889936536075361051e-01
-5.326487310935978936e-01
2.573645731242512058e-01
-3.478962499880561277e-01
-1.071967665219742294e+00
1.281136397369720681e-01
1.058340311244559517e+00
8.905318860381359336e-01
7.064936614425049166e-01
-4.096024688525709556e-01
-6.355836263205298931e-01
7.739577016966850964e-01
2.157328196719548452e-01
-8.963287206149477271e-01
4.284216451186149688e-01
5.539540926543449206e-01
6.291175892718448015e-01
4.850756029242738743e-01
2.820904461465249813e-02
-8.184374845978970026e-02
1.736909359832587013e-02
6.617527200519619512e-01
-3.495469744000840873e-01
-2.404659984645904358e-01
-5.647680216317442214e-01
-2.997148290442348539e-01
-4.938553499468378849e-01
2.041486652083648323e-01
3.222895965959529097e-01
2.595200873124811070e-01
-2.769766077171029739e-01
-4.033266555236025841e-01
9.911152524314639223e-01
-2.773307992908740083e-01
5.828547120857868746e-01
-1.220134987130630400e+00
7.028741888012371986e-01
9.311790940725308552e-01
1.128658118351882012e+00
8.558365784166221957e-01
4.618023243895587049e-01
-1.047833436283171160e+00
-3.964249043851860721e-01
4.143860745789657019e-02
5.078709443991676897e-01
1.483434939007007014e-01
-1.578875710778513131e-01
-5.390456137811902027e-01
3.692719852663284286e-02
