-6.730308639277746696e-01
-7.264364050760376834e-01
-5.293514119459687972e-01
6.971922938625521038e-01
1.137590881116279651e-01
4.136151299984126561e-01
7.148280414761315482e-02
-2.540766649213639372e-01
-1.745071505449981575e-01
3.731653132520363347e-01
-5.321634678031119670e-01
5.862172048526672619e-01
-1.829903980902682470e+00
-6.757391652671512761e-01
-2.135804374170784392e+00
1.628544805931674555e-01
-1.319822237281767174e+00
5.588421874128699507e-01
-1.487143873642283287e+00
-9.420630107072118786e-01
3.073078395312166533e-01
8.216879712929042734e-02
5.703257062304880609e-01
9.869832088056451624e-02
3.225724537537744130e-01
2.525192791591259756e+00
-5.736517634219656658e-01
-9.909166288573477699e-01
-1.715809664175532712e-01
-9.554978132840684646e-01
6.752328513387704234e-01
-1.302003425935128966e+00
6.103207913764054915e-01
4.413996631585658803e-01
7.620026985610470760e-01
-1.300054337749931177e+00
2.137812314314089523e-01
-1.124021594652778289e+00
-9.202404966428659461e-02
7.571632868631681390e-01
1.245232142845548617e+00
9.387515937835593238e-01
-4.271492172256704523e-01
-8.234473972030504907e-01
-1.266322779038002722e-01
-2.527562789681117472e+00
-4.514493652933081469e-01
-1.136830942353362905e+00
-3.594012587478936371e-01
-4.737543233196655379e+00
6.251517021813253194e-01
1.587584657349745965e-01
-5.922693321714200820e-01
1.564203580866371013e+00
2.391846355977204214e-02
-3.808826219106536404e-01
-7.503871573796352390e-01
-3.098245848978217754e-01
9.886666666810528525e-01
-1.953708286913125702e+00
1.262980449007797545e-01
8.634142537954800911e-01
2.721181774181239410e-01
3.969833680811446497e-01
-2.354570725429812050e-01
-1.187839737636101400e+00
8.293904694300443525e-01
-7.282959726540958467e-01
-2.326624828749058960e+00
-1.700270823141556975e-01
1.032251716783893158e+00
-3.871634620801517324e-01
-2.175634455198180106e+00
-2.115809167369267219e-01
-3.967552864096414722e-01
-1.641640674402478739e+00
-2.448936822216011278e-01
3.170505926837323130e-01
9.164026688744122962e-03
1.057997321397010193e+00
-3.442973723955547460e-01
-2.153507012984203495e-01
6.917723063136512751e-01
1.265455957140761534e+00
5.128173063840304469e-01
5.234185801699209328e-03
-8.132199129788777459e-01
1.569602462170126334e+00
-3.262706354405904285e+00
1.040083226950418549e+00
7.323224652159995296e-01
-1.056151980165503934e+00
1.059915763680944867e+00
-2.650497318209690700e+00
-7.067016607732985456e-01
-1.046305882316620028e+00
9.377109158178501547e-01
7.555993019334712457e-01
-1.297814257495715884e+00
1.810676205263236138e+00
1.095407417488189150e+00
-6.371075970148618595e-01
4.361538502228222425e-02
-1.313707875758260091e+00
-7.748142463120122336e-01
2.968713887598124046e+00
-3.243300641016727548e-01
5.467438519389719032e-01
-2.541199393802097070e-02
-7.134917087847432171e-01
-8.065928307646598183e-01
-2.856057120689968087e+00
4.465233964286163273e-04
4.599725594719810129e-01
8.435601889521870955e-01
5.924876951607096487e-01
-6.451584265279106667e-01
4.470753125035084041e-01
-2.016313185954470011e-01
-7.309128306328682712e-02
8.979717999371220061e-02
4.140724367996306832e-01
-6.726814129338176684e-01
4.872831091617034205e-01
-1.345780494749295730e+00
1.994117469846841129e-01
-3.260493798739693139e-01
-2.815917752300562960e-01
-1.440069515146307655e+00
-5.676651149488962655e-01
8.632770333032222521e-01
1.070161160359249797e-01
-6.243894891038441752e-01
3.543392097221542691e-01
-5.329627560565397548e-01
-1.319698529302552714e+00
-5.686000765012503066e+00
-7.587588264110252112e-01
1.324859241644355645e+00
-2.926677452605422336e-01
-9.031498691941092227e-02
-1.092330425435773522e+00
8.149793873240238073e-02
5.546550790323194757e-01
-3.080988723365306825e+00
-1.835340819470144824e+00
-2.574221777800300148e-01
-4.824534723689456683e+00
-1.862132501767022719e+00
1.018195049955653797e+00
6.991878806002340685e-01
1.835546456384640757e-01
7.385653210929319368e-01
-5.574825800299920697e-01
9.716887201668867879e-01
-3.355636616540547124e-01
8.212945307184923438e-01
-1.375411147379857812e+00
2.809922238439854780e-01
1.532163357720668917e-01
-8.580220019033326651e-01
2.626476000165695046e-01
1.258618613182262980e+00
-1.110591078084073174e-01
4.971894914554041423e-01
4.273515608605784055e-01
-8.687659808367729219e-01
-1.021046666434360706e+00
6.102058059157258046e-02
-2.206343178482374490e-01
-1.163053014597508428e+00
-3.240608363916324675e-01
-2.149438745495852121e+00
1.134052231407064903e+00
2.424410931029088723e-01
1.467807122439294676e-01
-3.536317677824536432e-01
3.813699975620744587e-01
-9.048599563936337020e-01
1.158615658619257749e+00
1.916727061920481257e-02
5.472491744098102046e-02
-7.384553289212858473e-01
1.043291640324755729e-02
-8.013302877276502478e-01
2.326408496548337812e+00
-1.704306085622174560e+00
