-6.297612601300577317e-01
-1.050580069992258503e+00
2.272709397213072080e+00
8.537009239727612331e-02
3.347815596259683946e-01
1.852535688117099011e-01
1.159762558777618580e+00
5.408348099166149225e-01
-1.728389900712733240e+00
-9.374509930289376403e-01
-2.794832807291730559e-01
3.611176948918327634e-01
-8.191909772233203491e-01
-7.493784155622975618e-01
8.714880967626618125e-01
1.581658223970249466e+00
1.432447662355783802e+00
-5.894609393266959652e-01
-1.991176957463294706e+00
-6.680805019424231883e-01
1.933558478423373916e+00
3.348607525686045916e-01
6.412648044849064144e-01
-1.978174147427075313e+00
1.278476185664347620e+00
5.570453882385990596e-01
-1.810885557297831072e-01
3.004518572379992758e+00
-2.737181088546727370e+00
7.406017040408179319e-01
-9.456701552434422231e-01
5.376873087385630745e-01
-1.391704857753395697e+00
1.090484429133895983e+00
-6.470059254487809941e-01
1.770144707035004594e-01
1.612292891723756116e-01
5.114277936931152513e-02
-7.909171261236631612e-01
-6.817787194011577512e-01
-5.813905049712971840e-01
5.276227801852584331e-01
1.138978557322171570e+00
4.907635605734980144e-01
-6.974980656509618404e-01
-1.172820157196037494e+00
3.780244380946649052e-01
1.113506116566858495e+00
5.184847134270708091e-01
-2.862341527416964460e-02
6.108789705620800703e-01
1.772879900763641159e-01
8.390685311147984271e-02
1.809660796082603884e+00
-9.555662524630991195e-01
2.203882624317723415e-01
-1.525936128689147520e+00
2.625196716315971734e-01
1.283358742802187757e+00
6.356108463937685249e-01
2.601978986301960450e-01
-6.845601838761674607e-01
3.696930310505070483e-01
-2.502535073625011264e-01
-1.074428548276513129e-01
-1.113719238964218788e-01
3.538801112528068504e+00
-2.987107217583319319e+00
-2.117268660279761627e-01
1.396900373015638852e+00
-6.653893219231423739e-01
8.198391924621266647e-01
-6.332919794745063280e-01
-3.652282284702064175e-01
-1.103487203573150222e-01
6.989704687534196159e-01
-2.147970153109238223e-02
-3.390012127189876989e-01
1.445085685484397420e-01
-6.302700595244142834e-01
4.070268865347704823e-01
-6.111164333431733375e-01
-2.212380178920380080e-01
1.549449550430761491e+00
1.756107801892428322e+00
-3.156388209680709434e-01
1.705033449263927969e-01
2.703517153145844620e+00
-3.649756374333162356e-01
1.296259332562086586e+00
1.537029280157299893e-01
-2.133442112426121362e+00
7.341629243143429351e-01
-7.748943928816702797e-01
1.506835872439591939e-01
7.626397054950737608e-01
2.529168197333572093e-02
6.548693754192821403e-01
-1.332569407145110851e+00
1.111100092751537538e+00
1.185876468406569906e+00
1.745892462821285740e-02
1.387053986745821366e+00
8.114386535892346153e-01
-7.310706440508814019e-01
1.393445884849156435e+00
2.921956675061742059e-01
-7.176938870727864739e-01
5.147272476607286373e-01
-4.138312589196144198e-01
-1.985734907708335939e+00
-9.924122159108705876e-01
4.820733693261048947e-01
3.880718741080016798e+00
-9.615152162648221701e-01
-8.848201477310364549e-01
6.385104775450556325e-01
9.134216028392523334e-01
-1.306747842557290706e+00
-5.022635878653693986e-01
7.567622237253620598e-01
8.899120235973883020e-01
4.334226046387398279e-01
-1.793511664089099122e-01
9.715986875634258224e-02
3.252169533138868029e+00
-9.763636931932078156e-01
9.139684162882160123e-01
8.286064754540753974e-01
3.211463726067496638e-01
-2.087845780628937220e+00
-2.972070013747812656e+00
-5.827075822381320158e-01
3.282241301061738503e-01
3.969351526752042392e-01
-3.270499298977258995e+00
-1.584654706163744819e+00
1.715773737643099817e-01
1.570226842572057524e-01
-4.911854280850016519e-01
3.337484376799962349e-02
6.302211975746423445e-01
-1.281699613390246961e+00
4.657268383147890045e-01
-1.927652053031535084e+00
1.208037625104651180e+00
4.122534975381413336e-01
-5.705137988421097317e-01
-2.036001083372798726e-01
9.032647670233094617e-02
1.785994532168496685e+00
-8.727176895995860662e-01
-2.804908329957812030e-01
8.903709998923327040e-01
1.027708178445994269e+00
1.095306819130620335e+00
-1.652819788222556596e+00
-1.678813060935703039e+00
4.559423809875454148e-02
1.673104289894856045e+00
1.408461175986298386e+00
-2.176238075525442350e-01
5.989723717547543735e-01
5.896796531632474414e-01
-2.065088863921411111e+00
-6.919570237502261634e-01
-8.468391835272003343e-01
-2.225160089806503372e+00
1.530995782564168461e-01
8.934660523707800284e-01
-1.953147613267001981e-02
-1.126698562155243666e+00
3.500312526313372530e+00
-1.818570425753293751e+00
1.422648845111382787e+00
6.646867245352618969e-01
2.686033592065870668e+00
1.079970815746794877e+00
1.573481825310266036e+00
3.336462112935018598e-01
2.194734011219673375e-01
8.834267072688062328e-02
9.500432333863817469e-01
1.125677367970784465e-01
-1.046951241156410362e+00
-7.548867462487338642e-01
-3.614876542706516038e-01
