-7.770992791372903774e-01
-2.241202370091346929e-01
-2.077449702889573244e-02
-2.755978655673603228e-01
-6.186523773765990608e-01
-9.787884345007531461e-01
-1.550640146910933770e-01
-5.939003793251533825e-01
-1.112784085786118204e-01
-3.456190948225685844e-01
2.169645785446804864e-01
-3.747478876247368751e-01
-6.957019493068149485e-01
-1.683997459390660922e-01
2.296536976711996414e-01
7.553877650818893175e-01
1.686760967266420774e-01
-1.104318085473619260e-01
4.354025233044178655e-01
-8.754169145984813660e-01
-6.271226399565796861e-01
9.651882580014148338e-02
-4.740981450356590021e-01
-6.766494819926772708e-01
5.823573130949277754e-01
-4.377886018356867415e-01
9.749281481817613226e-01
4.035827182734825769e-01
3.278875485808097068e-01
-6.844609210426471080e-01
8.888549850558401522e-01
6.855764030462980774e-01
7.254629458328638592e-01
-6.465424750564834344e-01
-2.654368656599845333e-01
8.192908270262372339e-01
6.860327883527105319e-01
-7.225227143964704224e-01
-8.670741561982874268e-01
-6.065324176701453185e-01
5.896344918967922899e-01
-1.069158064585452594e+00
-6.353662156183934595e-01
7.989363481902119757e-01
1.082741335930584026e-01
5.187766205861742419e-01
6.319358919324922219e-01
-4.938449961376071840e-01
2.027688254385969641e-02
1.269177574583842671e-01
1.912578011370864028e-01
-7.578658494383414546e-01
-7.481586810105714802e-01
6.408231372981674223e-01
-9.334921739591961476e-01
1.853323907925303327e-01
8.059002495886748996e-01
-2.452258501075079700e-01
1.495298664443913683e-01
-2.674972494945644375e-01
-2.257135799055159237e-02
3.707220286844626900e-01
-1.082128050548850418e+00
-1.848958318770203557e-01
-5.002435433658840580e-01
-8.450446762506564902e-01
-5.984484018933129701e-02
2.278180317796288934e-01
8.395772491595739906e-01
-7.259930534600383956e-01
-5.763772442827810316e-01
-1.886131367463180497e-01
-6.813116909483051264e-01
2.944766703907285010e-01
-2.795878595270810951e-01
6.181010415683760861e-01
-1.356397545354408041e-01
7.180675397828999440e-01
9.123547288762744456e-01
5.727028686042172634e-01
-1.067782547888693756e-01
6.412723701825506772e-02
7.953194623995498702e-01
-8.636365657195752554e-01
-7.002856644896973126e-01
4.216834879264825808e-01
-4.936831428217955953e-01
5.150266382744665972e-01
1.553400634977095685e-01
6.695246338079386961e-01
-8.772040392477651327e-01
-1.740045390413780257e-01
-5.319133295951281593e-01
-9.856974748077520498e-01
9.324269942311973480e-01
2.759411317176102552e-02
6.719790756986059321e-01
2.796447535056232336e-01
3.965431636232294998e-01
-3.561131247744964146e-02
-2.765206594245943617e-01
-3.402533454509075739e-01
4.882359926932742233e-01
-9.036705021850026665e-01
-3.810805449026329894e-01
7.866168381681847288e-01
6.437519015700862157e-01
9.353256419240801867e-01
-2.037803972605156388e-01
9.123487834171599697e-01
-6.801246551659496653e-01
-5.319136537468698300e-01
5.632531414467898401e-01
-7.515813941278447485e-01
3.072425798619889958e-01
-4.622101220464620575e-01
6.548517389349582940e-01
1.067851479832795603e+00
-5.501579386693221663e-01
-1.057875645026507883e+00
-6.782755213702018615e-01
8.963269301412513101e-02
8.298442459778985203e-01
-8.105363321881577932e-01
7.081519723220595086e-01
6.580745795860237779e-01
1.638387633151332512e-01
-5.487522086375001829e-01
2.049600547190615352e-01
1.390643639988955460e-01
-7.414154020207212037e-01
3.122546419397769779e-01
-2.867409134987749519e-01
1.750891934349822765e-01
1.118214448952892653e-01
-8.830068141419461503e-01
-4.478138861876383436e-01
4.860076947229696742e-01
4.548553085508211247e-02
8.061746439685765209e-01
5.203106845345767395e-01
8.231542963577842542e-01
-2.144473778042020884e-01
-5.016714526381229611e-01
6.620772965586434466e-01
-6.127540826646193928e-01
-5.785332706135195568e-01
-1.182180375396170435e-02
3.842241212565918329e-01
-4.596143519460390015e-01
-7.670757487046486744e-01
1.312097129013504726e-01
9.490195451280478145e-02
-2.465573980397149090e-01
6.460700266665684310e-01
8.269649451422365072e-01
-3.034650172173299076e-02
-9.176900272925402335e-01
-8.773595039583347299e-01
-8.445303587400636580e-01
-7.298010871793820797e-01
-3.586065423912017658e-01
-8.609818066765373423e-01
3.418165483571702357e-01
7.453546827917209017e-01
2.403222655236064986e-01
-1.962135371954845942e-01
8.027787446639966795e-01
1.022055810382413554e+00
3.881722731047152486e-01
7.237773554597131120e-01
-1.072076490025358764e-03
-7.540124815670495861e-01
-4.928873093647920811e-01
-1.078477977021455314e-02
-7.251809614410806848e-01
-5.326216811652121352e-01
-2.581414450306740993e-01
8.748158003181855102e-01
-3.389492401539389022e-01
-4.591064466860037552e-01
1.925180005179147891e-01
6.388891079384318994e-01
8.325920972446629875e-01
-8.221761798856092041e-01
-1.558951609449167330e-01
2.012397221905287414e-01
8.398416537146075056e-02
6.993430296622589193e-01
3.773439888371273865e-01
2.847875063678312890e-01
-5.543817067161301848e-01
3.529443678158286080e-01
7.761457890894472023e-01
-5.593523311794001973e-01
-1.025093916439949182e-01
-5.231075106511813566e-02
-6.435331948112863465e-01
-6.717715181392311385e-02
5.264099325378458483e-01
1.292841232395438023e-01
1.306708448440147552e-01
-3.102719916727891825e-01
-1.216922869524104944e-02
-6.603390022737904985e-01
-2.512160214253085222e-01
4.930272161195055070e-01
9.466590682940571044e-01
-9.219145873910006284e-01
1.908554460645694451e-01
-7.213592418467567047e-01
-8.594024779344681120e-01
8.112360651824314095e-01
2.309310088427770635e-01
1.455822664493886531e-01
9.236636899583205995e-01
8.214001771881567215e-01
-4.329741940224737240e-01
7.196803289031681317e-01
-2.475112961175379711e-01
-5.200239210038855031e-01
-7.430461484594657051e-01
6.369731478439686345e-01
-2.535854276085811598e-01
5.036507548771707032e-01
3.077671152114390130e-01
-6.574845943298820439e-01
3.607937509271211263e-01
-8.155219648410360067e-01
-1.524596138243257126e-01
-9.977161936808371934e-01
5.375795076880484080e-01
-1.102550361928628986e+00
7.005852666346888968e-01
9.272092885462139833e-01
3.287178039597670187e-01
1.954857431303784754e-01
1.746981303366653415e-01
-8.534936679873754706e-01
-9.201201988954823552e-01
-3.935818456363289197e-01
-7.355921381896324274e-02
2.709329732865741747e-01
1.243287154701753217e-01
1.678600562770465876e-01
-4.707125943130803236e-01
-6.232628059262835807e-01
6.991398132204678095e-01
3.506942861136739809e-01
7.532818579231870260e-02
4.252996851260702482e-01
4.374260130334821084e-01
3.700975701619384495e-01
2.586178842458691229e-01
4.556990904582893798e-01
-8.997313394998867064e-01
-2.972923770181123415e-01
3.591109490648223268e-01
5.609158230403772372e-01
-7.179994449794223355e-02
9.662082104632352397e-01
-6.608726254627548258e-01
-2.204671321209181745e-01
-5.981644895662734385e-01
3.683677248217412936e-01
