5.148120275053049699e-01
-5.179809388662912628e-01
-3.408901301740694390e+00
-1.150533504891276815e+00
2.821668579987423042e-01
6.787025257903674946e-01
3.167945449523559276e+00
1.028083515739028675e+00
-1.467096116998056310e+00
1.064610087041919645e-01
5.304908477794759714e-01
5.279839383418178933e-01
-2.503884667822907861e+00
4.222512018767343722e-01
-1.635958756319675911e-01
8.998945790280136192e-01
-4.902821087730291350e-02
-9.801997533415649499e-01
-3.788170937995746224e-01
6.706424998159656869e-01
-6.192081030991094526e-01
-2.125519162559004194e+00
4.787319218585674996e+00
6.497574524029967602e-01
-1.027838169860108453e+00
-3.672120125338553365e+00
8.146197636846350121e-02
-3.618813751038664428e+00
1.344410140625649508e-01
1.866224198944628654e+00
-4.496678910298258502e-01
2.006142185555692237e+00
-1.137882714013325192e+00
-7.537638162382229723e-01
7.360093967516865288e-01
-2.688382147173327574e+00
-7.334643375020444278e-01
6.310754820216741834e-01
2.443566525477157914e+00
-1.201608266125547830e+00
2.457746451865811532e-01
9.087027917789862741e-01
-7.085308387454443135e-01
-1.818280298437727316e+00
7.224579464005913554e-01
-7.145252519183231676e-01
-9.320888039662084124e-02
8.097114350773662039e-01
4.679422694960220230e-01
4.434946429386296352e+00
6.385003205670392035e-02
1.231618137943965019e+00
2.744392791761762762e-02
-1.560060274932394409e-01
-1.572286326298646175e+00
8.950552276450702838e-01
-1.941317419353042251e+00
4.210351815468327263e-02
1.052250591031707039e+00
3.809696209228293218e-01
1.046419601346159300e+00
-1.144544736622709058e+00
1.606848535900712527e+00
-5.432986050652802712e-01
-7.370999132452074054e-01
3.488422647049985725e-01
3.895001964192427168e-01
3.725477249391021539e-01
2.857424236469220946e-01
-4.458331784715738877e-01
2.842704559919875251e+00
-2.363280208905026991e-01
8.168324339514972943e-01
8.610576838946747413e-01
-5.259137395312349916e-01
9.764347415102744288e-01
-2.393704383380430123e+00
1.476696353599497247e+00
-6.482980132029819709e-02
2.326765021303463854e+00
-2.006666818074037018e+00
3.648256123312159538e+00
-5.570368856899596821e-01
-1.317995626425640499e+00
1.583168547529621550e+00
-2.163174985772212899e+00
1.096582430098278049e+00
1.065760723611526961e+00
-2.074665705576159147e-01
6.309328983126262225e-01
1.877118890092015491e+00
8.264731987658098245e-01
3.764161949594328149e+00
1.494497671607841749e+00
-2.236434137290685964e+00
-2.868915146993842313e+00
-2.868150670836402405e-01
-3.145678439190082720e-01
-1.890661126710630358e+00
-4.112227497769300744e-01
1.928638426615739143e-02
3.221965255337638223e-01
1.137500629707640432e+00
-1.587739132299374134e+00
4.304508877694160351e-02
1.818428849477586651e+00
-1.082411958174574362e+00
-1.283087851731904649e+00
5.328354955012949423e-01
-4.074134992814538170e-01
1.893594510537758069e+00
-1.677313253712238827e+00
1.424870210151154559e-01
3.328047044131610122e-01
7.712343433312842667e-01
3.329066745685115514e+00
1.676971497487767249e-01
-1.826056950110052757e+00
4.591376176808363851e-01
1.743519244727085971e+00
2.087761329446238712e+00
-3.502023163036542819e-01
1.041417419259361488e+00
-1.027919286816464162e+00
1.046351370683836102e+00
2.899105369672790311e-01
7.778814623202712220e-02
-6.780606583628927986e+00
4.763283619330740959e-02
2.204532488401835799e+00
1.741295079511417487e+00
1.113350990114486461e+00
-2.665275358171485642e+00
-2.087925492322116661e+00
-1.099323312754663995e+00
-1.775728841401391644e-02
3.295136999778791598e-02
-1.422408334621185766e+00
-1.045185744403424599e-01
1.105763233634573295e+00
1.284868050710837428e+00
5.346133545810611842e-01
3.677975894424302394e-01
-7.726261562752998469e-01
1.303473140109459583e-01
1.471646136574100261e+00
-6.414763966989197597e-01
-2.078730540055181986e-01
-8.008160587323100987e-01
1.609408992105806568e+00
-6.951699325834073129e-01
-3.840143764621347433e+00
-5.214469214020660548e-01
-1.286371347193273396e+00
1.275363304936627529e-02
3.533227766512907486e+00
-8.108365991514525639e-01
1.186349588692432011e+00
-2.384183190475133024e-02
-5.121786711706169948e-01
3.042333604726086271e-01
2.321656477948383923e+00
-2.671817660740795297e+00
4.215092702003981895e-01
-2.505012098946962418e+00
2.055892191935669189e+00
3.767817855720695941e-01
2.672831787757263822e-01
4.005608444372190657e-01
-4.467585870796666470e-01
6.491036491965114230e-01
5.919221126726814663e-01
2.936790110888233829e-01
-4.281389563999965731e+00
-8.308736730542523041e-01
4.587064543488694746e-01
-4.669252186463955512e-02
-6.579312104688989082e-01
1.538443793960361905e+00
2.496729581183048108e+00
-2.590474429798421685e-01
2.905907897240556093e-02
7.548189922284583853e-01
-2.350525708059302832e-01
3.757503804562225547e-01
3.977169678664959074e-01
1.607009735521167437e+00
