-5.037555932216697396e-01
-8.650459747203474992e-01
-8.900744475382280640e-01
-1.721387371359834467e-02
4.084216506816948367e-01
-2.391801525691959363e+00
1.313767221366614280e+00
-9.239074982322754703e-01
4.613653845786498398e-01
-7.252225626905075551e-01
1.335442734318455504e-01
3.973154428017832140e-01
1.484881273211977160e+00
-7.864198445085548439e-01
-8.431849140511791241e-01
-1.233452397104896736e+00
6.010453772064374700e-01
-1.297921177596988329e+00
1.562082666364341677e+00
9.062476132266623630e-01
2.036234781881199218e+00
-3.526500632466130991e+00
-2.791941023169003167e+00
1.085024703591944917e+00
-1.501389572270433792e+00
6.681022056608286463e-02
1.326984272106498386e-01
5.893836907510305867e-01
-9.817809206214820339e-01
-6.600451597462797526e-01
-2.049580327588576001e+00
2.107938707850375293e-01
-3.536260557444473318e-02
-2.786760775300527460e-01
-1.064778830486416694e-01
1.905876696067412945e+00
-4.550850586737023584e-01
-2.319866650866178048e-01
1.566178758998189480e+00
4.944051818074578497e-01
-7.901661966836657225e-01
-4.555812310357144623e-01
2.088022857311783831e+00
-1.411728674663139671e+00
2.292079431166754944e+00
-9.033830188899823199e-02
-5.064495645949941283e-01
4.981568698022196817e-01
-3.996854685459534373e-01
2.305294649623862158e-01
-7.430320855185090778e-01
1.603291451783470656e+00
-7.074151785722804231e-01
-3.757578563020021467e-01
-1.586587652388216751e+00
-1.875381911077466102e-01
4.414045763913240217e-01
2.672529548095513796e+00
-8.746294693150692412e-01
4.084070991626481684e-01
6.181994990069186180e-01
-2.097403864310247279e+00
-4.883037320877641196e-01
-1.327443297333525063e+00
-8.398858575804726279e-01
-4.364486204665256608e-01
2.761275388241344331e-01
-5.089110752755694467e-01
6.632510283274113405e-01
-3.127490359201027248e-01
8.081050797193540802e-01
-1.845796563260521661e-01
-3.170069483445718539e-02
-2.380199703461506999e+00
7.956693696484289369e-01
-7.575227315418632257e-01
-9.756864104538132132e-01
-6.967859453978870743e-01
-1.387220754853308868e+00
3.144517292128122532e-02
7.309155367638819900e-02
-6.117706252247392396e-01
6.806953322071538359e-01
3.974092715293161548e-01
-3.088279102139451782e-01
-5.997172596070374784e-01
-1.642143100309024772e-01
-2.036426836104889282e-01
2.752323942978625038e-01
-1.424665830922657861e+00
1.498721999826160833e-01
-1.548871938394082992e+00
5.736371802379702789e-01
-3.405382443552810168e-01
-9.401491140462239215e-01
1.307580387667818478e+00
-1.166016568764997263e+00
-1.399311829552658759e+00
1.193884603661344579e-01
1.093919225591751143e+00
1.919887299870703501e+00
-1.252869186222368807e-02
-1.472225391912791448e+00
-6.422749837527461647e-01
3.875986102440171499e-01
-5.379748779599685671e-02
-1.193831908164237676e+00
-8.148821250579751929e-01
9.021749971731361784e-02
-1.026704034346519467e-01
-1.321641461247574867e+00
9.859690942471822650e-01
5.817636959982608325e-01
-1.506083046794405300e-01
-2.593697262641118106e-01
1.312342087303511873e-01
2.382889667340020168e-01
-4.316293224546221552e-01
8.028013676913581254e-02
1.315152814173186080e+00
-3.941576688374179849e-01
-2.555492897572628208e-01
2.550033660666713442e-01
-1.091326997559229905e+00
-3.962402533211058231e-02
-1.032806718190336426e+00
-8.613983517251318223e-02
2.606641563774804160e-01
-3.900192893259324389e-01
-2.470007142682340007e-01
-1.790619752899519135e+00
5.046142782586392483e-01
-8.699294440021900776e-01
3.027679380211942273e-01
2.769941610372661511e-01
-6.633104263578418203e-02
1.429616220789870773e-01
5.931927084864591748e+00
3.858971341939483324e-01
-5.211610235096716393e-01
-1.920630782126956149e+00
5.410792596118731979e-01
-9.343529098220995088e-01
3.106314894491507550e-01
-7.105268714592004597e-01
3.587572762737677445e-01
6.786292901703773195e-01
-9.373933991478933248e-01
5.160217138307490181e-01
2.833498307104139746e-01
8.311751055829993406e-01
5.492684445550140293e-02
-5.610815858975455594e-02
-6.982976632540007778e-01
1.743249060509436399e+00
-7.881509876859533748e-01
-1.224363789503544631e+00
4.432478167580334860e-01
2.803240311394767925e-01
8.099751622081720059e-01
-3.894534793961839658e-01
1.092720298668751644e+00
-2.572109348248496907e-02
-2.263201003110217602e-01
-9.178159428878149839e-01
7.409700103698909635e-01
2.293821622473630195e-01
1.482500728568966641e+00
-3.868343623303557854e-01
-3.054186834004609663e-01
-1.349248216262396660e+00
1.946283609636219603e-01
6.466750943357986170e-01
-9.773561945311332044e-02
-4.003044520773379467e-01
-1.103705460126026106e+00
-8.093564509199784318e-01
1.705127030938038857e+00
2.346348521474645121e+00
-1.291059696677514967e+00
4.881654082705561004e-01
-1.694755891912049117e+00
-1.474825398172360802e-01
2.574730611960179161e+00
2.061267344332848861e+00
6.554517219725337629e-01
-1.106141067638573006e+00
