6.595000193452835724e-01
8.781309306391373026e-02
-8.134961073212082505e-01
-2.383514908943096255e-01
6.882438020875636386e-01
6.743911477190751569e-01
2.791094384404377848e-01
-4.717226421983925500e-01
5.780094467587828522e-01
7.787087108322456874e-01
2.704417202696646205e-01
-1.011870957272753335e+00
1.361318131667532683e-01
-3.283157805124373163e-01
-1.626832910880222915e-01
-4.407388744052267437e-01
2.806232844319367925e-01
-6.937018450137706627e-02
-6.957924689947443397e-01
-7.954170928858091960e-01
7.202889389370934481e-01
6.374180623430507620e-01
-4.349023263907528247e-01
-8.229144440197523336e-01
3.766082541224159974e-01
-5.708769731114609058e-01
-2.855703260210178396e-01
8.676660030307993265e-01
6.903142328471119082e-01
2.173350932220859955e-01
-6.687663718510142297e-02
6.922918706467408034e-01
-7.096159344109038702e-01
-7.922568100752841458e-02
-6.759328641174235930e-01
1.085847854241192012e+00
2.088247310204056628e-01
1.080612061965339876e+00
2.426361627056042858e-01
-1.193622281254098083e-01
-6.595398095528188787e-01
6.068414666891482900e-01
-7.577354754252574320e-01
8.357187320475323311e-02
3.609557533213339497e-01
4.779564359690819941e-01
7.172799986546309903e-01
-2.162374178949720560e-02
-6.419560588691863856e-01
1.647443955967263507e-01
-1.114281415996514646e+00
-4.561562101082541343e-01
-6.535673637215272391e-01
3.355185292057142332e-01
-1.132768705519892338e-01
-5.895157098591961020e-01
4.169944563363759404e-01
-6.053747770517201587e-01
4.441196926065825723e-01
1.540737414840941955e-01
-8.208193521806878001e-01
-9.162813378978537093e-01
1.718390664641349097e-01
1.852478508401220192e-01
8.872818175021492948e-01
-1.034444001597156326e+00
-6.817664133096484891e-01
1.622437187405623149e-01
-8.194448728487058187e-01
2.984814184537593063e-01
7.211159973932926848e-01
5.687009138911950368e-01
-1.021137447278704924e+00
6.927193680439741597e-02
-3.434888409428780154e-01
3.746708330891567740e-01
-7.993441937808430930e-01
-5.790161442399737179e-01
1.115333837294731761e-01
1.003629696407168093e-01
6.897355477385697098e-01
7.059049725383494955e-01
5.440808334930393730e-01
6.600726571672977938e-01
3.784492254504312481e-02
-3.488551004455280324e-01
-1.646825556854837613e-02
8.225483718638654240e-01
7.248207564380504397e-01
8.534300139317589906e-01
6.081583325142514429e-02
1.154411432450522801e+00
7.811486946485197702e-01
5.045379738203795705e-01
1.253836552394337611e-01
5.571722708652950828e-01
3.034919203362222984e-01
4.660893383599049589e-01
-1.448152514155243986e-01
2.357419768941551030e-01
7.880482318450116042e-01
-7.417085519426781515e-01
9.549318602352272478e-01
1.078452366922678207e+00
-1.432690823445992023e-01
-5.638182102063000745e-01
3.507756186807097221e-01
-6.040531393006276506e-02
6.013852327695861089e-01
-2.061749881542772334e-01
-9.967503979368462774e-01
1.196298380844967646e+00
-3.061131698282448799e-01
3.788419403444074351e-01
1.845162480510914582e-01
-4.071736775565123478e-01
-4.139272129947489942e-01
8.727979666194068953e-01
7.664937172945793797e-01
6.794215160959331534e-01
1.175725459355734026e+00
-8.540860244841383953e-01
-1.700762221453113454e-01
5.661853371915915867e-01
-3.256551277007144751e-01
-8.953754482386318270e-02
-2.721258069115166656e-01
-7.059783842049568436e-01
2.442760421230066592e-01
-4.628803864860578376e-01
5.208137602414172340e-01
-3.266134300963531301e-01
6.036685330733143617e-01
-5.850107642010100584e-01
8.148770584771856118e-01
-7.883653106200320115e-01
-1.130539219155173997e-01
-7.187755596125010582e-01
8.381433559115952781e-01
-7.901724166066390054e-02
-9.888686241378760178e-01
-7.112619688986798749e-01
4.404619437187526909e-01
-1.989692601523701532e-02
4.878060570997511114e-02
4.057716195661290604e-01
-1.062076140712874484e+00
-1.517722575011370700e-01
-8.068251501319542163e-01
1.238120326170792651e-01
4.990507862541838091e-01
9.530705716304921360e-01
-8.729220884417647763e-01
-7.878745607077152213e-01
5.854249412533799601e-01
-9.617624377173704664e-01
2.967519857797193406e-01
6.913549841406129159e-01
-1.049777945301210824e+00
-1.057134788438646167e-01
1.338533797503245748e-01
-8.105484928305930481e-01
7.109244977585588154e-02
6.114812650158004681e-01
4.772539679083199760e-01
7.810237301459069803e-01
-3.427814521288605754e-01
-5.333138771302198267e-01
-1.894901173013628648e-01
-5.008259403674186760e-01
-3.961617240953795860e-01
4.204050891661370581e-01
7.279037736035707251e-01
-7.443607873711931555e-01
-1.549843225939267766e-01
8.994449309796120895e-01
1.290276181196120531e+00
8.645026437740779279e-01
2.342255510589797973e-01
1.476701396864005811e-01
7.571867191706102007e-01
-1.611888478979390527e-01
-2.882003517876648990e-01
-4.414331662504933362e-01
-2.032182919798638521e-01
-4.287445859346747934e-01
4.895270004988899193e-01
-6.453617440377069636e-01
-3.206496416229308033e-01
-4.119543327688192647e-01
1.102993768103396555e+00
9.880572569531912430e-01
5.642956585370551004e-01
8.416236468899900292e-01
3.689634433286247961e-01
1.047729337610655342e+00
7.282401251598830116e-01
-4.221083282185582597e-01
1.338860006807132963e-01
5.512767561589984044e-01
-4.435246767145211155e-01
-5.773071322980548592e-01
-1.340747323957092174e-01
9.840347681226532806e-02
1.779393753405568157e-01
-2.423412936499917958e-01
9.015339101909225494e-01
4.656157121041971658e-01
-1.091880935215984616e+00
-6.234656823199052900e-01
-5.272851364991220091e-01
1.204919598035716799e+00
9.578970381719935367e-02
-8.293850163089816485e-01
6.726239223402824541e-01
-4.796927642724314600e-01
-1.255226980680138826e+00
5.210483904808107525e-01
-7.911142475226162762e-01
4.593016250264321254e-01
-8.109288557186403734e-01
9.124652570166076337e-01
-1.046580423010848415e+00
3.804561016332982937e-01
-2.277264320880554860e-01
1.400350689468382592e-02
-6.031563068878862399e-01
-7.907422116828335401e-01
3.579342447865137000e-01
6.827635250843095971e-01
-9.006452703729272979e-01
-1.002484344940726135e+00
6.549900705671307666e-01
1.095996554575594667e-01
6.673812152905854722e-01
1.058743267309726344e+00
-1.072666925934183224e+00
-2.155012078752150118e-01
7.391646006049215067e-01
2.243851227381096769e-01
-1.153445613518364332e-01
-5.226505861023531541e-01
5.557653726823197360e-01
-4.233051049356183482e-01
9.002472878896811137e-01
-6.853106555034038649e-01
7.190969367055999317e-01
1.117887122934356103e+00
7.558008370909777840e-01
8.907280707824755117e-01
8.065489508112018147e-01
4.036744779871977995e-01
6.721551749542611365e-01
9.407295253968274151e-01
-7.065638376431677692e-01
7.743478261676236540e-01
-5.243237843674110055e-01
-5.049951851747510601e-01
2.481205356126715000e-01
-1.945766367637254413e-01
2.972366720357395575e-01
6.993684845569048125e-01
2.917274655607304257e-01
5.834893576121151781e-01
2.466298735464966252e-01
