4.958249869192059289e-02
1.350809457189480756e-02
-5.958622740042432420e-02
-5.428408478156170336e-01
-6.263498519399521847e-01
-9.730071405423093012e-01
7.076109550174538576e-01
1.904176904405283643e-01
9.710681592380754346e-01
7.711952062800054852e-01
-4.077322238180386416e-01
1.102126523241909517e+00
4.560329492768747661e-01
3.146039887637999688e-01
3.219786444818874549e-01
8.478010715270591913e-01
-8.312835849788711984e-02
-5.621671461998108965e-01
4.451052011948454790e-01
-8.999518583761384471e-01
3.243047088759735130e-01
1.573870837165419478e-01
5.319765949661114934e-01
-5.439454595964932082e-01
-3.390376572507092234e-01
3.938895642072434700e-01
-8.414612598457174020e-01
2.829036707143865459e-01
2.332756135598944014e-01
-2.484939809313156389e-01
-9.012228523026473148e-01
9.213171194587137514e-01
2.321034897300259803e-01
6.941757308883922395e-01
3.171071673096751420e-01
1.174547022417938180e+00
2.182181389627463330e-01
-2.255053842681005727e-01
-7.394137554279590629e-01
4.430537191189451995e-01
-7.345798931093062978e-02
-9.171571311632712442e-01
-5.424974142922509568e-01
-4.970140067406519924e-02
-2.725797717365629480e-01
6.696063612756610883e-01
-7.757490380395104523e-01
3.100573238762209805e-01
-5.725874036284123170e-01
-7.300072002938329252e-01
-7.081303832812662069e-01
-1.645834072395155057e-01
-2.228777274395969954e-01
-5.524822825051839414e-01
5.731249164310103783e-02
-1.112501888194168842e+00
-4.070971903575952844e-01
9.205368442677974716e-01
5.950703903112436466e-02
-4.343193654276411020e-01
-5.250179577405773568e-01
9.692983311109214517e-01
7.903568663411357775e-01
1.768000997944174646e-01
8.565107258109093680e-01
3.396220819366128074e-01
8.934327148404259678e-01
-1.107838290430168821e-01
-7.667123061099416770e-01
-7.905629929538272593e-01
-3.521299887577322152e-01
3.362773756958656879e-01
-1.057058509695563142e-02
-1.125490315652902362e+00
1.122161050953665917e+00
-2.347964662015673137e-02
-5.372141642421499608e-01
5.008984730825005727e-01
-3.914505886833945236e-03
9.762556930372245922e-02
-1.321242080795951290e-01
-2.406537926594687904e-01
3.860282722308046588e-01
4.781355109151143590e-01
8.722498274869348034e-01
2.119755001842647812e-01
8.821585013547381671e-01
3.445597645283807187e-02
-3.645752882113466598e-01
-6.114978830169747193e-01
8.085588291492730173e-01
-5.197840691719627371e-01
2.725684117122469385e-01
5.143569558906221362e-01
-1.140306537656202268e+00
-4.568603482638761704e-01
4.332812419104656310e-01
-8.802132134385871609e-01
6.115126077019857054e-02
-9.178346473902526670e-02
-6.877258497009312022e-01
-3.449588198359755387e-01
-3.752108619207993878e-01
-2.078151052144553979e-01
-6.818713950974999438e-01
6.685880106310615467e-01
1.840052616380150607e-01
8.988742378161064250e-01
-1.939627274420510986e-02
-1.274757343983357605e-01
-3.105864965218004259e-01
-1.361352380176603094e-01
4.376947156324503818e-01
5.139957701152426672e-01
-1.199990007185568919e+00
1.687711848872183173e-01
-6.432677435519468245e-01
-5.617594996346410019e-01
-4.805788052840051505e-01
-6.551452672707603897e-01
-6.785425018511556106e-01
1.537155495409085193e-01
1.946672395019279911e-01
9.315929478737604574e-01
5.904509932860924071e-01
-1.084765490492295870e+00
7.166665904094858819e-01
-6.130349536024164436e-01
5.287920517482256333e-01
2.654795136249443188e-01
6.342797914415342353e-01
5.419643318890450256e-01
-7.280938981409814659e-01
-1.261282012003856146e+00
-5.066998342908730635e-01
-9.722759850887369160e-02
4.615463109461954150e-01
7.921157457829207660e-01
-2.608494074029796272e-01
3.863737559519877518e-01
-2.137596009853885010e-02
1.280199262957336437e+00
-1.364582844240811443e-01
-5.397111593067301927e-01
-6.574826859448996696e-01
5.158139353411071992e-01
1.202306521274817408e+00
4.263896509423950043e-01
4.544922889985546499e-01
-3.091348269833644746e-01
-1.516244130797998801e+00
1.585173047600421659e-01
-5.714408083537310112e-01
-7.150287901749804442e-01
6.204821048154679497e-01
-6.006155613508744606e-01
-3.077480261263633166e-01
-6.410280426281736998e-01
3.762059513349027412e-02
-1.106139146597315603e+00
-2.835906303976260534e-01
1.065006754497417774e+00
-1.000908334739656347e-01
9.437125038126703558e-01
-1.320781948594024202e-01
-9.149672908203577704e-01
-4.103286426370547080e-01
-5.530475461016753913e-01
-8.591106970505999474e-01
-7.826190199066531683e-01
-3.630678665312444542e-01
6.962814211411842980e-01
6.097664132773442658e-01
2.556281261917759950e-01
-4.163261260496990968e-01
-7.715054350999448474e-01
6.862979318358850556e-01
-3.810886105119992151e-01
-3.375074140181175686e-01
7.435946188353346198e-01
-2.451381370756963718e-02
-1.344378996162891804e+00
-1.181611762526513010e+00
-2.130958796302365524e-02
-2.354340783956504757e-01
-7.453142588971853888e-01
8.020163218698759255e-01
1.487160966814225424e-03
5.149053435419156943e-02
-6.164092212283072553e-02
2.504155209521272130e-01
-5.961649497326184655e-01
-4.288608907867390574e-01
4.812453226205418849e-02
-5.657000077213536482e-01
-5.896081924090647020e-01
4.279262161058711850e-02
1.991302057816469462e-01
2.871734787629808272e-01
-9.001845657882630025e-01
1.337651010380932259e+00
9.704715846492798503e-01
-8.363928564266348564e-03
-3.142589918086865497e-01
-8.034754765479595884e-01
-1.027668168937612148e+00
1.041299687520213894e-02
4.654762477047834635e-01
-7.586248386689806722e-01
3.008459443852189441e-01
-3.980995249515330292e-02
-2.609644553050520788e-01
1.438871658612560722e+00
6.263591477041245970e-01
-2.930224649398587289e-01
3.044774006807449696e-01
9.346432107169010406e-01
4.723783860973680415e-01
-3.769785840215497119e-01
-4.431068195588918623e-01
-2.189777707961575171e-01
8.336280826785926745e-01
-2.267637315370132911e-01
6.037034308931668036e-01
-1.150407120400140704e+00
-1.907625518213250382e-01
-1.208851869761014552e-01
-7.482873972917443162e-01
7.267158676147302820e-01
-6.633936558532482763e-01
-5.795448522023795984e-02
-7.222496261390775052e-01
-4.908811639191748566e-01
2.225988073512057963e-01
-7.165243957460152302e-01
7.630782803304521078e-01
-9.857528209765401561e-01
-1.378794428217688939e-02
7.738254781883174838e-01
-1.005723059863450564e+00
-6.845999941463590255e-02
-4.871468765562500525e-02
4.964876031636651921e-01
3.593799146308104264e-01
8.588097351212624631e-01
-8.416844499947734315e-01
-3.292889181839727675e-01
4.888325198140857086e-01
3.799454441598631993e-01
4.159537382142103334e-01
-8.984078979294102263e-01
-1.030539134677501689e-01
-2.560096949599896532e-01
6.368814507498005151e-01
-9.123405882540872591e-01
6.569729514724202968e-01
4.173189825948522280e-01
-1.113517033411425050e+00
3.329622709479707621e-01
1.104400478687011800e-01
7.515919730724560655e-01
-8.617927696638612023e-01
-1.152075581561783801e+00
-7.235606004887322751e-01
-8.833886033364430901e-01
