-8.475760288590296065e-01
-8.156162499471213412e-01
-4.408729058991450733e-01
2.246755163282687651e-01
-4.716334096850118285e-01
-1.786957587476842302e-01
-6.081225836328471579e-02
1.051392536050170134e+00
-2.790824928903867241e-01
-5.811330264909527754e-01
-4.346637692213614068e-01
-1.133425245864391473e-01
3.581431364286372654e-01
2.119636077687803599e+00
-1.579052432397111752e-02
-3.593704414829839155e-01
9.172776923467845789e-01
-1.331487324216143575e+00
1.746341656829307754e-01
-1.443078511991765511e-01
3.639415362198749060e-01
-9.666015925591253666e-01
-4.422940706785859488e-01
5.642397752809780176e-03
-5.458693049486014193e-01
7.629919442698168686e-01
4.685985551068703181e-01
5.104528927791629478e-01
-5.042457722814197574e-01
-6.377289345124556585e-02
-7.505480963183658316e-01
2.235132206608162753e-01
-6.241543954459772836e-01
6.490471419693156774e-01
4.279076008838464396e-02
-7.125637500025908122e-02
4.971942233151621093e-01
-8.811094541899970878e-01
-3.054861485215971950e-02
1.543579185707674384e+00
-9.929869862095026534e-01
5.615477131027941660e-01
1.593091724877312709e-01
1.048179581021715379e+00
2.194380215861279904e-01
4.675825618177158471e-01
4.151576685769035047e-01
2.233009575295961113e-01
7.013387112043774074e-01
1.107551319277336743e+00
5.519248652155230861e-01
8.683984611585612301e-01
8.173870961946293479e-01
9.312415261902410313e-01
-7.169335374116961868e-01
-9.284808562558773959e-01
5.519563185608661326e-01
-1.342726881614382806e-01
-6.410182185205843819e-01
-1.834448767784331857e-01
1.473433981993436115e+00
-7.977159367996096151e-01
2.968832073481629530e-02
-1.395916553285068695e-01
-1.427856309144308167e+00
9.620566432194305184e-03
9.104132783244013316e-01
9.938997072636590602e-01
3.906492403494019605e-01
-2.573368654886041829e-01
-1.358480087504480571e-01
5.162901845869829476e-01
-1.315911083599971665e+00
4.643161136578006221e-01
-8.304892130097004666e-01
-9.446825594083183564e-01
3.890251945146844248e-01
7.793487131159924919e-02
-6.749606640850784878e-01
-3.209432030410387382e-01
-5.571837058474792270e-01
-9.457209435957008026e-01
1.061126086548136671e+00
7.159981971852478200e-01
-1.064619804732219954e+00
-1.940577368306607431e-01
7.144343401523587378e-01
1.161733196649324507e+00
1.601024879124078870e-01
9.534459908340034984e-01
1.300208425540977375e-02
-8.414285411723961827e-01
-6.051508338089479633e-01
-1.003322979863047415e+00
-1.240034132442298098e+00
8.283678291681205730e-01
-1.091594637203242124e+00
1.296649814502646159e+00
-4.412653352569810838e-01
-3.354958846562868802e-01
-1.259012481443825271e+00
-7.362890276919320520e-01
1.776820654380266706e-01
-5.187236011158578020e-01
4.130120176153568856e-01
6.898104392982085109e-01
3.231978846525582760e-01
5.596978445502728272e-01
2.228916486158520893e-01
-7.068897152113684523e-01
1.135176276473297330e+00
6.640828699708818394e-01
1.319694489741234156e+00
6.027603493474693597e-01
-2.386756703182645878e-01
8.128956141914939204e-01
4.779275842630126281e-02
8.923808971137676682e-01
-8.769122650971544752e-01
1.627834587147445777e+00
1.002671182397326222e+00
1.108680098692025329e-01
-1.509508555969357069e+00
1.504991065091793701e+00
-1.017274899603515803e-01
-3.995157567836218893e-01
1.115078385444919773e-01
1.248491293402632929e-02
7.124601666740514316e-01
-6.490865345393601604e-01
-5.493984219753949017e-01
-6.964214446478922405e-01
5.715892583996345921e-01
6.274822456910560398e-01
-4.504700338007950333e-01
6.396326183321461301e-01
-5.704362106913678232e-02
6.270736057998083091e-01
-7.794740125398922359e-01
-6.121873042596468473e-01
1.386076404475862667e+00
4.940646841298296232e-01
-6.136130755911306522e-01
4.941572233013885596e-01
-2.787291517897411697e-01
1.380853194575451415e+00
1.736387661139281446e-01
-3.770840067955558705e-01
-9.265794350304638050e-01
9.252461806741691941e-01
-4.735731192519769817e-01
6.035109890356544771e-01
1.667355001097015066e+00
-1.009723109073384473e+00
-3.986624736505679500e-01
5.324031353947002998e-01
8.407614147766795387e-01
-2.343806079731618919e+00
-2.469360181375295990e-02
7.824733030802307754e-01
2.005717829910515504e-01
2.777056320563164871e-01
-6.935637016723769088e-01
-8.181705986075467063e-01
-1.441611138390668456e+00
-1.503092296334111344e+00
5.412673225858417592e-01
6.760780452090520143e-01
-8.567656006754397202e-01
1.405392095066329450e+00
1.056019282790817249e+00
1.389660102946110865e-01
8.872994438195102029e-01
-1.667701791612588302e-01
-2.752139304330047387e-01
2.145415995956532346e-02
4.296797355518783279e-01
-4.722194927085734406e-01
-6.833253977015993907e-01
9.898157565182456041e-01
1.420705833267709162e+00
1.080051925480345787e+00
1.658832294938213936e-01
-1.517211049285625835e-01
-2.595890052055401243e-01
1.106612587847525475e+00
9.868284238221186611e-02
-4.116424924659721207e-01
5.069159972694033955e-01
-8.320961849472167104e-01
5.865892634549455531e-01
-2.093787257489036768e-02
-3.977728429927059883e-01
4.969621904660707634e-01
1.499206621741248080e+00
-1.281779655832415016e-02
3.753229776827984310e-01
-1.120041129048786333e-01
2.226589258957135109e-01
-3.768075973992375816e-01
1.065498608954700721e+00
-1.087553687310191197e+00
9.779972825797615954e-01
-4.965241224933094610e-01
3.385895079805950614e-01
-6.097598450500071876e-02
7.457412534341498755e-01
-3.980036790017277282e-01
6.710763292877315322e-01
1.598215954633441127e+00
9.719741205617288271e-01
4.681423837103095287e-01
-5.977374389889706929e-01
6.007192556226840230e-01
-3.048472384276890157e-02
3.657170582785060908e-01
9.536984451356727011e-01
5.925952048558116303e-01
-1.004706982578667196e+00
-1.137718500764819174e+00
-2.463720384295241539e-01
4.572129162881000686e-01
-2.102787990682725816e+00
5.767760752002587532e-01
-2.870147656489241417e-03
-6.710963024812236499e-01
-7.660973623534512722e-01
-2.063239442422682146e-01
-1.769879799615500793e-01
-4.726759346108937998e-01
-5.842206771955750222e-01
-6.315769816030500916e-01
-5.234510215435048686e-01
1.738998396907471156e+00
-8.145404756634692101e-01
-1.310847947937689995e+00
-8.033983592257603057e-01
3.697920856465444217e-01
3.570299324160026710e-01
-5.050925974241822214e-01
-5.785794091545588547e-01
-2.179369899980604930e-01
-7.308400719913326071e-01
1.682063449524537235e+00
4.799166542848754546e-01
-4.492470151199681738e-01
3.943786956680732647e-01
4.418143537757438510e-01
-1.404912425126991771e+00
3.991628128770809136e-02
-1.251360072202412077e+00
-4.100915633902902369e-01
4.988964916428321184e-01
1.050493138109485525e+00
-3.484253018372337474e-01
-1.075490689031894487e+00
-4.073099317738319014e-01
-1.103999038367419860e+00
5.586548502863919463e-01
-2.408355052155499443e-01
2.213440753046240217e-01
-4.194922201059055888e-01
-4.356796252026816640e-01
-8.855927475148853700e-01
1.121068251993596165e+00
-1.713142721077308417e-01
3.026455362455839904e-01
-9.203810339289337783e-01
3.884826693057806535e-02
-7.505922490427292537e-01
-8.922083094214392496e-01
6.935631066285018465e-01
-1.364645606760654051e+00
-2.289656953918059734e-01
-3.113669986560749781e-01
-4.801613907704776474e-01
2.983494497574280535e-01
1.427685770459786063e+00
-2.543487417508788484e-01
9.304916761702154426e-01
4.412445998294209359e-01
-1.320839130163164454e-01
-4.301529697070090585e-01
-1.094272515678214042e-01
2.972910421859596419e-01
7.312486695011787274e-01
3.326160746595229201e-01
-2.045697244671882686e-01
-5.957144514025687343e-01
-1.041157663800962974e+00
8.667037164375355207e-01
2.366823413457677383e-01
9.043011551411601623e-01
-8.832829817289962193e-01
2.382737683775882687e+00
-6.618074416959165429e-01
-1.855780505987466800e+00
-1.192310456104784117e-01
-1.086210378909418406e+00
-6.125772628122515551e-01
9.353946501472766295e-01
4.997991175984131673e-01
7.346474063574086610e-01
-1.200398521662128681e+00
-1.074924527035798327e+00
-9.151653532215745512e-01
-1.403191979394462496e-01
2.970054523950223513e-01
-1.311883814308288931e+00
-1.272364646804784005e+00
-2.135010049914869978e-01
-1.861820341085982378e+00
3.402203840768569520e-02
2.395214807151341274e-01
1.413367330716322590e+00
3.906436011196033897e-01
-5.315324174991572503e-01
2.967655295545271188e-01
-1.920345406585912129e-01
-6.906643833144189282e-01
3.645444873171045930e-01
-1.439006546990633462e+00
7.160997225120899756e-01
2.213556157198431906e-01
9.138175652404288973e-01
-2.493581113769884894e-01
4.274736618813167466e-01
-6.036057004613830657e-01
-6.229195433653453851e-01
1.357462817985654602e-01
3.785920517919217354e-01
-4.360083020220463235e-01
5.132925558616810990e-01
-2.294377698602985682e-01
6.687422948142616175e-01
6.345460123725863433e-01
-7.725721692264335694e-01
5.696797661213600650e-01
-1.027417363281392548e+00
9.934338558795841045e-01
-4.572607026528924257e-01
-5.000575570926499847e-01
-2.049595074161023878e-01
-9.882700283634496818e-01
-8.147483346556985140e-01
3.856021280769301174e-01
-1.739452765949681456e+00
-1.045645895355485910e+00
1.355073192296833540e+00
-8.031182132103411586e-01
3.263369755558931384e-01
-1.576983884198684738e+00
2.484328378704396545e-02
6.102436695257547061e-01
-8.115209488899126633e-01
-6.097749382935537810e-01
1.217531296233842042e+00
5.510263112385093143e-01
-1.121508440962162734e+00
1.289777868260085558e+00
-5.826867909896831232e-01
-1.002670265784405823e-01
-4.887884407820354271e-01
1.722372004278142910e-01
2.866505714816712791e-01
-7.790957440782587951e-02
-1.877514669944771564e+00
-5.034093611730873219e-01
-1.116788784431270942e+00
4.353907508230989709e-01
7.211550915109842252e-01
6.202228596597183508e-01
-6.036525814230377929e-01
7.179998644551077724e-01
-1.248064308941520650e+00
2.923655601247546199e-01
7.369789397248857066e-01
-1.330577543131949092e+00
4.689808105713997310e-01
3.637241403699049969e-02
-4.118197655066774265e-01
5.378620112100183093e-01
8.217493354127058947e-01
1.635848757101095785e+00
8.189806870935227856e-01
-1.497201388700811542e+00
4.502127691428515766e-01
1.851011684947315161e-02
-3.604459604100616055e-01
-3.361918624394200639e-01
6.033133002626627217e-01
1.425885063339885184e+00
-1.036034933035855365e+00
-1.315772832812757143e+00
9.709934209962654827e-03
5.512554951810225701e-01
-3.336005417388072103e-01
7.086280068293363543e-01
6.273481196943224703e-01
1.693269658100304553e-01
6.688213985515679694e-01
-1.289285495880589716e+00
3.592299774814738389e-01
5.973966400730971182e-01
1.268609883490298573e+00
7.317516341396509971e-02
2.814464629721968869e-01
-9.199430848263895344e-01
1.166291095365588282e+00
-2.316263271194920481e-01
9.503563194306429152e-01
1.070151740129290596e+00
3.991258984235063756e-01
-1.207368929648483746e+00
8.963545678522951698e-01
-3.861873732969410555e-02
5.289232489066451048e-01
1.570885868745182989e+00
-2.940093610113108102e-01
-4.662201761282091517e-01
-4.398751448040846279e-01
-3.337076976069700551e-01
-6.281928843675218532e-01
6.816754498504461468e-01
1.235770812763997695e-02
-1.077622181564343029e-02
2.520715928667660588e-01
8.329358382706518737e-01
-8.458190376189926862e-01
8.358767442125850100e-02
-8.372058540559620399e-01
1.113188336366972342e+00
-1.668356635364116602e+00
-2.058049242859929517e-01
5.090893442345995057e-02
5.186788611882486855e-02
1.003538931420942415e+00
1.083822873708259471e-01
5.482788794314336078e-01
-2.737114763353303282e-01
-2.736938800903346292e-01
-1.957092341895887655e+00
1.035529277513164287e-01
-6.867133883149280082e-01
-1.470955249873545923e-01
-8.002897939972876129e-01
5.632274608075296118e-01
-1.401364465870333476e+00
-5.687624153689765372e-01
6.217087764077594558e-01
8.135200445350404541e-01
5.854456550433303486e-01
-5.953933046139148200e-02
4.459688740548455321e-01
-9.434347851828658316e-01
1.497674365279315911e-01
-1.080259219635387069e+00
9.843129845541309653e-01
-8.308424737080156719e-01
5.073060990846710583e-01
9.988107641916429413e-01
1.269587517069912241e-01
-4.292077468840326260e-01
4.957319874262370307e-01
-1.102508441490760438e+00
-1.611844750880341570e-01
2.181311219361808940e-01
-5.564868158077744820e-01
-1.159855073817443322e-01
8.294507116331570895e-01
8.096091681481731861e-01
-3.621028010401434738e-01
4.893017852788405508e-01
4.533162235550474706e-01
2.047446996129155261e-01
-3.669664107374339124e-01
-8.306983703232130312e-01
-7.803472006205292022e-01
7.610541889448113606e-02
4.679936730325225946e-01
1.055708981760931975e+00
1.251964002798690648e-02
3.895700896275288150e-01
8.368577599358053565e-01
1.421047894733026729e+00
4.309366717702956540e-01
2.642180308771824859e-01
-7.852870944297938305e-01
8.987981196359143832e-01
-6.580127283815238037e-01
2.813495417612288385e-01
-6.454900432296174495e-01
-6.929519623136967676e-02
7.207948248493054599e-01
-1.211666706913661296e+00
-1.012772252729497557e+00
9.198199987051272064e-01
7.081712007023233113e-02
2.237447067383377952e-01
3.139376798709433980e-02
-4.115704267255684279e-01
4.205678663301753439e-01
1.033105669449205566e+00
2.961583464780230268e-01
2.425735680276392414e-01
-1.047524012805279181e+00
-2.594880179207669779e-01
1.440048723821503396e+00
2.052022956741834214e+00
1.340679870428594656e-03
-1.411753840475149513e+00
6.239854665904855935e-01
-6.506658323711105307e-01
7.100207547900518890e-01
-7.709153916475326440e-01
-1.242502741429369451e+00
1.151240291263691207e+00
-1.808376937855278088e+00
1.794794161405592337e-01
-1.302654240741315528e-01
2.643649998649640342e-01
-3.981727543622063381e-01
-8.095322147734360096e-02
1.264903780485378437e+00
4.559933192690627801e-01
