6.839244186049613372e-01
-4.589329453701315731e-01
5.721969317700451585e-01
-1.280113609438686684e-01
1.953941831583171918e-01
-7.108741866321763858e-01
-5.108077545792404361e-01
-7.040506510170466137e-02
2.091950649544275787e-01
2.237269732008874357e+00
-5.504230630176010219e-01
-2.247577634262803159e-01
5.565494482588999592e-01
-3.444763800524403563e-01
-7.158935469023062215e-01
2.567725462684354198e+00
-4.982759281223596570e-01
-3.799763138955264963e-01
7.101358892038728277e-02
3.677259686561711871e-01
-2.352811537494028826e+00
2.603496671060637091e+00
-1.108863258928818984e+00
4.797298862328935876e-03
-7.107782221721745120e-02
-1.337158581269713320e+00
6.796195831061792036e-01
-1.819285773180699395e-01
6.249326598286675249e-02
7.299778308193217713e-01
8.884678090425333075e-01
1.796620499936560922e-01
2.048842313590823583e+00
-1.540303438586329898e+00
-4.927010318597474514e-01
-2.370555245497756036e-01
1.292762419620463454e+00
8.163198895752167283e-01
-1.626219430909405239e-01
-4.219899979002231238e-01
4.703942849511481228e+00
1.533086168836051311e+00
1.731439119023884254e-01
-2.499715412526744562e-01
-5.190285471306192555e+00
1.682494521768713169e-01
-1.068544675920642284e+00
-2.596170812683453732e-01
-1.344582915792365441e+00
1.497288918784928757e+00
1.712478028499782923e+00
-1.269670231978988983e+00
3.022370449667449721e-01
-5.449468740267088940e+00
-4.211819372105923831e-02
1.523904881899793118e+00
2.399441918470747170e-01
9.057039074226641562e-01
-7.081436821960782613e-01
-2.552284705434250678e-01
6.018732495731352605e-01
-2.107551300303410535e+00
-1.212285279418257034e+00
2.067337129679451824e-01
-6.737727587958972642e-01
2.490735418486940689e-01
-3.185787589889724991e+00
-9.942528964546305525e-01
4.875474904737731041e-01
2.321242217909269545e-02
9.636493448791083605e-03
-1.296055951220345115e+00
8.461423910083714084e-01
1.144772401982229182e+00
6.802468336898016554e-01
1.583211171061245315e+00
1.321483239209491622e-01
-1.851813096367002087e-01
-9.120712304566122031e-01
-1.707866231935589285e+00
8.187523393809109651e-01
9.693800354858441715e-01
-2.115239135304193052e+00
1.007971039502165711e+00
-1.995290120999000938e-01
7.594609023346533538e-01
-9.365155393869128986e-01
1.543338315978561415e+00
-8.695421217849819140e-01
-1.236113607957187721e+00
2.124326682782595177e-01
3.037791989161514383e+00
-4.388744483395747298e-01
-1.116329704087652308e+00
-7.288035822557611398e-01
-9.391863008943670543e-01
-2.299961216399414032e-01
-1.485921721536054951e+00
8.500272666525876541e-02
-7.023044289501902959e-01
1.621319712660283796e-01
-6.523754626063955619e-01
8.435239430654032367e-01
1.905475956437872043e+00
4.382962232207198716e-01
-2.015259659881311283e+00
-2.923818370839659231e+00
8.050024169988708733e-01
-6.355055724769922421e-01
8.107627785365698614e-01
1.313212569590474832e+00
1.285912272409386770e+00
1.209340496520852737e+00
1.854524347480612789e+00
-1.615034338154634486e-01
-1.330347381484514313e-01
1.565487589659670498e+00
3.521483442205423753e+00
-7.021156871591278659e-01
1.612541760212218289e-01
-2.236065391074865405e-01
-2.967915879126051149e+00
8.784073719806873015e-02
-2.586429897930718758e-01
2.719121195172382044e-01
1.454784310847077600e-01
5.885118446494826960e-01
-2.179287251285057181e+00
-1.150933032230358588e+00
-4.077696755878282286e-01
5.621987611718416433e-01
-3.306294760418534429e-01
5.918548364461879707e-01
1.025286408828663953e+00
-2.964076382782165453e+00
1.412697225145837648e-02
7.105060860677248069e-01
-1.511159111211148598e-01
1.547811691948119517e+00
-9.216910211202107295e-01
2.101416497221840485e-01
8.810148086330917838e-01
-3.319036579091233730e+00
-2.803587070218586108e-01
5.714367789569374523e-01
1.396167838141213924e+00
-3.770074900663061834e-02
5.387952833991717094e-01
-4.491234696343403554e-01
2.984917848335925106e-01
-8.241956392616320848e-01
-5.469533253008462825e-01
-1.672292589246077377e+00
-5.112010949642509239e-02
-7.233330455727716990e-02
3.794707627516296644e-01
7.534727263985006029e-01
-2.988583985388508779e-01
-2.146060109491305934e-02
3.867548325981344792e-01
-6.605463029595434188e-01
-2.273453724482850991e+00
-2.662111204722508173e-01
-1.218583965682225490e+00
1.754790777176177485e+00
9.675660157537342432e-01
-1.436319170872589535e+00
3.819793819895623832e-01
-5.268516411850041603e-01
-2.144566504632746895e+00
-3.173682855599132546e-01
-2.178688820412459481e+00
-1.484013956779060894e+00
4.020181463211962569e-01
5.976134606274683403e-01
7.989458752236490158e-01
-1.530436671040569241e-02
-6.079347059894467664e-01
-1.033861596689714668e+00
4.109215362573268582e-01
2.975938791150767315e-01
-1.370542854353924866e+00
-2.685015099680392869e-01
4.787004479640973642e+00
4.235762403759600891e-01
1.790535218717054899e+00
1.418383158234567620e+00
