-5.418899697612877819e-02
-1.001289623997569045e+00
8.812865058812764385e-01
-1.522152352275593312e+00
9.724731888542710312e-01
-1.103497481245860223e+00
-1.832420936473805329e-02
-1.728017748192579583e-01
4.847595125293376883e-01
-1.489926053606154266e+00
-3.667752520829827834e-01
1.580487786743462131e+00
1.351787268816389276e-01
1.128548315236495014e+00
8.632898383630706052e-01
-5.748241830426353838e-01
-6.257681078660082274e-02
-9.578135058013007574e-01
-1.888140157103696259e-01
5.412904941566099026e-02
-2.444508702203613382e+00
-1.266328498346171116e+00
1.014502214571604721e+00
-1.923579931868557025e-01
-2.291930557328403673e+00
1.778028540809624358e+00
4.257995686111124556e-01
1.888257899141484009e+00
-1.930952141972418046e+00
-6.410631578878798198e-01
1.761633268070532887e+00
-4.217543298848822064e-01
6.137321732494931403e-01
-1.581838379972710928e+00
-2.152454554991630076e+00
1.061019598775489126e+00
2.512601545470979914e-02
-1.049392154667680099e+00
-4.314566761328345046e-01
-8.740620473529940870e-01
3.839161663283816028e-01
9.713118882653150044e-01
-8.815713657740916753e-01
-7.067186173972095364e-02
-7.773351207525537945e-03
-6.921502228387594879e-01
1.621454739236575016e+00
-2.028033911109478282e+00
-5.412218545801643632e-01
-6.328624221952715567e-01
3.991210914136139598e-01
1.573052706638337628e-01
-3.526117993543627094e-01
-5.304765964593223249e-01
-1.950989715192499308e+00
9.373296260252997891e-01
-3.285280488697572832e-02
-2.501161178444473165e-01
-7.399648297187029211e-01
1.194201161567453706e+00
6.335812453893393537e-01
1.228083870800658062e-01
5.389540744188897614e-01
-1.487944040014810843e-01
-4.024742686436838746e+00
-6.046100828240801306e-01
1.522060502957367500e-01
-9.965747267982428825e-01
1.445578018138050425e+00
1.615430543021690868e+00
7.807414186662486877e-01
-5.024209862917319303e-01
-1.208984168998638697e+00
-6.711364453046017031e-01
3.018198154856550630e-01
1.743904925988041477e+00
5.254335163151111487e-01
1.450905637524787295e+00
-6.986637511621948682e-02
6.191360773872700562e-01
1.705709687609339165e+00
1.263357793860239164e+00
-1.012836954121340005e+00
-8.991147957326457441e-01
-7.971807670089924303e-01
-2.877751096155655719e-01
6.967272955407661783e-01
-8.716699565893826218e-04
-1.200720620892281154e+00
-1.180278436119688301e+00
2.094149244212368532e-01
4.735332142005694855e-01
-1.427630206696799187e+00
8.109001680374734455e-01
-6.800660247270364778e-01
4.169372680730706326e-01
-1.031835569627722826e+00
-6.318958281534132748e-01
1.145937979604806145e+00
1.676424198278290367e+00
-1.049797710181802568e+00
-5.689932197518331458e-01
8.838027511739205977e-01
3.918963475316021849e-01
-1.235978659260022816e+00
3.358279015018584834e-01
-1.464371297916125414e+00
-1.542779650106577360e+00
-7.086862247565883788e-01
-9.209437436002689825e-01
6.055665995510686739e-02
-1.596977186635383017e+00
2.480130215298770591e-01
-3.514107574440119564e-01
1.142752899713114445e+00
-1.041156546591379017e+00
-5.321003784595437214e-01
1.235290880916406930e+00
8.643110559545164051e-02
-2.529175125363982701e+00
-1.941086493013310932e+00
1.769602868931386741e+00
-1.962682095305161134e+00
-6.007236510503330962e-01
4.551547064113046215e-01
2.381580453209176440e+00
2.928272152833033104e+00
5.419787266598451447e-01
9.384213753916156309e-01
2.315920198411600239e+00
-6.327700699099936266e-03
8.742369040628178434e-01
5.151068974903699749e-01
-5.177400649097672058e-01
-2.930922018823403086e-01
-8.044311295803594497e-01
-8.464529520432005905e-01
2.499219053697314397e-02
9.872761301816730395e-01
-8.928733743654743149e-01
-2.386120220039890105e-01
-1.050511430710427963e-01
-5.190708900512712720e-01
-9.036645580203388484e-01
-1.352057561792461948e+00
-4.749804525013688883e-01
-4.781499603565659839e-01
-5.452113975087033992e-01
-2.176346915383009159e-02
1.082237151977460066e+00
1.843157848823793188e-01
8.030960171679519810e-01
-1.396443502110638502e+00
-1.022919941043646919e+00
-7.873690852529589002e-01
1.306773403127392319e+00
-1.511310738168869072e+00
2.338610661049879802e+00
1.018960937395823052e+00
3.133081123913011856e-01
4.562432914908112758e-01
-2.840024594573857808e-01
4.021689369656237245e-01
-5.916510410397604613e-02
-3.240329609815432166e-01
1.019876531855180568e-01
1.077595332691327012e+00
1.213738918336963568e+00
-5.471290190791252561e-01
1.837204628496139358e-01
6.826314164060327538e-01
-5.362079047069399085e-01
-2.759858557896200382e-01
1.152048529433439938e+00
1.965799804028532272e+00
6.201484655815705516e-01
-2.613999492330614238e+00
-2.274348688540388075e+00
-1.747489949824153621e-01
1.768931630896669605e+00
4.518782540776601908e-01
-7.335693170038010136e-01
4.397038602878468039e-01
-1.905147788308305223e+00
3.447008202975712643e-02
1.153145198119147619e+00
3.199438345974321418e-01
