-7.233959758995591738e-01
-2.750612869106874858e-01
5.757656792583956129e-01
-5.431593787176225430e-01
-5.467700816039261502e-01
6.057022516292612790e-01
2.360441975727209374e-02
6.651081051322033089e-02
4.559324507926693082e-01
2.345709279686086779e-01
-1.000921633642874786e+00
-7.900046586030011753e-01
-1.423672880373585636e+00
7.753009540403980049e-01
3.280052264124379002e-01
-8.436944379004240879e-01
-6.196542019478851193e-01
6.018306343438808437e-01
1.236696757159647803e-01
6.876438961123280125e-01
-1.441598134826284627e-01
1.368959770815535437e+00
1.109785018845477200e+00
2.006289574998799674e-01
-6.818860948910516750e-01
-2.108392469550302017e-02
-1.751571396585199225e-01
6.997634978782928394e-01
-2.169142004888000019e-01
-1.046149676926203087e+00
-1.252284517140114461e+00
2.838253243654074720e-01
9.820789713148939670e-01
-7.374397344164071999e-01
8.163870258063750107e-01
-2.354119579326318934e-01
-5.850303463195739573e-01
-4.950927033726423288e-01
4.992086446604140360e-01
1.781825569717906399e-01
-2.967304421686863813e-01
-5.701335846731119261e-01
-2.663642346470013744e-01
-6.159137916726004081e-01
5.546814547569729470e-01
5.450116035908192380e-01
1.342814786179310715e+00
4.777741478326613112e-01
6.163535403266115487e-02
-1.196411092111574703e+00
3.916273764451199124e-01
3.052609923195933467e-02
-7.263916218753280196e-01
2.438053886587746022e-01
-1.852100645479097252e-01
7.233361809379999785e-02
-5.897062803472296055e-01
9.571871688179500737e-02
6.345526841080761926e-01
5.828699680650730741e-01
-7.682769267101187127e-01
-4.448833769273099481e-01
-1.042565277346151786e+00
7.601834327103603739e-01
2.921979417112319233e-01
-6.087063681933057441e-02
4.603519317460257887e-01
5.807577019637681914e-01
5.194630412246712403e-01
8.056125039152066680e-01
5.967299006846843445e-01
8.129769948909449928e-01
1.375138107847080626e-02
-9.446049239857295943e-02
-5.121034316754772275e-01
2.428955117468678537e-02
-1.855162771311745229e-01
1.136923412253374455e+00
1.143644914181420669e+00
-2.873108112522558266e-01
-8.072573787299197612e-01
-9.923020410205248831e-01
-5.414857363951905977e-01
1.193978789367694526e-01
-6.447519506098153830e-01
-3.681258773512452454e-01
-8.793013207760440597e-01
-4.626214288694184829e-01
-3.807490621815053933e-01
7.819421054040303076e-01
-8.602121822006017493e-02
-3.260968212162205226e-01
-2.313612729040405436e-01
7.714668070287510337e-01
7.341989269146123043e-01
5.773552257934295717e-01
-7.591330769173441073e-01
-3.955332598929161003e-01
-1.119746985319157506e+00
7.731315638638099896e-01
-1.418830025916241855e+00
-9.985416009854954922e-01
-8.217490546526512452e-02
-1.168671276447416640e-02
-2.497601956663665912e-01
7.857324306105823997e-01
-4.838647124295041846e-01
-1.099500173081021381e-01
-4.192437961078547826e-01
9.922679822041133857e-01
-9.766618989386895988e-01
-2.844501013790062260e-01
9.039574116633221357e-02
-1.172332550768299397e-01
5.403391495675734513e-01
-8.457317373596795473e-01
5.594812224001284306e-01
-3.411146947570055099e-01
2.885798800789488028e-02
8.491910320239014487e-01
-1.570219779064973564e-01
6.971238454073422908e-01
-5.051496231302805562e-01
9.733285833680074273e-01
-8.922332908953602981e-01
1.254556533511202776e+00
6.157090345234441653e-01
9.100758681439896636e-01
2.960881165514290259e-01
-1.093935952062804251e+00
-4.315024025607973046e-01
-3.804740487018904438e-01
5.687796948150778409e-01
-5.480979973878995215e-02
4.153707071102452630e-01
-2.520157937487694788e-01
-8.361457410685486924e-02
1.080057691979352252e-01
-1.395686040983170340e-01
1.118296375521845132e+00
5.265443644567973508e-02
1.054079823622853906e+00
-1.958264809417610053e+00
-1.083352681193983091e-01
-8.133558776869555251e-02
-9.484072604774268500e-03
9.320758277727370089e-02
-8.662398548496880180e-01
3.823640391581475950e-01
-1.054111289791440642e+00
-8.772764612281636065e-02
3.753150458939222278e-01
5.723062510284107618e-02
3.336878483476765078e-01
-9.948247890905474733e-02
3.420066480489241112e-01
2.212842789448012104e-01
1.233237710213840321e+00
-3.552939470337642125e-01
3.761259811614663801e-02
-2.990180778742320203e-02
-1.187313111938990806e+00
2.175610116682066830e-02
5.871826122700606332e-01
-1.115947878042458652e-01
4.615009413211867972e-02
-1.103865740795641370e+00
1.496166645887419266e-01
1.182555210478749341e+00
-3.843311174216795800e-01
1.069259809262610439e+00
-6.955745977521277101e-01
-8.590531433368960856e-01
3.585124739349724865e-01
1.066928124888444795e+00
-6.665103267378506002e-01
4.096814115605708628e-01
-1.099917786992246960e+00
3.848886939986974065e-01
6.733442975903113359e-01
7.057475645655014729e-01
6.906758029573601965e-01
-1.385960795010790225e-01
5.311245849794546947e-01
7.322815889472022999e-02
-4.905391634873866868e-01
-1.085475811529743040e-01
-3.767049004370588428e-01
2.510053969303138177e-01
3.458128753883289719e-02
-1.149224330067952216e-02
-3.800730469261150435e-01
-1.972701092680997081e-01
8.156940899237586917e-01
-4.148629588918609223e-03
-7.373082916183995028e-01
-3.994356614242416947e-01
-4.149607932795922327e-01
1.218155005671522462e+00
1.151549449648134216e+00
5.098388888319617118e-01
4.890752366272035356e-01
6.954025907081737845e-01
8.325247272849687352e-01
-9.386780095620401720e-01
8.720549878505964303e-01
-3.062687877520957613e-01
5.877711100929597920e-01
5.740240897704886880e-01
7.137536127130872377e-01
5.829702525135818103e-01
3.989777539668205586e-01
5.650879289022572305e-01
4.007968178074658994e-01
-4.826700794329883415e-01
8.531003105044783208e-01
-3.958266404446633135e-01
2.953971784977646453e-02
1.040864037380096363e+00
-4.222401864729098953e-01
1.346550872177894043e+00
5.800476657473392361e-01
3.280922954930783897e-01
9.625808124738580718e-01
2.824948568885313205e-01
-8.082513957736068289e-01
-6.446821915134309799e-01
-6.793101864937829415e-01
-4.529437826397580968e-02
1.005003036959208340e-01
-5.155452981244751376e-01
-4.526663510041520344e-01
-4.478366497555167358e-01
4.000731210074904842e-01
1.014231457831714922e-01
-1.902971302753898364e+00
7.374623605761202461e-01
-1.035143000765027077e+00
-1.160288316902794659e+00
3.205109850076128808e-01
1.352640098610564223e+00
-1.855872747883103024e-01
-1.847635981407919348e-01
4.294766188711359178e-01
-2.140584778361923901e-01
2.351020328407252280e-01
2.564519381718289859e-01
1.079338405463529382e-01
6.589492596453111473e-01
1.049096581919642723e+00
-1.666307707432447827e-01
-1.269336794967961812e-01
1.052898584978345209e+00
1.145418355660851928e+00
6.674218449287414590e-01
1.624749925419640695e+00
-2.684827108614138216e-02
-8.918043204567431825e-01
4.445151150357655179e-01
5.692823916952435281e-01
-1.538356657777361081e+00
-9.031819902074380568e-01
3.979933150847019818e-01
-5.904820353501691876e-01
-2.157741079870234002e-01
-5.073977055667584501e-01
-1.547752411202229506e-01
-7.183988058540808908e-01
7.514731118205331128e-03
-1.784166368311738415e-01
7.807276649068417562e-01
2.274183976273694285e-01
-1.108321553073139620e+00
-5.658827047724767079e-01
-1.003142420378357880e+00
-2.612672401396086141e-01
1.044017111926289321e+00
-7.251208731471300850e-02
-1.322375821184122113e+00
-2.308549363182237912e-01
1.390394171615000785e+00
6.280710363458334999e-01
8.219077346578039789e-01
3.352786344708342248e-01
-6.131375927348370336e-01
3.155478577575379640e-02
6.825375504295396745e-01
-4.066279155386151589e-01
8.220179240037481794e-01
-9.704478293057711147e-02
1.262671895793455512e+00
3.001133381859986682e-01
1.926314282210765949e-01
4.262447493337757631e-01
-1.467393925023596779e+00
-4.818814187686416561e-01
-5.854695580623680007e-01
-3.329423207116926076e-01
7.675545576542529558e-01
-7.692746125304886218e-02
8.846375693430005294e-01
1.414199604485326001e+00
7.907131558481904632e-01
5.454207539823845430e-01
-2.026720505592763677e-01
7.561806646765244500e-01
7.802860751996727462e-01
-4.964502238738440210e-01
3.678272190079140969e-01
-1.006403056219153269e+00
-6.777464221299877023e-01
5.042780878369277353e-01
3.249264496528042612e-03
3.100298131878729269e-01
3.167901816344537158e-01
7.269140758136939384e-01
5.478062956904464764e-01
1.047845440801836947e+00
-8.699070641603497966e-01
4.471178529869908602e-01
4.876025171334757990e-01
-2.158791987983657568e-02
1.132456842030120425e+00
-6.159567321223269332e-01
-4.821568243836245049e-01
-1.381509531129508472e+00
6.225874468848107135e-01
-3.227179891326710237e-01
-2.885090733220768699e-03
6.491152756317930539e-01
-4.532005620264436541e-01
5.044473309181949361e-01
-1.128462081800388539e+00
2.272765669295697122e-01
-5.295752108558235971e-01
-5.874505438214052688e-01
1.812264117271184527e-01
-1.850486966479151368e-02
6.439000888215815621e-01
8.739877468235826008e-01
-7.070164202098010442e-01
6.330600399185490890e-01
-9.296107720681719977e-01
-4.664068403618086278e-01
-8.864739785176753983e-01
-5.506346754623782092e-01
1.061946259041628648e+00
-1.482326867423229833e-01
1.265740518196209474e-01
-1.025807117818004349e-01
-8.661404432968444755e-01
-5.322468829895794507e-01
1.271854596936986992e+00
8.339651046211759011e-01
1.335166127375275458e-01
-3.821985137591598636e-01
6.896562299054534440e-02
5.520994826864545901e-01
-9.903026679624182815e-01
-5.986943923213186025e-01
1.516401143444379596e+00
-4.148559647285693930e-01
-2.998769600360743914e-01
-2.945701669736734973e-01
-3.808539394013183976e-01
-3.886529028982386169e-01
4.786451479562535138e-01
6.480794314267422918e-01
-1.154541304737751295e+00
