1.926693916195618417e-01
6.284688711967463259e-01
-3.205098411272149783e-01
-1.995413700036836047e-01
6.160582703173590469e-01
-3.895554512909812916e-01
3.201882069331125624e-01
-2.734804111473180810e-01
2.384761142657489397e-01
7.483913045889521998e-01
8.974881167529087378e-01
-1.505734154589634111e-01
3.780510418180524912e-01
2.113187199180306952e-01
9.046036726837346220e-02
-1.274657352282020928e-01
-4.463731987449838789e-01
2.623464621638499361e-02
-6.604148158663322166e-01
-4.687849544782096700e-01
-3.926547683777938391e-01
1.186951267028743651e+00
-3.614835478251727241e-01
5.212829461062453706e-01
-4.424200973738516285e-01
5.373189118101137085e-01
4.487477365988226108e-01
-6.466385840122172990e-01
5.532940617008019757e-02
9.192787165351594680e-01
3.895510170467797462e-03
-2.215506227565587349e-01
3.395331317745660105e-01
-7.094682011249586751e-01
6.345505598621483667e-01
-8.057994756787016932e-01
-8.059948915745405174e-01
7.729755880613443653e-01
1.719930465357098481e-01
6.742248840383796571e-01
-5.326247810281535822e-01
-9.598396399541941904e-01
7.340121759251010403e-01
1.403365970761644155e-01
4.364129094530324604e-01
-5.162295258063179237e-02
8.375312783840054009e-02
-1.025091797693905793e+00
1.093562078206386401e+00
-6.877569808861456746e-01
-1.209546197933184075e+00
9.657637393940080583e-01
1.048696345909796435e+00
4.304037692149511596e-01
-7.712873265018526103e-01
1.170009423083179900e+00
1.022262134500612207e-01
-4.048826847830605535e-01
8.002001529983252537e-01
6.597451026227442172e-01
-4.737474418348042726e-01
2.431283487105700969e-01
-1.787488211204899813e-01
-3.764792671195817952e-01
2.469127871117097750e-01
-6.747920935498159523e-01
-6.154654010582936152e-01
5.135418755819437520e-01
1.012816248013536313e+00
3.476029901860987481e-01
7.693361868294823491e-01
-1.072557939979963959e-01
3.079954287249347389e-01
-1.001281826814797604e+00
-8.020112326318629137e-01
3.790406177914038000e-01
-2.438119689193342932e-01
-5.774550428212230080e-02
4.392866488963187988e-01
-7.737153500204451140e-01
-2.206780328282392789e-02
7.624019832428911014e-01
-3.388667261507479211e-01
-4.827277865911587806e-01
-3.669958972199102720e-01
6.759811672971898222e-01
1.702541080421034747e-01
2.671076799709588001e-01
3.241617140716598899e-02
1.114169591068232101e+00
-4.544674117224108967e-01
-3.024647187200446563e-01
-6.401375139302634132e-01
-6.278484097034168210e-01
-1.818436468764539626e-01
-1.151486493300535541e+00
7.019127683413287633e-01
-1.262685074489797166e-01
-7.784714787319765850e-02
6.057813010993298164e-01
2.798576843850520968e-01
-6.878378669148632607e-01
-6.528925085612924395e-01
2.509828447008077834e-02
-1.013662874265544023e+00
-7.905287675799176350e-01
2.768260919986980650e-01
-3.617682402262483166e-01
2.217626980766483902e-01
2.012069902352367767e-01
8.057982496271237638e-01
-5.580277785178194838e-01
-8.600303774146973446e-01
9.634019250714350724e-01
-1.588617584530427895e-01
-6.193586772918252548e-01
-1.775560782685358552e+00
-6.130270349420048337e-01
1.597478812970064554e-01
-4.666286726622045911e-01
-3.757302383832231141e-01
-8.280164846105941834e-01
5.322052360834412799e-01
6.509927422790250384e-01
3.992279856717856346e-01
9.132148257738093022e-01
-6.457391975314453747e-01
-1.356613080784748182e-01
-7.219139315904146148e-01
6.717083479657105505e-01
-7.590241477187068542e-01
-7.129835466793715826e-01
1.079356956253334276e+00
6.430130098077069256e-01
1.340571487343019008e+00
-7.902149910400610988e-01
7.693788644052793613e-01
1.830081185021770196e-02
-1.374905839276400477e-01
-7.152083345525174218e-01
8.067491109681295125e-01
1.029414179074577440e+00
2.307103834879235538e-01
-7.047742130913311476e-01
5.036013653268724966e-01
-9.973362825888064664e-01
6.748822565567484943e-01
-5.137941754685669826e-01
-2.742351573748028071e-01
-3.251812068872183548e-01
-1.598073962165783568e-01
-1.528585511214053672e-01
-1.011832640133424110e+00
-6.450995449138486881e-01
-5.977870111008978249e-01
7.508620923759284915e-01
-5.559343779336921587e-01
-1.680162326325741751e-02
5.625670219519496307e-01
-8.352508597621393083e-01
7.842021738058234659e-01
-1.355336737263745928e+00
-2.508971798664278441e-01
-7.572855063995980185e-01
-4.473389823386786368e-01
2.922279199028479657e-01
2.312078235890256683e-01
9.979585977881597625e-01
8.941704147372664391e-01
-1.036219657782789350e+00
-1.196079007760258994e+00
1.994967378468408270e-01
1.129536413440955123e+00
8.609253626781159241e-01
-1.202165143938826487e-02
-3.203427159258320778e-01
5.321110064772299753e-02
-3.452130128370514139e-01
-4.877158373439233197e-01
5.843304280766761227e-01
-7.911651525780888372e-02
-4.912182503445264858e-01
-8.094217751992338616e-01
-6.050863951805649510e-01
-1.815901529915171231e-01
-1.155473436808295840e-01
-1.470961023393207445e-01
-1.068727951956085054e+00
7.548770262278475807e-01
-1.031369778197146925e+00
-3.545963494796084969e-01
-3.182800903679964266e-01
4.849047664542117109e-01
-5.546821377657620289e-01
3.585065083715849310e-01
1.013715809292941306e-01
-1.272832651836014906e+00
-5.524336004921492904e-01
7.301266098869978460e-01
-1.197019050185996969e+00
8.567566457760493748e-01
5.447551107581434238e-01
-8.204909046869857114e-01
2.112861520116287306e-01
1.043935343407276894e+00
-2.845462445606562474e-01
-5.416340280541219743e-01
-2.036919298875308759e-01
6.356520912721205230e-01
2.427442896976503561e-01
4.678748190950847707e-01
-5.266398018627167499e-01
-1.081723592258235223e-01
9.050774799133420867e-02
1.732822333318933206e+00
-2.213580070416855117e-01
-6.295520841556074831e-01
4.905787072728422515e-01
-3.506702917088478921e-01
-5.054006378532754917e-01
-3.399555266183709734e-01
-7.050116268873773961e-01
8.236016456392152296e-01
-1.376709501889065157e-01
-6.173615518706324634e-01
-8.416929903343719488e-01
-5.470436602351131938e-01
-2.274176803687982112e-02
4.343295673948135982e-01
-1.014611646507205700e+00
-3.788234722569481794e-01
2.852992130458400499e-01
1.958355266791435290e-01
2.652319442496223756e-01
3.878287080990878155e-01
6.840704494551687054e-01
3.872245747081431988e-01
-1.258352154045583593e-01
-4.744544571543615752e-01
4.211881784904218939e-01
5.411693763046117045e-01
2.563506358574631494e-01
-4.512752999519731856e-01
-1.558946688975935690e-01
-7.937510092499771019e-01
-3.263276389904972152e-01
3.719820506307288666e-01
-9.343216690311403338e-01
9.543306351668299214e-01
6.501558087054081225e-01
-1.003191192567691958e+00
1.204941720939880945e+00
-7.578788602196280255e-01
-4.202551564842703091e-01
5.411329798370199118e-01
-7.841308906347846941e-01
-5.503377731181975374e-01
7.510040888943577686e-01
-7.286430742541786243e-01
6.536865519329047025e-01
-9.931393375857066053e-01
-7.956113721364945768e-01
1.187251051715185302e+00
8.576375717564942436e-01
9.082339261976940525e-01
-3.939629504362397450e-01
5.398859979899393036e-01
-6.306450272356827202e-01
7.951839386654386832e-01
-6.220481773856318952e-01
-5.640933298302215348e-01
1.905554428652866950e-01
2.672770143132398579e-01
-4.289903579743015172e-02
2.238301173352549855e-01
-1.026272882695564270e+00
4.385857430674209856e-01
-7.349964372008148672e-01
-5.448701609002705171e-01
9.241168937282887574e-01
-3.586629380306512460e-01
4.238872352792213971e-01
2.740195159783755940e-01
-2.066770687772117865e-01
-7.094532545451146532e-01
1.215425281709854310e+00
6.164726207616613718e-02
1.253176329615911966e+00
-1.318811741719300379e+00
1.084444944814001444e-01
3.161217553765432453e-01
8.750984912182331321e-01
-3.208207974187716749e-01
9.699494945449973482e-01
6.778339463954630162e-01
1.082836176214093893e+00
1.014553986235340599e-01
8.907707599628400530e-01
-1.026062966267389243e+00
-7.167980211884455999e-01
-7.781518388437923262e-02
1.008890503915139458e+00
6.891163314684296548e-01
4.230339857147923932e-01
-9.143924197521560160e-01
-6.777654392461753829e-01
-1.148987995943433704e+00
4.646428956323807036e-01
-7.139795502480013045e-01
-1.001481600361797231e+00
-9.581630157656549629e-02
-4.913261312903998701e-01
4.673544947396388038e-02
6.788074222399603785e-01
2.437195404528828546e-01
2.771859755261256164e-01
3.224212153616171084e-01
-6.288422574940049081e-01
-4.893463539607972868e-01
-8.524514167170184342e-02
3.162899764317553264e-02
9.512706395766681866e-02
1.486876850596070276e-01
1.062579598674301407e-02
-1.280203864073313991e+00
8.654063558922328592e-02
3.309129934299376297e-01
1.005477499819018128e+00
-3.471148768741082469e-01
-9.142029567919457422e-01
9.498251100635951572e-01
8.365272928328739699e-01
5.042033826705041855e-02
-1.800118862989713853e-01
1.230976042391459968e+00
9.865055467593187855e-01
2.084028331373583010e-01
-9.223840855618928858e-01
-3.673157945133849189e-01
1.316648278679151796e+00
9.917571256975473704e-01
7.687790756959491656e-01
1.992328119713366874e-01
2.548270167811488296e-01
6.273491928852392707e-01
-6.500501004022074536e-01
-5.353236993682733424e-02
-5.521541459600082247e-01
4.179154368783711826e-01
1.002503738636729425e-01
7.608930662855357685e-01
-1.693770812791663971e-01
4.487277363188138524e-01
8.973319392197629529e-01
9.952478477745022589e-01
-3.441823634890583961e-01
-3.314535631701726048e-02
-4.602587066503699420e-02
-4.807802205799650563e-01
9.797369308854820824e-01
-1.025288144685405217e-01
7.136824111683754968e-01
1.691295323786260740e-01
-6.247892310509780556e-01
-1.153575614389478421e+00
2.540181805076250909e-01
4.668169787878558297e-01
-8.395330223189637064e-02
3.744522540761939799e-01
