9.685741340062983262e-01
-1.028929054492630168e+00
-9.676240904052313407e-01
7.702586438827031534e-01
4.985167644342705096e-01
-1.506418428716599922e-01
-1.338821953732903247e-01
-6.445687293336777035e-01
1.963862485968326244e-01
-8.648397528101592346e-01
-4.436528182646302110e-01
-8.051315907260520044e-03
-1.588155002975019381e-01
-2.247056094001160798e-01
4.801236741944187036e-01
-7.819449074757175433e-01
-1.015334557617134426e+00
-1.034701581430968187e-01
-9.014475115843292863e-02
5.431437439709891901e-01
8.510108770530981637e-03
-8.863181222529143977e-01
4.430896034982063636e-01
3.955493431451448938e-01
8.702701124929800303e-01
-1.755717598833670845e+00
-8.052126484922106364e-01
9.127270297294838297e-01
-8.861770588234043622e-01
7.641160831551350174e-01
9.189465793021974749e-01
-7.894066356980251609e-01
1.264326644373646502e+00
7.969815873081126378e-01
-4.631487077134066044e-01
1.591531585216220623e+00
1.071144598829890882e+00
-1.061305716356790718e-01
-8.152296907883971322e-01
5.059708943247078761e-01
1.242012464494170576e+00
-1.372494124601829402e+00
4.734715157873632396e-01
6.908316836571035680e-01
4.415499027829464795e-01
2.576727036617447730e-01
-4.429168552497720901e-01
-6.498174300600157993e-01
-6.921401661827457641e-01
-5.907859639658116224e-01
3.895947871214958114e-01
-4.977122254600636619e-01
1.883575579466423289e-02
-1.217596947933362372e+00
-9.225194458274860176e-02
3.331819588850813973e-01
-6.704318003826268413e-01
-1.452410545605794601e-03
1.667167664724722442e-02
-5.444297768903765267e-01
-2.297463417515221984e-02
4.532381731080021292e-01
-9.122842315775735456e-01
-2.366416975941201817e-01
-1.735340124628858005e-01
1.315917329017047832e+00
-6.710844197059782079e-01
-5.032231056561244920e-01
-1.392451967654616762e+00
8.443958441233923029e-02
1.966676557234274536e-01
-3.189934703701879926e-01
-4.135450057979924571e-02
2.256358997242713826e+00
-9.589252810538360094e-01
2.893306942441299379e-01
4.670781394403659137e-01
-7.114801953042607652e-01
4.689828960736502905e-01
-1.664732652062646867e+00
2.767460398037285829e-01
2.000122359113371273e-01
1.059439306425908001e+00
7.367114889998858107e-01
6.875406267331900523e-01
-1.755753007449057268e+00
1.556605033282236761e+00
8.613636586155737351e-01
-9.617119632480436442e-02
-1.879327636861653161e+00
5.377869890978055345e-01
-1.171214196981781031e-01
-9.300278056433548546e-01
-2.266653105893866038e-01
1.255872276147881050e-01
-1.332979558261602637e+00
2.557522651621404464e+00
6.783550006467391480e-01
-1.917155180525203506e-01
1.158923148955230520e+00
4.301083927262972506e-01
-3.786371665510716022e-01
-4.846113196409053692e-01
4.110480259723077734e-01
-2.422542250999347169e-01
6.949397484619053156e-01
-3.489910935558265814e-01
9.539038950017278418e-02
-6.962780650653002112e-01
-2.943063023222700636e-01
-1.947342714108458717e-01
-5.413240291773657731e-01
1.150351795774476882e-01
-1.085713173775794571e+00
2.934021133896660416e-01
1.580990343916418350e+00
-2.220818013842378313e-01
-5.493431604690541814e-01
-4.249524373965539170e-01
1.180687327118194463e-01
-1.179315017523578368e-01
-1.402796188887204920e+00
3.519855447530209069e-01
-5.845512502454143222e-01
2.808943145006429498e-01
-7.498735645591640964e-01
-8.094154028384277222e-01
1.614188288341564803e-01
-4.768461811190954913e-01
5.156996368240716055e-01
8.128986917149186309e-02
1.743840484919256140e+00
8.482827137339308265e-01
5.259243850385819652e-01
-1.082107509677352475e+00
2.080742485664191233e-01
-1.105117730753196525e+00
1.588307484741530384e+00
-4.638031910647971712e-01
2.853702068464857300e-01
9.386835254948125984e-01
2.704652462933990198e-01
-2.260116198017221301e+00
-8.687336572631909615e-01
-5.756884446384802345e-01
-4.853047218292246834e-01
4.550178906698812975e-01
-2.846571735562673844e+00
-7.045483581251563709e-01
1.314184466093618830e+00
1.526112410022834598e-01
9.239418594944331931e-01
6.699882435790560642e-02
3.952698855489510388e-01
1.213429187928391911e-01
6.653869202683930784e-01
-1.895633670538975912e-01
-9.468308724652887420e-01
-1.800267729811956263e-01
1.515081589240034443e+00
2.060328220787749132e+00
-1.751245123361083178e-01
-9.825681015596925416e-01
-1.012644918462713095e+00
7.572076877594423328e-02
3.300937013005793119e+00
5.536082065806369190e-01
-5.248025125414237380e-01
9.504926915947148336e-01
-9.459300293408967608e-01
1.841906378313676318e-01
2.780605450370888798e-01
3.081944953207891302e-01
3.440733474361797883e-01
-3.368228094933336525e-01
2.326990122194128929e+00
-1.063966882419130899e-01
-1.031836330645854005e+00
-1.512095685603528916e-02
-1.889893051646115985e-01
4.855558942489797136e-01
-1.131030541382018972e+00
-5.590548923529268244e-01
-8.229865750521903056e-01
-5.862628085560537272e-01
-5.301866325185378148e-01
-1.401372587427979433e+00
