7.431647472233513518e-01
4.577675980784118304e-01
8.248010647450482180e-01
-3.621180775842481880e-01
-5.992482346253265035e-01
2.294706253552598052e-01
-4.440125616386949581e-01
-3.063508342193808076e-01
5.120404999454385431e-01
6.383797525914969295e-01
-1.829581341710392883e-01
-1.099730374611324057e-01
6.570202949416021898e-01
1.884397810104870841e-01
4.138830149974683792e-01
9.850747760469962255e-01
8.931019527497443544e-01
-1.842433363482990138e+00
-1.576745007760632866e+00
3.583342496781566355e-01
4.624137623979629463e-01
2.388145476231678110e-01
1.904109168892381132e-01
4.227931546641479077e-01
9.883149625276921313e-01
8.323873281778570998e-01
5.060991977431094080e-01
-2.794377054712003927e-01
-3.100573038689868888e-01
-5.394518610309469997e-01
-1.016104163727768128e+00
-6.346708605407637149e-01
1.104172299440411842e-02
-1.847808066006349503e-01
5.855478511115548290e-01
4.985044930181020684e-02
-8.766403498872491484e-01
-2.339756902680895090e-02
4.741717094470956906e-01
7.945435330860221024e-01
8.802115051849970229e-01
-1.044110136330849592e+00
-8.881099684166027242e-01
2.454879000493271832e-02
1.671819007443288374e+00
3.945082751765071061e-01
3.989112120350266077e-01
-9.538123158213162034e-01
3.052837131109581992e-01
-5.514871581261855393e-01
-4.995461664015465320e-01
3.076536163982013794e-01
1.079663983756470991e+00
4.849094171029311173e-02
9.573936090553181177e-01
-2.511882907387138486e-01
3.664709268519971141e-01
-2.485004816663232696e-01
2.274446888549790824e+00
-7.754060647751569446e-01
-3.593625393926161982e-01
2.588076994785928342e-01
1.346210098556548385e+00
3.742124877988922682e-01
-4.103771441333609049e-02
7.310145201957127803e-01
2.516317604613092507e-01
9.064176539071837624e-01
1.642532863049696257e+00
-1.496958341478359378e-01
5.007002548941936748e-01
-5.798606165775581633e-01
7.986630816767181784e-01
-2.655168743421334465e-01
-7.937903551900401533e-01
9.647627744781211989e-02
8.495690403592506268e-01
2.168387534113969117e-02
-8.869439587001630432e-02
3.832647324394975463e-01
-3.730891435079710661e-01
-4.271881058143438548e-01
-1.004098912076125449e+00
3.926797208513583826e-01
-8.587677929694786938e-01
-2.249438882604044287e-01
5.294168325507123685e-01
8.274973371990970161e-01
-2.254861652519744020e-01
-4.540899927577683737e-02
6.317950251308549481e-01
3.404324016878323977e-01
6.004871435882221942e-01
-1.779187778092975458e-01
1.180619526188992463e+00
7.975779715545008308e-01
-4.044867158274286778e-01
-9.903607301655972805e-02
-6.976147925408199280e-02
7.216590230204249501e-01
-1.744187297362228412e-02
-6.848130729920095527e-01
-3.519733801452178401e-01
-7.182321402347354722e-01
-3.973640228695940468e-01
6.894752846296853255e-02
6.047674057373002565e-01
3.031845103887105264e-01
-8.968894767582527017e-01
8.483112479474064216e-01
1.467818310739362198e-01
-1.899526314929551041e-01
4.851348657950106391e-01
-1.028180113994555445e+00
2.015013242461002330e-01
-1.852361143856056991e+00
5.725862700235158087e-01
1.608907305721663517e-01
-9.109576541538187966e-01
1.381522761823151257e-01
6.645112323516342290e-01
-6.774665319045958256e-01
-9.091503848134172561e-01
7.287635669495482471e-01
-1.308855677860718270e-01
-2.919827074773573283e-01
5.797364667411771810e-01
8.692785371304310171e-01
-8.995685271182860543e-01
-4.944381731925717727e-01
1.743882388241078385e-01
-6.795184247932722910e-02
1.969339823229768194e-01
2.320658194675253305e-01
-3.353228301581134829e-02
2.755109722963048902e-01
1.993041091309170953e+00
-9.351368801722516055e-01
-5.271758992373221098e-01
-9.289182597505357686e-03
-9.920267785050812526e-01
7.593960622674280625e-01
-1.241109156258224377e-02
-8.000911219284245757e-01
-8.292447046933988375e-01
2.182049964313814705e-04
-2.822158653770417969e-01
-9.219290195480094319e-01
8.494157704809799370e-01
5.610874942563077727e-01
-1.206050285473531325e+00
-6.367582051516671449e-01
-6.418683316946054429e-01
4.399097005653876957e-01
7.926309926555895613e-01
9.062367954103675016e-01
-5.653687867362817698e-01
1.174650368448843185e+00
-5.984257281110063609e-01
-1.354092863222392307e+00
7.471760935185026709e-01
-1.755430736989234131e-01
-8.380712179886091739e-01
-1.306935523629945806e+00
5.232179033589573480e-01
2.215722185386836962e-02
-8.849485103870730063e-02
-5.019372589182155009e-01
-1.190434135361940093e+00
5.349662328902902164e-01
2.063319720128710677e-01
-1.605507766609407749e+00
-5.446586818728411661e-01
-1.006368335648623463e-01
-6.586426122353054025e-01
9.371243896761574099e-01
-3.996778301174737091e-01
-7.427373664415916066e-01
1.304249678819560554e+00
-8.017272893952844814e-01
1.194111203285291634e+00
5.891379848387505724e-01
1.818142229703867407e-01
-7.475630209586590080e-01
1.072056678109496231e+00
-7.034954295142219483e-01
-3.481029214316706533e-01
