5.220765232835620218e-01
-1.578659572471682038e-01
-4.483221031791883582e-01
7.582405124697004783e-01
-1.346188251982360917e-01
7.150509681016534169e-02
-1.487455580242676711e-01
-1.480461763930011276e+00
-6.138138320915637047e-02
-6.489955033934510231e-01
3.084757933044718348e-02
-7.824361144077759955e-02
3.490069438299212012e-01
-8.460218103352865615e-01
2.770567881477714045e-01
2.100083125907551418e-01
6.301253642885322748e-01
-1.283937476831790825e+00
7.412108433189718015e-01
3.587283760804947930e-01
-1.699621529887312299e+00
1.475901269871330301e-01
4.822687498306340581e-01
3.783139211335003194e-01
9.937569753583322396e-02
-7.132643845805003435e-01
4.952212504577562235e-01
-1.518916352552103222e+00
8.652301820169204793e-01
-4.092996568352953446e-01
7.468566697305364377e-01
1.582337596790163725e-01
-2.900311170683846917e-01
-1.121142235605417703e+00
4.206228433437611547e-01
3.882842950796039916e-01
1.167628252572012082e+00
-3.001842638432986043e-01
7.031372419671978458e-01
-5.899575503509604246e-01
1.957206155812108106e+00
-1.410918117259128080e+00
1.191526700786945892e+00
-6.420340860529399896e-01
-2.887052399401999203e-01
-2.873517516136062655e-01
-3.533456970401467334e-01
-3.055299189890204881e-01
-3.011240769640960435e-01
1.055359991076457726e+00
1.485307181359330819e+00
-1.331221107391713510e+00
-2.582493162395620989e-01
6.000708674084173078e-01
1.168421842020720636e+00
9.280442715149870292e-01
4.699126894907967866e-01
-1.006560483461840905e+00
3.095620101243989897e-01
2.293850968328988438e-01
1.299786782787564432e+00
7.305822530811796334e-01
1.476647645026800237e+00
9.273734863037100817e-01
-2.822662140146752763e-01
7.519763002613990555e-01
1.610510080689689372e-01
-2.919988556113483069e-01
2.979001688787130675e+00
-1.609492058197586062e-01
-9.279700357101663966e-02
-3.601778709023890079e-01
-7.981350747868971585e-01
4.983717804958407993e-01
-1.673427092233942814e-01
1.827904641583713463e+00
-9.384813355753575115e-01
4.094104014094326199e-02
2.450319094901576289e+00
-1.670010262230249065e+00
-1.444224739164253479e-01
-7.965142336160748737e-01
-8.956866507390515153e-02
2.519133999815180713e-01
-1.585442415065470678e+00
-4.876184506187856288e-02
4.373198886555698106e-01
5.436549967988919541e-01
-7.420144307042928489e-01
9.068886558542232912e-02
1.497481661865905644e-01
-1.073991523378447388e+00
-1.575563529442577937e-01
-5.612478009931231027e-01
-9.192033149963860783e-01
-5.949244328596536846e-02
-9.763839026184562009e-01
1.193502783818522345e-01
-1.013523140095602848e+00
-3.555153930989077282e-01
-1.316817084552219574e+00
1.626690137556355831e+00
-2.505058449310121338e-03
5.872079889779328044e-01
2.054818456983558556e-02
-4.140743353508730129e-01
3.235681304694114080e-01
3.033025485934123244e-01
6.880264720089396269e-02
-2.808112934451869047e-01
9.801436264910614593e-01
-2.400118105958603254e-01
2.976473666254880190e-01
-2.155133036753927200e+00
1.421873328452228913e+00
-3.565264402742006622e-01
2.935108380172209985e-01
-1.178451159532662995e+00
-7.535566067249331867e-01
-1.174408931409743895e-01
-5.127837366746308412e-01
3.544449106948970030e-02
-3.242012278234243094e-01
-4.197366156447615571e-02
3.666432231092211502e-01
-2.488213580572150585e-01
2.445981700053356522e-01
-1.361936819731007553e+00
9.385713484250410299e-02
-2.065118196617562685e+00
-5.727073851931852033e-01
-1.387860888526335768e-01
4.993895170819072082e-01
6.244614868578386435e-01
-5.497875629001868214e-01
3.421809445363591107e-02
8.918505269093578436e-01
-2.346507148420775568e-01
-3.601093739358990353e-01
-6.728867418581421234e-01
-7.186080879120901876e-01
4.934066565359973566e-01
1.770545477003289958e-01
1.215711963694842801e+00
1.177389584165209779e+00
-1.585729503106595717e-01
-3.692984456811108651e-01
-4.357728227406161836e-01
-4.605858624451979466e-01
4.497297667364258400e-03
-6.808397178906588909e-01
2.010085240152652553e-01
-8.716868640695080162e-01
-1.732676632375979575e-01
1.063752283497153117e+00
1.289523953027173819e+00
-3.230139098840313361e-01
1.121641399243858306e+00
9.256658568557659672e-01
4.927051147186448654e-01
4.646060600028908971e-02
1.374091883923836688e-01
-9.839700346493533978e-01
-1.107522016037114643e-01
-2.955829189115953826e-01
1.230413020141447378e+00
-7.096237248341011883e-01
1.084648125134068275e+00
-6.291476376660878334e-01
1.359380310883657739e+00
-1.384399786315326786e-02
-1.895841069366747789e+00
1.214635907406886206e+00
3.014179937129985443e-01
7.300684027343212756e-02
-1.908546721076745945e-01
7.986551340929631815e-01
1.020346031681704568e+00
3.582206457629948382e-01
-1.668540240704698974e-01
1.308536220195474220e-01
5.593613314720182750e-01
-1.174900657990052832e-01
-2.449743366914051423e-01
4.029554815024836284e-02
1.243956956004390602e+00
3.912354586800816381e-01
-3.379564150033471659e-01
4.544608314457665998e-01
1.092612357790960109e+00
-5.592988105173405389e-01
-8.539982500730644022e-01
-1.900804534815711211e+00
-1.361159605749427737e+00
4.230741121677182304e-01
-1.478813652825596181e+00
-3.865968021809260136e-01
8.854322934786006405e-01
-1.359385359292455631e+00
2.534734555882442453e-01
-6.116734668611508718e-01
-1.521316499013212198e-01
2.418416613445180108e-01
2.630305594223532051e-01
6.373626600908036677e-01
-4.204916106839368117e-01
-3.605539655080541861e-01
2.106061906990254196e-01
6.957856888366619197e-01
1.014438562505838526e+00
-1.310970341977720111e+00
-7.343554940044905166e-01
1.182268950705796851e+00
-1.459341334182755023e+00
-1.456681939038455331e+00
-1.251382539615306877e+00
8.461828976359537791e-01
-1.683079694884646482e+00
7.335215491434973756e-02
-6.428906599942469935e-01
-5.290582812324154394e-02
4.886942332901960534e-02
8.120005418029918598e-02
-1.335208249721755169e-01
2.564038070613111620e-01
3.906541800767476813e-01
-1.458082526849695526e-01
-5.139149027637209821e-01
3.923585574868308501e-01
1.603252891777176836e-01
-1.059542585853310293e+00
1.626891591408454740e+00
-2.422763709363331852e+00
4.907148758863376647e-01
1.098731719631747428e+00
9.239252691761302635e-03
6.415073963419595238e-01
2.464218622887252852e-01
-1.772989412361878347e-01
2.065349194172989122e+00
1.942573831459653899e+00
5.797297866600939487e-02
-9.311073075135362087e-02
-9.742035133068696062e-01
-1.379819332547459920e+00
-5.758498725473468749e-01
-1.906557693061399217e-01
3.898942757910964230e-01
-2.352409632853093235e+00
-2.958558774663824081e-02
1.627525189008368400e+00
7.250575427029083420e-01
6.884565687829199421e-01
-1.499692666795251261e+00
8.253779187453414989e-01
-6.259484377002096922e-01
4.680202574459448872e-01
1.205652557867989833e-01
9.773622894827741492e-01
1.195860097745169215e+00
-5.042926002645021777e-01
1.217259303686384353e+00
-3.784440792660797026e-01
2.860163821233847603e-01
5.259923576484906715e-02
7.794947493252094017e-02
-5.955786167576890833e-01
9.886220761108982513e-02
-1.325042097279294229e+00
6.779134656366662126e-01
9.045947298765319444e-02
-9.978768911831628063e-01
7.416598291029482537e-01
-1.347660658758824681e+00
-7.183932298406650041e-01
-1.599881836753385800e+00
2.957260240122853157e-01
-5.920589674989469309e-01
-7.920466078702150803e-01
-1.256713305301116135e+00
1.125942633492704514e+00
1.596458335008029916e+00
-9.168909309513026962e-01
1.814714707286405604e+00
6.752302739522311192e-01
-4.072881864076437486e-01
-2.442488223135934611e-01
1.770311705217058051e+00
-6.401595549172969246e-01
1.146993978917252577e-01
6.919332018909335469e-01
-1.004400522357372871e+00
5.696142817437447325e-01
1.506190031844834687e+00
-6.554942607328885229e-01
-1.132797920395842262e+00
2.386191485470775531e-01
-1.373195403991973151e+00
2.829579039320829215e-01
-8.812246877476730411e-01
9.667620863393316943e-02
7.022273455712366719e-01
1.280115816384135297e+00
-2.426531895414835716e-01
2.431787497773972573e-01
2.880225433208961072e-01
-2.068923038672091153e+00
-8.268144612352021916e-01
-1.455314978865537956e+00
6.166364716875837315e-01
-1.739536533749994340e-01
4.701356914753742622e-01
3.554692148233782878e-01
4.675292672919981185e-02
-1.877891589245727078e-01
-1.098279116676398770e+00
2.056206614353074946e-01
-1.421538032140440833e-01
9.186454356702983270e-03
9.245349273120447853e-01
-1.766096364028047594e+00
8.139130485492740430e-01
-2.192912252742008627e-01
5.746759559286271912e-01
-3.500862349918573702e-02
1.730197092295904238e+00
1.902884054926853308e+00
-1.222456914375328108e+00
-1.406653200503813927e+00
1.990029651223586549e-01
-1.408059657629683326e+00
-2.170563269679776641e-01
-8.091343551085360408e-01
-5.571501271716966519e-02
-3.504400646886962067e-01
-5.599846295977113364e-01
-2.293810232443503905e-01
1.566683707258042846e+00
1.421243964748513555e+00
-2.121820920534670751e+00
-1.010223621740111710e+00
-2.107958168958295742e-01
3.951427898030364094e-01
-1.307043981055274084e+00
-1.067236286274535262e+00
-2.230893779820242728e-01
-5.451182832550969248e-01
-1.425463166593873732e+00
-2.095706271330584347e-01
-6.033050606962682139e-01
-2.890989801570175155e-01
-1.298582421340555293e-01
8.556185279904304775e-01
-1.113868331606447493e+00
-5.463446167906230722e-01
-1.266318065579412844e+00
5.551660316118003924e-02
2.062536613820011022e-01
-8.950300138624012886e-03
2.155694294420901769e-01
-7.772083816536000667e-01
-3.070437752994634173e-02
5.251760072126651080e-01
-1.450794018027260268e+00
-5.193036272399990105e-01
6.739999493574698741e-01
-9.863837878438103113e-01
8.972977302382558751e-01
1.484407334271693024e+00
