3.820301049011396999e-01
3.707336678521185869e-01
1.148790211294897556e+00
8.494921192952333833e-01
-1.573519289912009289e-01
6.158749444761089098e-01
-9.119864803103292505e-01
1.438066647670630527e-01
-5.640677257941335565e-01
6.699610387682940482e-01
-6.289995935700859464e-01
-2.879664424733530126e-01
7.248469844114205918e-01
1.482234123139608561e-03
5.774193944546990309e-01
-1.009619867215410860e+00
-5.317559421338700076e-01
9.912953102804111793e-01
8.825440253625706222e-02
-5.989924588763874125e-01
6.947302324815011199e-01
6.895840097783461076e-01
-4.103878276236052058e-01
2.357996619431909635e-02
-2.840466466250012312e-01
-3.603755794136073165e-01
-5.734166579012058840e-01
4.329884437322557844e-02
-3.641395572676828785e-01
6.458680346682621476e-01
1.652507492769139941e-01
-1.330316545961656161e-01
5.356806365770877543e-02
6.374612219465611851e-01
6.907653535447622062e-01
8.521025094053761295e-01
4.581731402934723918e-01
-9.278732981459483220e-01
3.140286595732151853e-01
-8.522826513587603015e-02
-6.729229011566592936e-03
-5.832087279349652542e-01
-6.738613677781556399e-01
3.605425140591377864e-01
4.805182523372133474e-01
2.243971076957785027e-01
2.879235072646971760e-01
2.623286051324151269e-01
-5.767673475336086986e-01
9.389459986594947960e-01
-4.978467070501065295e-01
6.688223448067635024e-01
-5.946012130146838270e-01
-4.413375840663224386e-02
9.488163946967242968e-01
-2.739075275541238419e-01
-1.640716932593863642e-01
-6.310144883316306519e-01
-1.240457716735121202e-01
9.195300724483624899e-01
-6.709569334341145552e-01
4.870173403632033771e-01
-3.323461168127568588e-02
7.261818309452380271e-01
-4.609617878701636751e-01
2.925413637247957221e-01
7.268379661837111039e-01
8.363405353111769136e-01
-6.812009126168131479e-01
-5.187438502354072556e-01
5.657512204034387260e-02
-6.266598334413996385e-01
-1.083201252015231902e-01
-8.481569831700254136e-01
-1.040488632462638119e+00
-8.785608680641063817e-01
8.730887404961157339e-01
7.580799370197638387e-01
3.573528618094918841e-01
-8.227274787630292074e-01
-1.171658629544802821e-02
8.223867132704035798e-01
-3.840653156082325381e-01
7.088785706258791258e-03
-4.467591973614837841e-01
2.625330417658705562e-01
5.626824717934992837e-01
6.781035848617606998e-01
6.047214500069281184e-01
1.596759368667771961e-01
-3.189725966407242486e-01
-2.382633641688208792e-01
-7.947213048764237286e-03
7.112450911647086871e-01
-7.784113439586245464e-01
-1.068322893371812521e-01
5.014722509644544690e-01
-2.296653082003755619e-01
-4.020181508157546352e-02
-8.506587237937284218e-01
-2.734179291733260797e-01
5.165890906035921493e-01
-3.660934143618883030e-01
6.316040247640536398e-02
1.626318457497574199e-01
-3.988447294188637859e-01
6.737662788625091714e-01
-5.511220492586701436e-01
2.432003372107258143e-02
-6.618682883004179951e-01
1.063576349950527411e-01
-5.984886407730030111e-01
6.581239794630796558e-01
1.414875224804837961e-01
-1.611759764463632782e-01
6.756139030949754876e-01
9.420811430122981722e-01
6.201804578871887852e-01
8.867710152437371374e-01
-7.280188996058811757e-01
3.154569517956389291e-01
1.347396378828778496e-01
3.947652771210846678e-01
5.753114210431251596e-01
-6.007234445873833872e-02
-1.089651618662132865e-01
-7.157313046393337652e-01
1.672887467736272615e-02
-5.825306913344688864e-01
-7.296681567162953685e-01
-4.541105583820033154e-01
7.319748520094866429e-01
1.773138983593547380e-01
9.194884047894597012e-02
9.432215951223710260e-01
-6.265080603511862245e-01
-7.456801719648298299e-01
9.771042816534893927e-01
1.712169331881386314e-01
3.744185444247948302e-01
-6.709993772664250011e-01
-8.534411516623060523e-01
-1.054623610730762051e+00
6.053518992206039506e-01
-8.420180555319897175e-01
-3.402285329735976749e-01
8.615060763350170792e-01
9.689382771048864196e-02
-5.782360903758847481e-01
7.667710522200102963e-01
-8.869808419040343672e-01
-2.473459232601778468e-01
9.963828657134372602e-01
8.700077488627736555e-01
5.187719454199356539e-01
1.275311674930418027e-01
6.763492241856280396e-01
3.181751142750682271e-01
3.972930725381302874e-01
4.027811257062175604e-02
-9.442655305369057617e-02
-4.811577177321154086e-01
9.332682223073680561e-01
3.895678501305912533e-01
2.658281476161793999e-01
3.841969549885004831e-01
1.347982724703820911e-01
1.318129352014922873e-01
9.123923220265778289e-01
-3.181396697397292361e-01
8.379156612738705712e-02
8.088880629014956192e-01
-1.863206137327746981e-01
-3.198303868452242460e-01
-9.800680838665712380e-03
1.797423221811057792e-01
5.986060419094112461e-01
5.582564177697770802e-01
1.106304126621748263e-01
6.021451141982876454e-01
-6.579799140253981271e-01
6.023756350358854261e-01
1.068301992218273044e+00
1.979787862491622086e-01
7.815598640274243336e-02
-7.718644897084250278e-01
6.347329813930358000e-02
-7.701851758207117760e-01
-6.427556412841524125e-01
8.783365209915150462e-01
-8.250357571443526217e-01
2.237023417938712733e-01
-1.196385225657989604e-01
7.529335609392802109e-01
7.140027310144112516e-01
-8.111507807423605776e-01
-4.048837949739379494e-01
-4.055840169696257602e-01
5.001256579473334352e-01
-6.213985975546432866e-02
-2.133105801968415705e-01
-5.375141896294788335e-01
7.258608504563514030e-01
-3.807775625369407002e-02
1.275932710195045727e-01
-2.822090793638274420e-01
9.095207908697738874e-01
9.510762473212842627e-01
6.118933570001601208e-01
-7.362907563558174218e-01
-3.051799064017874930e-01
-8.468436270514614339e-01
8.107436393717178946e-01
-2.939085743391627870e-01
3.408927659222177886e-01
2.177720357982619870e-01
8.622928461155178470e-03
-2.373623936155727088e-01
-4.680567299439953310e-01
9.267851124576219624e-01
-6.403152774150240312e-01
8.287036635696792830e-01
6.570767222054498813e-01
-4.335800028371630255e-01
-7.663648988531263084e-01
2.439196176259645632e-01
7.473689047438923927e-01
-6.463764679132530944e-01
3.546752808891615594e-01
1.101802476392875624e-01
-8.304946158172564763e-01
-4.845405267628586365e-01
4.932374457044796934e-01
5.866786868122667586e-01
8.717409239774135399e-01
-2.411945798796924223e-01
-5.931769530985413486e-01
4.365970669931162340e-01
6.134916913586228038e-01
2.798880161960685675e-01
5.311546936211215542e-01
5.467824791169223486e-03
1.187841491437206631e+00
4.368338077635218752e-01
1.037952170141792863e+00
-3.415095551384830785e-01
-8.496850122585946075e-01
2.731179524393008706e-01
-5.175970198833725888e-01
-9.645870165471162050e-01
-9.271935776748160829e-02
7.186819656710896620e-01
8.725694142274434961e-01
7.251144035566782220e-01
7.475626744200125628e-02
-1.489672989084525612e-01
-2.462101394220164718e-02
9.378790559275431704e-01
8.556941696799936770e-01
6.274359177929759168e-01
-2.963791732872798623e-01
6.633208520127021890e-01
-4.719763794586374628e-01
1.004210222411281217e+00
3.547551512673565166e-01
