-2.326369617801747225e+00
-2.051996883371288716e-01
-1.935199691371777941e+00
-8.331459102858485011e-01
1.587612761466573041e-01
-1.034612566808499334e-01
5.512958375731212834e-01
-2.081435380133794144e+00
3.606781445369754424e-01
2.194768511846307835e-01
1.398124650350606735e-01
1.420447815186152707e-01
-6.929517542685068587e-01
-3.234841982872771471e-01
2.236303628486330908e+00
2.026928153292050006e+00
-7.187691973096901332e-01
-3.180314902429757229e-01
3.018963238322954767e-01
-1.743471863950810885e+00
4.161593395389239225e-01
8.530409248144690260e-01
-3.367054118824195363e-01
5.907836199873788274e-01
-1.197804556673820020e+00
7.767670805651247790e-01
-1.738255694895817882e+00
1.023219068764120943e+00
1.845054415559236549e+00
-1.386459754718055271e+00
-1.511194196278671686e+00
-3.482099002129279697e-02
2.935427506458976765e+00
1.425599705890310709e+00
1.420094440640371047e+00
5.829718000001441469e-01
-2.947063529915632252e-01
-9.624555778662418071e-01
1.522324989898625747e+00
7.222412542787519651e-01
-2.102641320671341241e-01
-5.132493675039098147e-01
4.042801032038895848e+00
8.583224593381357792e-01
2.160658082595436347e-01
4.406793218290823155e-01
2.779315001873935986e-01
-1.814031282888572960e-01
8.152551730314461231e-01
-7.703482031046051670e-01
7.178111283298620471e-01
-1.757562828387124743e-01
-1.944515774204134129e+00
-3.111027355105180220e-02
-1.199556142563383165e+00
1.402788395182313685e+00
7.471187248670789760e-01
8.448099645545507075e-01
-8.746027952270811756e-01
8.836667478182977931e-01
2.482813419952447198e+00
7.458961536213655208e-01
-1.027672378549219501e-01
1.843671031171804975e+00
-7.772648529937709050e-02
-1.942048932355584512e-01
-8.237895297105352066e-01
2.313662859312810016e-01
-1.031193775452206030e+00
2.701498028045214550e+00
-1.552783647513615028e-01
-1.110880515615910724e+00
1.365111014236099152e+00
9.573236943549692235e-01
-2.777285459123606248e-01
-1.602174143480183943e-04
3.388572637023908873e-01
1.517287573827226677e+00
4.159011581042164174e+00
1.019920754143132102e+00
-7.131009506367186335e-02
-8.152956779864374282e-01
1.876473102717184815e+00
-3.792356922611731518e-01
2.621982210026203575e-01
1.414003070340430490e+00
-1.966078693748287698e+00
-2.057008713212210016e-01
9.753839931378688322e-02
7.521526243224867514e-01
7.203272287550506192e-01
-1.348251639088906995e+00
7.825700589226469717e-02
2.848791799109362533e+00
2.255010739449317958e-01
7.103864492884948145e-01
-4.015097309936300762e-01
-5.364692216339728148e-01
1.598372747999966759e+00
-1.868170168782638640e+00
-2.109941946507030597e+00
-1.951193996382956986e+00
4.056593724746026391e-02
4.300770062490921752e-02
1.545432488284196548e+00
-2.032106307462518968e-01
-9.662674727568377753e-01
-2.852686552530955266e-01
-1.132753175401547630e+00
1.313569013965069920e-01
4.435572751515127754e-01
-5.826223691155785200e-02
5.666193385970264007e-01
-1.068827727176954179e+00
3.814611250716679614e-01
2.635423639459378187e+00
5.363066637914959411e-01
-1.385534410224601221e+00
6.734860696010209757e-01
1.007363758552571653e+00
-5.071203226025895461e-01
-2.439549075502564224e-01
-6.733340546530933723e-01
8.832472746446384804e-03
1.332506069158473805e+00
-1.552211706675967084e+00
-4.103019500120241858e+00
1.345397320721946066e+00
7.712525103895562228e-01
-4.271760170976127702e-01
-1.126837596609397973e+00
-1.039644827623159296e-01
-3.083015564809677422e-01
-1.412397742931421174e+00
1.458944950044168021e+00
-1.380602462829254140e+00
-6.441299618310213360e-01
1.780215642053717684e-01
-9.468044104725031884e-01
-8.720777982439982534e-02
-6.771341259410894597e-01
1.914594696545423913e+00
8.622101239860691102e-02
1.785976803696034398e+00
2.120869778320511045e+00
2.914660527421514269e-01
5.867766421257507581e-01
7.875146319193302435e-01
6.264056841936112008e-01
7.186729730868199884e-01
-5.089490779009813171e-01
-3.052478889805485540e-01
2.421504670500370382e-01
5.734813742993252195e-01
8.092170233837048254e-01
-3.087598351340930414e+00
-7.248576606055590066e-01
-2.013217703711613349e-01
-1.798286733563831952e-01
1.513683519056670868e+00
-4.096923444124482394e+00
1.132767377275164744e+00
2.962887737128331977e+00
1.159655630686006411e+00
1.325555145371337451e+00
5.126002118343339631e-02
8.643729317249495558e-01
-3.073190842324463601e-01
1.368740550873548401e+00
-1.204734073765685309e+00
1.106411808242031114e+00
-1.101559284783683701e+00
-1.046424047954771286e+00
1.373105061717167397e+00
4.417834493595813594e-01
-6.122762190544370764e-01
-2.582629459686570650e-01
-4.009223068034677429e-01
-2.587125888042997035e-01
-8.349037575191642357e-02
-2.347874325035337328e-02
-6.696278984942383161e-02
-9.757523250833147754e-01
-1.163362344685185956e+00
4.196502035024578248e-02
1.854977128506193340e+00
6.061023395852140894e-01
7.474123959473659706e-01
-4.619082621110282005e-01
-2.620631878614561039e+00
3.185362338641603230e+00
-7.711804764763310338e-01
7.335740969657377208e-01
2.319044897977862618e+00
-3.966660551830036852e-01
4.912049439032808440e-01
-5.032484391568031512e+00
-1.817096036948056548e-01
1.152834301159944841e-01
4.595037439666673773e-01
7.395469541968603400e-01
-1.328298858570911678e+00
3.525463408526406384e-01
-1.894156268181473646e+00
-9.384268562575719397e-01
-3.522775024977280456e-01
2.103127217259129100e+00
5.308285927741932531e-01
-9.828622609052206638e-02
2.696866230513721874e+00
-3.357840833844389916e-01
8.448508992420222796e-04
-3.114418401446812368e-01
8.919611194303834756e-01
-6.343077967986850974e-01
6.939085233306908906e-02
1.214847627738509850e+00
-1.066409782306885656e+00
-6.120291371298218763e-01
-8.045214976097938564e-01
-2.904300206933435602e-02
3.025977400361068784e-02
2.122918820927055528e-01
2.009742570963612418e-01
1.984449006321551134e-01
-1.013653142220107828e+00
2.401151537701550209e-01
5.165469871957972803e-01
6.107582982696777574e-01
5.086824842312402950e-01
7.965138444606985335e-02
6.450767862100197370e-01
5.259491325878817847e-01
4.340799197533535825e-01
-1.124197319537800333e+00
-7.620825229833710912e-01
-9.593073141550714222e-01
6.241885592577103292e-01
2.646154305738416257e-01
8.143880343251161946e-01
9.398253637737996602e-01
8.878710915393580594e-01
-1.312392860230583658e+00
-6.542873407003283459e-01
-1.689047009005457012e+00
1.024175913110835889e+00
2.798855700158096524e-02
2.034795459162163644e-01
2.843500733269677117e-01
1.012070405845244547e-02
1.002608089551787263e+00
-6.199433078874756475e-01
1.473877730803343056e+00
4.584221015917017694e-01
1.241009051604735625e-03
6.175729037699645430e-01
7.004637875994428331e-01
-1.339971890542882571e-01
1.530582476045315721e+00
2.091091804581069469e-01
-4.224925996917002768e-01
4.185486274703420495e-01
-7.377902317388205233e-01
-6.894209210814150612e-01
2.494706867902066194e-01
