1.018089064472109673e+00
4.535480979280657743e-01
-2.343638066261337083e-01
-1.443838776451992878e+00
4.920987163991589752e-01
-6.063040602231564158e-01
-1.356718901287061740e+00
-4.114893572888457252e-01
4.039651783088796799e-01
1.683239425172990966e-01
4.287198720017972309e-01
7.239499995080447281e-01
-6.104654753831493252e-01
4.697374982647015695e-01
-1.574086105461301455e-01
3.180269616786496889e-01
1.447181389239489357e+00
-3.578167347365081574e-01
2.580867439405685193e-01
-1.943314527204438036e-01
-7.398704205674574430e-01
7.202176000074161921e-01
2.115472551989533712e-01
5.175700746458207213e-01
-3.074931112254486454e-01
7.331180734094823181e-01
-6.069949403561721857e-01
-9.044674278166723314e-01
-3.650208059955611928e-01
1.926911200555193882e-02
-7.550432321521427514e-01
9.287279393876635147e-02
2.269735411062461794e-01
-9.804185292432591181e-01
7.766779038689284320e-01
3.503959701331199605e-01
3.644866935869842117e-01
-1.185922684246209169e+00
-1.030110654361253264e+00
-4.654050213186919360e-01
-6.003447856000554417e-01
-2.403380726316705629e-01
1.552511296698501964e+00
-3.645011481031381062e-01
-1.216962148357306983e+00
1.439179864067011150e-02
-7.139021158347313989e-01
4.602177474948528912e-01
8.070032219759661896e-01
-2.425806276911821602e-01
-1.588828484253582418e-01
-1.247990272469280848e+00
4.006524649510815328e-01
-2.430282772454948892e-01
1.414165728650008114e-01
-1.109400612539574560e+00
4.375093853122580256e-01
4.699702408056561365e-01
-1.106111765744227204e+00
1.329300100058339762e+00
7.915998176966139166e-01
1.297096723700159382e+00
-7.146045977812889860e-02
7.799783407384476286e-01
4.318880513256931897e-01
-1.762730635362886433e+00
9.467692597783372577e-01
3.067274361451332587e-01
2.337192812351971405e-01
1.208178378241079765e+00
-4.832265372159580963e-01
8.821138930383459753e-01
-3.877102615161356902e-01
6.392682610171677160e-01
1.220155039167485800e+00
1.499732468505082572e+00
8.436703543137165084e-01
8.043683887380832509e-01
3.889892610705826814e-01
4.187350610484874003e-01
-9.455318429929128188e-01
8.130679444713153625e-01
1.344915458293975519e+00
1.363976575393667234e-01
-5.359522759105944667e-01
6.378754012002978424e-01
-8.468379029288973792e-01
-6.515221152346059030e-01
1.836672921667925618e-02
8.807717332305042834e-01
4.500089583573964602e-01
1.006581266941433128e+00
-3.821808285832367091e-01
3.303952428442034073e-01
5.093143681825824942e-02
3.266144433135783620e-01
5.074126140928844619e-02
-8.145343614157965484e-02
7.998318953795697794e-01
-6.002295019285454336e-02
6.765239981913867551e-01
-1.607124187228372025e-01
-8.815635994360115912e-02
-7.630547393713551507e-01
7.028128211530195735e-01
-1.306817164157789701e-01
2.960392114926476900e-02
-6.955565934619794000e-01
7.409662478796961160e-01
-1.987440098802564503e-01
-8.864935138843508255e-01
1.241573582150807820e-01
-1.157488745899602600e+00
2.618045593868162380e-02
9.220624232882527194e-01
1.178568852297529279e+00
-9.369195714917317730e-01
-9.004046239095095938e-01
1.163636267335847130e+00
1.903074340859141511e+00
-5.752102131037351018e-01
1.228871382192598283e+00
-7.772700596858195254e-01
1.264719748773172725e+00
-9.088807991724030533e-01
-3.000067812697050362e-01
-9.043273723321494373e-01
-8.208999719101153225e-01
-3.772874539208260769e-01
-5.317537055289774939e-01
8.159697432350614399e-01
2.932022019841725724e-01
1.505748303661397447e+00
2.429584787834961068e-01
-2.402974708253334812e-01
2.820356562333257155e-01
-1.107678050791124136e+00
8.181796682079593985e-01
-1.810610564858296800e-01
-9.763282849355220394e-01
-3.224798192498165017e-01
-1.020080330242295608e-01
1.821407897456289726e-01
3.142867689259002395e-01
1.898451650416950742e-01
1.187665176481407014e+00
-7.241166439339652428e-02
-5.981868652431684419e-01
-1.380658117532897133e+00
6.615965198766614597e-01
-1.203979907022737716e+00
4.643531698571054522e-01
-9.383829882831781766e-02
-3.771943254030925008e-01
1.041949231654808239e+00
-7.382920978124689615e-01
-3.998287793471791973e-01
3.583381290157412469e-01
-1.404731330536398981e-02
3.490474714024678349e-01
3.380264264358326387e-01
1.257675551576984407e+00
3.203543157142236808e-01
-5.806189596964663746e-01
5.972177288668318873e-01
-1.656892745047574778e+00
-1.019842708264021791e+00
-5.967410362420129122e-01
-5.227759431600933482e-01
4.862231115252000357e-01
-2.533246071748349593e-01
-1.047809369196576856e+00
9.503975071406574049e-01
1.760551382174617929e+00
1.651433118809739198e-01
1.186195135134149314e-02
3.939464682935911455e-02
-3.661208100243169006e-01
-6.397948626519247561e-01
-3.553171444164909265e-01
7.166848193788023513e-01
-4.254671966605325095e-01
2.034920196215266874e-01
-3.478154725335007580e-01
-6.392165244542329372e-01
-1.039971025378379155e+00
-5.783053449905222188e-01
-1.965819898249589748e-01
-5.025225807727738969e-01
-4.239725675389718201e-02
-1.337832883550568841e+00
-6.514834079272943113e-01
-5.870784863938338649e-01
4.424366272058808391e-01
1.125764172003425712e+00
1.166076887937574913e-01
5.807722407741504611e-01
3.890724380619298151e-02
1.896982138769704451e-01
-4.672803196385488800e-01
-9.163873635039096466e-02
1.048955376995793554e+00
-1.166367630737278199e-01
-4.013206026937599646e-01
9.714211078533842025e-01
-3.155620271328780091e-01
-8.574831293493898055e-02
2.201870884090528779e-01
-1.430760623138646936e+00
-2.098274326971974191e-01
2.355695911866179104e-01
3.366184847878539443e-01
1.025034759272318574e+00
1.197330980278131507e-01
5.855548368028463679e-01
-7.174838037032743587e-02
5.688765427620117165e-01
7.853348440987134582e-01
9.194833611189578981e-02
3.923088857483937320e-01
1.182951681592316007e+00
3.766132572525302535e-01
3.854534547782031279e-02
9.538891015787559491e-03
-1.230996118059401123e+00
-3.349271667454434831e-01
1.547932957890420402e+00
-3.029673315769053632e-01
8.931651035398364691e-01
3.352234203084197839e-01
7.250111481245151701e-01
1.321216380376232014e+00
-3.325421026617489950e-01
4.878422287356213305e-01
-8.790747383637553813e-01
-2.710195202951791726e-01
4.636708602265641188e-01
1.141865827219682661e+00
1.703396765138605329e-01
2.140229171256999852e-01
-9.650211423357788476e-01
1.414120171022146266e+00
-2.829965392182922646e-01
-1.156929060516876051e+00
-1.033739883572893509e-01
3.707208049480968381e-01
-4.019416150661934140e-01
-2.720044624570180924e-01
-5.153180552492784283e-01
8.350570057047734807e-01
8.423864262326519192e-01
4.414757567700170471e-01
-4.493303953336371670e-01
4.464394548813186980e-01
1.157846442539336884e+00
-6.689782067126318621e-01
-2.441365313801177050e-01
4.866399838780874898e-01
-8.283815741996282123e-01
6.319871116776827336e-01
7.365134163122076805e-01
7.963497195665224515e-01
-8.691282163052703735e-01
-4.736219497941291379e-01
4.486339091128017653e-01
-1.217155066607447100e+00
4.491659223259492073e-02
-1.034430379228623353e+00
3.972452523842903149e-01
8.515821659818036127e-02
9.906416991800807148e-01
-2.128618806088312110e-01
7.274273921027371581e-02
-3.728205723476448741e-01
-5.058744236370764646e-01
1.319543540874439647e-01
1.865953132932258285e+00
-8.141706559187155134e-01
1.120219745036677095e+00
1.518022247254205426e-01
-1.452391651020978447e+00
8.663576101590353407e-03
4.985117646557656879e-01
8.247210407966049095e-01
-6.951934970943601799e-02
2.718721462461294314e-01
-2.837947109858238726e-01
-7.756630683614108568e-01
-8.439860810683419423e-01
-5.040238815257874760e-01
-8.081874570547544767e-01
6.707902178146345484e-01
2.870306413048964167e-01
-6.193009538240729778e-02
7.872201862692672636e-01
-5.523561842836421931e-01
9.529096853767333730e-01
7.626912651065808069e-01
-1.335720844048261524e+00
-1.253904866331535750e+00
1.021122922459023474e+00
1.123682105245439766e+00
7.486826068336961404e-01
-7.596958317321329535e-01
-4.375693937614257290e-01
-8.955684971423425456e-01
6.808029766870052346e-02
8.718977083772080361e-01
-4.630329495343339374e-01
-1.282885705163977264e+00
-4.319713203431364557e-01
-7.423618478827970213e-01
-5.139648490871855380e-01
6.065821550806042017e-01
-4.099139859391673357e-02
2.476644314958763998e-02
-2.820343632933646205e-01
-4.681205502395222040e-01
1.289857768470905330e-01
5.263621558355665586e-01
3.013680733188637273e-01
-1.975538698556484618e-01
1.605890775671445336e+00
3.421334071198088300e-01
9.198827485816227778e-01
3.622253725112525857e-01
1.250567691770434697e+00
6.327323751590336887e-01
-6.807333927900349746e-01
-1.632901169950538911e+00
7.064449506693381009e-01
1.190718971010827021e+00
1.125963510160753689e+00
9.379699939540951936e-01
-9.559063162907494027e-01
-8.355556568762043668e-01
-1.168360792192655317e-01
1.437413738161105736e-01
4.679124957205044177e-02
4.028331090870470033e-01
1.410838614525907753e+00
-2.522610671772212432e-01
1.294385177850752577e-01
-8.525627169541609707e-01
-1.170452552190771600e+00
-2.125427698102590746e-01
-6.756376267488704013e-01
1.333379074193604019e+00
-6.381504506345346828e-01
5.224134749986849569e-01
-1.350071759356380463e-01
-5.020427491124852537e-01
1.108795588059576342e+00
-3.645049103364118581e-01
-7.533862699708894217e-01
-7.978878452038362656e-01
-2.378741337082112828e-01
1.148668894358820136e+00
2.005655730051051355e-01
-8.719428871272535408e-01
-9.641060292638898854e-01
9.725719277756514902e-01
1.132559428847497607e+00
8.706952120988116217e-01
-6.301178994002011313e-01
8.608427449776123730e-01
-4.271629345339969519e-01
-3.300364921189612444e-01
6.079064358820323033e-01
