-1.796727870623159307e+00
6.409211374732100008e-01
5.486866076373207030e-02
6.862559506974471590e-01
-1.238285224314245481e+00
-7.093933007773367549e-01
1.420628418243344848e+00
3.360119891958313620e-01
-3.518168317285363500e+00
7.774027587535694561e-01
-4.552530264936497373e-01
-1.056906630658712709e+00
6.294964103676053968e-01
1.892194788232108016e-01
-3.450839587050830715e-01
-1.181673656342149714e+00
-2.514322500331398924e+00
-1.761713550646061499e+00
4.523056126977120783e-02
3.766777137532387187e-02
-1.637536306680943410e+00
8.228024871398478268e-01
7.643331270731202887e-01
-4.056076657234986005e-01
-8.361132291780787318e-01
-1.160777562567266441e-01
8.180526249403281547e-01
1.446297393287328537e-01
4.098692292162623568e-02
-1.391336636836489338e-01
7.057414189550068606e-01
1.455264449184273223e+00
4.155767026053950319e-01
1.807156823852083649e+00
-1.140186900578024964e+00
-1.000473003729855259e+00
-1.539604971720051063e-01
-7.984041352600277364e-01
5.592328951552050231e-01
2.068019579811040676e-01
2.489838050248136814e-01
-3.141008586908643485e-01
5.985376518496909881e-02
1.981368449214294669e+00
6.653219042588380816e-01
-2.834183895688815902e+00
8.769816996803120324e-01
-1.618765667307488165e+00
-2.978675428683615900e-01
1.410226139094839404e+00
4.383112200747130149e-02
-6.576765503320606276e-01
-1.038830707146670029e+00
-9.424223208268196483e-01
-3.063571392449261355e-01
-1.263839025966485341e+00
-8.119615795585971574e-02
3.263471122633218591e-01
1.373541307517534560e-01
-4.586524745735561792e-01
3.133241178758612300e-01
4.548954285786296348e-01
-2.592562493412449709e-01
-1.718662785933294801e+00
-5.982249339735263849e-01
-7.888543995893770866e-01
-1.334382132861945847e+00
-8.236663139923361410e-01
1.173078339328782888e-01
1.255506759431216812e+00
-2.125087174367802922e-01
2.036858896928269047e+00
9.586481214392402750e-01
4.094902364022578317e-02
4.630856819007226122e+00
-8.263736669361807508e-01
-3.876887983446651309e-01
-7.540634641188428411e-01
-2.354449428456497628e+00
2.064138079732766307e-01
1.110982928248954060e+00
1.701350530893501189e-01
8.004615803590528489e-02
-8.595825390947564593e-01
-2.156329734207426685e-01
-1.493647464920374313e-01
2.942281809543900173e-01
4.074587567253211418e-02
3.952205118493808955e-01
2.509748820515326218e-01
-2.105076870109234277e-01
3.854327006427072516e-02
9.276920588538231094e-01
1.047909228329360953e+00
-7.727052512511544125e-01
2.296092199505229969e-01
3.679172291881602774e+00
-2.442724998695667005e-01
-7.895939019073885956e-02
2.591804510327125888e-01
4.886654994909634953e-01
8.799255727767195667e-01
-9.076638670228228678e-01
6.733144960610151775e-02
1.873817065327455733e+00
2.761175292923483959e-01
-9.216783236324596063e-01
-1.170508516805066901e-01
1.294476640893992059e+00
-6.024059497593844403e-01
1.363531667728989649e-01
1.831960521627660210e-01
-1.189710539813365386e+00
5.147599363137976836e-01
1.342095368592235882e+00
2.983337945222909182e-01
-7.251982346178281746e-02
-3.204850434683054194e-01
-2.854729975225426819e-01
-2.782734752354094621e-01
1.300541323734660248e-01
-1.785504446829417668e+00
-6.819069282304808244e-01
1.495461130796954530e-01
2.143430071565306516e-01
-4.184752642388920307e-01
-2.256966330261249265e+00
1.834146436235630784e-01
1.383395194254686544e-01
2.765773987746047879e+00
-4.075082519496100453e-01
1.328613974867761949e-01
-6.377569623627499240e-01
-9.350599911672384801e-01
7.001604879813679849e-01
-5.861153832430855415e-01
3.588259436103479194e-01
-7.829016947099238788e-01
-3.878925294387391420e-01
5.346144793735823075e-01
-4.481115842473598065e-01
-9.223467947562513647e-01
5.568139701839485145e-01
-3.114675071982250243e-01
-1.482397357629719581e+00
-2.400298780167196833e-03
2.429689636801283803e-01
-9.671639597334059646e-01
-5.046733362613003981e-01
-3.825845971105044097e-01
1.938779269797924254e+00
1.472248492947330345e-01
-3.865714985303435047e-01
-7.903143740047465782e-01
5.867021365148956669e-01
8.545142917219735734e-01
-1.731489796959643668e+00
-1.211459090654686932e+00
-2.591194698961030163e-01
-2.568166680338216601e+00
-2.600802334750393352e-01
-2.029029929564535040e-01
-1.593261028814909386e+00
1.013602813981450801e+00
8.782406321889976719e-02
3.592060916988645269e-01
-3.938073577156901983e-01
-8.284986801036106630e-03
9.423923120935224773e-01
1.284835285773975766e+00
-9.063641546880450983e-01
2.253539939446298213e-01
-1.074815768180749712e-02
-2.171298925925687850e+00
3.558934987462592514e-01
4.517431162047970683e-01
-9.224456562488458911e-01
-4.985249842860854375e-01
-3.848948661396722315e+00
1.826252149097409516e+00
-6.051749887683012252e-01
-4.452156845125271323e-01
-6.415737393266466304e-01
-9.608949094782910372e-01
2.162882064115423386e+00
-2.322042062560250031e+00
-3.013744955712706730e+00
