7.259349986765564755e-02
2.037358951080247560e-01
5.661049516122628189e-01
7.438364040639503516e-01
1.245153069496255593e+00
5.879710477799824364e-01
2.806421580129629501e+00
-1.203696543632878591e+00
1.898545881104767741e+00
1.092756625681989835e+00
1.527691127143380623e+00
-7.312464408551281325e-01
1.031523189855940270e+00
-3.296831169485437973e-01
-5.127191852482538836e-01
-5.756767353680650734e-01
-1.376521293921870448e-01
5.688708825593342677e-01
1.242249121256848499e+00
4.356443481036562648e-01
1.956157911899505386e+00
-2.124119958760446458e-01
7.020042190643693836e-01
1.728424578998345895e+00
-6.712087700090569875e-01
1.886096721076414573e-01
3.970551986467600880e-01
2.442338569601008480e+00
2.464664097584806424e+00
-1.487151568745294750e+00
4.949241333574655455e-02
9.105293460486052481e-03
3.718560793337881254e+00
-9.116462510555025656e-01
4.192174072305857591e-01
1.601236101915326226e-01
-6.789213041015561778e+00
1.850221911329270608e+00
-9.224471825779678724e-03
1.323243660482160244e+00
1.870877116925106387e+00
2.430666593520059759e+00
-5.489011177224404348e-01
9.821063044232591910e-01
-2.783324490956895936e+00
2.233144926485175930e+00
5.868685893877040316e-01
7.850604253327543303e-01
2.271695920922759682e-01
-3.431439187602580709e-01
-2.939212938989840818e-03
-8.774272770510501696e-01
5.252870539062455268e-01
5.601108900594125029e-01
-2.469052880180689913e-01
-4.854334550100450341e-01
-3.339441895719279518e-01
3.364068227849636994e-01
-1.135704415523140831e+00
8.563585437982491888e-02
2.395046787288000467e-01
-3.961170326165071032e-01
1.857444577628137194e+00
-9.092880294967963239e-01
-1.058810903964171768e+00
3.917404746107743252e-01
-2.287746092398618369e+00
2.704802367487292081e+00
-4.500641246664283113e-02
1.360261899201961278e+00
4.755733466219297378e-01
-2.699790263056421891e-01
-6.751325536207291034e-01
4.218917183521472047e+00
5.033347222030745138e-01
1.370314692343166607e+00
1.505693993917853746e+00
1.036603761464226725e+00
-1.132078985621008949e-01
7.185219713125460261e-01
-2.796257156733972238e-01
-3.453449941517215294e+00
5.672904358976236239e-01
7.392397710621112505e-01
-2.078145513231401953e-01
2.315734177255069248e+00
-1.497601431070223921e+00
-1.631208501022422652e+00
3.704887289568422615e-01
2.364946495714056240e+00
3.108870984837588836e+00
1.435910475015680365e+00
1.129300085888492733e+00
6.005312459482602394e-01
3.056943162473552689e-01
-4.815194467231536657e-01
5.506419199699437161e-01
-3.943943636457703406e+00
8.617058163720119346e-01
-5.620310865213526963e-01
6.233462239802908256e-01
-5.387766908152789025e-01
-4.706367502172022488e-01
-1.957024914842793395e+00
-2.985120964670037735e-01
-4.590627104692091009e-02
-9.344344799596042417e-02
5.092875341170686188e-01
-1.810897400356012987e+00
5.748179209053681404e+00
-5.091173991909052621e-01
-1.940077162780890485e-01
3.730910724510374976e+00
-7.755963357168695893e-01
1.397560016971204577e+00
2.721867029861237963e+00
-2.463177854521838128e+00
1.111052398194007640e-01
-1.536068014079882360e+00
1.195901223136546232e+00
-1.612113449468898896e+00
2.271721988928811164e+00
4.367361277560122823e-01
-5.624043344185063464e-01
-1.949427404094188354e+00
1.499898308286909121e-01
-6.644791536519666364e-01
2.573527760215871263e-02
1.222477318378087263e+00
-1.082638495751256480e+00
-1.040133888443309340e+00
-5.425442832457625375e-01
6.251123119875382494e-01
5.750710500446715168e-02
2.251190110813832135e+00
-6.234365980456634260e-01
9.893708069955788886e-01
-3.683815116537192402e-01
5.596980522131194125e-01
-1.069934025843593428e+00
1.689706810886816291e+00
-3.952188230129607405e-01
-1.612935563133247818e+00
1.489346000397863135e-01
-1.655374530065351069e+00
1.661569733660886561e+00
1.057170446370892858e+00
-3.898446070839882260e+00
-1.993359095198601105e+00
3.369185144334047255e+00
1.888888487481104494e+00
1.288926746384890354e+00
-5.099587276611212694e-01
-1.100407122732938614e+00
8.306504002153977106e-01
1.018504525077276623e+00
-1.164587986291125254e+00
7.888388128167622693e-02
3.868434150453553544e-01
1.225958972260797086e+00
2.433012223767308857e+00
-3.757296639588814102e+00
8.084286156688788583e-02
5.303106107619874887e-01
6.207462579905768107e-01
1.558074268225467574e+00
1.221821470613970284e+00
-6.109104621816271674e+00
-1.239477639773388429e+00
9.935539265182649071e-01
6.037186400639998896e-01
2.862301154235489697e+00
-6.334186128811949423e-01
9.492156751493424638e-01
-2.420267190648100364e+00
1.957326421917950476e+00
-1.544728468370798247e+00
-3.140477340628601510e+00
5.734649897324018974e-01
2.668124614447247467e+00
-1.396004359161539199e+00
5.884256933208285023e-01
-2.322764332341230309e-02
2.062737649361043424e+00
-3.682320511203431290e-01
-1.336658940077378177e-01
-1.824918613351943053e+00
