3.775931738014451367e-01
-1.101794154099037470e+00
5.587382744428232018e-01
-6.875741365746305789e+00
1.086901197827000232e+00
-1.089550868556807384e+00
-3.723238456225472781e-01
-1.179312179078490619e+00
-6.203167915294041102e-01
1.739045336316928092e-01
1.025729206168680907e+00
-2.706233627613159332e-01
-1.014642077040818657e+00
-8.946111735785778896e-01
-5.475974708497551857e-01
4.600430519063843704e+00
9.699524411971620630e-01
-2.691944788607513184e-01
-1.266585786822925108e+00
2.642085192970464735e-01
-1.536843723692733699e+00
5.308780170720561742e-01
3.277842179604454564e+00
-1.673559979699013045e+00
-3.760377893050225850e+00
6.136447694615080328e-01
8.093362356479083530e-01
-3.967007954029092565e-01
-7.634818383214487802e-01
-2.327521613702588255e+00
-1.596575425878791199e+00
-1.204863487788755405e+00
-6.305083190614959587e-01
-1.247369023245049391e+00
-8.165203068797566299e-01
-9.726467369048019673e-01
3.527869728017274387e+00
1.343747218287818068e+00
1.264432719447697862e+00
-2.999885701420726414e-01
1.305670948252356800e-01
-7.241926884206127957e-01
4.475419636939610979e-01
2.350192401325142399e-01
-1.763628373726462417e+00
2.649023066165734797e+00
4.350210677943703863e-01
7.989256085188729539e-01
1.857207707315233214e-01
2.136262412913463749e+00
1.642581449349940215e+00
5.620655506854451700e-01
1.598623299419246468e-01
-2.042315277805008211e+00
7.200507281889609867e-01
1.401881552476137216e+00
7.485623918059216564e-01
-6.967987421965974315e-01
-2.355843278820026754e-01
6.062498711417269037e-01
9.351827430494291660e-01
-1.326341839803520495e+00
1.576253915409176809e+00
1.996464076955370426e-01
1.328314267682630057e+00
-4.120331406326336321e+00
2.788453640438485759e-01
-1.899400794265139636e+00
-5.717528782439599278e-01
4.782098749020909090e-02
-1.433111528483052677e+00
4.831772079683075427e-01
4.194582411475580308e+00
1.188311897158123687e+00
-3.494157460830055850e+00
-9.137737919136368347e-01
-9.165677277424444380e-02
-1.194022891867667413e+00
-1.014524739516368790e+00
1.626338532699291184e+00
-1.974295564065327302e-02
-2.626476894053674460e+00
1.309270018913293976e+00
-1.289698098477896293e+00
-8.170853751540052556e-02
2.465453191167491287e+00
-9.871380790729648025e-01
-1.710693348244101686e-01
-1.665468286632819650e-01
9.734297351342285909e-01
-1.572568218181821242e+00
1.081267264086346325e+00
-2.065184858361973075e-01
-1.401878621118324952e+00
6.323211047039641874e-01
-1.164648427172437328e+00
1.926792307671035376e+00
-5.174644420616187901e-01
-4.663601478323428084e-01
4.598759925143675042e-02
1.384741830826856201e+00
-8.049998353497591630e-01
-9.532523274725929197e-02
-2.597837350112173205e+00
-1.972881708117607324e+00
-1.459072616710645365e+00
-3.622462983423623273e-01
-1.471868186524135869e+00
-1.029667845867944909e+00
1.966059238339864956e+00
-3.615592512459073760e-01
-9.710677333282764501e-01
-8.940831583629409440e-01
-2.622412776128330680e+00
2.836666306670508897e-01
-9.981532758178571774e-01
1.585246343399107916e-01
5.241192926848042832e-01
-8.911739341667834768e-02
-4.516460849873741856e-01
1.363745942152099877e+00
1.322607310401730629e+00
2.206398669650309952e+00
-8.562547607751874734e-01
-9.288466201645080300e-01
-1.619519942016606207e-01
6.790421629151052185e-01
-6.321282058714577934e-01
2.909354312998151948e-01
1.690728815669427509e-02
-3.503788617801431027e-01
4.460232862909485063e-01
5.808525982519056052e-01
-2.718071316373742441e+00
-9.196227902295203704e-02
1.168935783848605414e+00
4.788664039779457759e-01
-4.633659274845506881e-01
-1.361894877348615029e-01
-3.753400329454563145e-01
3.048546924953056347e+00
7.410184512791424538e-01
3.817239761775403917e-01
4.520140884109296597e-01
1.502369051737625361e-01
-9.701581971072782418e-01
-1.579613969360416537e+00
7.186241383630843638e-01
1.094104639255853328e+00
-5.079525988460469321e-01
4.113919268163833687e-01
-5.086419930405079448e-01
2.798536295358459713e-01
6.225885274305285044e+00
-1.186804629246431819e+00
1.456941031735696335e+00
-5.108392294622977614e-01
-8.161666031911318786e-01
-9.684336894313207988e-01
2.359861935584560477e+00
8.072972784660306100e-01
-5.530197286505852405e-01
-2.107455991905525516e-01
7.307618443974899236e-01
1.535256424713063339e+00
1.295691974705758032e+00
1.258774659220779635e-01
1.849958999892366007e-01
-2.219051004354471446e-01
-3.070893109863803261e+00
3.993626653332299492e-01
-1.903776426962951795e+00
1.268450615633967660e+00
1.124762776263825037e+00
-4.713526160152664568e-01
-6.347341587272806729e-01
-6.701232751026824808e+00
-4.222344456014239800e-01
1.412870496278562094e-01
-1.435286398197079594e+00
5.968463262829264426e-01
-1.460824190067472328e-01
-1.451979588876709748e+00
8.503049850508306307e-01
-9.347371259783896491e-01
-1.789738475833436704e+00
2.499943162734989066e+00
