1.173129365625118048e+00
9.678182362108689318e-01
-1.141878445627796850e-03
1.718273810596175899e-01
1.124306776374428329e+00
-1.740067417324235310e-01
-7.113696056271689994e-01
-3.400507635507674653e-01
-6.528751678334486774e-01
-9.141098768990640888e-01
-9.597350722022663927e-01
3.119340328076044555e-01
6.481711148432418579e-01
-1.187415949235662849e-01
-6.355237051753727107e-01
8.208582734172180650e-01
9.869094481231995841e-01
-4.260273913830368020e-01
-5.681172145769793902e-01
-1.534479447614805203e-01
-9.550156053888154695e-01
-5.912694346979223692e-01
4.913577843333590683e-02
1.289120588748771778e+00
-1.568490246188185833e-01
6.223825353267339183e-02
-2.890891278640644879e-01
3.772886555681457810e-01
9.169175246505701926e-01
-1.111620988722920034e+00
3.054656333545124891e-01
-7.970022843093118592e-01
4.071646630124140520e-01
1.569497751240500061e-01
-7.724134212235629349e-01
-6.860220343349603400e-01
-4.950641008995958492e-01
5.216199179109478612e-01
-1.073231435567085335e+00
4.255988346283494650e-01
2.743913126309444062e-01
-2.435362244780290841e-01
-3.601579693564780360e-01
4.352154331944082521e-01
-1.133487356699334869e+00
-4.604100697975283540e-01
-8.753776011482088393e-01
3.341794377825501039e-01
-7.019260352915430712e-01
-1.536727931558519999e-01
1.238051397408279630e-01
-6.770004309496602257e-01
1.191537705676860792e+00
-5.733452690980367361e-01
2.232264105768794193e-01
-4.955029809573730515e-01
-4.993653599032120138e-01
-2.708752035164613825e-01
-1.069986431931587489e+00
-1.042699164473562590e+00
3.395201376723583353e-01
1.024480467544680584e-01
7.317750099919190232e-01
-6.903552651327374834e-01
7.248818276912184499e-01
3.397162319202109426e-01
-1.200701499835457320e-01
-1.026385491657119675e-01
-7.140228768694563133e-01
-5.050266911806170489e-01
4.488689847049692760e-01
8.584707409105216680e-01
3.043558108283594965e-01
-1.277752438443512828e+00
-1.182494725378194556e+00
-5.985261566768551589e-01
-1.908515476901955776e-01
5.584068431408251154e-02
6.455542329966498238e-01
1.467066110876846519e-01
-5.908624918782222624e-01
-1.821831637253823466e+00
1.131892142633575959e+00
5.536483244261611869e-01
5.485412549143893202e-01
8.831590200814525282e-01
-1.051161502433188399e+00
2.143468787426250910e-01
-6.331224434656826938e-01
1.285999271990934945e-01
-2.321037851557226639e-01
7.177782133974466294e-01
7.289070113777863513e-01
4.552666921023177382e-01
7.559779141041214068e-01
1.995570339121920667e-01
-8.821140032182610557e-01
-3.516914701706094215e-01
-3.633261973234281905e-01
-2.112310215171256736e-03
9.996642642459525607e-01
8.558097142512911537e-01
6.546077944505775126e-02
-7.324647611257487645e-01
-1.048604211403895370e+00
2.741027867537270124e-01
-1.884664804333719135e-01
4.548214517071049734e-01
-9.436601485086640317e-02
9.133049144731247848e-01
-5.124130140631141250e-01
6.275580249413704736e-01
1.670756946464136083e+00
2.736446693410125031e-01
-4.591542039166149891e-01
2.151110405775095713e-01
7.045661801524389922e-01
1.326640156477261190e+00
-3.565701175473874329e-01
-6.885311339847250967e-01
8.086274117786917959e-01
3.355049828013846880e-01
1.209136773370509843e+00
2.122119147534322070e-01
4.494519881904807668e-01
-8.233492790292575858e-01
2.762444808992325918e-01
3.950187307384782076e-01
-2.786801407315455115e-01
2.378647786494275662e-01
-2.557600384434451923e-01
4.777634717161267641e-01
3.331239701345948268e-01
-8.266155161280877572e-02
-3.226384399845123700e-03
-2.459547633864520577e-01
-9.479561666680040855e-01
5.046249544691375766e-01
-3.773449090892115332e-01
1.039282681418452203e-01
7.165538909553896829e-01
-4.627241910488823495e-01
8.736823572427323548e-01
-8.484479768462942495e-01
7.356563290648655551e-01
-3.045894642383608630e-01
-9.011830389629021942e-02
7.841510668832998299e-01
1.404102524352599524e-01
8.515454176690376853e-01
2.909459278317336750e-01
-4.389042855126845666e-01
-8.818733815183195102e-01
-7.064652071565934444e-01
-6.554902002103150938e-02
-1.509381290731604541e-01
7.326761468220888140e-01
1.093837398937449912e+00
-1.774756393057572712e-01
-3.600076567124321780e-02
4.515695127720225077e-01
1.165603723148307957e-01
5.148253920969063646e-01
-5.156353106244930817e-01
1.848620881528339754e-01
9.955393997792840732e-01
1.722273367197276750e-01
-8.118630145793964692e-02
-3.863141342102435760e-02
-2.093744570334335475e-01
-2.888805049082102030e-03
-4.810867917546979289e-01
6.523665940901508531e-01
3.563714298916538792e-01
-6.536321780926810376e-01
6.408745491958622864e-01
-5.304289864081424000e-02
3.706971327851711351e-01
-4.034428778239914637e-01
-6.287367483921392219e-01
-5.475600694036852900e-01
-6.892718365519575618e-01
6.306373356854519940e-01
-1.998278398193755190e-01
5.846029722804881867e-01
-1.291142535855764661e+00
8.816246448441196204e-01
-1.107056046162733676e+00
3.351577682985922291e-01
6.464709356417113612e-03
-1.515195834116285500e-02
-4.993823521154763245e-01
-7.086469140470637029e-01
-4.497687955467096765e-01
6.259354137267700846e-01
-4.991105630033523255e-01
-5.941805943288782643e-01
-1.247301560241882878e+00
2.875011895763227021e-02
9.762316795331447139e-01
-4.548177308517334927e-01
8.798651719794564618e-01
4.355201592137808442e-01
-8.243341743734295957e-01
-3.643736997278559930e-01
-1.223723905479181528e+00
-3.514839359216518355e-01
-1.278457122849817329e-01
6.291157200936512428e-01
1.584434796524304412e-01
-8.854235538506232128e-01
6.546368026925311057e-01
-3.426008341621004649e-01
1.021124973183614948e+00
-5.034740656030460837e-01
-1.334238626708823983e+00
-6.228792238256084524e-01
-4.309969726307979476e-01
1.014318583425532161e+00
6.051162128456817335e-01
-2.107883181790806970e-01
-5.081564889587156797e-01
3.596431275457893095e-01
-9.489173169739617553e-02
1.102056617434433505e+00
-1.281348637252130551e+00
-1.171122211851710476e-01
5.263021394284141952e-01
5.642025617107223612e-01
1.215556728081550464e+00
1.900788449751928955e-01
-1.684107043287084826e+00
9.354531100409176902e-01
3.160646262185132227e-01
-2.419144934456625706e-01
-6.653835836298206408e-01
-2.613002214492133324e-01
7.093686224349435854e-01
-3.682083902692332433e-01
-2.156403275818675469e-01
-4.184669833603185118e-01
-5.577066538460515588e-01
-3.228111556235107038e-01
1.254776084220020349e-01
3.649980364388030751e-01
-6.550128848698371087e-01
5.029408491971166795e-01
9.241777398082096084e-01
-3.081908650849514708e-01
2.393540175715688778e-01
7.324766422954898104e-01
1.063344063896286995e+00
5.609666350319484351e-01
1.323956836725150299e-01
-8.850297466920162837e-01
2.617551375801012159e-01
3.444977658192759362e-01
-1.808945671662214594e-01
-1.462474688360631547e-01
-8.995995630480035921e-01
1.639889806563756824e-01
2.184637547073853825e-01
1.051513342557542252e+00
-5.108576727643090454e-01
-3.931238892629714821e-01
