-1.000000000000000000e+00
2.914951454398997388e-01
3.044077064444468128e-01
7.681684865902700388e-01
1.000000000000000000e+00
-7.592371504297821261e-01
-1.000000000000000000e+00
0.000000000000000000e+00
1.000000000000000000e+00
0.000000000000000000e+00
0.000000000000000000e+00
0.000000000000000000e+00
-7.367672232008375399e-01
0.000000000000000000e+00
9.244278636000906602e-01
-1.000000000000000000e+00
3.485366725763201501e-01
1.000000000000000000e+00
1.000000000000000000e+00
0.000000000000000000e+00
5.457373338231452653e-01
1.000000000000000000e+00
0.000000000000000000e+00
0.000000000000000000e+00
-1.000000000000000000e+00
0.000000000000000000e+00
-9.420355144638636880e-02
-1.000000000000000000e+00
0.000000000000000000e+00
-1.000000000000000000e+00
-4.737324982706867527e-01
-3.236493921554006725e-01
-1.000000000000000000e+00
0.000000000000000000e+00
-1.265276966045763007e-01
1.000000000000000000e+00
0.000000000000000000e+00
1.000000000000000000e+00
1.092578999614071122e-01
1.000000000000000000e+00
-1.560258350542016448e-01
-1.000000000000000000e+00
1.000000000000000000e+00
1.000000000000000000e+00
-5.329339397587000704e-01
4.586008392187734817e-01
-1.000000000000000000e+00
-1.000000000000000000e+00
-1.000000000000000000e+00
1.000000000000000000e+00
0.000000000000000000e+00
0.000000000000000000e+00
0.000000000000000000e+00
-2.667507845180310255e-01
1.000000000000000000e+00
6.751742488164342859e-01
-4.836756522870515607e-01
0.000000000000000000e+00
0.000000000000000000e+00
0.000000000000000000e+00
1.000000000000000000e+00
-1.000000000000000000e+00
-6.473573984338056864e-01
1.000000000000000000e+00
-6.728914840050275181e-01
6.672762114405701439e-01
0.000000000000000000e+00
1.000000000000000000e+00
1.000000000000000000e+00
1.000000000000000000e+00
1.000000000000000000e+00
0.000000000000000000e+00
1.000000000000000000e+00
0.000000000000000000e+00
1.000000000000000000e+00
-1.000000000000000000e+00
4.757337000552341877e-01
-1.000000000000000000e+00
0.000000000000000000e+00
5.470695246124197553e-01
0.000000000000000000e+00
-1.000000000000000000e+00
1.000000000000000000e+00
1.134940092165903636e-02
-9.880651674342562085e-01
-1.698779257338551840e-01
-1.000000000000000000e+00
-1.000000000000000000e+00
0.000000000000000000e+00
1.000000000000000000e+00
-7.668766849374879513e-01
-2.661414097692627045e-02
-1.000000000000000000e+00
1.000000000000000000e+00
0.000000000000000000e+00
1.000000000000000000e+00
1.000000000000000000e+00
0.000000000000000000e+00
-1.000000000000000000e+00
-1.000000000000000000e+00
7.793492902051559756e-01
1.000000000000000000e+00
0.000000000000000000e+00
-1.000000000000000000e+00
3.513678538597506673e-01
1.000000000000000000e+00
1.000000000000000000e+00
-1.000000000000000000e+00
-1.000000000000000000e+00
-1.000000000000000000e+00
-1.000000000000000000e+00
-8.799149531122636425e-01
3.899725453487157267e-02
0.000000000000000000e+00
-1.000000000000000000e+00
0.000000000000000000e+00
-1.000000000000000000e+00
-1.000000000000000000e+00
1.000000000000000000e+00
-1.000000000000000000e+00
0.000000000000000000e+00
-7.096806165348652495e-01
-1.000000000000000000e+00
3.738061164629609134e-01
-2.155913189369393912e-01
1.000000000000000000e+00
2.652858551651502417e-01
4.210508409264235308e-01
0.000000000000000000e+00
-1.000000000000000000e+00
0.000000000000000000e+00
1.000000000000000000e+00
-5.330356868188121933e-01
-6.454618975249586388e-01
0.000000000000000000e+00
0.000000000000000000e+00
-2.793303022987103645e-02
1.000000000000000000e+00
-1.000000000000000000e+00
1.000000000000000000e+00
-8.909063570696451606e-01
1.576518174282668383e-01
9.167847501291235268e-01
0.000000000000000000e+00
1.000000000000000000e+00
-1.000000000000000000e+00
1.000000000000000000e+00
6.569553587051246701e-02
1.000000000000000000e+00
-1.000000000000000000e+00
-1.000000000000000000e+00
0.000000000000000000e+00
4.231006184769285916e-01
1.000000000000000000e+00
-3.526489191417345737e-01
-1.000000000000000000e+00
3.604599490647304449e-01
0.000000000000000000e+00
-1.000000000000000000e+00
-3.771318838670734142e-01
1.000000000000000000e+00
-1.606823206677971960e-01
-8.888564095300006684e-01
8.665019151363047012e-01
2.360610461309953223e-02
-1.000000000000000000e+00
1.000000000000000000e+00
1.000000000000000000e+00
-1.000000000000000000e+00
-1.000000000000000000e+00
0.000000000000000000e+00
0.000000000000000000e+00
8.734554505724274609e-01
-6.511673035826461842e-01
0.000000000000000000e+00
-1.000000000000000000e+00
0.000000000000000000e+00
-1.000000000000000000e+00
0.000000000000000000e+00
-3.993599249976345078e-01
0.000000000000000000e+00
1.000000000000000000e+00
9.398387684448410440e-01
-1.000000000000000000e+00
-3.947712523581370370e-01
-1.000000000000000000e+00
1.000000000000000000e+00
0.000000000000000000e+00
0.000000000000000000e+00
-2.066483362873190455e-01
1.000000000000000000e+00
-8.927220838688258997e-01
4.224677800230429714e-01
0.000000000000000000e+00
0.000000000000000000e+00
1.000000000000000000e+00
1.000000000000000000e+00
0.000000000000000000e+00
-1.000000000000000000e+00
-4.567934207314490180e-01
1.000000000000000000e+00
-9.704824904578763789e-01
-1.178452540280494620e-01
-8.141288922237670533e-01
0.000000000000000000e+00
-3.068623358486555208e-01
6.173990801533144612e-01
-1.000000000000000000e+00
-1.000000000000000000e+00
0.000000000000000000e+00
-6.187195651340791080e-01
1.000000000000000000e+00
5.848950890596515961e-01
1.000000000000000000e+00
-1.000000000000000000e+00
1.000000000000000000e+00
6.699424213401363737e-01
-9.513316924925494522e-01
-1.000000000000000000e+00
-5.313751566516899949e-02
1.000000000000000000e+00
1.550748493100055914e-01
6.633452782432780470e-01
0.000000000000000000e+00
-1.000000000000000000e+00
-4.587162988310953260e-01
0.000000000000000000e+00
0.000000000000000000e+00
9.369476860807011143e-01
4.335174768029679271e-01
6.710537883556113581e-01
9.589960776881378823e-01
0.000000000000000000e+00
1.000000000000000000e+00
1.000000000000000000e+00
-1.000000000000000000e+00
-1.000000000000000000e+00
1.000000000000000000e+00
0.000000000000000000e+00
9.272838141783086296e-01
-8.255693962854899759e-01
0.000000000000000000e+00
8.335542274534184504e-01
-6.725841669678893631e-01
1.068208601426432480e-01
-1.000000000000000000e+00
8.724762665606473622e-01
1.000000000000000000e+00
0.000000000000000000e+00
-3.559975930338070693e-01
1.000000000000000000e+00
1.000000000000000000e+00
1.000000000000000000e+00
-1.000000000000000000e+00
-1.000000000000000000e+00
0.000000000000000000e+00
-3.374954904589366755e-02
1.000000000000000000e+00
-6.021962965041689486e-01
1.000000000000000000e+00
1.000000000000000000e+00
-3.392480374210400385e-01
-6.818142929284256581e-01
8.353923854702889340e-01
1.000000000000000000e+00
