7.629455459115688787e-02
3.710592895225717225e-01
7.886157040742910462e-01
-3.011814460649613334e-01
-2.704903539477774843e-01
-2.561395313885439506e-03
-7.222875408065321245e-02
-6.814530941328613700e-01
-1.187620713374636094e-01
-1.697902654181484283e-01
6.372235039093043785e-01
5.463871210933847200e-01
8.727205215725056253e-02
-1.393388198957141166e-01
7.228696422673638322e-01
8.447018027091969528e-02
-2.890523130008032515e-01
7.241077510944629037e-01
6.230386523374540353e-01
2.439880716249304970e-01
4.515145280717715037e-01
9.097830013510022074e-02
3.746696246453198320e-01
-6.411317439375958660e-01
1.846640225854352391e-01
2.744539825901739366e-02
2.825149578232755698e-01
4.436354661536043853e-01
-3.615522747771101608e-01
-4.170303058866351442e-01
-7.601490040814510296e-01
9.778131060091594939e-01
6.894790231897298671e-01
5.627830618994646983e-01
-5.807212187151962191e-01
1.164905941067467532e-01
-2.225489874854367223e-01
-9.921294463324128454e-01
1.006262409032304128e-01
-5.914054184003567638e-01
-6.365190674715290875e-01
8.614099141636937240e-01
-7.426354057721056279e-01
-1.976640452512328228e-01
8.478035467255495838e-01
-6.219823350920045124e-01
4.101501056067411444e-01
-6.349839853873583406e-01
2.783384693106372154e-01
1.880237493007641536e-01
2.313827827842575846e-01
-1.212612801076893287e-01
6.174294474441621716e-01
-5.006864334179357279e-01
1.587077614787504309e-01
-4.160869926837413857e-01
-7.672117206474029505e-01
-9.535273010368874314e-01
2.821953656263391785e-01
8.348977478363104332e-01
-2.460644772580989487e-02
-1.634225137528031446e-01
6.666716226552565905e-02
4.436665629753364093e-01
-8.681142308738669655e-01
-8.685700676183440994e-01
-2.316915953872114298e-01
8.575244257406922088e-01
-6.078276336563490645e-01
1.995854444023977547e-01
-6.270985655887573174e-03
1.962187933541774676e-01
3.457649934959509674e-01
-7.680466138408924281e-02
-1.952516515971705613e-01
-3.043222495013460094e-01
-9.797453085249145932e-01
-4.143425373000004797e-01
2.265502230102058867e-01
-9.287023112638959077e-01
-4.291188130269378842e-01
9.814037271398641238e-01
-4.881421722975474164e-01
-4.751143826129262671e-01
-5.343173660397618208e-03
4.526908015997483381e-01
8.552067590133891617e-01
-9.337194093605465373e-01
6.002015874289110542e-01
5.806916678558065037e-01
-5.847771414235716225e-01
-1.892137004026358538e-01
-3.776131624746822957e-01
-8.534560138643010330e-01
-4.681271299977644018e-01
4.579143891356429741e-02
9.554660477618666103e-01
8.431274827522123871e-01
-8.596788108962178931e-01
-9.099937651699445684e-01
1.405848244001335345e-01
5.529548076716280791e-01
5.503792985669591076e-01
-1.607488643731300737e-01
-5.733157780028300676e-01
-1.016130519017702349e+00
8.054290153178933487e-01
6.998102232319542981e-01
7.341732573383625837e-01
8.730090305057374156e-01
1.008334783152872172e-01
3.647483401463764707e-01
4.420271854247200261e-01
9.134099261950237025e-01
4.654511519667683950e-01
-1.272171615647056109e-01
-7.948158626766164137e-01
-2.354450138028557626e-01
-7.768730890046744442e-01
2.868204907601990539e-01
1.375767768834568194e-02
-8.976398525808059192e-01
3.476076464852257963e-01
-3.129748419624436284e-01
-2.441202527879838269e-01
-6.119181878732320445e-01
1.956039065661170362e-01
6.064698330557517503e-01
3.295996631657092113e-01
9.689128608570168888e-02
4.490802014439343459e-01
4.383278060077939742e-01
-1.397576673952058979e-01
-4.572823332096361826e-01
4.431258479443476728e-01
6.367507276021031615e-01
5.270443777904577631e-01
-1.856567238880915682e-01
7.869281386283606405e-01
-8.224343706364561912e-02
1.116815550739019003e-01
-8.939647738977933855e-01
-8.991763363734395220e-01
8.626023734160516154e-01
-3.152123434970143800e-01
7.618578769129258355e-01
-5.689009577552947006e-01
8.167036398165711253e-01
6.050086727481884807e-01
1.346208477641874235e-01
-7.314115419672582163e-01
-1.025077537202085276e+00
7.693130171445499155e-01
-9.163407335028936895e-01
-1.537838100299590005e-01
7.695108396400076600e-01
-9.062604437372466792e-01
-3.841549880020811436e-01
-5.908922772511921995e-01
1.171768754346060176e-01
-3.577789022383798256e-01
-1.342983852787804355e-01
2.756516024469104487e-01
5.236818462554327924e-01
-6.665886002057319626e-01
8.454195514062226580e-02
-7.984717681641486653e-01
1.349802292723052410e-01
7.449323387539970032e-01
2.505758462550043419e-01
1.972999914143875877e-01
-7.053629274667075899e-01
1.008108756773327952e-01
-4.253450801548550042e-01
2.420254032223392304e-01
-6.624522241535848455e-01
9.963176254238838014e-01
-8.632351371992290356e-02
5.246597290083054865e-01
-4.996661901574351861e-01
5.230830630660239233e-01
8.855358177739315328e-01
5.131367357738572110e-01
-5.674762734604359427e-01
-8.465067698004338226e-01
-4.672354112187947495e-01
3.773554944419105217e-01
5.650038287183580810e-01
-7.316348129698871938e-01
-6.273837869326175376e-01
8.973699436073468982e-01
9.462645298273230088e-01
-3.232823229740726390e-02
4.778759545467634595e-01
-2.287925196916153203e-01
-2.304914500276685763e-01
-4.744156844981075594e-01
3.766141793677086347e-01
-8.652035092656266968e-02
8.001291168931181641e-01
2.691352776867403929e-01
1.100571647820551835e-01
-7.439435141167578813e-03
-3.460012703952525248e-01
-6.033172110184188419e-01
-3.042505833450601105e-01
-6.339695827104869785e-01
-8.772497986933825986e-01
-7.496103066557432415e-01
8.939169356996081728e-01
-3.075068998368051809e-01
-1.311643166115049053e-01
2.356818019635942008e-01
8.994723725840578776e-01
6.954792681237711993e-02
9.056216068166363931e-01
-6.428206453795973774e-01
-1.841992734949799981e-01
1.594530768557675948e-01
-5.114230231422378647e-01
-7.814449245504371255e-01
3.205951932948474803e-01
-1.588929126960185456e-01
4.447936176788698792e-01
1.042552969001825369e-04
-3.120126219251058153e-01
5.666938709545055186e-01
7.864806454577921713e-01
8.927487748871142381e-01
-4.347255619954903949e-02
2.658982974953145173e-01
-7.251134374161163354e-01
-5.317253308624457775e-01
-1.063089233257940691e+00
-3.526223334927158781e-02
8.824732724391508576e-01
-6.742279260420420695e-01
-9.186995823975384612e-01
-3.789506464792604112e-01
4.787689298383542291e-01
-4.784125018721656630e-01
1.343007036235017437e-01
8.690386159576705127e-01
-1.750180614040761640e-01
-3.281039588645060512e-01
-2.967012199634063707e-01
-8.900330303028209933e-01
-7.551293176323239376e-01
-7.839110755272084008e-01
-1.617608205036753510e-01
-4.597643354089394618e-01
6.724942639558247892e-01
-3.363254753610520620e-01
4.295465536970501930e-01
9.789646187045786263e-01
-6.535537628094646445e-01
-9.306606506588072092e-01
-6.185225876525240335e-02
-8.903438108064125611e-01
-9.563186176701302110e-02
-5.338773580323137313e-01
6.657574501204032158e-01
-2.767673751901503776e-01
-8.081076888764350263e-01
1.719691992480227860e-01
