2.574862146137493202e-01
3.597202541779138674e-01
-9.658658356616918184e-01
5.062604203972365102e-01
-8.188694502674224163e-01
9.424264923764493762e-01
3.867519277980635550e-01
4.715776843432719634e-01
7.736564706371480415e-01
1.937839039758852133e-01
-1.829990694998986811e+00
-1.295547804156334637e+00
6.775520975642194133e-01
-5.031758505807409909e-02
-1.409678221540499710e+00
-1.379691507778337822e+00
1.609588902315143510e+00
7.072967921683909198e-02
6.643451187585476259e-01
1.388291986308746728e-01
-8.252194342073658762e-01
7.429631255114595989e-01
5.091176482502841605e-01
-6.219637898490496530e-01
3.194564049011732187e-01
3.694793380642619751e-01
1.317395846629214384e+00
-6.520437007189805456e-02
-5.772237149425889502e-01
5.002850953945969792e-01
-1.061412264811852690e+00
5.812517703729415119e-01
1.197318290601104396e+00
5.799623781461833438e-01
8.162734248248297853e-01
8.900248530388503443e-02
-3.945615665714597986e-01
-1.078240112243597171e+00
-4.717475473233813110e-01
2.664865379485700791e-01
-7.089264081271398066e-01
-8.029706382808522447e-01
-3.974589413768346846e-01
-1.009924734948765224e+00
7.868704750703529038e-01
8.392243742942859241e-02
6.118727799064319628e-01
6.868522701252818274e-01
-5.348548502739447486e-01
-7.471549788253025737e-01
1.109796794749581927e+00
3.447337215383647901e-01
-1.010263382140206279e+00
2.274599047508361616e-01
1.052736788268187507e+00
-8.269440344228716766e-01
-2.011531113417209804e-01
4.645696109766227488e-01
-7.977603988201911189e-01
-1.662919094216905203e+00
5.770908370445873015e-01
-4.442953000760625493e-01
1.380785151051651338e+00
-1.330993034474561298e+00
-5.809013502722870648e-01
3.399449707741025728e-01
-3.395818671976489345e-01
-2.881658016852701176e-01
-5.115864917267286538e-01
-8.761454754506620146e-01
-6.434620983429377716e-01
-3.280764681290858076e-01
-1.231917706990232758e-01
-1.039475947131182076e+00
4.059346310303097449e-01
-1.809863928329654037e+00
-7.372002000952028178e-01
-2.650811361765637586e-01
2.110392089229531365e+00
3.587061079576724376e-01
-9.064485514278809442e-01
1.396466011205356739e-01
5.407659227176447869e-01
-2.112469991050565099e-01
-1.006291948501746525e+00
-1.633649908382068250e-01
9.171614047536151837e-01
3.266028836392131374e-01
5.824911529705177893e-01
3.433744696317081457e-02
1.828644780677800841e-01
1.109586894698334048e+00
1.350682501632989085e+00
8.453633670042379755e-01
-1.223855017235727205e+00
1.670537185956500359e+00
-1.269729596267101523e-01
-1.121822913709769054e-02
3.152589700194502464e-01
-3.359697723324002738e-01
2.624910400187477899e-01
2.493713195351983103e-01
-6.586432721054377160e-01
7.199724273940680264e-02
-6.227400831695663053e-01
-6.895749999935703034e-01
1.619914021915630276e+00
-2.076638142056375091e-01
9.539707671680283663e-02
-3.636830733375201463e-01
-9.267346090821840798e-01
-2.846783893956622569e-02
-5.433893754182057556e-01
4.679462086484925676e-02
4.748007712766507682e-01
1.234827485461545971e-01
-1.126966493721177409e+00
1.956387567059571231e-01
-2.354158983121010795e-01
6.083332100383923580e-01
-4.478391749260648425e-01
-1.421183715154210603e+00
4.472041869630017374e-01
-6.012488081702218601e-01
-1.467460014415605807e-01
-1.969398446158598048e+00
2.894750242948562757e-02
-1.248150682847855464e+00
7.111660843257229248e-01
-6.508006704519502250e-01
-9.412713026699644214e-02
-7.750250377886997999e-01
6.164085722161547487e-01
-2.819771666411257094e-01
1.121766517288296017e+00
8.582013558456470514e-01
3.744332498663377473e-03
-8.540218865231897771e-01
-4.886275835486768027e-01
-3.658642757768491016e-01
4.226482810859099049e-01
1.299091296475243795e-01
-5.400962060984464130e-02
-1.113192562085528525e+00
6.147146042384097342e-01
9.944949037101404876e-01
-5.610535008974868454e-01
-8.150492154730405447e-01
4.348367112822458802e-01
1.096360947011070008e+00
1.142653664778286116e+00
1.390547848196623582e+00
-2.020076694309768661e-01
1.267085095775061232e+00
-7.228788708527247864e-02
2.236329913736725850e+00
-6.989562048525085336e-01
-6.016296968005925283e-01
4.543648814067139385e-01
-5.874108904873477366e-01
5.916136574074194465e-01
-7.561124598700397215e-01
-9.649886634614663894e-01
2.169086233876544312e-01
1.642601002262785992e-01
8.725463376259618986e-01
-3.921104350995026078e-01
-5.752460239180405832e-01
1.288528898737318351e-01
-6.358512364340062062e-01
-6.573518919829780538e-01
-1.825922469052914998e+00
-1.156683409281341057e-01
8.259006452155848166e-01
1.059794886492779753e+00
-2.429810161186365669e-01
-5.974108925658462299e-01
1.737469246917580090e+00
-3.257456335924363011e-01
-3.158274559259596215e-01
-2.128117951578326839e+00
2.340315189738702839e-01
2.297507743844734440e-01
-7.103781569056499823e-01
5.760258080584657048e-01
-3.179766678084409715e-01
-1.261766969354991996e+00
-4.447902342401733877e-01
7.032496935859195997e-01
-2.313429542439229825e-01
-1.698264199136202413e-01
4.894830977265485772e-01
8.022363554676041897e-01
2.012897729013984449e+00
-1.512138474932573695e+00
-7.309031496862666843e-01
-6.642499969553286032e-01
2.713299152686244886e-01
-9.292735588498569621e-01
7.317644916242521669e-01
7.281709695352088785e-01
2.717233132662657535e-01
-3.683792964755170374e-01
4.557131745960047997e-01
1.769903601239596891e-01
-4.250644477617054329e-01
-2.590538470607711141e-01
-1.845840536565243717e+00
4.346118071157747398e-01
-1.142491740042200998e+00
-3.794554079114854095e-01
7.223681661303128776e-02
3.379913214373305164e-01
-3.506182379346798328e-01
4.187817537524375910e-01
-1.413501634314625610e-01
-1.878334518866142666e-01
-9.753134706713836866e-02
2.767024760832083041e-01
2.134299417746716165e-01
2.146202031280592948e-01
-3.007004556173595855e-01
2.715344260052030001e-01
9.674555703566523057e-01
3.798137001673024260e-01
-4.502364011824752654e-01
8.375431327385014502e-01
-1.831015276090578459e-01
-5.239716887776715293e-01
-1.078272372046980010e+00
6.188695166062407882e-02
5.162239500344230070e-01
-8.563669939914642093e-03
2.293308708363129611e+00
6.989773430900680928e-01
-1.272900374355690367e+00
-6.510187023771936421e-02
2.103306204541642299e-01
7.867865818337804740e-01
-2.672590442555337203e-02
9.931297573282468760e-02
6.464920474575814868e-01
-5.575358268595167477e-01
2.580849910963606275e-02
6.319012749082093816e-02
5.005530599808186848e-02
5.390841545121636269e-01
-8.652883416442491704e-01
1.996572901143658374e+00
1.415106190617297255e+00
1.664380031319997455e+00
-1.359925407832407229e+00
8.827054279350647903e-01
8.209532960761966036e-01
3.717207280123007163e-01
-1.709198138171318104e-01
-1.517771733612550966e-01
4.195537922513274953e-01
5.497065485235438365e-01
-5.037023578331690787e-01
7.551411501959023331e-01
-4.522483283630445716e-01
-2.338875535250649840e+00
1.543074758927851953e+00
1.380076415750410845e-01
