4.746938735584910196e-01
2.980426077603390400e+00
2.269494326320248501e+00
2.476035965124749438e+00
-2.207996497497487720e+00
1.701205778419414782e+00
-1.925982970627813318e+00
-3.078640656012989196e-01
-1.590115913454793084e+00
9.811099601064523501e-01
-4.108190658677253637e+00
2.749694796715541401e+00
2.271135790565793344e-01
1.850109416282078034e-02
-1.829527662455087800e+00
-1.391908939449991500e+00
2.203207679686346676e+00
2.215721589357379617e+00
-4.124965109034611999e+00
-1.650795633077692948e-01
-4.762641424349428054e-01
-7.473873030226085845e-01
5.916874779921967864e-01
-9.537204531109996775e-03
1.623980566122447344e+00
-1.910166365497528274e+00
-4.162458598040055691e+00
-1.727985755273491741e-01
-7.186636446035854497e+00
-2.739552173571697113e-01
7.046646384292362120e-01
1.134273317885168691e-01
-7.816330474553666585e-01
-1.056232679336705615e+00
-2.482768679365106479e+00
4.907681154380643562e+00
9.576259885145210760e-01
-2.093355768684386775e-01
9.087378660992168067e-01
-1.578970137508302063e+00
3.254938934300844355e+00
-7.266395415287491000e-01
-1.521174905344305772e+00
2.988320253843720353e-01
1.513693635328637876e+00
-2.258719002121804209e+00
-9.648015175596145188e-01
1.777629833364453793e+00
1.364084121723025067e+00
-1.257610403446790537e+00
7.651438373268445448e-01
-5.599566698632195916e+00
-3.900929684781997864e+00
2.201786364274440078e-01
-1.216790956673794666e+00
-4.247289020267781545e-01
1.202753431779980176e+00
1.414601995841294757e+00
3.875621762613613019e-01
-1.868736496403744951e+00
-7.421318215746889324e-01
1.161352029022328092e-01
-3.867283677220807014e+00
-1.160049005556015533e+00
1.067324240310764782e+00
-2.746013270944275941e+00
1.368351928550290975e+00
7.516642364062149639e-02
-7.510317261211199025e-01
2.796326359933714034e+00
-8.942877138779192769e-01
1.935184438800245932e+00
1.671639290184482596e-01
1.737537740367624206e+00
-6.455474491796502345e-01
-3.268949610178621512e+00
-9.142415296345824949e-01
1.884587573537102934e+00
1.001326691189328155e-01
2.056777000729534399e-01
-1.660693129844075244e+00
1.729121147390633606e+00
2.338889363969549606e+00
-1.542688909380502515e+00
1.834918655464047754e+00
-2.323265315517834217e+00
6.167678167100855424e-02
-1.227420344545180120e+00
1.157666371978403719e+00
-3.263911531314782621e-01
-5.434921184035590436e-01
1.111472051435472341e+00
2.840096282631282332e+00
-1.833786280956245740e+00
2.740615919183586602e-01
1.076788270890637556e+00
1.832098384096035648e+00
-1.163736935623308710e+00
1.175871257774335099e+00
2.227300633364854010e-01
2.251133618922600554e-01
1.820419176039689280e-01
4.666205996042122606e-01
3.338960710792947539e-01
1.181520579218183542e+00
2.731687379875983313e-01
-1.745187835416364130e+00
1.257139295019620295e+00
-1.796938114890734406e+00
6.919758965393626449e-01
1.130647063368118710e+00
-6.755743044417535925e-01
-5.484426665732386463e-02
1.371304671313288370e+00
1.017681153881314415e+00
1.070068539358652426e+00
1.497561087065305330e+00
3.763216933168705425e-01
4.006486125694913802e+00
-5.033675157288006741e-01
-1.765582720395164618e+00
-1.778560467224243213e+00
2.597876867708347470e-01
-1.907259343081874503e+00
2.151928810445702389e+00
-1.847498297273374446e+00
4.684774521092609056e+00
2.192047092431237854e+00
8.018589727421274738e-01
-2.732733205926068942e-01
4.536592489961919772e-01
3.742556791710097475e+00
2.709720292229049754e-01
1.026611484477917946e+00
-2.470177285930706401e-01
5.963543388323588879e-01
5.914224377622445683e-02
1.229622074706476997e+00
-1.425934397856745584e+00
2.411957276846458775e+00
1.291946647033665574e+00
1.941583967913463216e+00
-2.249823928909578719e+00
-2.716589409336716887e+00
-1.160650641092350055e+00
-3.246434237208899454e-01
-1.320762895766292910e+00
-1.532811045505415581e+00
2.266799262758293576e+00
2.340189747737277948e+00
1.025789708959175428e+00
-2.773239778741947159e+00
-7.633999023217034885e-02
-6.272306361177382605e+00
9.641572812948702165e-01
-1.935438011920809220e-01
1.636688676444013169e+00
-8.128313817810566277e-01
-1.055315806400630274e+00
5.260460365135690708e-01
3.957456627112235226e-01
7.896402979538450495e-01
-5.851450214928679561e-01
3.672148046707897517e+00
-6.302039807826594897e-01
3.264597482077728596e+00
1.357631774862850138e+00
-2.584603081012666337e+00
1.025970536372908526e-01
2.490935581087537487e-01
1.113801147616246268e-01
-4.494651050236361023e+00
-1.653207178049470150e+00
-1.373256194804460151e+00
-4.980917383029157541e-01
3.352199924756523730e-01
-3.071247489098386657e-02
-7.263042753879697666e-02
7.552252939578908697e-02
3.366248580415245328e-01
2.740741562294755518e+00
9.901603818467576978e-01
-1.619651460908688945e+00
9.736687507110518558e-01
7.122932505598705832e-02
6.884506631681241995e-01
-8.477685689250050727e-01
