-4.471876493735660318e-01
-9.498945831895784231e-01
-8.059668879348719228e-01
4.806170515842732582e-01
-3.082283933963563261e-01
-5.701001352203145522e-01
3.147380569841295994e-02
-8.764069684744062450e-01
-1.332824525755685885e+00
-3.548821653842307855e-01
8.969962172977286041e-01
6.975180677041635802e-01
-3.784872148310225448e-01
3.911440157317978006e-01
-8.868657692620434130e-01
3.880245046586776603e-01
2.652318772318478790e-01
-5.278769878994586939e-01
-1.475239819267690766e-01
3.572036354367849054e-01
-8.615799258141465522e-02
-7.536379198338194474e-01
-7.001012499609995388e-01
4.974272308558534972e-01
2.275792434051360225e-01
2.302097166257226490e-01
1.097315896085261366e-01
1.032392080138102575e-01
-3.401542471574714455e-01
-9.849070115288689475e-01
-6.920284113642358736e-01
-4.186588675568967410e-01
-7.915330035677903275e-01
2.879757697974441588e-01
-5.972577464664048374e-01
-1.543250892007597130e-01
-9.700143224310993073e-01
8.717096559255699262e-01
-9.895996403506537309e-01
-8.113450867517517373e-02
5.143380777395947234e-01
-8.975122410577147658e-01
-4.369629108333437095e-01
4.145835658077545727e-01
-6.068666048468258634e-01
-6.701231169643167007e-01
-6.882117310617987815e-01
-1.468254170570246764e-01
-1.540894705320150493e-02
-1.633504017428495381e-01
-5.443472370369617508e-02
-1.113707779059821990e+00
2.719407505712230222e-01
-7.343113849670512838e-01
-4.940099759149690906e-01
7.868740722117621988e-01
9.054990781964546986e-01
-9.364188828009369914e-01
-1.970930575112748162e-01
1.529905575366877768e-01
-7.119017908567841779e-01
8.155663218041071527e-01
5.807060972818629541e-01
2.191799733689363539e-01
-5.171046885748482591e-01
-5.942843743846992766e-01
-3.362105160452919517e-01
-5.869275528355377691e-01
4.464777184623838213e-01
1.088381668665603375e-01
-5.191240852926948257e-02
-2.005787696271104092e-01
-9.517356672597607758e-01
9.512290788112904849e-01
2.301151704978696699e-01
-3.053125186594840557e-01
-9.355768881405546189e-02
6.117465304752751631e-01
5.846845561604883112e-01
1.130596430960507881e+00
8.463293378660570188e-01
-4.508031426545769937e-01
4.280341673818369719e-01
7.803187768971580063e-01
5.592381572324948147e-01
8.525694890563220163e-01
5.917010731208698360e-01
3.246389705437269235e-02
8.765387832257964806e-01
-6.366405823835753486e-01
-3.991313564873587016e-01
-2.123547232419997766e-01
-8.839986759162667962e-01
-5.503969600732596668e-01
-2.035661645327424552e-03
-4.192290014346762295e-01
-3.380034849413151576e-01
4.908794316232143462e-01
2.377432664690266595e-01
-2.962158751881664998e-01
2.293587877745311143e-01
-4.515294194360810476e-01
4.197212325402617239e-01
-7.686235736810947961e-02
4.590994573096686127e-01
6.760592637778948255e-01
4.741663501420620985e-01
7.855593085871646064e-01
8.517105005231553339e-01
1.312031233057046942e+00
1.286756598029138221e+00
7.483721008658728024e-01
2.366243446418081486e-01
4.822182495518410050e-01
-5.756515408739839579e-01
1.205440026854932789e+00
-2.942357894613034652e-02
-1.733209229227046233e-01
1.684783293084612943e-01
3.107577172270634125e-01
-7.049723797017262150e-01
-4.669545773995191773e-01
-6.631335896670460528e-01
-6.600475571688457777e-02
-1.822801111500518267e-01
-4.720057857835135429e-01
-2.432230643932631331e-01
-1.783963154910007121e-01
1.526686764970919263e-02
4.418353966936485744e-01
3.055224784061167931e-01
-9.339909034441713498e-01
-1.064008128757487848e+00
6.022267704244772535e-01
9.455430676419083191e-01
7.605865919302827738e-01
-2.510268814382672353e-01
-7.149117948488712404e-01
-6.026956483030385670e-01
-8.239677509731571092e-01
-1.094428418123645441e+00
4.876427698931051768e-01
-7.370592846359735884e-01
-3.994658277070477492e-01
2.108772231620781312e-02
-7.165120964587927688e-01
-5.101806173900198527e-01
3.097519505597287059e-01
4.145268638403005745e-01
-9.302106304209312171e-02
-1.565776047329442144e-01
3.237663470221293638e-01
7.752302439980551796e-01
1.449158768013174559e-01
-6.250420496130970616e-01
7.309952886941573080e-01
-1.450320404558304244e+00
-2.765426291290011829e-01
-2.707490629045183894e-02
4.113807181858160633e-01
5.036652579489543369e-01
6.623344893352256513e-01
-1.001229875941307412e-01
4.357572197796732993e-02
-2.934533870335049865e-01
1.836608965131825144e-03
-1.575255642102557863e+00
-4.507572650539493075e-01
-5.847761015610632995e-01
3.387170645004804470e-01
-6.940397430524920530e-01
8.036641923819862754e-01
-1.473522904914090215e-01
-5.377203194948356746e-01
8.964277270822464949e-01
-6.933853983388966746e-01
-6.778025373089187067e-01
-2.370972533530295578e-01
-5.644108662598348314e-01
1.720281927430895585e-01
1.458942299638996409e-01
1.690084550718777834e-01
2.994995379981586492e-01
-2.614118096013295922e-01
-5.399345830556874226e-01
-7.118065186069433281e-02
-3.499689378066503931e-01
-3.742332850827096991e-01
-6.825089054742798922e-01
-9.757923083238030371e-01
1.155906891545089410e+00
-4.316425407505819489e-01
-1.810929550492349493e-01
3.017179132708931455e-01
-4.716573040445733445e-01
9.303570691755425059e-01
5.936599069404354528e-02
9.271069396976221455e-01
1.154737638715317871e+00
2.725497447174074495e-02
-5.067289908292877953e-01
-2.920988587861554908e-01
-1.615953785342134630e-01
-8.972106337604960347e-01
2.101550661437034950e-01
-7.633679225104141874e-01
-9.913102770297850252e-01
5.695408719549843735e-01
-7.959695285302139656e-01
-4.063187254968045892e-01
2.986782956604329131e-01
9.498200651288450924e-01
-3.017054767562792339e-01
1.126808169034601292e-01
7.876222373224970319e-01
1.005532748632516293e+00
-8.016205413956789538e-01
-9.595573428007386774e-01
8.869431703550620938e-01
-4.257726674805360489e-01
6.530816428656112116e-01
-6.896912041119129810e-01
3.112707647390053900e-01
3.466825813622320673e-02
-8.827476191298213593e-01
-1.266341537969648545e-01
5.296211211177377365e-01
5.682935653555185596e-01
6.036244405892698950e-02
9.268934716217962499e-01
-9.025490058234626467e-01
-2.396428592225330334e-01
4.486391260466027209e-02
2.997127210635563976e-01
2.762263792617121183e-01
5.421546009721331938e-01
-9.581730558386900576e-01
-5.158583742318170184e-01
1.781140347840670657e-01
-3.206360595759424892e-02
-7.148780511496086731e-01
3.391901980996843702e-01
8.092264893569001138e-02
2.977150281477425331e-02
1.695120732608061953e-01
-2.100703039092266522e-02
6.532664722457199868e-01
9.251673104479896104e-01
9.352594131714686565e-01
-5.315568606954905739e-01
-4.259521387337547593e-01
-5.617502722909939461e-01
3.295288898583583759e-01
2.501716503414671000e-01
7.634196527962495704e-01
5.674315381748238352e-01
7.662204522469751033e-01
4.790795144751482937e-01
6.558833519860964856e-01
8.292390058832047606e-01
-3.716027763888274382e-01
-8.675736176998747329e-01
5.309304115355810705e-01
9.919382833176813019e-01
7.869638730226794499e-01
