2.166783765725092792e+00
-1.321851049513341758e-01
3.552205135457814356e-01
-8.949726909513330275e-01
4.738078334639477251e-01
-1.573107841847843025e+00
-1.060817415020118004e-01
9.950850401358064534e-01
-1.030575141514722848e+00
-9.106268825829125224e-02
-1.617241522137841336e+00
1.503789113342199057e-01
-8.833458278699393151e-01
8.273599633967078093e-01
-2.937222688929530534e+00
3.751320991013681327e-01
-4.183109595111069723e+00
-8.273965899393072310e-02
-1.779935707102390907e+00
-1.111504625106117139e+00
-3.022753525655581974e+00
9.216029147201185712e-01
-8.375817931844258268e-01
6.912092340317410599e-01
-2.570030775358331243e-01
-1.497227752514485921e+00
-1.479160142445130166e+00
1.546485072608193345e+00
8.670566009669763430e-01
8.361071324262824359e-03
6.054078139449634577e-01
1.391136934223102584e+00
1.423962598865441687e-01
-7.022941945883622861e-01
-1.922980065725852672e+00
5.015646827667421537e-01
6.343731193380195421e-01
1.331485237098192220e-01
-2.203493524994696862e-01
2.426592753642544398e-01
3.798809102233808299e-01
4.333928110006363355e+00
-5.856035397458696501e-01
-3.208585664209657184e-01
3.647524616000744624e-01
-1.479280389346404601e-01
-1.337945645519528659e+00
-3.184671824538741203e-01
3.674016326402241628e+00
-3.328685055688519467e-01
3.215943083736529484e+00
9.323364260389067626e-01
3.520309121685016862e-01
3.756206335178345901e-01
3.473549028400746974e-01
1.997598476766639486e+00
-9.939372417341230115e-01
-1.211857113530039332e+00
6.065991594080374361e-01
-1.394376492762152031e+00
-2.249075803254867445e+00
4.403220582562324403e-01
-5.268368722523626424e-01
-2.370696188331219145e-01
-1.227894917883864068e+00
1.372426627788551290e+00
-5.812564558958546734e-02
5.872535874080799800e-01
-2.526997792060970305e+00
-1.875867842559401533e+00
1.751998811595870897e+00
4.086591493565211231e+00
1.469379861952024635e+00
-4.257403200416073341e-01
-4.163382770263389654e-01
-2.831862536050223644e-01
1.808466746166233152e+00
4.936979412563690772e+00
-1.161047077218740231e+00
6.350464814824011706e-01
8.373803124044768564e-01
1.403060000792960338e+00
2.076686099694701471e-01
-1.626085730124235074e+00
-3.121702941607478188e-01
1.667896802969527290e-02
-9.296849319613393448e+00
-2.257788699417381473e+00
1.719741964241175314e+00
1.054448886596874413e+00
1.801935063767771794e+00
-4.118833787887027365e-01
8.048377979488965384e-01
-3.931027057470337649e-02
5.275744481315574053e-01
1.296935111257276674e+00
-9.447689035753406017e-01
9.043271920305679945e-01
1.942424696207942114e+00
-4.920249427524642449e+00
5.582160496704834385e-01
-2.660307699448518637e-01
-1.683361742582532017e-01
-3.602424281161444308e-01
1.334423006569362302e+00
-1.796413092372505238e-01
-1.056651655535954942e-01
-2.006966465449784298e-01
-3.780478523246864619e-01
-6.543165284457841402e-01
-4.643640187009315801e-01
-2.145363740978767919e-01
-6.924899799436281533e-01
-5.437994856138091970e-01
6.281587041142686068e-02
-9.636102156117765105e-01
-1.053308949555273877e+00
9.719009003514031964e-01
-1.257806177219283006e+00
2.220098022040032926e-01
-4.699358254036906102e-01
-1.236425562016150032e-01
2.535624668785436242e+00
-1.085394968777159130e-02
2.595850072797609265e+00
5.846726632243428590e-01
-8.804050614916651973e-01
-2.188031192446956985e-01
-1.165161725141555582e+00
-4.391535197364525578e-01
-7.777631333552381676e-01
-4.092202258433799145e-01
-4.450276965286700248e-01
-1.678918279577174433e+00
2.974782718618141697e+00
1.684228424101104959e+00
-4.831387637236852495e-01
7.521561385936361699e-01
5.732062014560877772e-02
-4.144318707649095601e-01
-1.165433439816101702e+00
8.397604490111698627e-01
1.473624633108311599e+00
-6.128947529171022701e-01
-1.272925465380412069e+00
-5.208212366878079563e-02
2.267860622320083674e+00
-3.025957239781749686e-01
4.385847424530522343e-01
6.404219888849851383e-01
-5.059823011126505232e-01
1.787638853751250811e-01
2.846751985956972875e-01
3.926823034480388802e-02
-8.483104574375299745e-01
-4.303577745303241442e-01
-1.981535247904853581e+00
-2.149623259197951941e-01
7.473732574600793210e-01
1.353848395877014443e+00
-1.132630145296830149e-01
1.871272384888218232e+00
-5.495878470712327601e-01
-1.406217164069465189e-02
-6.936481978214240618e-01
-4.786852258660834192e-01
-1.379016769016625732e+00
1.420249921462124476e+00
-3.436185685308988380e-01
5.781873659578277147e-01
1.565963065136298571e+00
-3.905800402816044237e+00
3.288427717909347958e+00
1.550166177438566217e+00
6.994321762789753594e-01
8.351037355924660899e-01
2.352809735428020854e+00
-3.141867893133908574e+00
8.417319430636583180e-03
1.055406573744156251e+00
3.982665190302558500e+00
1.453145421240561008e+00
-6.685492763302735009e-01
-3.859344512489650686e-02
1.006211333292514887e+00
3.763857559979968403e-01
-7.374602454737886337e-01
