-7.290083024735058981e-01
-6.263959385900703669e-01
8.669094788408574503e-01
-7.197275660248292350e-01
7.359425844304855469e-01
3.313364058300535264e-01
8.190851615277819353e-02
7.083463751665560748e-01
-2.636544391221085082e-01
-1.084419006528619223e+00
-6.877447830235748905e-01
-5.992395214820249727e-01
7.698128665421652417e-02
9.466548291614035326e-01
-5.165481001801688898e-02
3.105633757608528001e-01
-1.541473336102139879e-01
-1.734415248225367412e+00
7.693099589796983384e-01
-1.408798523285428761e+00
-1.198052860235444106e+00
-3.318692277456607442e-01
-1.774415949113154811e+00
4.116868955666584950e-01
-5.083753905636752002e-01
-2.839721151593826431e-01
-1.567245737728948651e-01
-3.897181140862802096e-01
-2.138113733655795656e-01
-4.665421638424567807e-01
5.954786890112682141e-01
-2.799983560492034229e-01
-7.540122069774513047e-02
4.840424197551889129e-01
1.172974780698080366e+00
1.065352793943192822e+00
1.850528254381129112e-01
-1.411719154919558183e-01
9.644202833821562404e-01
3.083088710152737111e-01
-1.130390565409745474e+00
4.753746734894368497e-01
-1.969917075548209273e-01
-1.233088678832243046e+00
-6.890137147540212892e-01
4.902682941075058032e-02
-5.897245485559884370e-01
-6.553095578456107073e-02
-5.601163776507021019e-01
3.195683707314479483e-01
7.122383216653669358e-01
3.349322416007318726e-01
-1.146646004933065788e+00
-3.090438011867829848e-01
-1.026646237413738838e+00
1.080897787514822461e+00
1.056473235986097325e+00
-8.912546321913693281e-02
-1.231757223814348434e-01
8.613630659797230082e-01
1.119075786697408370e+00
5.742362317352405210e-01
6.115932763936571259e-01
1.920466301240512097e-01
-4.211360305817620775e-01
-1.051425862029079922e-01
-8.857295011974000154e-01
-8.121974654094789026e-01
4.215214524467912338e-01
4.114939495308143069e-01
6.654490298609376797e-01
9.893919973079434715e-01
-5.845937961524054760e-01
6.838296187335832776e-01
7.728906400518986697e-03
9.634450505230507389e-01
1.327636224615711402e-01
3.351271255078847044e-02
5.800541709977840021e-01
8.332894063060116707e-01
4.758297641743987616e-01
-7.923266244671915981e-01
-8.985542778402558772e-01
3.446167145939608711e-01
1.463109339182672997e-01
-1.058668850620333002e+00
-6.018127526938269467e-01
-1.209278759970804584e+00
2.497869743038810819e-02
9.217239108664337932e-01
1.073413997494911731e+00
3.641994073696190881e-01
8.865650291955250450e-01
7.502388638844669222e-01
6.852196339346021681e-01
6.508378141046731180e-01
1.033914940085220113e+00
4.171414344226763715e-01
-7.550514335086138118e-01
-2.022402092306041788e-01
5.339409693527883416e-01
1.070245507962080289e+00
5.443954142312855682e-01
4.646736309825347799e-01
2.660406174233896359e-01
6.315204083772399946e-01
-3.471936001977750652e-01
-6.404214469587019010e-02
1.886430435111858817e-01
2.978548334848093448e-01
-1.003404638559233675e+00
-4.822354973528262256e-01
5.793402110476738587e-01
6.684257685490211376e-01
-1.163082848086817028e-01
6.726215308417025085e-01
6.681518985708699843e-01
-3.254319985064220155e-01
3.576951722915808762e-01
-1.144918257402382400e+00
1.008647054605426696e+00
-1.173637055947392094e+00
-4.592559547610258752e-01
5.159247042428142249e-01
-2.665376437236739449e-01
-6.984430637692990995e-01
3.335370128840657866e-01
-1.485921185014528412e+00
-1.279620085696682175e+00
-1.040520633984344023e+00
-8.365935039037971643e-01
-2.889756515560192307e-01
7.374962349360933977e-01
-6.744468066279120100e-01
-9.048993303621616358e-02
-4.219282199703406899e-01
-1.248809170111114142e+00
5.751318055079086555e-01
-1.834830800589189181e-02
-1.837818763650886922e+00
-1.648059001357234044e+00
-2.700436545439010572e-01
5.678589164824341395e-01
7.303540566213042595e-01
1.110216339119844298e+00
2.205180301856708713e-02
-7.391434232625425649e-01
6.420770628244851785e-01
-1.049235030367736687e+00
-4.042327294692628636e-01
9.585266171048739681e-02
8.554052357690481445e-01
6.904724609613528408e-01
-2.292920021977751244e-02
9.852095670225007040e-02
-1.155715945187911764e+00
-1.959203544138814479e-01
6.583514168733151095e-01
-1.641622927627198747e-01
7.064392072860855576e-01
7.146264636398703685e-01
7.314897103722293181e-01
7.956745853089958187e-01
5.007236994005378472e-01
1.470165371931505538e-01
1.085818105117869470e-02
5.111507750897076319e-01
-1.603085163666164714e-01
4.822085560173205443e-01
-5.510697164122546621e-01
1.703110339026808528e+00
-1.547645002477146536e-01
-1.141268752321518587e+00
5.089683279072161337e-01
5.508735001351661165e-01
4.695302065366981359e-01
5.336755252608043065e-01
7.146015012675482891e-01
5.711379313531478319e-01
-6.502297645139709648e-01
9.818723060651278756e-01
-8.673495791412647593e-01
-1.955658786713480868e-02
1.071127461678448523e+00
-2.636939013523108000e-01
-7.179103344856778701e-01
4.918040559151092284e-01
9.462088437561007315e-02
-3.116797682383587453e-02
1.579379443896840041e-01
9.199461730184943509e-01
-8.863647421213630695e-01
7.311310620977438945e-02
3.902709816054755754e-01
5.998276143534593263e-01
-5.108575924457702255e-01
-1.584989281666699390e-01
1.036481803590995510e+00
-7.712611202090547957e-01
1.593506979468086504e+00
-1.166642946530134672e+00
-2.193974649029523660e-01
-5.712930242545851689e-01
-9.012636416980570608e-01
5.373888121407379703e-01
-4.802311127199468399e-02
-1.634385249220302039e-01
8.377542090829883659e-01
-2.160260972853544348e-01
-1.536957936169206729e+00
-4.307040130720660720e-01
7.704563708698464186e-01
7.408162052131932462e-01
-9.749418551723917914e-02
-2.844002081342454358e-01
3.751677149166174341e-01
-1.100700674705277882e+00
-1.665172284067395037e+00
-4.109550798590710929e-01
-1.084670191025438823e+00
6.833320899979530294e-01
-1.171851031130978771e-01
-9.651482908292712271e-01
-1.008987833843355331e+00
-3.360882847775406024e-01
-1.070427507188495664e+00
-1.869751196614515831e-01
-7.165233709394699391e-01
-8.303384296204442405e-01
-6.826315511714413642e-01
-2.571829365851537319e-01
-1.298338277819286457e-01
4.967017286278900823e-01
-4.175188306846434050e-01
6.548248429238819890e-01
6.118027767592149058e-01
-3.486433953341384617e-01
4.514785225478710751e-01
1.393715869057740031e-01
-1.012084602646422304e+00
3.456392454601010522e-01
6.777212138233003058e-01
8.589632590349496333e-01
1.142213665633242226e+00
1.054841194884802213e+00
-8.410194045682553021e-01
8.340463894420608870e-01
-3.437259943121798722e-01
2.185998915056124037e-01
-1.210293563320609334e+00
-1.330428954767109095e+00
1.406825799209018291e-01
-1.941746143052081042e-01
-4.638784006799084869e-01
-6.295716076058441857e-01
3.545533755768287554e-01
3.416408790805230411e-01
-6.263301931061584504e-01
5.037789845318396686e-02
-3.854699121219396507e-01
-6.633828863443284041e-01
-4.423579285950185458e-01
3.486528788534869472e-01
-8.804675772834987812e-01
5.468994889080820432e-01
-9.735931670029063234e-03
-7.607475197822741730e-01
-7.308946564677406554e-01
-8.113842438025336001e-01
-3.954173716047564291e-01
-9.403318597078999530e-02
-1.500676674913870468e+00
6.477537830213494496e-01
-1.505963449195258930e+00
-3.426144906995761130e-01
-7.828628253760098188e-01
-3.997030906576549691e-01
2.173172538132500109e-01
-1.734429545438548326e-01
1.735069771394794902e-01
4.669185015017888740e-01
-6.468583597071039248e-01
1.489287069564788846e+00
1.011433753576240546e+00
3.098520764711936715e-01
4.892636169440327532e-01
-1.804957275563725261e-01
-1.031312571582857718e+00
1.013147438427445923e+00
-5.016041589492299391e-01
1.800732256858467439e-01
-5.286089426978181072e-01
-4.222598977209523485e-01
-9.584859740806066508e-01
-9.264799023344165718e-01
-2.183761437062764765e-01
7.755155659764042531e-01
-4.572780011898636698e-01
-9.571807670793354150e-01
3.570815890423265637e-01
-4.271263973227891197e-01
2.335929798294295034e-01
8.989506274411003250e-01
-7.027595084503736045e-01
4.148927084133667842e-01
7.897435232488666523e-01
-3.555583050912868304e-01
-8.847617834048789875e-01
-7.384821505671611552e-01
2.698407978077664859e-01
-7.868440236048794834e-01
2.704902729747690193e-01
7.120380704083093537e-01
5.238318561446934085e-01
-1.033878081409847827e+00
-8.834392636572495627e-01
9.684736874066132151e-01
-7.510749633496130451e-02
7.491390241202505740e-01
-1.099756181373958142e-01
3.448698757808764670e-01
4.980422242916903164e-01
1.801966786395213349e+00
1.008860278952501854e+00
-1.014771297736238587e-01
-7.731915702003709923e-01
-1.881617394711611602e-01
-6.438984750013715397e-02
-3.551375718331658549e-01
-5.318720728496414418e-01
-3.811096068205224174e-01
-9.455939262628947350e-01
7.676526276182764619e-01
-6.030071443475047976e-01
-6.608696590393490222e-01
5.670801129494894566e-01
-4.358029672400081100e-01
7.186237879434296261e-01
-1.043979611677687602e+00
-2.131226940051444696e-01
-2.484225688671701793e-01
1.404748589799359459e+00
1.049891682751638244e+00
-4.438019038533329574e-01
5.514659413125128085e-02
-1.072835754855638202e+00
5.187060154633111875e-01
5.729290167299875280e-01
9.281008060610497212e-01
-1.595562562972326903e+00
6.466147542503852819e-01
3.215293221115966826e-01
-1.214947992039068669e+00
1.315889400343826399e+00
1.237367785895594929e+00
7.176070583071318953e-01
-3.683508551982740409e-01
-2.521697606687469673e-01
2.115729689876942876e-01
7.743292792802969338e-01
-1.243743224525761804e+00
8.732832310463759518e-01
-5.147958186682767556e-02
-8.033925151784179208e-01
2.321157382151856907e-01
4.547881154205044574e-01
-4.684295226057801909e-01
5.018278600662249289e-01
-4.996056254793346252e-01
