-2.291494596567681175e+00
-4.507674680798898770e-01
1.574583679471860953e-01
-1.467526026570303843e+00
1.265974400070075445e+00
1.725881429426798119e+00
6.821167035452556648e-01
-1.494937637506610351e+00
3.197534057170161037e-01
-4.982838606080485788e-01
-1.443932814998310610e+00
-1.885151204830568528e-01
2.479436379195371631e-01
7.782220504594500321e-01
-1.743243817260708983e+00
1.131846595846544012e+00
-4.824688204722898943e-01
-1.741829247342215337e-01
4.152448938629150210e-01
1.481859488061027852e+00
8.786374077723174691e-01
7.466336413061369637e-01
-4.486213518487137675e-01
-1.069733948768520349e-01
-2.910435348999488969e+00
-2.448023270475902180e+00
9.308941987030940890e-01
-5.905664628585928222e-01
-9.274139651635320281e-01
5.049111453222909773e-01
1.635855258215782038e-02
-4.888454416285281656e-02
-3.101114347669045590e-01
-1.362736492850645575e+00
7.957027302304062744e-01
1.450906879162366381e-01
-2.447957963795404090e+00
1.494322264324966065e+00
1.878677284790509772e+00
6.302881640598561042e-01
-2.111138352121611494e-01
-8.818941901783441395e-01
-2.525409088134079827e+00
1.782583612643764859e+00
-2.019838307439252301e+00
8.343188355797221956e-01
6.241008365426488069e-01
-4.400673955434177276e-01
-4.289607458940820628e-01
2.396822948690217059e-01
2.696889274045549123e-01
-4.362845308273334277e-01
1.796177174480187766e+00
2.833301149274610187e-01
6.314162213579204153e-01
-5.231361821192539452e-01
4.632803318250797719e-01
-2.680546796397709763e-01
-1.733482310019534012e-01
1.225102475334684110e-01
-5.078117641884451888e-02
-3.500573166724549878e-01
-3.723997862055538066e-01
-1.531287459847308630e-01
3.372482545446881530e-01
-5.608884394055909661e-01
1.765598556107950134e+00
1.806443665304934831e-01
8.529608106336028506e-02
3.837331527281505617e-01
-8.087860666222369543e-01
-2.269486965540116419e+00
1.102546499196846774e+00
5.692492564133835309e-01
1.940304670386655106e+00
6.604018586281186209e-01
5.498702661028079808e-01
-1.023128687189028607e+00
-8.871196927643945074e-01
-1.520747574706599881e-01
1.054383390407220178e+00
-2.322866254822092968e-01
-6.702715795789757625e-01
-1.653436742086979327e+00
1.496808596559557447e+00
-6.605581914271657640e-01
-7.847170855865022165e-01
-2.776730601835033507e-01
-1.106378315772878068e-01
-5.433883422035075128e-01
1.914806146542417764e+00
-1.399997454444672940e+00
3.957191912467260542e-01
-8.653336715337167639e-01
7.525803730325512086e-01
-1.548001303366658421e+00
5.860008582578170033e-01
3.079783484709803787e-01
-5.624228012699550305e-01
8.445755643518622069e-01
-5.352599211960767933e-02
3.029570396049030001e-01
-4.822011665418033388e-01
-8.940089722179825338e-02
4.315476199748632391e-01
-1.122641009967522696e-01
3.250432899540182774e+00
1.892020680479849615e+00
-1.750445801076959240e+00
1.933461449395273757e+00
1.078315705425247906e-02
7.320014393380478435e-01
-1.231563975615770357e+00
-8.765272777183925612e-01
2.745141009052253889e+00
-2.560798257792500365e+00
-5.785162786732600537e-02
6.062105087620393018e-01
1.604340174230797778e-01
1.874906189100513210e+00
5.008672894914348861e-01
7.547096097281759119e-01
-6.109737006907249857e-01
2.075832201218016149e+00
2.003031840151747733e+00
1.277749885287265269e-02
1.881633675089722929e-02
-7.650603999719656212e-01
-2.107196519463892859e+00
-6.056128243247229648e-01
-5.945855751254680577e-01
-1.830158951023803438e+00
3.230929092702414795e-01
-3.660667606571824662e-01
-1.789075361381974094e+00
1.104495288291647892e+00
-6.551022108598898441e-01
-7.418517294984784682e-02
1.290736269223792476e+00
7.283778955343898076e-01
9.960709816917161508e-01
1.320919225328879842e-01
-3.634098357649819255e-01
-1.764402734261899086e+00
-5.925749654339779182e-01
5.767371947126656018e-01
-2.174557897995779143e+00
1.376945407255237397e+00
-1.715407754994934475e+00
-1.726075968436947772e+00
-7.440672334570095359e-01
4.414576950616005274e-02
-1.059040931935631091e+00
-6.778020327859566319e-01
1.166723421795126336e+00
9.775306882391997521e-01
-1.184846592951501743e+00
-3.883579830417008827e-01
6.045102590112404473e-01
-7.698233673733482219e-01
6.958556511178133619e-02
-8.433967582911288119e-01
1.087524349817508229e+00
-8.426296995762474484e-01
1.164932526750202646e+00
2.608067362451343740e+00
1.291611658102655324e+00
1.083912009812314725e+00
6.809263715933058236e-01
1.435522976133325246e+00
6.255457817534282317e-01
9.382449499992788766e-01
1.865328987976156316e+00
-6.426411808384782098e-01
7.080883334264734819e-01
-1.787488081304456466e+00
-4.640963167742232498e-01
-9.192989906152888580e-01
-2.235855377547300848e-01
9.265683515505688250e-01
2.719442363373462124e-01
-3.581121244448305374e-01
2.634785669547932141e+00
-2.567828328662716819e-01
1.107706959692896564e+00
-1.777273665210634901e+00
-5.890403353767892369e-01
9.867326345248054187e-01
-9.115492447530427755e-01
-1.097795801562240436e+00
-1.707619525557063922e-01
1.504348867842558723e-01
-8.133485135187490389e-01
-3.072896927454052740e+00
9.856452693884466543e-01
-2.268020297110354966e-01
1.886141561811561229e-01
-2.482107816673437828e+00
-3.307229098488059238e-01
4.841703971933374318e-01
1.274376763623365216e-01
-7.334483024564784903e-02
1.093067856798210613e+00
-1.740752892734985235e-01
8.495127755991207508e-01
5.282788118680984413e-01
-3.559871193522504695e-01
-4.976138809216821834e-01
9.801511425755352613e-01
-8.112750571534008692e-01
-1.659186660594362150e+00
4.254298903590995606e-01
2.752262696804799180e-01
2.120699617626101041e+00
2.418527562746680903e+00
-9.245247222703464884e-02
-4.616173999670811767e-01
5.231622845306109770e-01
1.614121568833121190e-01
1.594056198122273671e-01
7.252323538549605431e-01
7.316107967365270692e-01
1.225044955752316644e+00
-3.734487706729086587e-01
3.453626710163369418e-01
6.853936172739150123e-01
-1.637857370676514268e+00
1.280064889430631681e+00
-1.582444980190329753e+00
3.185704086632668575e-01
-1.308479249945569967e+00
1.114781419962822984e+00
-4.905741530682920515e-01
-3.351010313234641380e-01
-6.679950465559488793e-01
-8.739343396357569516e-01
-7.769192165714970955e-01
-1.802970269367625278e+00
-8.709457704128307221e-01
5.303198709084666618e-01
2.246879674527123283e-01
-7.039957380294243894e-01
1.932282676570742597e+00
-3.531752190423660398e-01
-2.728176642662158535e+00
1.048376460628664075e+00
-1.027340562928442447e+00
-1.693891918792294504e+00
-2.377512995443828436e-01
1.698068974059745218e+00
1.358676749382572990e-01
1.665630928196297322e+00
5.691154526979960160e-01
-1.974690317241954984e-01
7.261493265368301753e-02
-9.289881783029561857e-02
-1.018324321800834209e-01
-1.019613856667517471e+00
-4.280953884644791430e-01
-4.251946475489759569e-01
-1.161020478566877845e+00
5.440437889258080695e-01
-1.740692919708873188e+00
-2.163504720778252732e+00
1.344520438693437514e+00
-6.729447180551461072e-01
-8.737613118959353109e-01
-6.184559443047674687e-01
8.192391276627664087e-01
1.561490187855716916e-01
3.590025560419253803e-01
5.268068968894812354e-01
2.209603438286801003e-01
1.707960207910405925e+00
-1.665583863037670698e-01
1.730475127178598527e+00
2.920841048089938830e-01
2.538817502097664658e+00
5.545577283855858131e-01
-6.531849971016552292e-01
1.327375835924891723e+00
-1.024371823274244031e+00
-2.291128895622924766e+00
-9.323073879972803013e-01
1.407591306256840813e+00
-3.401756168736695951e-01
-7.396360219271844727e-01
-8.245327889641653751e-01
1.010549015100994374e+00
6.971245788882690642e-02
-9.568003089498305913e-01
1.875597237601005218e-02
8.716646348015641421e-02
5.619326918831684115e-01
-6.184354622987289218e-01
-1.039137729123421394e+00
8.136886182308310234e-02
2.303891640811013275e+00
-1.837380517349449516e-01
-6.911042799833919670e-01
-2.507097608475020500e+00
3.238539904489903809e-01
-2.057135904878720112e+00
-5.665746649005891644e-01
-1.016037604252364890e+00
-1.239696927006398441e+00
1.452092718712565400e+00
1.589980475210197142e+00
-2.662310142965731430e-01
-9.514942912603341352e-01
2.360294973122269990e-01
7.822019692941389879e-01
1.394191022263724156e+00
-2.154138399820769156e-01
1.301640500990761229e+00
1.483785897202366755e+00
5.373412759234363900e-01
1.397901340744753362e+00
3.259183134320700059e-01
-4.075301737724281725e-01
6.580358561442397614e-01
2.372027940351476571e-01
2.474405905317281107e+00
-1.227958747302648090e+00
2.195827998157912075e-01
6.814239379291647802e-01
1.333236641398012567e+00
9.404406724208513868e-01
-2.124149211945459470e+00
6.434608501063103780e-01
-3.788713490498611947e-01
1.220786026418700793e-01
-6.047837274202674251e-01
-1.570339552008909179e+00
6.145778092408853421e-01
-2.042102728924108046e+00
1.455734884617732705e+00
-2.197856770328715514e-01
-8.683772981204662678e-01
-3.317230669704294699e-01
-3.091319125260609812e-01
1.991449982754720072e+00
-1.260497183617855232e-01
-4.472480208167196047e-01
-3.357867696630631449e-01
6.364544816324684273e-01
9.564544822468235008e-01
7.284031689283813060e-01
3.566867574930789320e-01
-8.015252940954120664e-04
9.138296414236685150e-02
1.610921375087177587e-01
-8.348889212229383405e-01
7.054905749931161818e-02
-1.427939379118853713e+00
9.329387181296725506e-01
6.000694864445983434e-01
8.593730406328993210e-01
1.671100393309218557e+00
2.470986058999432022e-01
-1.550357605997048749e+00
2.962768159849520355e-01
-3.680459028289107537e-01
1.094814446627506488e+00
4.977567687507045702e-01
-2.628940420162562130e-02
3.830402847399746458e-01
-1.300043555662781403e+00
2.449026753741549156e-01
