-6.148332689328215306e-01
-6.599799735910409915e-01
7.661097326611708835e-01
-7.905910673002698452e-01
2.717311398360237051e-01
9.002039567335737846e-01
-3.656874322231404850e-01
-8.554317008172118708e-01
-3.206833371908957564e-01
-2.384478366177469333e-01
-8.181284766537804121e-01
-3.049582392113294738e-01
9.538021223824659778e-01
5.835388840453159531e-02
2.342418221396476152e-01
-7.443145078407322757e-01
-3.280499731810353481e-01
3.422980017708546763e-01
8.337228740444657671e-01
6.865045360632001659e-01
1.698626926079968014e-01
-7.087014814782126582e-01
-5.159177633896976367e-01
2.000534888401350742e-03
7.917677713698934028e-02
-3.727396177713522274e-01
-7.750231429632965519e-01
-8.109194576921894271e-01
6.787980616262561107e-01
7.864481378045273807e-01
1.222647126970354825e-01
3.502676302761492666e-01
2.263773140014930796e-01
-9.241905040435902663e-01
-1.109733957342587951e-01
1.056334697326186012e+00
3.537630346597710473e-01
-2.216312819015409108e-01
-1.766526265252750250e-01
-6.600006543154337546e-01
-5.690264157795550393e-01
8.733290905997315168e-01
-4.270546303655691212e-01
-7.207056639745956783e-01
-4.456002256860840394e-01
-3.065429558507764551e-01
1.986070863642080964e-01
3.040615897669374235e-02
-6.076157056270106160e-01
-2.366389781059648478e-01
-5.871545189182563185e-01
1.958004226337786147e-01
-1.423588083192193210e-01
-5.951534527897951454e-01
2.728442649951963173e-01
1.863207652509641932e-01
-6.378766922090717273e-02
-6.949614926782181623e-01
-2.974681762130595430e-01
2.194189334111907586e-01
-5.152520127668034355e-01
-4.914778254597631513e-01
-9.858080965069586643e-01
-4.212853092283354306e-02
1.615520346805493501e-01
-8.962463666251809791e-01
-5.687929653849175260e-01
-9.536657676786425286e-02
1.255244076103960271e+00
-5.577940040660651633e-01
6.989906924195337101e-01
-6.901293407924911083e-01
-5.684986110021958972e-01
6.788684359361247811e-01
9.106115825035754341e-01
7.511558119295402847e-01
-8.167639873747858381e-01
8.669454809733851963e-01
2.534740011066920484e-01
5.999188845423799599e-01
3.860530958952144709e-01
4.160406933480739200e-01
3.144703415119667333e-01
8.951165643670866423e-01
1.123711435931238345e+00
4.365169255475674914e-01
2.772274469930735563e-01
-7.079214852970212579e-01
5.779608595180474317e-01
5.486552521660758019e-01
1.013582517877464895e-01
-1.455752359298203569e-01
-7.156185837965371999e-01
-9.566264694480133279e-01
-1.355611938666659855e-01
4.294215676370221058e-01
8.920029337286252691e-01
-1.025290635141439477e+00
-8.034413114601954842e-01
4.422057844959026429e-01
-1.133464807576865629e+00
-3.488103549897245692e-01
2.499080786788369091e-01
-5.555449275620308880e-01
3.548919083879711334e-01
4.161899745146124818e-02
-1.395325662024489710e-01
9.624690254885326368e-03
-4.491424170726650011e-01
3.429449653486382754e-01
7.781963303185079894e-02
8.661443257518770533e-01
5.077520567027774545e-01
-4.235899286323644430e-01
7.128760797886710687e-01
-6.955676329162054916e-01
-6.951501223996778833e-01
3.671148100813115267e-01
3.790627660193770510e-01
-1.038218740102236914e-02
-7.063327593022646900e-01
7.897047215536625586e-01
1.784161296155064025e-01
8.192567995133992476e-02
-9.008946218464575217e-01
6.910685000614621432e-01
-9.114010587551497622e-01
-6.805708958711997880e-01
9.773024864338857309e-01
-4.290689186869567351e-01
-7.138283568544093738e-01
3.333446313080955514e-01
5.168406196188390922e-02
-4.939455899848941289e-01
3.358940158118897124e-01
-5.333634010365873035e-01
3.878806521605027147e-01
-3.160071487782398769e-01
4.919857741988131750e-02
-5.462723630803469899e-01
-4.720463402965868749e-01
8.889726932617145749e-01
-1.123366586014817869e-01
-2.309725270981699552e-01
-9.188217148265356293e-01
-6.805167699664338432e-01
1.900579227082404010e-01
-8.773090309142095311e-01
-3.312516668699581057e-01
-3.845056246255846299e-01
-4.341350465905148281e-01
-1.257921999377170641e-01
-1.175875748271923316e+00
4.222576607794459314e-02
4.613103338260307051e-01
3.633651515856124448e-01
-2.743464630332891896e-01
3.628829457572233519e-01
-7.053743108599308531e-01
-1.433782482525156055e-02
-9.831246447968513547e-01
1.924633299808371500e-01
7.288126243892020240e-01
3.838657515314110036e-01
3.552997241936206585e-01
-9.737379563440999863e-01
8.702035917681872901e-01
8.923711822821143169e-01
6.523937723635708785e-01
-1.682436823885060662e-01
4.845995529223161569e-01
8.780378293026247505e-02
2.024719456878942836e-01
2.173286304880539532e-01
5.570203173690880805e-01
-3.915039663362238631e-01
5.569582771772136898e-01
1.900836017052487392e-04
-6.872345359364402384e-01
-2.139817628065390498e-01
-8.881193959073521160e-01
-9.363263131686323515e-01
3.401958278141796743e-01
-9.834186468056418384e-01
-4.630142885569355493e-01
4.428134366675332556e-01
-4.101430479278667662e-01
7.980986892810741917e-01
-9.632527519773004254e-01
2.960255945629766128e-01
-5.307405611270608059e-01
-7.961440429285344678e-01
-6.078608222384285220e-01
-6.551700789547219017e-01
-6.290175349700748431e-01
-8.642683832458454285e-01
5.352715652548162284e-01
-4.856698599713848985e-02
1.032374065000826180e-01
-8.364571680307739676e-01
-5.372429600584347487e-01
-5.151714535626537028e-01
-4.740816054084668885e-01
-8.944581618818912006e-01
7.267850609277546337e-01
3.094954591172014435e-01
5.599218589644714417e-01
-5.877741744631712617e-01
8.518381523309348502e-02
7.823257300099200062e-01
-7.214090904639853807e-01
-2.810889468720043083e-02
6.428545668224918685e-01
1.376646867282514120e-01
6.065143583184675613e-01
3.931884226615014466e-01
9.140034443109921192e-01
-6.049199022199558406e-02
2.807145966172139850e-01
4.658364651353761876e-01
-2.459303686676947986e-01
-5.799265916302625001e-01
-4.243677641805282397e-01
-1.522790220298759767e-01
-1.988909860033087895e-01
-1.112432542406357916e+00
-5.471536920188919684e-01
3.285497613215329626e-01
1.376344254341430595e-01
-3.213524811365098266e-02
-2.482748529531518256e-01
-1.084142670976007139e-01
8.762025188416145971e-01
9.229427046742308960e-01
-3.156710249584337991e-01
-2.006533294501098297e-01
5.548088408624427537e-01
-3.826619270802302797e-01
4.492367618169272880e-01
5.100982610992317312e-01
-4.675645715071157227e-01
-5.650782878433768808e-02
-3.287107490641802965e-01
7.625735609612430688e-01
-5.720435559837067085e-01
3.947045518292640054e-01
6.422035762471378639e-01
-7.323051323895821696e-01
-8.593832853226590629e-01
-6.700971205706521827e-01
-8.292082997601017968e-01
1.159475529277489425e+00
4.671016850026730172e-01
7.793705469089874383e-01
-5.214608197429987380e-02
6.099785135314754747e-01
-1.181688191444441927e+00
7.655691971537703644e-01
4.082418433134157310e-01
-7.516232547767214278e-01
-5.348180702421667654e-01
-5.384710438278863531e-01
2.580706163436721212e-01
1.134117666373233302e-01
-2.415493495990130857e-01
