2.272919254291512647e+00
-8.565282958299789140e-01
-1.549501080074153547e+00
-4.253510508633475129e-01
-1.058760492858341618e+00
-1.697295579993386427e+00
-7.691656465304003154e-01
-1.149255348257941289e+00
-5.748522538688519701e-01
1.844965104381475207e+00
8.038733829736588454e-01
4.426314925269245193e-02
8.275677857650058922e-01
1.722988410424389993e+00
2.421691194593537766e+00
-1.553793180686028341e+00
5.450039595727018682e-01
-9.004169338185752380e-02
-1.759089549056887802e-01
5.348964254150713193e-01
-1.444146881981602348e+00
-1.963716499196648924e+00
3.572266254460611523e-01
-5.077397451322378519e-01
1.569235570716181749e-01
1.197736785641624752e-01
-1.982131377065191047e-01
6.978755802947553821e-01
1.297605904014915046e+00
-2.315991338414437273e+00
3.461642748720555329e-01
-7.107660168061600281e-01
1.210794510750149433e+00
5.005979853787385636e-01
-2.232515373934934821e+00
-2.704280667879823685e+00
1.764686929841633223e+00
8.619483212706797737e-01
5.386453797001111710e-01
-1.027867001455780915e+00
9.204035881995920043e-03
1.941093073001885383e+00
2.267412195620830406e+00
-6.895853541109155938e-01
1.024078350412918892e-01
8.597619554843705103e-02
1.843771970870748955e+00
-3.500587295055362924e-01
3.691098456132339001e-01
1.228531805111334307e+00
5.205830626431144914e-01
-1.105677024570584255e+00
-6.964522563347385065e-01
-2.818282045519435730e+00
9.669634346381847934e-01
-1.032646411894090566e+00
-7.931304791280405220e-02
-1.081118230364192634e+00
3.030809689386685157e+00
-1.098318435820095473e+00
6.091337674582559814e-01
3.119738245828572509e+00
2.552862856759159804e+00
-3.032014048048499721e-01
-1.890922216183800186e+00
7.557013096964617649e-01
1.163147635784724132e+00
-8.526862572708465704e-01
6.081529568030564770e-01
5.995458920427390037e-01
-3.346101675618819105e+00
-1.873139575355605713e+00
-4.692188273089017425e-01
-7.831950687213533602e-01
1.373701967866731120e-02
-6.632102702390418880e-01
1.147501265492955280e+00
1.304005120163545861e+00
-3.969807302598185039e-01
1.383257576781771858e+00
-3.135872823143961430e-01
1.056529707632123616e+00
-2.623252270099704297e+00
1.439113949594629238e+00
-7.819993036346589710e-01
1.205167857701610057e-01
7.482692741388567714e-02
1.165188623930665246e+00
-3.641189163720975674e+00
-1.848047992846403975e+00
8.574586374433817992e-01
1.603516642892129473e+00
8.830746985918761505e-01
-2.629212042330325572e-01
-4.570122992446096766e-01
-6.018114994670608064e-01
2.256117258742454043e-02
4.324851407836466377e-01
-1.030565195203361872e+00
4.639723165944210082e-01
-9.142556998524566936e-01
-1.278523415003432806e+00
1.319947096018003307e+00
-7.239053635959893374e-01
6.295438467794907123e-01
-3.711450168432424701e-01
4.012249799704040165e-01
1.997719975962506944e-01
7.741891420718697958e+00
-8.716633498752102138e-01
2.599538386562105785e-01
-1.057468059153429785e+00
1.860278943012400932e+00
1.694853301879613250e+00
1.197863617662360713e+00
1.417030097600725513e+00
1.295415954302798323e+00
1.561440246456573755e+00
4.008978495547155241e-02
-3.256658904861859938e+00
1.791737094946202147e+00
-1.688203588878036954e-01
-2.227583443381132344e+00
-7.541920827355437229e-01
-9.832154354658176887e-01
2.747874650472632019e-01
-5.670992511447001672e-01
-1.181127604702235878e+00
9.545181025484754667e-01
5.779329930311788432e-01
-5.560926931182113425e-02
4.972524229584919908e+00
-5.008380445661357872e-01
2.335314084497830123e-01
-6.876529166284646166e-01
-1.164916668451159598e+00
3.669106835454191140e-01
-8.674428195354069171e-01
4.774017106377088093e-01
-4.614738583464425004e-01
-1.749396823375193977e+00
-1.730681721710723986e+00
-1.080556136966546621e+00
7.417858228455138647e-01
1.908012233769533994e+00
6.248809665507804034e-02
-2.799008186341081839e+00
-8.056323268530273252e-01
-5.973502472128918717e-01
3.894911665225319064e-01
-6.882252310433196740e-01
7.393004631503238278e-01
-8.533381329524724057e-01
-7.585076795118286253e-01
6.229520235033894071e-01
1.088429842971730510e+00
2.460069562662795806e-01
4.317457273843854360e-01
-5.692181350945303420e-01
-1.796316039714353385e+00
3.138129954166834601e+00
-3.432421503072078384e-01
-6.631410229894756370e-01
4.684662355974937298e-01
-9.569996509068885437e-01
-1.476195967999601733e-01
-3.546466277084361352e-01
-4.072910644476324116e-02
1.320249611271081980e+00
6.959065509987161224e-02
5.871902998703711907e-01
2.206161702261379087e+00
-1.126337650318800510e+00
-1.731117286304370229e+00
9.638176990177458325e-01
5.860834888250386898e-01
-7.769998546358509728e-01
-1.115220873767364118e+00
-1.440073585997123373e-01
1.262429730755284307e+00
1.368398161613565978e-01
-7.201831605430497607e-01
-6.989252344803137396e-01
-5.830186500401146610e-01
-2.002315119470551075e+00
7.735296506149099693e-01
-1.193520623969169581e+00
