5.784616004240086262e-01
4.606719825704090887e-01
5.332473594290475516e-01
1.021745888302862060e+00
-1.225801925917648499e-01
9.089054905285367525e-01
9.455348090481464629e-01
-1.052861717564596233e+00
-2.361353570549385716e-01
1.083728852204804305e+00
3.207515646719790170e-01
-4.283032248247746754e-01
-3.012352557272562903e-01
-1.197049056571307446e+00
2.643585536371480416e+00
2.046564314144952157e-01
8.141550902981402604e-01
1.087874467016385793e+00
8.633299941382645282e-02
7.018158138688761483e-01
-1.236019362729761539e+00
1.343343060071884310e+00
-3.372996628262230900e-01
4.313331290191055323e-01
1.022568862839853487e+00
6.774670074833291089e-01
1.242798195112910786e+00
2.621593243070391210e+00
-8.920859747311797872e-01
1.220102266786320833e+00
-2.052747595824983007e-02
-3.227740805343680686e-01
6.544748704537670658e-01
-4.600258688428011944e-02
8.555990899899017510e-01
1.110052113836886845e+00
1.581428426474265736e+00
-1.143438139169497658e+00
-1.223135984625140837e+00
-7.923498964662456512e-02
-4.211781147471684306e-01
5.631741959398528508e-01
9.679598883936866294e-01
8.273671372275059888e-01
-1.323257282037756388e+00
-2.400202609175982049e-01
-4.354183643099244216e-01
-5.000758757715116909e-01
4.440103156661179273e-01
3.008348258578436019e-01
5.672717384248238126e-01
-2.869337934738596108e-01
-8.986553934215729678e-01
1.193324190648228811e+00
-1.315329783020976695e+00
-1.413912335493993644e-01
-8.787696082335454406e-01
4.980227225562484650e-01
1.736513025661219900e-01
-6.081182414980577100e-01
-1.242930731914359432e+00
-1.857382705473230367e+00
1.969979524395461257e-02
-6.517654901600425932e-01
-1.666575356525255014e+00
1.650292795079159047e-01
-9.494506486478272722e-02
4.640830845651192083e-01
5.586691040549034426e-01
-4.831823283673472025e-01
-2.550286040815724853e+00
1.682389901991056813e-01
5.683840330507616834e-01
-8.123868102653573064e-01
5.232172565297326106e-01
-1.194798369039947961e+00
1.039492415911349721e-01
-3.144570955337459561e-01
2.499038900221635384e-01
-3.255689000978835290e-01
-8.515379308010901926e-01
-3.451222552866987092e-01
-1.023415123954938721e+00
6.692659676638520461e-01
7.529039735578677006e-02
1.163361334687156079e+00
6.502874487191085962e-01
6.443383909423608946e-01
-1.156027797851073846e-01
-1.808713465624112837e+00
-2.611321732265650675e-01
1.905364232171757322e-01
9.160437388602807873e-01
1.396174125409109790e-01
1.448336085143028473e+00
-2.805645660723302126e-02
-8.749183782653522368e-01
9.704917678380883261e-01
3.789737889561395345e-01
-8.255539520281666155e-01
5.717078213774683393e-01
1.447169228350645986e-01
6.317385189042373783e-02
5.466661273626559625e-01
3.822910657591187533e-01
1.419156346416586167e+00
-2.372814866305874570e-01
4.813434423500804193e-01
-2.151004874317401061e+00
6.926736867939160547e-01
-8.109412722473854362e-01
-1.331829898053715766e-01
-9.701542260415874086e-02
6.663008026602588174e-01
-4.849600981422026447e-01
-2.367788203847729811e+00
1.744112956265824410e+00
5.348501410151982327e-01
2.825301383718791248e-01
-3.716796781323267740e-01
-1.432183504309798128e+00
-3.331164352950024554e-01
-3.354523749483750983e-01
6.384519831084600749e-01
1.200618951295647330e+00
8.417525715055287350e-01
-9.465878637888918146e-01
-1.080471975868236428e-02
1.010041950337697614e+00
-2.457912895979160517e+00
-2.503968287232052781e+00
-1.598660843032225110e+00
-1.133297464568462587e+00
5.280361085034039892e-01
-4.604389080126870537e-01
-1.766728915470153316e+00
4.934243664064278390e-01
-8.598176981833118848e-01
-4.086231453331500008e-02
-1.282069268229507841e+00
1.535254913047052527e+00
1.257171751644961533e-01
-1.689122183690229539e-01
-3.235910504980666902e-01
-5.554436069950143828e-01
6.814110302314133616e-01
2.678388384784137211e-01
1.210568363886782794e+00
9.252128452530719582e-02
6.060774006527124280e-01
4.925412625959353363e-01
4.125087291308247028e-01
2.276839258333496555e-02
3.063346927578152190e-01
-1.755403074044088463e-01
-7.011162762591112152e-01
1.682829821633058387e-01
3.729681183505316744e-01
-1.789681643621987006e-01
6.676397846256819646e-01
-7.857523999647855195e-01
2.658338549377684545e-01
2.349264912296692209e+00
-3.118981317821338806e-01
8.233707703501014219e-01
-8.703719111060583824e-01
4.633317603560264120e-01
-8.375950877258120375e-01
-7.328605187764560824e-01
8.244753435044245293e-01
7.467015655910599903e-02
-3.009512065534643566e-01
-2.305365827778957551e-03
-2.562846911625804580e-01
8.972817982382641500e-01
-4.126161874425917087e-01
1.119806694280926829e+00
-3.988262503350224475e-01
7.970498579221947377e-01
3.308620912664652636e-01
7.333130335388882148e-01
5.469479560891512548e-01
-1.192239915301290143e+00
-3.771836351357133466e-01
-1.022694404748147434e+00
-5.398759696449526579e-01
2.890444433604241747e-01
-1.287377042930460402e-01
-1.957731239380971489e-01
-3.376318437849076259e-01
-2.609447054027132507e-01
-4.040097059755382025e-01
-1.261467133120511397e+00
-1.003559640661299213e+00
-1.261232445099050636e+00
-1.215911850240455561e+00
1.694435041785811835e+00
-5.539335674312615421e-01
3.650656117784979449e-01
1.214239085977814603e-01
-2.096197646928998348e-01
-5.728473222381595953e-01
1.284423334512604153e+00
-6.759612916095438795e-01
9.864534990036364359e-01
-8.248043880715589804e-01
5.358275174498139393e-01
-1.658372100339367883e+00
-2.679138055637633187e+00
-3.900678683531435542e-01
-7.189415139156449808e-01
7.750246993017777530e-01
4.957648626819519677e-01
-2.383109824965465862e+00
8.758627217849654922e-01
1.241374051224144681e+00
-2.285666623114109286e-01
1.448637924856562620e+00
-5.652676583907364494e-01
9.419354485033664126e-01
-6.425117546772950439e-01
-6.231418431856696749e-01
6.908880263335093197e-01
-2.208755226909575042e-01
-5.859400484485066674e-01
-1.800201038118541597e+00
-8.602020877166624002e-01
-5.470269720436944372e-01
3.507381329922599766e-01
-1.592153150727427247e-01
-2.230542727126239022e-01
-9.143534540107665087e-01
-9.711357649483390864e-01
8.247302857754240657e-01
2.233504776025797334e+00
2.915983856558338694e+00
-3.807381529077250026e-01
4.058206572743366936e-01
8.672676890762520685e-01
-1.474283813965563024e-02
1.670440812717869150e+00
-9.584937598824936344e-01
-3.260509489359982860e-01
1.074481977546909162e-01
9.491335671752634262e-01
-7.108859104497926573e-01
1.394293813732897958e+00
2.979730996339839955e-01
8.429110035726825600e-01
-1.285471737287822158e+00
2.796202455093285688e-01
1.062166109412575166e+00
2.795827940183790439e-01
6.042867008843286758e-01
9.822268070425391739e-01
-2.297289476152165832e+00
-2.217561932925674828e+00
9.146938510903672714e-01
6.443320719486760328e-01
1.032187169204942911e+00
-2.956253488991602563e-01
-4.634799414400435080e-01
3.055045437221894922e-01
7.385138432525466534e-01
3.015729582566145095e-01
