6.400025506436104461e-01
-6.628382848583579401e-01
4.523806653948390655e-01
5.076564508100067652e-01
-1.630618415805344112e-01
-1.004042064477540741e+00
1.558159289639526879e+00
1.444920488066766262e-01
3.412412120078873179e-01
9.072551358511010688e-01
-1.540994089397585698e-01
8.802451493834317908e-02
4.662510357408375938e-01
5.501899155075999914e-01
9.051587194381198742e-01
-5.642100975128464535e-01
-5.388508095303802536e-02
1.218716538128927773e-01
-1.667029242860636751e-01
1.349566513756604635e+00
-4.013793760110404563e-01
-1.484662525001878911e-02
6.861802621765639154e-01
3.119546698165320264e-01
6.061596050162357807e-01
-6.271555840864105891e-01
4.168334362836972895e-02
7.679680534322909091e-01
-1.123341409387193401e+00
-1.515447266653159042e-01
5.767022429768721425e-02
-3.326390546994081321e-01
-5.930924745819599053e-01
-7.003326483321674623e-01
-6.053366522453267340e-01
2.402885277467880359e-02
-9.098804982907496841e-01
1.224185718905501652e+00
-8.730734794191064019e-01
-7.016472968964265755e-02
5.278372576724570386e-01
1.448249163110570253e-02
6.042707544317112989e-01
3.165635874136492611e-01
-1.445270944767765853e+00
-9.078811218781670522e-01
-6.788320595456355244e-01
-1.082848848733712455e+00
-8.755871567392840005e-01
-2.419886298193476559e-01
2.613417808576812273e-01
6.075945557878534298e-03
4.331166739015948619e-01
-5.327512925200853511e-01
-5.989944307427049752e-01
-1.735771234467021307e+00
2.896706395098049835e-01
7.540720436841563679e-01
-8.251588386022382648e-01
6.214394218032697204e-01
-1.060417930478151582e+00
2.385135726585286831e-01
2.974858600724316626e-01
-5.337318839459447295e-01
-6.570585481641227910e-02
-1.570803195386358597e+00
9.643816499388636609e-01
1.487858532015700508e+00
1.755535895747001529e+00
2.810387724113804220e-01
-2.838303457511376360e-02
1.523430454766539377e+00
1.064230245707442180e+00
4.541921621007513066e-01
1.506339914711801731e-04
-6.547017528050975976e-02
4.193794029875025919e-01
2.434085333517763683e-01
6.904978404131776326e-01
-1.043038708127405512e+00
2.645198910775204970e-01
-7.325221716710051956e-01
-1.375814644896928174e+00
8.277977247739857214e-01
3.844275443614779686e-01
2.502701019065305399e-01
-2.646720681203862391e-03
7.329959187837779000e-01
4.850912517604841767e-01
1.737067795567342476e-01
-4.461376405273461132e-01
-5.611646913261377767e-01
-1.200611954378102419e+00
-1.212972974508466084e+00
-9.544393174703491578e-01
6.728299311544153616e-01
-3.171517810915407132e-02
-1.678722370469221126e+00
5.292082049033075553e-01
2.738529318672995316e-01
-2.175946207248609099e-01
-3.510021494617598936e-02
1.944449896186855875e-01
-1.100372517110461246e+00
-1.069678905239134503e-01
6.887395702826168975e-01
-1.226906438553977630e+00
-4.121164208434694443e-01
-1.044698072349847129e+00
-8.823573071554027258e-01
-6.920012012847901461e-01
-6.082704885735873424e-01
-9.838540982057162321e-01
-8.179380647690304151e-03
-1.264785288382066053e+00
4.725570710692051923e-01
1.042240294490366370e+00
-1.278516749028964616e+00
-8.795538089399907999e-01
-1.646441137161217538e-01
-2.973263614751802675e-01
1.847656259974457815e-01
-7.829821081744436917e-01
-2.132437454979441427e-01
2.000153040276550498e-01
6.027533229033983364e-01
-5.505472604225529476e-02
-7.530729748539403134e-01
1.496572302719451963e+00
1.080490084372665305e-01
-9.243449585418548331e-01
-2.751652424506658701e-01
3.838025300068091394e-01
-1.201240749470092184e-01
5.118285352632770402e-02
1.139205390730023554e-01
2.231031909860888562e-01
-8.200074945205193533e-03
3.358120083052165694e-01
2.632646045992269590e-01
-4.980813902072766530e-01
-4.962901494103187372e-01
3.982797410245487724e-01
-1.540112162802665496e+00
-2.210846429207099506e-01
1.931373072561256843e-01
4.704809072237591816e-01
9.011713233047900784e-02
-9.455521116771357093e-01
-9.023675174306019509e-01
-3.606846274833573895e-01
-3.293305999208476220e-01
-2.480252009104092770e-01
2.386544178242144265e-01
-9.428623357451951792e-01
4.580550945376132832e-01
1.086589003379489382e+00
-9.831112425922150511e-02
9.697854244444694682e-01
-3.977125605311015444e-01
7.968125055059681605e-01
1.933382791265348399e-01
7.059194543363284113e-01
5.133028697826367281e-01
-1.243528278847758350e-01
1.056298451331177723e+00
3.553458699268096099e-01
-2.238168741672696138e-01
-1.078088156921969409e-01
-1.530542220446302337e-01
5.168813568532071301e-01
6.833131529006548632e-01
1.536867711506225698e+00
-9.690383079415010315e-01
-4.368552412992536826e-01
-3.155879066536852462e-01
4.944507754861889315e-01
9.674369403449454285e-01
-9.227510218179472146e-01
-7.930052591051377497e-01
6.796166941697183717e-01
-1.097148902528214398e+00
2.071000230862961589e-01
-8.305098305013574045e-01
-7.758235395612058660e-01
-1.298189906109735281e+00
-6.575969934174344944e-01
-1.011593463981788205e-01
5.572941652158733827e-01
3.022724601289127899e-01
4.450073659377218327e-01
-1.289962802694719857e+00
1.449617212081950601e-01
-2.759219136368183944e-01
-1.009034338642293971e-01
-1.372533644889067483e+00
-1.810767277467548453e-01
-2.951590188291548511e-01
6.222213669684470982e-01
7.477428241462817926e-01
4.741509451141998066e-01
4.081167006872645775e-01
7.076469444430673050e-01
4.810805728780974677e-01
-1.501537221069942030e+00
4.227003795697483191e-01
8.532434748540476122e-01
8.159213316166383789e-01
3.645203864306693631e-01
-1.295015179189072052e+00
4.148158279621604327e-01
-6.484143178887725734e-01
6.019053960030540384e-01
2.672807852264861284e-01
1.389594730087844177e-01
-3.183955713770111329e-01
-2.663121757341842533e-01
3.843871660945895607e-01
8.386116935182522450e-03
-8.143571004000091373e-02
-1.907695371485492730e-01
-4.422474471764984982e-01
1.961190927742473278e-02
-6.794609856389903779e-01
7.699546251641927741e-01
1.084007876895165312e+00
6.337605601442087844e-01
-4.060314792764260217e-01
2.391298652206202413e-01
-1.197001795271592783e+00
-3.381318960194497070e-01
5.705346851991356383e-01
-8.176835261990004211e-01
-3.302313085891479538e-01
1.316414597452756630e-01
-5.679369246618748424e-01
-1.043079045425008067e+00
-3.975454792863741815e-01
2.664569538982854979e-01
-5.833709505768056580e-01
6.677988852661149721e-01
3.767658176517812985e-01
-9.778091217203285779e-02
2.433162174973470260e-01
5.601852662460844456e-01
7.161367796445317069e-01
-1.155680994676044904e+00
1.299292924620544243e+00
2.668438851001591616e-01
-1.246987016710144003e+00
8.458705004476914091e-01
1.796041278961733489e+00
7.097485910931007336e-01
-5.518665249882837021e-01
-1.236821711731765916e+00
-3.022990234128555831e-01
-1.003859700714268000e+00
8.258613254202942233e-01
1.865736906065505574e+00
4.065096747821775325e-01
-3.160639212828647571e-01
5.078233165635009927e-02
5.562371962352806731e-01
8.003536269472409925e-01
-7.492648069265148703e-01
-1.443837805649692552e-01
-7.741181812098208992e-01
-4.167899281799267164e-02
-2.324459259381747578e-01
8.473993106177968304e-01
7.486380017685532184e-01
-4.777020998517370054e-02
5.853750867052690543e-01
7.592458430919120094e-01
-1.558864350025693568e+00
-1.393550398056970119e+00
8.202038132276454618e-01
-8.669408774450102495e-01
-3.218522873893988057e-01
8.064410498315700560e-01
4.424400688257391911e-02
5.777823304779388103e-01
5.504839912470227414e-01
3.767782642954694422e-02
-1.934836929877103984e-02
2.547869279891595840e-01
-9.818350245782835328e-01
1.166463668880286519e-01
3.094679565352980166e-01
2.266467115529565146e-01
-6.560571248392277344e-02
-5.512749980639812808e-01
8.521990678005380015e-01
4.431717589349528641e-01
-2.970175787392444477e-01
5.460352850137863978e-01
2.552572283289143429e-01
-3.408269853686854423e-01
3.789751826841409876e-01
3.394394576933554841e-01
-7.892029905511278587e-01
-1.193408494718525142e-01
-1.897356418852105819e-01
-6.865082038139384002e-01
-2.537422973131985698e-02
-1.541386721848344576e-01
5.425303870207653922e-02
1.167145666503554002e-01
-9.773784063835857516e-01
-6.127807978999209038e-01
-7.673054681314084302e-01
-7.249749424336586756e-01
7.974837829698935288e-01
1.559566657765754760e+00
-2.498021363029303277e-01
7.403281376419191817e-01
-7.123549866596881608e-02
8.594140369900515886e-01
6.013254385961454007e-01
-6.684270462694767989e-01
2.992826425325479378e-01
1.364437270474306185e+00
-7.701043906388097549e-01
1.416765831993381242e-01
-5.461403012698745618e-02
-6.985851689376193496e-02
-4.613576983531629538e-02
1.202198958308934085e+00
2.468381410524518316e-01
8.748919085603357182e-01
-4.995473035066449463e-01
1.968236653341316755e-01
7.645787307573556069e-01
-1.513362139616468705e-01
-1.157331920134318182e+00
-4.619034552053373210e-01
-9.801815914857556766e-01
6.840381450490973236e-01
-1.107106054907382342e+00
-8.860198981132000329e-01
6.776757098202159657e-01
-4.559129205252280270e-01
-9.294831319865455299e-01
3.154058193149441580e-01
-6.237098904572849767e-01
-1.227824824303140883e+00
9.367789464862105175e-01
3.094818219335905285e-01
6.005953892784563486e-01
2.176386892242396509e-01
6.896597516061642175e-01
3.684182982783555382e-01
1.036355700373702060e+00
6.364130876995175434e-01
6.346618540502422245e-01
4.083367094823348031e-01
-7.701945675693597226e-02
-2.918799090366904769e-01
-3.873645342020053395e-01
4.293496650517478197e-02
-2.301600530149330581e-01
-2.150081942367193522e-01
-2.003096014870917041e-01
6.309611142081572588e-02
-1.249700442989420957e-01
1.003248529456516547e+00
8.401153510093334331e-01
-5.454050658527476170e-01
1.005741459025097040e+00
