-4.995963504718693438e-01
1.577893932495066931e+00
-9.342472325242102693e-01
-8.042102224980554048e-01
5.414712817004551093e-01
-1.293282301785086519e+00
-2.586931324099417950e-01
1.172213219681718932e-01
-3.388504127322869985e-01
4.162567510180080754e-01
-1.726126953440794587e+00
7.484880800141534563e-01
-1.709150532707038872e+00
-3.603094265272595464e+00
1.638804685399578021e-01
1.654409968110710227e-01
6.190910052090540239e-01
-5.010407512213299608e-02
1.771960329060274231e-01
7.727954503776360839e-01
-1.797299354159816787e+00
-1.162586630542383981e+00
-6.812479638748689670e-01
4.559396171274082143e-01
4.610001801424147283e-01
-2.727740240848852693e-01
1.506536998824097529e+00
3.913235287024187103e-01
2.719397737224572564e-01
-8.440103611105254089e-02
1.685312583786850338e+00
-3.313938722359693889e-01
-4.663933237183085501e-01
8.397325621724266442e-01
-3.367187984752025298e-01
-9.140476424174691639e-01
1.677299141689681417e+00
-1.391077344752442435e-01
-1.105591667977932957e+00
2.896989265592481821e+00
-2.586603074243683853e+00
-1.992220516849934953e+00
1.467298400910020673e-01
5.578309035489826817e-01
3.765247117418008549e-01
2.239116918378234455e-01
1.104180059478100606e+00
-1.795517897092776316e+00
-1.963940013903397563e+00
-1.477194926026196731e+00
-1.819129466221849345e-01
-9.013142047926260558e-02
-2.028758140912437113e+00
4.067803267613525064e-01
1.441135833384525444e+00
-1.708542197315769395e-01
3.563488976731606916e-01
1.030816895648366094e+00
5.397900869780811739e-01
3.255213569882198232e-01
1.172460463701772149e+00
6.713150433013082008e-02
-7.699059823549030401e-01
-1.203067285502454897e+00
-2.501554469461307662e+00
-1.682052212614029374e+00
-5.082181741210843873e-01
-4.601571892627345783e-02
4.218452357639987937e+00
5.395438415733333493e-01
7.416608102476818232e-01
8.280257773785179576e-02
-1.418290240901739496e-01
-1.264941092131064870e+00
-8.044764594726284690e-01
-1.058495433604363267e+00
4.761625029577334800e+00
-2.232604539514992936e-02
-2.719005887499801322e-01
-4.077711399467426112e+00
-3.931153827604612072e-01
7.442625535882808896e-02
2.588285570207206621e-01
1.498649313694551788e+00
1.396869390260652155e-01
4.247890246643820644e-01
1.595328445176954935e+00
1.075398554433686815e+00
1.864780176310098625e+00
5.077873973266118224e-01
9.902257081267877847e-01
2.033171965433000938e+00
-2.229090679173165945e+00
-1.136902545897566785e-02
-1.283828468803874134e+00
-1.255135680809730037e+00
-2.464080195672739282e-01
6.762153578034295620e-01
1.689603537427516899e+00
-9.236763204601199373e-01
-3.287906976433518036e+00
-6.780967962783933656e-01
1.990406955254887089e+00
-4.774523577956982789e-01
-4.940968696536668370e-01
-3.331837308691680821e-01
2.106469861911342834e-01
6.085275589870217106e-01
4.166796546685841429e-01
3.122552868366189394e+00
-8.416045337127625592e-01
4.927682740814611773e-01
1.890558177732269307e+00
6.892827192724353402e-01
-1.375805467425280870e+00
-4.786006113460947731e-01
-3.941756394778744843e-01
6.292141297698665703e-01
1.136431848375111020e+00
1.744133908633028751e+00
-3.258408201387195113e+00
1.909441091988216099e+00
-4.396574364999473739e-01
-2.709623994078801612e+00
3.348080902234016332e+00
4.156392965439332787e-01
-1.487158087771345283e-02
-1.257105901648088109e+00
3.368838110924217699e-01
1.521531239778359579e+00
1.630751399479420716e+00
-1.751457005153649327e+00
3.359345866401666214e+00
-1.441090198799349409e+00
-7.101846589004519039e-01
8.161752342327189824e-01
7.178401080031524550e-01
1.094476897714300012e+00
6.616656144710220122e-01
-5.553064235008384752e-01
2.464121736992365141e-01
6.561121195005443774e-01
3.132751019041271068e-01
9.873575802593071993e-01
-1.031697052033520912e+00
-1.451447647067308999e+00
1.384986881904648692e+00
1.970944184129601151e+00
-2.183036807873310003e+00
-7.387143497061601227e-01
1.767703281358381728e+00
1.034716434517261252e+00
-2.687673704233942473e+00
-4.113078005568216455e-01
1.382867110425958890e+00
2.544569469682712803e+00
1.549545145157877668e+00
-1.678521165400138626e-01
1.129178506685964978e+00
-9.271244405955995083e-01
4.970986789668956907e-01
3.247906630535791761e-01
-4.890464987883643144e-01
1.715382594811348582e+00
2.019519269466256081e-02
1.150342107572436268e+00
-2.546030006166403403e+00
-2.720887387754875597e+00
-3.229836911396044563e-01
-9.311647477343223400e-01
-7.731638976084783677e-01
1.750393234132204379e+00
4.485546338359786001e-02
-1.576873060664522930e+00
-3.780943708522596647e-01
5.001888239175805023e-02
5.865064407566640270e-01
-6.394978609717850704e-01
-6.298369318244423365e-01
1.981827765513988204e-01
-1.401493261777976285e-01
2.018575574189829247e-01
7.339938366820999427e-01
-2.421925775443950490e-01
3.607321073342381723e+00
2.349318182729794646e+00
-2.263427906601270578e+00
