-5.103971505306390544e-01
-7.751911935057059777e-02
-6.130435472978413847e-01
-8.645466661222988014e-01
-1.419288555546703023e-01
1.232049145913799854e-01
1.067894705182792503e-01
9.787996415959160368e-01
2.880374430566763622e-02
-3.376785877126872171e-01
-2.471342922046207424e-01
-1.876495383389958249e+00
5.403635616542300235e-02
8.140665965044451280e-01
-1.137471115768901697e+00
5.048550753644927003e-01
-7.194405133031369637e-01
-3.856100128549664330e-01
-1.232944768267123070e+00
-1.357273061915792223e+00
1.346232100062999759e+00
-6.306157146961061111e-02
4.124357799135903724e-01
-7.977564605202962511e-01
-9.414711475360388881e-01
5.306437121093163789e-01
-3.294963403570981830e-01
-1.714421448535212944e+00
5.866924360798378979e-01
6.346406771253505497e-01
-2.829176620458591085e-01
6.354441995588419045e-01
7.590867989588984122e-01
-8.860425614856186627e-01
-8.203205140291676134e-01
-7.759545758613377586e-01
4.736679090379399826e-01
2.697894665813561077e-01
8.749567044434078955e-01
5.183759694008721608e-03
-1.180896076153155061e+00
3.966889522351191300e-01
-4.158495467612611241e-01
8.215026989102999222e-01
2.463368696624352872e-01
1.619888678859906367e-02
-2.979492053143496522e-01
1.730171845221160562e-02
3.368889354997928187e-01
-1.951631827528547136e-01
7.648634635992361819e-01
-8.329893320732427719e-01
1.447879587691494052e+00
6.725541184677426010e-01
2.451989127442114058e-01
-1.147629736650820131e+00
-3.467792695805049785e-01
3.509270414051924858e-01
1.731167229904507360e-02
-4.148144899374978101e-02
8.278554010239269623e-01
4.564508995237267358e-02
6.928202164040118960e-02
-3.208975553363406785e-01
-1.055611985087524962e+00
2.646686307359960022e-01
2.478110486390427969e-02
-7.206439697976112502e-01
-1.191902894442676608e+00
1.388638462519014460e+00
4.898728595372310313e-01
-2.466398523678215438e-01
-1.268795766606597292e-03
9.491556655516319996e-01
-6.726284030356591281e-03
7.584684933203471591e-01
3.888708123608858314e-01
4.621307582706727507e-02
-7.680190613226064444e-01
-1.602404562772533625e-01
7.394208291677868694e-02
-2.940659609210765080e-01
2.472973244256553293e-01
-1.162791753309912579e+00
8.221161691188939580e-01
3.658977934347593108e-01
9.189460267346551969e-01
5.694810058182755430e-01
-7.508290766412397677e-01
5.523877525480644923e-01
-9.493693889055698776e-01
-4.161983357257785787e-01
2.780396694507356048e-01
-3.627349001933228845e-01
8.419111237791367941e-01
1.433962746766002105e+00
-2.008574527140797983e+00
-9.065775376672557950e-01
-5.277764986149253712e-01
9.494151674249194928e-01
3.295169940542177489e-01
-6.689701128484074055e-02
8.215453494246152122e-01
-1.215669821268645645e-01
1.911611787958870989e+00
3.922713974047377650e-01
-7.200865364029056526e-01
-5.779175394972409230e-02
-7.331718056249987292e-01
7.536398600155283511e-02
-8.047101291088680775e-01
1.359163232478886041e+00
2.423750073312134212e-01
2.422060151488911739e-01
-4.039033216342351462e-01
5.434002843722764153e-02
-1.844144615692030476e-01
-8.019611215064180731e-01
-1.559122681301431390e+00
1.134352440525820543e-01
6.354842589895317584e-01
2.094068918209021080e-01
3.541709598146205451e-01
9.770353471186721261e-02
7.778454861613800508e-01
-7.328914142233129425e-01
5.516961512453537608e-01
-1.375472083286445102e+00
1.407588605823342887e+00
4.269606080744808851e-01
4.564487627912173773e-01
6.900052939100089766e-01
-4.835544013742302250e-01
3.139758044062970210e-01
-2.657874509345623526e-01
1.359993887410367308e-01
2.211063175837875427e-01
-7.317926917227950412e-01
-2.378828997501277465e-01
1.010757948443690157e-01
1.875191995346913387e+00
7.605745367369391996e-01
-3.761639313763529557e-01
-2.534352052663076948e-01
4.621539042851009471e-01
-5.555071567766942664e-01
1.521653602225054414e+00
-1.541884602704576723e+00
-2.859504740199941608e+00
8.028064771164915570e-01
4.757948285080639828e-01
-2.278392800388226724e-01
-2.339249059671692221e-01
-5.139335642969566909e-01
1.894846318888612213e-01
-1.176622737286175391e-01
1.997740707554072737e+00
-6.786409289855523941e-01
-5.391780718045420251e-01
-3.720583930260517036e-01
-3.771738435122069799e-02
-9.393245067117993452e-01
-2.381322497049359055e-01
1.886659114041750462e-01
-1.722489678423248516e-01
3.326448426309489559e-01
-3.333430377063425487e-01
-3.595478954157053098e-01
-8.494660296068985428e-01
8.320485107980946093e-01
3.673355552791925382e-01
3.517182349796970642e-01
2.861970881747256945e-02
1.063240347208785908e+00
-2.807285541899550152e-01
3.493772590664828703e-01
-2.997194163024289870e-01
-1.106849013607645871e-01
1.096124801493015000e-01
-6.520658970770214502e-01
-6.254882208014476141e-01
-8.852455308919466859e-01
-7.981428678924784581e-01
-4.740415900306256813e-01
3.774552309048109233e-01
-1.123001320176558515e+00
-7.457327471399176622e-01
