6.141302903566072668e-01
1.188418108567348197e+00
1.072103115922627525e+00
3.811592417012221734e-02
-1.043470768004503446e+00
4.220681938443031078e-01
3.609494317563482491e-01
-5.026470457325820096e-01
-1.032467124098816136e+00
7.952486283807631562e-01
7.809147134380586275e-01
5.210654807918340126e-01
1.780898068960389491e+00
-5.016471445779532162e-02
3.829900055655726110e-01
-5.975438795429671712e-01
-8.821181246392023612e-01
-6.636218363285768529e-01
2.829705929710630841e-01
6.908300734949010535e-02
-1.259062724950873680e+00
-1.930897300408720985e-01
-2.621732059004143189e-01
2.108412411281842258e-01
-1.261952675253202871e+00
3.512361750273173544e-01
-8.219054858228846960e-02
-2.837101092775641820e-01
8.170022443547403368e-01
-6.423269073489084047e-01
6.744082650154381575e-01
-1.376546076956276066e+00
8.654727665114622659e-02
-4.988748457384490353e-01
-1.376183189000897422e-01
-3.492574211708842635e-01
-7.653187255984578163e-01
1.405423740226551921e+00
1.143175846982067145e-01
4.861525087751595309e-01
-8.698983833965269197e-01
-5.614149094083240588e-01
9.322613547131701761e-01
-1.275551696304006333e+00
8.930626976424874131e-02
2.503291993559219053e-01
-6.917738183047380529e-01
7.657051238247565284e-01
1.187160659947441993e-01
-6.324009039211437866e-01
-7.511185157602684459e-01
8.014921079508082746e-01
1.079636563121082471e+00
-5.031904334725707528e-01
7.551338129220235285e-01
-6.352045645887870462e-01
-2.440627514832622302e-01
2.444206380001539280e-01
2.340999897332349533e-01
-5.050236578520008734e-01
2.645761414834661984e-01
-1.133594154585786828e+00
-2.864548918011087242e-01
6.545641177669636601e-01
-1.023904702124577737e+00
9.333568661726495685e-01
-7.185900812870660292e-01
7.371697619106938326e-01
1.085044158183639418e+00
-1.307579675191558599e-02
-2.653239250755564660e-01
-3.207558824525683083e-01
2.424087749147554871e-01
6.147223902759211267e-01
1.677931959155235075e+00
5.953401494122783078e-01
-2.182918829632391755e-01
-1.117197406579020086e-01
4.136628804999772924e-02
-8.599654416807601676e-01
-5.088961664435530663e-01
-1.988966262076583280e-01
6.821937650302579703e-01
-2.120829370325390817e-01
2.228244336047759400e-01
2.946918414356482496e-01
7.755792828621044244e-03
9.363235785156914792e-01
5.374311197592634981e-01
4.337717452850340938e-01
-2.179758095889618164e-01
3.255248853973202183e-01
2.466770651203397668e-01
-3.913428615140608358e-01
-4.686157400049970612e-01
-1.575189462058435852e-01
4.380820167910069451e-01
4.661090574534121900e-01
7.625674812816467529e-01
-2.529754962889478320e-01
-1.199746607991999836e+00
-1.908776408791071910e-01
-5.718685805221599416e-01
4.367071599486817002e-01
-1.607203948573619368e+00
-1.396732097337479717e-01
8.963930459891559233e-01
8.868085642920595091e-02
-9.225067710531539289e-01
1.668118295531467732e-01
6.380765736713985836e-01
-5.587485148237050780e-02
1.068439972452144282e+00
-1.968781779639506846e-01
-5.205220043969926991e-01
-1.747604128786875710e-01
4.320554129358079587e-01
-1.196875281867209040e+00
5.201572094956278397e-02
-4.557300508295981656e-01
-1.327271512581414958e+00
7.202041158933014664e-01
2.882244744747980425e-01
-9.115497583322018649e-01
2.665555219024039191e-02
2.844085152448058151e-01
-7.709475966988695028e-02
-5.328541006239633226e-01
-1.198363645925272503e-03
3.561240920592675385e-01
-2.352618090668207040e-02
5.414704727785900618e-01
3.931271110853221673e-01
1.285637861971569595e+00
-5.955762211715027732e-01
4.567713029689672577e-02
-9.644969487919493600e-01
5.166054704078219817e-02
3.440961325932454518e-01
-5.194616503175134015e-02
-7.823092721377374881e-01
-6.157821970009664803e-01
1.225936010277974386e+00
-4.439567652388265451e-02
6.544964553662613316e-01
-4.718324681052712966e-01
-2.057631821342140732e-01
2.477598019834994780e-01
1.837182257487818549e-01
-1.191806105337801652e-01
2.623344889086910714e-02
-1.194710015199384356e+00
4.523906149755158035e-01
4.036974902210331839e-01
-6.522443337954260123e-01
-5.024706921722694730e-01
-3.652821220750931963e-01
1.346637708577871129e+00
7.790223286215022802e-02
9.010990867842630925e-01
-6.789639892748938754e-01
5.278115927509182681e-01
4.109171133116495400e-01
-8.363844212577674631e-01
-4.481565713757860170e-01
-3.654124951810096000e-01
-1.129797832417154702e+00
-7.839196975198217121e-01
8.328140662234982949e-01
-2.061311074994198467e-01
-3.270629875051180857e-01
-7.259217165446307796e-01
-2.673318155647846361e-01
-3.810469252466315293e-01
-8.994395293540464742e-01
-9.896152575768722981e-01
-5.026447310518231681e-01
7.305805384890823317e-01
-1.106554744016430059e+00
1.510298122239843444e-01
2.271817528655431517e-01
-6.861845963572310581e-01
1.487610118145764326e-01
6.526791510550991049e-01
4.359282869533579463e-01
-3.720490960284115745e-01
-1.418882257591533580e-01
-2.138339566248077805e-01
-5.581191099907230058e-01
5.277808121097060656e-01
1.823628475415153549e-01
4.300791630704993151e-01
-6.095057339216536363e-01
-1.210686564873233673e+00
-1.087734330708643449e-01
1.085123164116830852e+00
-2.639491458904103666e-02
8.176779019080319122e-01
7.198090111283445003e-02
-4.993459960420159049e-01
1.835450445962505395e-03
2.053795363070246571e-01
-6.401090792442711841e-01
4.960684566007027008e-01
3.194600049271417719e-01
-3.481089236167697609e-01
-6.918534468893084988e-01
-6.967858720458139921e-01
6.384911245598391683e-02
-4.592614854769836441e-01
2.103641712654522322e-01
3.778506361893396726e-01
3.748029387051773353e-01
7.799672118230465134e-01
-1.317358247026338691e-01
-1.197035610535279737e+00
-1.094197704385231340e+00
8.753200300367691700e-02
9.518700861359410403e-01
3.981014888790125883e-01
-1.066521396568063940e-02
-1.625389197853882584e-01
4.709009767048526474e-01
8.045531755842185717e-01
3.367201112132081064e-01
-2.567251867868602933e-02
-7.085660889347047409e-01
1.487522466654785380e-01
7.187471922933533763e-01
1.075299988529891726e+00
6.109394082013076543e-01
5.225497748365580675e-01
1.356125268152538865e+00
-8.274191729749236224e-01
5.216713304194795509e-01
3.036282300485729779e-01
-4.301325600108106273e-01
-5.486595165035862420e-01
-3.849521238388249889e-01
2.022669822579988286e-01
-1.485414857936520616e-01
-6.961191499242044278e-01
-2.678124418261931261e-01
-6.481992976205286361e-01
-7.471840572356697185e-01
1.067941248941320698e+00
-8.545799938383111805e-01
-4.052449047852764163e-01
3.883172140609976730e-01
1.365169262719890808e+00
-7.590633995486706365e-01
5.393347690510130743e-01
-3.621868983971012756e-01
7.612875532471982121e-01
9.531655018927378542e-01
-6.302867208858938808e-01
6.236982494238091368e-01
7.606935990931351643e-01
-4.079065245906626225e-01
-3.131393614665366198e-02
-4.703205053156975235e-02
3.893265132821225327e-01
-4.434363948114073972e-01
-1.282568119469962853e-01
-4.758353991153405627e-01
