1.726334557731507013e+00
2.027558640065791451e+00
4.423184709738195441e-01
2.349060736772557778e+00
-2.413224994202072704e+00
-8.932454637766016337e-01
2.875434282992809232e-01
-9.209506519641069699e-02
-1.652365827283579502e-01
2.091253712988342173e+00
-7.085031964876442601e-02
1.326869428786519256e+00
8.444507822156959165e-01
-7.931902606316287851e-01
4.011997828462527393e-01
1.533803363882264126e+00
1.903488782893260733e+00
3.494453822608213911e-01
6.858789985239900633e-04
-2.029501758935655514e-02
-5.189813554188370537e-01
2.700317544909459078e-01
6.833468691075791357e-01
2.068261854521696863e-02
-2.587347323034180135e+00
-4.651074072346156330e-01
6.203413920712291807e-01
1.015575805028282819e+00
2.682410797014023185e-01
7.858133489234996327e-01
-5.491754553705108233e-01
-1.195517456148284197e+00
1.408048934422988729e+00
-1.083860762159831598e-01
-8.649049201567887701e-01
-2.580374682171885148e+00
7.699461013572604928e-01
3.080937717875193993e-01
5.242513717612325985e-01
-3.833772200794728358e-01
6.790108603759292816e-02
1.819996774028014852e-01
-7.557756218044937579e-01
-5.578827727901705114e-01
1.274940455566396791e+00
8.369745780555497561e-01
2.117560427924779276e+00
-7.044793690892618976e-01
1.928518288337297826e-01
-6.564608007639069487e-03
1.217581854017737997e-01
-4.338268074291841137e-01
1.378033745023401480e-01
-6.059561613112610656e-01
-1.050178625230748342e+00
7.339847186760187769e-01
-9.247846607520560092e-01
2.494949216556127669e-02
-1.271592874251192828e+00
-7.111264785301388835e-01
1.330083122893730652e+00
-7.369522810092106191e-01
-7.888526844323018317e-01
-1.065209181170928776e+00
4.051813149645598910e-01
3.965763158424762125e-01
5.457809756025824854e-02
8.284941507243738512e-02
-4.673098708857301720e-01
-1.234180135720570615e+00
1.204557118710259278e+00
2.226699594158367379e+00
-1.515421182848704751e+00
-2.037648412657889097e+00
-3.169232105931968912e-01
-3.363093524439105808e-01
-8.805079565676181552e-01
-1.937192351488485897e-01
4.617328711695046772e-01
1.092122249946477774e+00
-2.133333620338363490e-01
5.529921287540665586e-01
-1.137850170145899398e+00
-4.520065706837873842e-02
-7.660858920681253847e-01
4.989050917540954755e-01
1.021845730566065757e+00
9.469523399238841121e-02
-2.859690796541388691e-01
3.446416542937602578e-02
2.683837738544262996e-01
-2.712505154634469937e-02
6.043521067238063482e-01
-9.862447756655785547e-01
3.249703736364117357e-01
-5.776262477758028480e-01
7.396261952021230268e-01
-1.908535807957128849e+00
-1.201040227382176084e+00
9.274472040779022652e-01
-7.357595780150202325e-01
-1.016051232891294065e+00
1.273803325619430105e+00
1.329973784145423110e+00
-1.076596688787810452e+00
-4.710331781345388769e-01
-1.303198329022667634e+00
5.710729778295189352e-01
-8.205424358858940392e-01
-1.604821620863313147e-01
-3.507237825637682382e-01
6.160519531569763618e-01
-4.594710660163700000e-01
-1.946859461266557068e+00
-5.969378657765701118e-02
-1.470104163279200016e-01
-1.233551185327826705e+00
-1.491455555013548651e+00
2.322620621698778809e+00
4.277806344419175510e-01
-4.256927610272190909e-01
5.753451441744180661e-01
4.153242574179346613e-01
1.229965285477204961e+00
-7.271501366102057773e-01
2.996572200738018554e-01
-1.442239340659702496e+00
2.816079515569747116e-01
-1.705236663383634110e-01
-3.023669620603317565e-01
-1.246209492980109163e-01
-4.192159574036578018e-01
2.182947623669394321e+00
-1.288530636993349132e+00
1.091783925414500311e+00
-5.860726269282762191e-01
-5.619554443028587087e-01
-2.224609577405217475e+00
1.794187656817110454e+00
-1.157093098681637011e+00
-1.342887963565295939e+00
-1.439627921808252220e-01
-1.331695640100456046e+00
1.356567663028047654e+00
-4.335915079842835862e-01
-1.098418838076618220e+00
1.407528535145911475e+00
-3.039122095640635346e-02
1.771871972504733828e+00
-2.970484218968543200e-01
4.066745901733035962e-01
-5.450948162597835100e-01
-1.041423325069306793e+00
-1.524974927725529561e+00
-1.226180374672892315e+00
-6.605109335016254302e-02
-1.481621556792934058e+00
-8.839704858962185163e-01
4.191043016859036241e-01
-2.267726484893482830e+00
3.194470499173698741e+00
-1.156552803908299509e+00
-8.228950423606121722e-01
1.272492594456839266e+00
2.019918558340749182e-01
1.499164105529561475e+00
-1.636940796894021388e-01
-7.347592693504974015e-01
7.959804943971613422e-01
-1.318763397942479987e+00
-5.687180740181079219e-01
-1.039982463599345541e+00
-3.303595070857158200e-01
5.967140592004270827e-01
-6.312298872695917273e-01
-9.772020432721099104e-01
1.367738939845389856e-01
-2.254676336012356175e-01
5.994823777550515320e-01
2.195804833908675757e+00
-5.236113820319771017e-03
-8.939914964616422210e-01
-7.570625127091435980e-01
1.306511240869779211e+00
1.027928034878452079e+00
-7.090440931496733157e-01
-3.340645198876831534e-01
-4.410256145553485552e-01
-2.638279244032341264e+00
-1.617680209092121180e+00
-3.020370241661770039e-01
2.375190626284432227e+00
7.346349146006163622e-01
6.062402613918348449e-01
-4.111460573504366334e-03
-6.888901525694991479e-01
-2.170225848875300123e-01
-2.762670844322511199e-01
-3.305785941523756932e+00
-1.472262931727066904e-02
-7.457380969385984937e-01
-4.529819264348634578e-01
-1.924779351258737448e-01
8.410223531078098169e-01
-1.164674871433224235e+00
-6.499580866823720937e-01
-8.593513918869306600e-01
6.348475546823421078e-01
1.231525538204810255e+00
5.786700490759173476e-01
-1.436816970262584370e-01
1.953354220727919477e-01
1.747190295186780151e+00
8.234625168061746603e-01
-2.560122326727593545e-01
3.126445245687242913e+00
-8.169572593637099145e-02
5.736745479037611561e-01
1.182099221412120427e+00
-1.102384130520815075e+00
1.379838549318623375e+00
-5.360844065387366797e-01
-8.788869366444621578e-01
6.405712628801358832e-01
-4.103122715589058167e-01
-3.735845200552248002e-01
3.775932738362801633e-01
1.191195453053509601e-01
-4.030714236195251376e-01
-1.112823646298857660e+00
-3.415596370001977578e-01
-2.250083545212699043e+00
8.162786811837633438e-01
1.253337713496046391e+00
1.991196270333523699e-01
7.936356544803944146e-01
-1.509540355658465227e+00
-9.723619786673911580e-01
2.928714786799049841e-01
-5.180926056818710990e-01
1.568676570268080495e+00
-1.003397338550669593e+00
-2.237970746025484292e+00
-6.364146439058956384e-01
8.005350601455927251e-01
-1.532782366485709424e+00
7.021584005989482957e-01
3.678946048457456541e-01
1.746609772661139814e+00
-6.235460909396618734e-02
-9.788045134326638363e-01
8.893801519013191936e-02
2.004339675021015843e+00
-1.566760798473273986e-01
5.443130820965236261e-01
-1.135868987412431697e+00
5.905748729294433286e-01
2.784087539119073362e-02
-6.382390438127160115e-01
-5.919514907422307459e-01
-1.878465093025310839e+00
-7.588581685184324632e-01
-1.658177443439192489e+00
-3.963358294070899457e-01
3.363726330767498052e-01
1.499052786414455385e+00
1.895641131345450425e+00
-1.370930920690039134e-01
2.125310873458094996e+00
-1.203901145644711512e+00
-9.775119299983310306e-01
1.609312213604721653e-01
-1.829148251103934530e+00
1.533881168761940472e+00
4.004426283286256494e-01
2.644231449755579666e-01
6.786664829595031589e-01
-2.881092079919633231e-01
7.348586081859117547e-01
-1.213443242800695127e-01
-7.194596994296360570e-01
-4.178944014488509273e-01
-7.877452234532689168e-01
-2.006515302931322769e-02
1.010170071841563155e+00
6.307543211453048304e-01
-1.662918216645471237e+00
-1.517264068725430404e+00
5.296849235840833670e-01
-1.256819841776432023e+00
4.763409912690812487e-01
8.388195739680236462e-01
-2.300382395247526912e-01
-1.855635467887897683e+00
-1.286994266934308850e+00
-1.223239117934813214e+00
1.086358575671728000e+00
7.359724896289913110e-01
-5.636881040314420943e-01
1.792323775313637402e+00
2.040602278839310113e+00
1.426406339519205702e+00
4.589052799162784968e-01
4.456393250536944128e-01
-8.770906231846478662e-02
6.883382120250169933e-01
1.079407261127008910e+00
2.355123368696116160e+00
-1.205659447644496396e+00
1.397773484917729681e+00
4.377453639576095457e-02
-1.207382768471049861e+00
2.413871999469448804e-01
-6.812536427816729967e-01
1.593222359574897107e+00
5.967543082823658640e-01
-1.827419650586988409e+00
1.229538360818316578e+00
6.980776303072820932e-01
-8.056537751082733234e-02
-5.212047523943906802e-01
1.571274055657382762e+00
1.277715771898415786e+00
1.116846347724150812e+00
-8.396358061259268091e-02
-6.136431623858126100e-02
-3.682833748894167036e-01
1.710072978153095002e+00
1.741770257104203190e-01
1.281060097787178886e-01
4.572480319143955585e-01
1.349563796264841020e+00
1.417251000786866166e+00
7.610135484085256419e-01
-1.905777791809976085e+00
-1.150572491837036804e+00
-7.946731236809824184e-01
5.829737138432872223e-01
1.287948455827676142e+00
1.256533220566536491e+00
-1.451157682971805141e+00
1.829513600077497415e+00
2.113039877522257193e+00
-1.340024603390651103e+00
-5.338330922432639181e-01
2.350872076047533232e-03
2.471261325481973525e+00
9.803299585078056877e-01
8.598292979258639335e-01
-1.890303220068611845e+00
-1.715194956530050052e-01
1.351186475907409923e+00
-1.851943322701310679e+00
-1.192104872428261686e+00
-1.412499279857230006e+00
5.400838796376231654e-01
5.324059989508485025e-01
-1.050009514203371186e+00
1.131464697421704413e+00
-8.407730720987914852e-01
2.680417446682595628e+00
4.386661184510977085e-01
8.189229565684157386e-01
-2.573965089221716407e-02
4.601150633083665453e-01
2.020136700299254962e+00
2.760165661131741000e-01
-3.801990147343731752e-01
5.479793765372446002e-01
