4.910415356256890296e-01
8.626924616235934762e-01
4.570484995460983857e-01
-1.183618841512705577e+00
5.222150706472682424e-01
1.275183131484961763e+00
1.124752831742409587e+00
7.134548196087920902e-01
-1.397322907595686114e+00
1.998911321259027041e-01
4.433928537135085057e-01
-1.815290566839240949e+00
-1.096612542039328675e+00
-1.988490609071141835e-02
1.735041837648190755e-01
2.579033140216063780e-01
3.771464609761971953e-01
1.065828758493545525e+00
8.795988184677128174e-01
1.411595648639649259e+00
-5.377648832808796797e-01
9.529680888740501565e-01
-1.696052849668613360e+00
8.881139402758579937e-01
4.993180663277262954e-01
-1.277963300896643450e-01
-2.977347478515495194e-01
1.041111773850863925e-01
2.076622973593170718e-01
3.325374474743495457e-01
-3.763669020394198872e-02
-3.490983490500989550e-01
-5.742492286162171888e-01
-7.650203884011358424e-02
1.344605306999489214e+00
7.770902789263726129e-01
9.826499869580376245e-01
-4.465776939433722115e-01
2.141013596457581047e-01
-3.091302584262667352e-01
-7.331624279679354039e-01
-5.303078577752843303e-01
-6.569221592063521076e-01
6.056317723374258222e-01
-6.857047536400715515e-01
-5.527737109420232109e-01
-9.063890376468516918e-02
-2.578673335277010814e-01
6.083564575949231834e-01
-5.754156060261592653e-01
1.817502079169520113e-01
-1.052874443966859364e+00
-9.919158473254132691e-01
1.160861365822532631e+00
9.055932270451036992e-01
-2.471353392665072701e-01
3.581427058512579586e-01
-3.174796661573694445e-01
-2.011706811013452556e-01
-9.032032806337586539e-01
-2.135095167057851628e-01
-3.174251428637693828e-01
-2.175282340217465915e-02
1.024748862543898076e+00
-5.565448399640351429e-01
6.162593482846469017e-01
-4.027162696014117693e-01
-1.727003424802837639e-01
-1.136452674294789356e+00
1.549480317661688089e-01
7.956484323441953554e-02
-4.272035773534583192e-01
-2.932035458612910483e-01
-3.719926205047767720e-01
1.374563431955489134e+00
7.741494493455787218e-01
-6.122050299124069950e-01
9.591888590800161651e-01
2.696593776886786475e-01
8.279871845811642705e-01
8.525312909129192374e-01
-9.301709139395561987e-01
-2.292238477006262043e-01
1.471262504624822332e-01
-5.875841301522820581e-01
-8.920816266790837501e-01
-1.859264342429391981e+00
1.678742413498013786e+00
4.558273523429727248e-01
1.390768891130635065e+00
7.017866489964320609e-01
2.071764231592126304e+00
-5.067462860053952023e-02
-3.839347320049823348e-02
6.523373487140808613e-02
-3.448743631179957969e-01
4.289612780551492199e-01
3.751350773342128075e-01
2.958365251014244968e-01
-7.740283584620550883e-01
-1.090046081176552883e+00
-1.085278194073529212e+00
1.125953835895024402e-01
9.848119550192124816e-01
-1.098147855419144392e+00
1.643176178161621648e+00
2.973226747606238507e-01
-1.110031546717809708e-01
-9.416163364681484627e-01
6.176299518535722788e-01
5.688064345575782887e-01
1.164493767559616755e+00
-5.284471378845105871e-01
-5.135680172523796605e-01
2.313098961538455067e-01
-5.275757529429064840e-01
6.948597034433440234e-02
-5.362744217289917570e-01
-2.359018348673720955e-01
5.879772030361679613e-01
1.607742345291209296e-01
7.222454004054412735e-01
-6.080176704187917336e-01
2.124607164762895017e+00
1.222930830967436266e+00
9.558400969423088700e-01
4.014969378396772703e-01
2.541502429851729139e-01
-8.842872481224200998e-01
9.505419878479755003e-01
8.030724612557847975e-01
9.930307413070904587e-01
9.906629275247054167e-01
2.105403285517526424e+00
-1.033230313172521370e-01
2.919926269566150978e-01
-1.194421478460361064e+00
-1.782089692478408205e+00
6.734107768909856073e-01
-1.149025699204069273e+00
6.311239828299164412e-01
-1.070395737395857805e-01
-9.820520973018259658e-01
2.036081112446072705e+00
5.144165541103465911e-01
5.938482940209710570e-01
1.029347060029498051e+00
-3.198718343099971051e-01
-1.064108443199170750e+00
-1.423245021089275086e+00
2.618308974119233357e-01
1.400717220284947162e+00
3.085121346095211492e-01
8.657427026034171247e-01
-7.675895054496435499e-01
-1.380925827311701326e+00
3.129335322572042166e-01
9.518990671219522692e-01
-6.212960064026209484e-01
-1.385676135469732451e+00
-9.231279791562476689e-01
8.503363459662837132e-01
-7.470386201389073166e-01
3.187425231581260676e-01
-1.646662429356571256e-02
7.102758123783855515e-01
7.274474522916408725e-01
-7.001653221964864171e-01
1.182698406231392552e+00
1.348188630715334568e+00
-9.970953712310232087e-02
1.405581992661961932e+00
5.508750779570747991e-01
-5.597309439668319841e-01
-5.616131096711233228e-01
1.111045414262179509e+00
-6.609113554925550860e-01
-1.027287756043815836e+00
8.855707863798067958e-01
9.654469476747562506e-02
-1.288788488954526745e-01
1.342877491697724301e-01
1.237798223565709649e-01
3.310572992676025783e-01
-6.835882645014743630e-01
3.324271365344343976e-01
8.595214387966740865e-01
-9.402767420826639855e-01
-3.394966816174521673e-01
-4.697396561792996361e-01
-1.521053137564944313e+00
-3.757282671728117140e-01
-4.371317320912931903e-01
-1.843720753809030000e-01
7.694151443532994961e-01
1.976012188533876057e-01
6.013916330551595246e-01
1.131708544875271505e+00
-4.925189314172540023e-01
-1.297188275730236651e+00
-1.067463851061589253e+00
8.768821780699715962e-01
-2.874175583583697957e-01
1.169323754950806205e+00
-9.999971699611689413e-01
-5.209402303667537426e-01
-9.123876742397754036e-01
-1.206887865952881000e+00
3.290111103427301176e-01
-2.142413859484720295e-01
-2.662681318255372687e-01
-9.875901128983560762e-02
2.026755349735322453e-01
3.318413877589877492e-01
6.845721967787502527e-01
-7.601787578548140356e-01
-4.859441873154120017e-01
1.566388337811297493e-01
4.511332730072343256e-01
-2.491766247681070912e-01
-8.030150595704351746e-01
9.232012649705997331e-01
-3.195387535486809982e-01
1.497737219898981564e+00
-1.539807775904600551e-01
1.414290574129921096e-01
-1.375038673283948354e+00
-6.505664979780227952e-01
2.676311183061298449e-01
-4.442839327826720308e-01
-1.314519014426869248e+00
1.076322940122715899e+00
-2.300327594928610608e-01
7.521774851424618547e-01
6.328677809721388048e-01
1.270803326190754201e-01
1.836714689704344317e-01
-5.183825643995454424e-01
-7.019317300774833290e-01
4.197800219402479938e-01
2.213107087317996852e-02
-8.380171276835959304e-01
8.355065935005444588e-01
9.606440242517857442e-01
5.288253803190139379e-01
-6.861678866471755678e-02
7.286552875328984324e-01
3.512441873351166421e-01
8.596475094053976918e-01
4.796097893283879920e-01
1.650841926572854446e+00
-9.395618291429730373e-01
1.174660110321537609e-01
-1.090601655330713182e+00
2.263710738944653411e-02
-7.890129170145827597e-01
3.429914217332181714e-01
8.000598005204464513e-01
7.583091667275573822e-02
7.777036213898834704e-01
1.005003516778678829e+00
-9.490385818452887756e-01
5.859554200225468579e-01
1.178571341988774002e+00
3.934988068435796293e-01
