-6.417525926097727984e-01
3.264762232387237173e-01
-3.586952372389388799e+00
-5.831766398403157581e-01
-6.364732294381447719e-02
-1.675848889208466641e+00
2.295080810494428691e-01
4.616795814363289230e-01
7.263814625699749339e-01
1.937138199324585530e+00
1.464386336872809835e+00
-1.916121482412519894e+00
-2.394866167474162921e+00
3.016957150983813563e+00
-8.187819013745579744e-01
-4.558430097833496841e-01
-4.446140188269349647e-01
-2.271791353687482307e+00
-2.098864665475480340e+00
-1.947353890186113157e-01
-5.244454729099153889e-01
7.765361600681244814e-02
1.408541272827491087e+00
-2.008526189817580465e-01
-3.101656435329486206e-01
-9.093997114631907630e-01
5.352967629687821471e-01
7.941751350902335194e-01
1.211637032090760790e+00
6.262032899474201386e-01
1.228634689459185206e-02
-1.318504376188364136e-01
8.796141146711075609e-02
-6.277469646852911200e-01
-3.948275194817689737e-01
-7.928035638802599649e-01
-8.017358342824910666e-01
2.235845245105517520e+00
7.082722907440925919e-01
1.156057097693171887e+00
-7.065126744310253060e-02
-4.068003090130326571e-01
3.948705884797785171e-01
8.886184503253725664e-01
-3.208906699487511505e-01
-1.705266476218925131e-02
6.474930612223148696e-01
3.920923927601871029e+00
-1.114678684747463899e+00
-5.354765310205215206e-02
1.509222602966150850e+00
1.043197605122925697e+00
-3.629612150717368424e-01
-1.061645549156494450e+00
-8.198543595508822612e-01
-5.346031012605898525e-01
7.079279140968739448e-01
1.928995869244446215e+00
3.092210472411543454e-01
3.162790546501232036e+00
1.992943968055046922e+00
-3.086551453414511759e+00
-4.791818222976315655e-01
-1.572404898177752475e-01
-6.758944686796530821e-02
4.996649924903008300e-01
-1.217812933581224888e-02
-4.894392278904603766e-02
-4.705365853473378879e-01
-8.865748431160771492e-01
-9.767076033775403676e-01
-5.038068090296756729e-01
2.108403453929502680e-01
7.666958036470775673e-01
2.406721653005444161e-01
5.140188416484710032e-01
-3.515028730967132420e-01
6.421648950331722006e-01
-4.145176128955603279e-01
5.018564925942348154e-01
1.106777902866685981e+00
7.639164390496500090e-01
7.250274393600649736e-01
1.685621988902213042e+00
-1.780118165880456571e-01
-3.643813299139442297e-01
7.517174057703630563e-01
-6.774678357291605280e-02
-3.420494125295387433e-01
-6.440272074843960137e-01
-5.054515487533151052e-01
2.268636020650637075e+00
1.525169134124215731e-01
5.488983032240083437e-01
-2.306156686530215771e-01
-7.915319264570392921e-01
9.511499545351658202e-01
-1.697662796593674583e+00
2.646264113374376947e-01
3.613030628122804178e-01
6.793733240460764211e-01
-3.490976988372133938e-02
1.752105802209656948e-01
-1.942410375365486663e+00
1.762673626698875173e-01
-1.534160282576325862e+00
-3.058006672337926224e-01
8.303340470298739007e-01
8.586505938089201984e-02
-1.801893571653583326e+00
3.047226122642196167e+00
-1.882178945602719145e+00
7.456461837341937793e-02
-8.270572462711498485e-01
1.899361887161295170e+00
-6.965325480984634332e-01
1.538376800401067279e-01
-6.028805237227425895e-01
6.778518390000304317e-01
1.008121428369848360e-01
-2.062468052013912978e-01
-6.676896610885518779e-01
7.426607463934573050e-02
1.547508031983429788e+00
1.088898504568430459e-01
3.400192932504138565e-01
6.427458220442899828e-02
-1.078389871313251425e-01
1.502606269186213428e+00
-2.622322875816586185e-01
6.927332078611090349e-01
-6.642046425394376730e-01
1.997031050430962962e-01
-1.232343073426117375e+00
5.584197740759879736e-01
1.454357050864433454e+00
1.614943565811678194e+00
1.264614672402830653e+00
6.309840826802805003e-01
-1.813506104749968151e-01
-2.956491939300558425e-01
-6.237193681964845471e-01
6.430762683794902235e-02
-1.299582334448473819e+00
1.744957264198542024e+00
1.140319001724781067e-01
-4.174488662593232036e-01
2.389123384098100489e-01
-4.512632691178144473e-01
-2.378482559336223545e-01
-1.675351448477425009e+00
4.896919362257660113e-01
-7.258920966381090523e-01
1.268279723034267281e+00
9.170851334196956639e-01
6.041580641184867151e-01
-3.801082220202624540e-01
-2.349533662005874213e+00
1.394351821727199403e-02
-2.458459871933542096e-01
1.421424086672964826e+00
3.166434118897468175e-01
-3.646763669461373925e-02
-1.691100268578322741e+00
-2.580115724680942524e-01
6.538421030794138167e-01
-2.339036761904139006e+00
-1.572660856323294443e+00
1.375894874696843018e-01
2.641622366031518565e-01
6.096333483627462968e-01
5.385870769825448212e-01
-7.673618815442342367e-01
-3.862175653578542311e-01
4.080911820665484857e-01
1.318542463589010838e-01
1.546735634374526880e+00
-1.066126390931720458e+00
-1.665753408301633653e+00
1.728072396747197814e+00
8.000634923999085935e-01
-5.816298678738174299e-01
4.370969195957790654e-01
1.070005849672813536e+00
8.107418332325493360e-01
2.707733752071720401e-01
1.350410179320015391e+00
