-1.046227909825295121e+00
4.315944202998086010e-01
-8.622224089024690397e-01
-9.186773285482701112e-01
1.732452726775278284e+00
5.050699704588070826e-01
-3.545446969447247909e-01
-3.771158559206689298e-01
1.591969500357081735e+00
1.199631752882619251e+00
9.559408245873082244e-01
-9.584112869007737068e-01
5.585188924754744821e-01
1.278862606446252936e+00
-9.961736954070048444e-01
4.537331552717838168e-01
-7.585499658665044720e-01
-1.796252013107384249e+00
-1.062237765490076091e-02
-1.222163311701657262e+00
-1.026865944127533847e+00
4.392112600549763490e-02
-3.784301005810383201e-01
1.154940447005518678e+00
6.182632850120465262e-01
-2.157405973610972416e-01
1.126699091510494855e+00
5.341263716513715565e-01
-2.664039786392491393e-01
3.137767109415368072e-01
1.169836908692895694e+00
-4.012808298500965543e-01
1.305233640219589208e+00
7.545113060752057788e-01
1.165894877961085152e+00
8.429108259069579834e-01
-2.031822008201744634e+00
-1.939907164104269499e-02
-7.609118489131611041e-02
-7.171602047873284480e-01
-3.025484124134069086e-01
-1.122889872787486532e+00
1.014061792304477683e+00
2.988212004385120135e+00
4.876982783689204348e-01
-1.082740873889819655e+00
-3.866697636265309379e-01
8.017155777498635727e-01
-3.968419916192402197e-01
1.455034010856321780e+00
7.242203098837937669e-02
1.998915012882461206e-01
-6.555066420502056457e-02
-1.607507678047416677e+00
1.090347344674328811e+00
-2.198606683169029019e-01
-7.356876351100063438e-01
-5.803884099217986314e-01
1.359422200845363804e-01
-8.159993975881109085e-01
6.568530553413467477e-01
-1.501039715996752344e+00
7.323507377105642480e-01
-1.260256163766641402e+00
3.047021490539427724e-01
-5.087738724737587148e-01
-2.791891840372176525e-01
1.947638119562676406e+00
1.089727653297999588e+00
-1.111564015236838898e+00
8.356244534748474839e-01
3.703904972610655433e-01
8.266958315357503251e-01
-1.521047167771383268e-01
1.511313925406121195e+00
1.008303913922430795e+00
-4.795568725159049528e-01
-5.620904251195824042e-01
-1.084656482624997365e+00
-5.614715823676259543e-01
-4.113394556728336982e-01
-1.740686631053099287e+00
9.081378526355663450e-01
-5.859092438680773007e-01
-4.779773416783866247e-01
-1.536225683942712417e+00
5.953363766617307817e-01
-1.593052952066434935e+00
-8.045737683046300104e-01
-6.810221938819673859e-01
3.813553063027755874e-01
-2.054373416734070368e+00
1.883746949142878491e-01
2.597576460324187986e-01
1.008241176138556572e+00
6.590315388417121722e-01
9.457862840777009339e-01
-1.728507993922524077e+00
3.634110104126708762e-02
-4.314295221560834337e-01
9.762710877287816835e-02
9.568900394824706446e-01
4.541772028758505469e-02
-9.010216925325496007e-01
1.144732029171302290e-01
-9.045682861038626399e-01
-8.162427992284555789e-02
-4.079150987140595652e-01
1.299138981489122546e+00
2.093531875400713727e+00
5.092865812946902881e-01
1.948802438250408553e+00
1.020034847604342487e-02
5.470349074202060513e-02
-5.981845701458793352e-01
1.421803874161393089e-01
2.918783932194747299e-01
1.790614860955129783e-01
-4.510457536175239146e-01
-1.814340504105197427e-01
-3.988695722102661989e-01
-6.056096298280467805e-01
-1.316983270530358130e+00
-1.300296809675694498e-01
6.229971773586358008e-01
1.100946490875647887e+00
-1.358067339433402854e+00
2.468519607318420961e-01
4.229150244646079360e-01
-7.913092986129433015e-01
-9.792728460171278293e-01
-1.239517892053413783e+00
-3.337366529426217254e-01
-6.894478174560030315e-01
8.794507448664178328e-01
-1.534636473019291847e+00
-1.621080558285528328e+00
8.953158225098220568e-02
-7.733918918879797988e-02
1.335140383128550212e+00
8.833675799352666558e-02
2.425326530986194121e-02
2.459600811392111730e+00
-6.446352481972045245e-01
3.184961607344550805e-01
-3.337288497174482060e-01
-4.987050069838734889e-01
1.676925933694360049e+00
-6.271805051984773449e-01
4.160823097874356558e-01
-9.300737618779483240e-01
-1.763543263464470101e+00
4.559179798269659412e-02
-1.376617904248384594e+00
2.885306014300325073e-01
-2.084268308957478943e+00
2.092444484267153904e+00
2.566244691907237918e-02
4.186398683725114367e-01
-8.358122246732536675e-01
-3.937706251223024312e-01
6.290958076583924585e-01
5.783956275487653897e-01
7.822820135898501670e-01
-7.861547321855486548e-01
-1.647612014920785684e-01
-5.857636962289289873e-01
2.163891748365914580e+00
-1.541136854481105212e-01
4.712474215628875002e-02
-1.658698351028247808e+00
1.115293639207145526e+00
6.195424258882483715e-01
9.252456061486760142e-01
-1.296794293360990835e+00
1.795161870938575710e+00
1.443214913458929605e+00
-6.781634150892097423e-01
2.613426830350679131e-01
-2.721981220376809563e-01
-1.236578727304449732e+00
2.556541757435721318e-01
1.687077925925397848e+00
5.427038140656825771e-01
3.117263716118306646e-02
5.454045476013520410e-01
1.217603919020380676e+00
-1.088087646785999452e+00
-6.592997054040257154e-01
1.918603497750752229e+00
-1.749740297471796380e+00
-3.426087797871285034e-01
-2.638149357776146786e+00
9.214389710983413861e-01
-2.190375001635481489e+00
1.700924449672328587e+00
-8.547011066764197418e-01
1.301719540119398166e+00
-6.276519353939982171e-01
9.559273403113508483e-01
-7.716519375019348370e-01
-2.806293630438120301e-01
-8.976380352850592548e-01
-1.185263755238236349e+00
-1.108574100848356503e+00
2.377097616109522804e-01
-3.807109491258226508e-01
1.618643439008347340e-01
3.003355599510668661e-01
-4.114383510857811954e-01
4.184127504039847345e-02
-1.441569107132367744e-02
-9.869041449102733399e-01
-3.009952236248384372e-01
2.096863839423548231e-02
-7.464078324822929211e-01
7.459543040046721085e-01
-1.358712818015734847e+00
2.220132145717003957e-01
-4.590674059869334633e-02
7.521996027381655514e-01
-1.884536304910117144e-02
1.037241244192164791e+00
-9.022527061840361906e-01
1.399941474502895966e-01
-8.507516964070823695e-01
-8.190925058674731751e-01
1.016842463295379861e-01
3.374752813250393446e-01
2.042491118945027884e-03
7.721891228837750587e-01
2.067350332301005900e-01
1.381669024838874105e-01
-8.311446248613026111e-02
-3.542189095579854896e-02
2.106423788750561243e+00
3.797099809228361988e-01
1.086091832591540435e-01
5.207390261354116756e-01
-5.493376931415662190e-01
-9.048944999582508864e-02
8.126476333625332060e-01
-5.289978180803818208e-01
-2.021152635928651353e+00
7.294037182369839112e-01
-9.468987021676353866e-01
-1.534068201846273016e+00
-2.079035002986676428e+00
-1.214349603484747631e+00
2.266431072331528629e+00
-4.980348176397357829e-01
4.456823394275166716e-03
5.508857663924481285e-01
-3.048876404657357986e-02
-4.230971034798922670e-01
-6.890815015001592325e-01
-7.646457942280551201e-01
-3.745715506110556259e-01
-6.222097537911537302e-01
3.440316376976955137e-01
-1.321956186436991754e+00
5.530708454431698673e-01
1.188850025418444756e-01
1.065315021215235358e+00
-9.901960475157104424e-01
4.687180537589512030e-01
2.008531675686835438e-01
2.163149658107084705e-01
1.277488179080771280e-02
-1.202272648060685345e+00
6.997167724065213035e-01
1.449977026174633421e+00
-1.668435919947577117e+00
-2.083351300485231372e-01
1.441040183966562527e+00
-9.879523875681425205e-01
-4.943083620180506177e-01
1.728317412715134394e+00
4.092384645519623332e-01
5.086446632523997646e-01
-4.962614967813217537e-01
8.175273761543604412e-01
1.412049225476482928e+00
-1.283782577551341841e+00
3.998814603432305215e-01
-3.119811462375020605e-01
1.924842579596539371e+00
7.551118640262328707e-01
-6.829093976159339441e-02
3.832935935526378679e-01
-2.684184134467518579e+00
-2.061364133112421060e-01
-2.137521688347832960e+00
1.320747448234137034e+00
1.259939314380009168e-01
-1.263145363437073065e+00
2.473632091691123414e+00
8.930351969209552321e-01
1.058356422807466668e+00
2.066898234681736612e-01
5.990088373210876727e-01
-3.439357941603071733e-01
-2.716181301524928648e-01
3.799548478362344550e-01
1.035790572989312430e-01
-1.638433917765351744e-01
2.094212224799904654e+00
-1.566111679077925034e+00
-1.944379245533408018e-01
-1.557986510558865945e+00
6.339485000014387639e-01
1.432614352696048643e+00
-2.135553748575921063e+00
-1.150410136262717042e+00
6.266467183697749244e-02
1.323546776263428981e+00
8.671400586262039134e-01
1.381932322787355616e-01
-1.426651258444029402e+00
5.362668723850733121e-01
4.975910523484848302e-01
-1.972808002027196528e-01
3.554577465141296466e-01
5.728399568866594516e-01
-7.943867086120134369e-01
-3.324905102503961096e-01
1.340382874558348147e+00
4.198308940209288243e-01
8.004795924487301262e-01
1.075664703320985960e-02
-1.143744027826161247e+00
4.765462486585717583e-01
2.270599982808384265e+00
-4.564664139975297963e-01
-8.218024326702056959e-01
6.275663073233440636e-01
-3.933706380460242902e-01
3.089615461742225011e-01
1.772954170632870252e-01
-2.114606702567979613e-01
2.856911846528312537e+00
-4.416848744877034383e-01
-4.491122116364423822e-01
-1.084958178292486197e+00
1.204319582916351328e+00
-1.174318873423731424e-01
-8.056971841288447234e-01
8.068894861471097302e-02
-1.076447993864944053e-01
1.493885725309970436e+00
6.951678666238052529e-01
7.892910920877012071e-01
-5.141716379344072330e-01
-2.112635808392391082e-02
-8.554254554523719190e-01
1.277359357575037713e+00
-2.170871184816593746e-01
-4.738453526150028794e-01
-1.234013603658808966e+00
-1.133961427380081766e+00
-1.587273897453934379e-01
5.406193485911037211e-01
9.289144632662097445e-01
4.404578377996806182e-01
-1.808146463817066757e-02
-1.475131181867758989e-01
2.604962497921873066e+00
1.401993058602941433e+00
2.357682856336956179e-01
