-7.323016827798523032e-01
-2.812748794217533321e-01
4.551992891304375288e-02
-1.980530906743306563e+00
-7.744848475636676444e-01
6.395513858862922341e-01
7.396329112766489300e-02
-2.353973276269575865e-01
2.324837146080415140e-01
1.177874526163395608e+00
-4.290313806002113983e-01
1.470016484966518711e-02
-2.904040288032501138e-01
6.301083291272227549e-02
-5.194141304562875927e-01
1.478983336157879247e+00
-1.004184398594893390e-01
-3.748635407560690913e-01
-4.604797522810600841e-01
8.672004390903806925e-01
4.370912346672171100e-01
5.728272699903522724e-01
-6.145478801449714146e-01
-4.117916339152919991e-01
1.428087488055091066e-02
6.225096760954786923e-01
1.398924401848863353e-01
-3.605602767125256625e-01
1.141124117527317350e-01
2.046962065837734934e-01
-7.629054546565592343e-01
-3.324374521861017673e-01
1.226603614220622418e-01
2.370676136773934295e-01
-5.600641897535405533e-01
3.741227686702475186e-01
9.239120223117180952e-02
-1.367897407701346713e-01
1.290050352613313911e-01
4.205155511678946301e-01
-6.530932788230862096e-01
5.168171011092546063e-01
1.768046885565566662e+00
1.874630026490187867e-02
-9.504180491968429179e-01
-5.470216649570605050e-01
3.891233942602239648e-01
3.268962880529679094e+00
3.032107694943388387e-01
1.701349183580418423e+00
-9.126113619488172013e-01
-3.239670849124308694e-01
-3.416016319402751522e-01
3.744733049853212203e-01
2.376399122445356504e-01
3.331597694789231734e-01
8.261894589754490426e-01
6.476633373083428014e-01
5.396741963544464227e+00
5.889966346689915616e-02
-1.775949064911330755e-02
8.238055297509675468e-01
2.472618945693618175e-01
3.493409896637016954e-01
1.300899359407141631e+00
1.028968301458764945e+00
1.898262249704042670e+00
1.735636401716696309e+00
-1.392289477245454710e-01
-8.145779080524825355e-01
-2.194245547384892914e-01
-9.080764880515339588e-01
-5.133228115123216195e-01
2.454278587422245583e-01
-1.801174492421703910e+00
-1.141299127509462497e-01
6.755847713637959107e-01
-1.042389089947238112e+00
5.325242198292696738e-01
-2.519171675628117946e-02
2.726254343597305674e+00
-8.943589481379028427e-01
-2.922271201884428793e-01
4.011422135226959673e-01
1.168145990174215498e+00
-1.063174142958541069e+00
5.891313715796091532e-01
-6.512085617364942181e-01
2.782324501645301318e-01
4.264208043406354509e-01
3.895274849518962634e-01
-7.844332690070779379e-02
-9.775901453395317020e-01
-3.794355874502667869e-01
-2.202603475800456456e-01
-6.574659112137326566e-01
6.668192789710927215e-01
1.667419769392360362e-01
7.337113354762438977e-01
8.196122796445466374e-01
8.045917253986257789e-01
4.505391217254796743e+00
2.290429375771935172e-02
1.751241071085959389e-01
-2.623561247278689557e-01
2.421990833940302346e-01
1.497420554858629682e+00
4.595825617664758278e-01
-1.012890425982505560e-01
5.816958764623050282e-01
3.167945148797192134e-01
1.246707676964212697e-01
-1.761332420150969746e-02
-8.951219054817065590e-01
9.163304430288519986e-02
-3.082740619373418589e-01
9.347940202988846981e-01
-7.754280431665937501e-01
-7.623111647258138390e-01
3.751460758978277354e+00
-2.065053260735852270e+00
-8.459255814118114003e-01
-1.514279839087402102e-01
-1.058135930748069775e+00
-4.901311410891495135e-01
-5.474994094120317900e-01
1.293251423176320802e+00
5.257047792364832883e-01
6.034571749351496095e-01
-1.436962243133873995e+00
2.355071391509959700e-01
-1.146104809334024921e+00
-1.486024399322402600e-01
1.209637100463406695e-01
4.441838610629836870e-01
-1.315655761161423354e-01
-3.207219552339680702e-01
-1.249466350513989688e-01
2.039034663762572253e-01
3.570935153171783116e-01
-2.841115311924452547e-01
-8.524236384054650895e-01
2.997258330927526915e-02
-1.079615782072347319e+00
1.935384561585035801e+00
2.553970327965401355e-01
5.021035025721091172e-01
-6.456418019770948646e-01
-7.562506962082415907e-01
1.674748555723004850e+00
7.121913437741298480e-01
-1.427281197917844580e+00
7.465751114586518522e-01
7.744815545707002258e-01
3.819740872536080412e-01
1.059130551430235379e+00
-1.724186210321883683e+00
-1.140337161735734683e-01
8.968047461122048425e-01
8.240828004048943445e-01
7.591204279389073273e-01
6.478238506237217198e-01
-6.501172295714783278e-01
-3.770465582880682676e-01
-1.989593814882281708e-01
-8.680761402032222129e-02
-1.172256885041043084e+00
5.388956875267663510e-02
3.085113297550247657e-01
5.364644447673269090e-01
1.922201463285050094e-01
5.030864237132419703e-01
-8.047781645846274756e-01
-5.931747796763655600e-01
-6.336326210655343072e-01
1.557135210390125368e-01
-5.315392941234655666e-01
-2.726754442213850105e+00
2.583666953527266053e-01
-3.370110742116180225e-01
-1.737885046224241892e+00
-8.678116444495480586e-01
-1.758047584158692667e+00
5.966776021464447188e-01
-1.119701148579054450e+00
6.182779964834024256e-01
5.983116873690670356e-01
8.363833052328775164e-01
-5.536280612551022773e-02
-2.424616542735886227e-01
1.830190935202021141e+00
1.158134775856097143e+00
1.677850293394948178e+00
9.458626539247925180e-01
1.441194864910466888e+00
-1.656871031112649995e-01
5.328760273638447065e-03
-1.100489092126922808e-01
3.205410620545996903e+00
-1.607835593094485704e-01
-1.227386424647153085e+00
1.131323593614691925e+00
1.083047361583336698e+00
1.599649737766641433e+00
-8.072474063538679356e-01
1.209621768398803532e+00
-3.155326774618566477e-01
-2.789548580480121220e-01
4.242080338802107775e-01
4.426141578715465097e-01
-2.211889894224396080e+00
-1.545953505747648560e+00
-8.510097180417008911e-02
-5.950381359031617912e-01
-1.088830413399565433e+00
-3.482120071039500608e-01
8.413220356025952196e-01
6.030469912573128699e-01
-9.958156755301222907e-02
3.939886829656111256e-02
3.444712607941122218e-01
-1.709015117627038283e+00
-4.747415458019261791e-01
1.308573832386493052e+00
6.511778960569591934e-03
5.973475074372645022e-01
2.309417331318023958e+00
7.128691178476145307e-01
-1.958881456859819514e-01
1.153855271507673863e-01
-3.396313865866723569e-01
3.891882825207126917e-01
-3.617984385250003765e-01
6.176632497068870187e-01
1.252409724012357284e+00
1.533108141594333951e+00
-9.800016772045733182e-02
-2.607678283880997316e+00
5.121318661991937082e-01
1.555326639748650930e-01
-2.444735677618874170e-01
-8.291509746961358562e-01
-9.151573168109679024e-01
3.738704666695635837e-01
-3.977471242263407314e-01
-9.741885306714432868e-01
1.000466145826162112e+00
1.993811257135695847e-01
-1.185065223752411967e+00
4.148166542927426148e-01
2.947153156662242202e-01
1.928502519812203830e-01
6.858018116245486739e-01
1.238618090518136095e+00
7.091899207665898208e-01
-3.913502112744892125e-01
9.265673934624549246e-02
1.553134996736498241e+00
4.734158734219091613e-01
-3.813835700344553326e-01
-4.325752233571708016e-01
3.960664384792050852e-01
7.203456667063342644e-01
1.150784535273920023e-01
3.717268359789204224e-01
