6.691773078360589988e-01
7.577780139017974426e-01
2.911311038200768975e-01
1.744171710114222063e-01
-1.028325776357407628e+00
-2.094431636135127006e-01
1.287469159111991335e+00
1.635587974926241195e+00
-1.186913900465418559e+00
-1.386865088240771260e-01
-7.812471723968689163e-01
-6.960360679214658841e-01
7.920965408013072029e-01
-2.364162149347949771e-01
4.069419715531287229e-01
6.799994097440646978e-01
6.236710851842774961e-01
7.959545421352542949e-01
4.704789023922873459e-01
2.392662545000357799e+00
-4.724839686799296445e-01
-8.491732238550922518e-02
5.458371257453295544e-02
1.355886512960125856e+00
1.953456453114086777e+00
-4.425776153985110373e-01
-5.323291752090075768e-02
-1.463649083893436842e+00
-2.094125111093800840e+00
2.283551394065294060e-01
-9.333600520692701963e-01
-4.616653577213355453e-01
-1.658480568121799337e+00
-1.649505532009506226e+00
3.665250983056276279e-01
-6.191704732188868521e-01
6.285105277728672557e-02
4.637340707260153572e-01
-1.003815056193634980e+00
1.721691955258591644e+00
-2.005087272549442190e+00
1.487596399772936451e+00
-2.633954318790315163e+00
3.146104082567492966e-01
2.553131550756654322e-01
3.787854801725499265e-01
-7.355161516542993994e-01
7.958909929726145638e-01
2.254094903919535486e+00
-7.203343482838850953e-01
-3.018950100070818543e-01
4.229904594711278443e-02
1.753255738793766838e+00
-2.456748802541226517e-01
-2.450238766833766346e-01
5.781890870965126217e-01
8.174381932497034597e-01
1.594152329789030098e+00
1.053603664231164583e+00
-1.065577416164963376e-01
4.331496377094000705e-01
2.352884447520280919e-01
-1.473905262772211566e+00
2.138522405396206416e+00
-2.434670773269817790e-01
-1.118731031759080397e+00
1.149455721457645074e+00
2.006498142199173440e-01
-1.294530702631100150e+00
-4.334042354350117199e-01
-3.837973723943457482e-01
3.437944422949711365e-01
-5.761391231189094686e-01
8.288988629555982257e-01
2.182672486797655242e+00
-1.880870881789234117e+00
2.562393205538925356e-01
-1.248853073644653339e-01
3.205233165101257220e-01
7.378387804523345306e-01
-4.484172455800554680e-01
-4.699087731884002417e-01
-2.352524793289266114e+00
-1.170145203288236235e+00
5.086142346467315001e-01
-1.352250088636050673e+00
8.243632420334506827e-02
-1.513567666448037530e+00
1.135807742646845364e+00
-5.468482295101527724e-01
-5.514141831361565327e-01
8.569622160199461547e-01
9.600068369479720642e-01
-1.425193574662404206e-01
4.072464117497343050e-03
5.956618842521289175e-02
-2.110487674935902780e-02
1.995257220532253850e-01
8.810755607723125271e-02
-1.322321064731123208e+00
7.827768618985406768e-01
1.423980465625176994e-02
9.849368808008267528e-01
-1.297087187900153094e+00
-5.796102308430560734e-01
-1.748009730123058159e+00
1.151083375771586148e+00
-3.904804129389000122e-01
-5.779537075810928237e-03
4.691481475881308372e-01
-4.653658903891840226e-01
1.943189281830533521e-01
3.888538682355178189e-01
-9.600907759620302961e-03
6.291632879612742979e-01
1.030992375447037146e+00
-2.672360094284037535e-01
5.911640089904292017e-01
-7.704009427441097513e-01
5.600095544094128019e-01
-1.015675780111024995e-01
7.316331635838417835e-01
-1.023581702346149314e+00
4.195624112281058360e-01
-8.064045573184799309e-01
-8.099099992430486283e-01
1.274035499445695940e+00
6.027121688123582288e-04
7.818882134143472218e-01
-1.159584436566959864e+00
7.299531579863227648e-01
5.090182299210573857e-01
7.655814821698869732e-01
-8.567584268232864009e-01
-4.245487843333061173e-01
1.968218873857803530e-02
-7.071838335979871992e-01
-5.934099272813986303e-01
-2.151856445122722339e-01
-6.696287342754722038e-01
7.615128212286526033e-01
-1.654446454356791385e+00
1.438595218650505492e-01
1.870359395474879283e-01
-6.361221417958904389e-01
-7.523424706168155840e-01
1.101397216176859262e-01
-1.512435634469537771e+00
9.942813694635332933e-01
-1.731161501933208280e-01
9.650667807988733138e-03
3.659339950817919185e-01
-3.076861632231671084e-01
-1.446329029177759740e-01
7.267483019469200833e-02
-2.761305458487963715e-01
-1.355767068094441696e-01
5.493679021486506941e-02
1.318092918508360634e-01
2.857154223173679064e-01
-3.339435430232092217e-01
-1.013235509873720241e+00
7.488226219111517867e-01
5.931389490928475894e-01
-1.114595205842535020e+00
-2.361205000746353228e-02
-5.847517452989720033e-01
-6.633375721857742713e-01
3.539073355195195836e-01
3.971381811806058981e-01
6.755468887711399972e-01
-3.794038510082436422e-01
-5.076426828222602161e-01
-7.241914783858633964e-01
1.738592921625050414e+00
8.866866106326718455e-01
3.773772260777364385e-01
2.122026992913593091e+00
-2.276433627168359883e-02
-4.600961936322267576e-01
2.705523865180160747e+00
8.035603746849234730e-01
5.003230797433075860e-01
3.114475073043633246e-01
-1.291614487014928425e+00
-2.910006690068376312e-01
5.095567232261672963e-01
