6.128802664741432871e-01
1.047128786008433066e+00
2.213489076608299994e-02
4.961866285837611135e-01
1.769752166198044652e+00
1.228876427999797460e+00
-1.118909577855569992e+00
-8.271988736730774283e-01
2.820585255382854206e-01
1.533222281804038356e-01
1.973614334367181367e-01
-1.384586653453524052e+00
-6.131375873099367130e-02
-1.652832461613310766e+00
-9.754431928858724454e-01
2.007057529248822192e+00
-7.575817048858781710e-01
1.895222145181133522e+00
7.152315438160825045e-02
-2.739067956414379945e-01
-2.361444406143649477e+00
-5.168948691113517402e-01
1.086340987135450131e+00
3.339997811869170885e-01
1.110964706976894423e+00
9.214805318560573832e-01
-1.556096334100004475e+00
2.543338518378746471e+00
4.839998325415871827e-01
1.034850271205445704e+00
4.162209416849427801e-01
-1.372483123554963047e+00
-7.340952540706380258e-01
1.532207693814712779e-01
4.869004995328579666e-01
-6.319689424583990744e-02
2.880415265771179012e-01
-5.166341867067543170e-01
1.628084962336437957e-01
5.944069797559161650e-01
-3.167408911839261765e-01
7.925360562176687884e-02
2.491408628614342480e-01
-1.950421178382972798e+00
1.156538396278429692e+00
-2.131111909849838781e+00
-1.895620798203240254e-03
-1.799139521958369681e+00
1.326232154367429583e+00
1.339616756446543544e+00
-2.651649652786549072e-01
6.003935950856880144e-01
2.361066353411227503e+00
6.299029919846370618e-01
-1.425577263299727448e+00
-1.301295379680974751e+00
-1.107053328375536383e+00
-1.293154001184077195e+00
-5.146559064462993272e-01
-2.014185072039408109e+00
2.653808311999371838e+00
-5.785291685571832820e-01
-1.135343604441118703e+00
1.444261606141038712e+00
1.951201284817036252e-01
-7.756343559825408240e-01
5.970494365151561844e-01
-1.495891255232745798e-01
-3.212405291821114339e+00
-4.113493034992823372e-01
1.696090730965316373e+00
-7.137478822994945682e-04
-1.033642997220457493e+00
8.441295576742156026e-01
6.411569280957591932e-01
1.334354695036462424e+00
-6.756951520796621313e-01
-3.821127778919712337e-01
1.507820820991872868e+00
1.401580742846689320e+00
5.623664093551759002e-01
-1.079583175068141943e+00
2.032414472907800029e-01
-3.688252964315122395e-01
1.787138098474051695e+00
-4.659049684373958167e-01
1.046852755040242000e+00
-1.537877765799279040e+00
-1.857762938361834371e+00
-8.480787745217163720e-02
1.207960698188170978e+00
-1.354385299759382155e+00
-8.702608481220717174e-01
1.846194956770277118e+00
3.162596404464229405e+00
-1.915001234034403588e+00
-1.724074309907004610e+00
-3.153650689349151826e+00
-2.776770168100313185e-01
-1.234349789745444737e+00
1.209146048449364352e+00
2.029971802796820823e-01
8.472108940151881207e-01
1.429092468235151125e+00
-1.154482648007145451e-01
1.706949877639570845e-01
9.938444645533542898e-01
6.013509045380359685e-01
-7.906037718425219518e-01
1.074664487877708519e+00
9.471632176145815263e-02
-1.132740574323327781e-01
-7.825728375324092490e-01
-9.975624408876608840e-01
7.204647700749221562e-01
-1.309574770569826407e+00
-1.809126192623286888e+00
1.482042752087242787e+00
-1.694884422677165769e+00
-2.585459707119096784e+00
8.021758529922338177e-01
9.168985117843339028e-01
-2.821237155802507335e-01
-1.810362295790924447e+00
1.704162537677671008e+00
3.574452288372487185e-01
-5.374244939297392332e-01
1.066480156473565089e+00
-5.190129045996375590e-01
-3.509371932149095707e-01
5.063909440921841032e-01
-5.891816650360790497e-01
-5.353583986373851022e-01
1.585476805650745336e+00
-1.264306479855686449e+00
-1.341073353476134988e+00
-9.408767540296556486e-01
-1.805048831013928545e+00
-1.062204015050687067e+00
1.582105767285609366e+00
-1.669556418926330665e-01
-5.588113056114409893e-01
-7.226298985861843160e-01
5.262936892235788866e-01
1.128905995873848100e+00
1.292574769297454851e-01
-7.946923836260439966e-01
1.160998062742490289e+00
-4.853902017280027903e-01
9.336475921881450812e-01
1.398583167402303262e+00
1.636510878692922111e+00
-3.650235682689946248e-01
-1.458401341310384680e+00
-8.057315049688339170e-03
-1.054183087782198491e+00
-3.257837102277381103e-01
5.588981552265832597e-01
-1.417398313845872559e+00
1.658924180703256201e+00
-5.994536620626642609e-01
-5.330431669020749830e-01
8.020326037835345812e-01
2.413043209365683506e+00
1.059024247084186188e+00
-3.369149195373262740e-01
7.790237566719293572e-01
-3.989996908967776701e-01
-2.119502530684703068e+00
-1.380409356375618790e+00
-2.105649760542538385e-02
-4.334593470760090828e-01
2.810046635724354758e-01
1.870298601384551729e+00
1.341620530066279793e+00
-2.374342244537635427e+00
4.916852461344844993e-01
7.048201887681879718e-01
-9.850727905042210297e-01
-1.782184448369849683e+00
2.552693416729556741e-02
3.334822036736849737e-01
3.791100803297735022e-01
-1.604612083754052843e-01
6.764666699965771191e-01
5.290709185972662931e-01
1.613937309667795139e+00
-5.003356627678995361e-01
-1.376330667322545720e+00
-1.771090745240800346e-01
1.237662105488302577e+00
-1.437621509481650517e-01
1.037111275377076813e+00
-1.517178144697714171e+00
-1.506687524564229497e+00
9.055580352172469816e-01
-1.400483968363878784e+00
6.930516395279811004e-01
-5.164800994827603575e-02
-7.867392681147507005e-01
-1.215398404114744535e+00
-2.234220885875659146e+00
-3.033020860409525454e-01
-2.739591394138542579e+00
6.670499038171772144e-01
1.551553151453170409e+00
1.129154994394920619e+00
8.906702317969468208e-01
-7.579073570496879242e-01
5.658595666512880040e-01
1.758042180957712919e+00
-2.161337214599343692e-01
-9.831866279384500196e-01
-1.817653155364729489e+00
-1.542034280297209348e+00
9.160074535115158012e-01
1.009128923904344111e-02
-5.519764894113530218e-01
1.657323666835785581e+00
1.124103436313675930e+00
2.524262365131081376e-01
-6.978838077021162212e-01
-4.848898074790674584e-01
-8.396436417450449108e-01
-1.028559217483335120e+00
4.096427417370857027e-01
-2.125340244145483559e-01
2.744831922678346192e+00
4.019777869307045726e-01
-1.186202555634611855e+00
9.038778770775824922e-01
-5.270613319631048954e-01
-7.282615264163624369e-01
-2.300656183647719732e+00
-1.234318584382306794e-01
-4.945860074272692142e-01
-8.558336848118716644e-02
-2.892292310376298192e-01
-1.970098456003237963e+00
6.218193814472469660e-02
-3.151980190389500058e-02
1.343897768714243102e-01
1.187111318874955579e+00
3.741743052511988799e-01
7.639652614666886388e-01
1.659103670422846233e-01
1.399870376984231113e+00
-1.694108939357738430e+00
2.848154318923390438e+00
6.861164076938573719e-02
-7.203159552741249527e-01
2.014667753714713405e-01
-9.178138278043344034e-01
6.380899665171247959e-01
9.482057327659437762e-01
1.480718599849873085e+00
-1.214904421646679111e+00
2.105935860104694579e-01
-6.806485557650410190e-01
-1.148167124829434504e+00
-5.819986243173962404e-01
-1.476008409491216034e+00
2.382750744175008428e+00
1.972964833801089668e+00
5.043242935351643919e-01
-9.102979109242226308e-01
9.542113199607922258e-01
1.144768024035086734e-01
-5.937318330175610503e-01
5.319343152351716508e-01
7.565715901014664624e-01
1.582310518805292610e+00
-9.870083180667088563e-01
4.594728406329305903e-01
-1.065152573019586768e+00
1.417114345408602372e+00
-1.628574187945865726e+00
2.148336695902179905e+00
7.821890303051742821e-02
5.291272629580519027e-01
3.936664563956639440e-01
-4.034394918008831765e-01
-5.347543458381041059e-01
-1.691894227571963727e+00
-1.090497584319303881e+00
-9.684623013201751895e-01
2.116373634778393686e+00
3.707924566149076728e-01
-1.319739780564716414e+00
6.357757419273297739e-01
-5.656816167410972929e-01
-2.668393264671418130e+00
-2.420254989029485770e+00
-9.032497376281645174e-02
-3.078717617900728065e+00
7.954360894573706542e-01
-1.803032345889249433e-02
-3.887021995556104725e-01
6.125662441133354896e-01
9.078756863437582592e-01
-9.253451479224116261e-01
-1.321507465210755572e-01
1.119932588465518908e+00
2.975267266572775293e-01
1.964793687731172467e+00
8.621116391088844422e-01
1.175567996175326480e+00
3.979491446492867679e-01
-4.306293042669040450e-01
9.314903828756040394e-01
1.369598425705604861e+00
2.483452661647201687e+00
-1.506585329828139974e+00
1.207882137982576598e+00
1.566209629447782303e+00
-2.165713722790628681e-01
-1.800847356644695307e-01
2.834132993249441901e-01
2.292957151406664895e+00
2.282655465578008247e+00
7.579179073519031196e-01
3.668852982011583386e-03
-8.858972440834206319e-01
-2.256879715936921382e-01
2.346393979196192414e-01
-9.888490779544085729e-01
-1.166258051108234328e+00
1.874330466548940755e-01
-3.171554287024754282e-01
1.927675097719201425e-01
-1.337987247787014944e+00
-1.139676358875216511e-01
-2.797960628983952036e-01
-2.627809264761662433e-01
1.573339270426327818e+00
7.382284067706113007e-01
-1.033947794500979844e+00
2.463756726771328676e-01
-4.654567287671741438e-01
-1.305023456842175689e+00
1.273432890087304037e-01
1.067778242878918649e+00
1.811768138907400516e+00
-1.072346480855504436e-02
3.613878559308787430e-01
4.664307452787379016e-01
8.415887703992666058e-01
4.927209977680997999e-01
2.401244792528220984e-01
-6.654329655497251972e-01
1.867369107952374208e+00
-2.313942914725643618e+00
2.928474736528596356e+00
-1.538528183904569246e+00
2.847738858666407080e-01
-8.264803085947562966e-01
2.582690219193101155e-02
-2.873995130666384679e-01
8.131734593898314323e-01
4.555648481347836509e-01
-1.669825310028155041e+00
3.887994150923090864e-01
7.298323091530033446e-01
1.316623897490705852e+00
-3.674616835261331760e-01
-7.692171490251644705e-01
-1.807009412278336224e+00
2.943462764950838806e-01
-9.455331165698961371e-01
