5.540056648882951684e-01
-1.350721621353616397e+00
8.049720712048430427e-01
1.696440878726406254e-01
-2.762773978248552753e-01
8.636899349431319539e-01
-2.130919700595261534e-01
-7.638832001307976904e-01
4.513973934183256320e-01
-1.490570646255100218e-02
3.114475281332833578e-01
-4.715218207196805178e-01
3.386975900561010056e-01
6.960523024152943661e-01
6.042963910973259134e-01
1.197653738607902252e-01
5.470863301486057484e-01
1.175935395891225810e-01
8.517763129962035995e-01
-1.512700566471640307e-01
2.445924170465998138e-01
-4.488330846181527445e-01
5.859164958702015591e-01
8.857515462348279911e-01
-5.782043259440065031e-01
-2.082951302880805766e+00
-7.245676022780672687e-01
-1.021659262583779482e+00
-3.220491953387265571e-01
6.302683107623583414e-01
1.168847206791474136e+00
1.291387479758659695e-01
-9.657252228714985343e-01
1.041834898407755672e+00
4.976034276215670071e-01
-2.145496904989384335e-01
4.566529777826039416e-02
1.811296902978896117e-01
3.715493053150438207e-01
2.043770204732477669e-01
-1.009335486704312057e+00
7.061657071350078141e-01
2.683519008645559034e-01
-1.439374710558605441e+00
-1.305801241923650435e+00
-7.325623026018443507e-02
1.378149884553308280e-01
-1.012340641297207355e+00
-8.442193904091279677e-01
-6.288871937478360263e-03
4.800367395277434501e-01
8.667768053485909174e-01
4.109179874056244630e-01
6.785508140205093186e-01
-5.374031922490417612e-01
7.510133587881824280e-01
7.399554342240793892e-03
6.037405003451481456e-01
-7.346608939029761198e-03
6.693805290114369644e-01
8.410382725412244298e-01
-1.365483783893081116e-01
1.703192876983230075e+00
1.485958694919720546e+00
1.224286283172593803e+00
5.275017019315444422e-01
1.649255726259385435e-01
3.013415037653152662e-01
1.348787016833360164e-01
-1.064769094169533803e+00
2.060485933655694102e-01
-6.196696523786465738e-01
-7.714666186494151257e-01
6.421994593480158109e-01
-2.543857980180460610e-01
2.004682584195294770e-01
1.530089621559246105e+00
-1.229799441610316180e+00
-4.667649973202008806e-01
1.802380958412769241e-01
9.288155900937163922e-01
-3.028816167537299875e-01
1.778119592960282769e-01
-5.674046511431294348e-01
-1.447755399444474511e+00
4.694148295075303290e-01
5.366203774564990425e-01
2.043044000672107896e-01
6.924077225488758369e-01
-1.632692074951469230e-01
-1.607448971134762261e-01
-1.338377454341528106e+00
8.918483659638172245e-01
-8.981052681601586762e-01
1.415714601524976857e+00
2.278339934246852716e-01
4.816421008353932720e-01
3.779117190116855207e-01
-1.305066137714696595e+00
-9.374389487214098704e-01
-6.052551582221011861e-01
8.477228318546837782e-01
8.998151391073495597e-01
-4.166617560036645074e-01
-1.282192855176371715e-01
8.027006044247274597e-01
1.196466773765060942e+00
-6.361491432456402029e-01
-3.095920170240837321e-01
2.284091425985740886e-01
1.987811740322331377e-01
-1.078590914040943760e+00
1.218376712736404022e+00
2.085669839467869102e-01
-6.312131934347169349e-01
-6.391819757790284662e-01
2.722411238975282477e-01
-1.132797282051467791e+00
1.445143339065635413e+00
-3.455061246618661985e-01
-1.278117094331112202e+00
-9.948085648161436589e-01
1.351448584638896000e-01
7.477265627949596094e-02
-2.302832538758407821e-01
-1.108179474396147279e+00
-1.515846920068933290e+00
5.555654542664836271e-01
-1.927847062721865790e-03
-9.376306222218808717e-01
8.653215919228856023e-01
-7.321347840342996571e-01
1.200343119415249404e+00
1.191726041861001395e+00
2.268039223531010395e-01
1.934266813514010086e-02
-7.885051173198032171e-01
-8.504146090665765101e-02
3.780459269884313134e-01
1.129827016322831668e+00
4.734950303754587031e-01
-2.731668663234203542e-01
-2.314258633706944845e-01
-9.182630453248306068e-01
-1.316255503635996860e+00
5.510726437574112735e-01
-8.897937213215957319e-01
1.116392903061889319e+00
1.184608000343262690e-01
4.838662628470859484e-01
1.726635787708080683e-02
1.162105008229179504e+00
-5.523613549832693259e-01
-1.124499197579363008e+00
6.268727583347468713e-01
4.371407182095838895e-01
3.168005096797861242e-01
-6.905472240219328040e-01
7.096232797588263308e-01
-7.692431077190199362e-01
-8.260868581584254189e-01
1.117887224554368508e+00
6.296948076981553344e-01
-5.113626936662547529e-01
9.855705761037790724e-01
-2.649577584920317919e-01
-1.000249906621926699e-01
4.885087739871960544e-01
1.031600210798241157e+00
-4.935425138555402658e-01
-8.244636597633556718e-01
6.817163031173225640e-01
9.895113648333400125e-01
-8.700053924016180051e-01
-5.327874295633489021e-01
4.527730372687995830e-01
1.003670509666681143e+00
-4.658916780002799740e-01
1.798194302514868115e+00
-1.716649937808540916e+00
9.525339503259057095e-01
3.615785225586370943e-01
9.169480734447952308e-01
1.056839883569672844e+00
-8.273087412099383586e-01
-8.439500149370141036e-02
5.777043753063690890e-01
-1.957617460570607038e-02
-1.238057426365734237e+00
-8.010159965347389832e-01
4.970111005126450210e-01
1.143009932323857170e+00
-7.270553534773942506e-01
2.777739004726316741e-01
1.714756987224029250e-01
-9.202820515027561044e-01
-6.546437569573462234e-01
1.389896794930226831e-01
9.743578148467268996e-01
-4.622842624287089586e-01
6.321736946670708512e-02
9.748089723790582806e-01
-1.082666553473193183e+00
-6.811838223440009887e-01
-5.369794497749980078e-01
1.383181484904234759e+00
4.858989630170802432e-01
1.249321823058320957e+00
-5.584182207990313618e-01
-8.059348606643983448e-01
4.049932946320186078e-01
7.129145091450558303e-01
-2.060131964903778590e-01
-4.422176443538004542e-01
-1.973586458167698288e+00
1.911813718430334652e-01
-3.118198968226965073e-02
-1.095245562447918042e+00
-3.918987506300375956e-01
8.828631811019322928e-01
1.917441925988467188e+00
-1.466519329434625041e+00
-5.041035663814404932e-01
-6.808621840049333684e-02
-1.607264935595905664e+00
-7.918376908052201513e-01
5.047427450419921247e-01
-4.705642878470111395e-02
-8.749597236555490820e-01
-2.494022282357836739e-01
-8.006903058320694599e-01
-5.321649158963893678e-01
1.741238899968409748e-01
7.227482394973956670e-02
4.457107556937378590e-01
-1.068924937043402856e+00
1.010169289112452518e+00
-3.829571968179388275e-01
1.458733732731616328e-01
-9.999654525049326281e-01
-9.928680660495246002e-01
3.120695269905807701e-01
3.752397685069387701e-02
2.432879877247274281e-01
9.851200636655378373e-01
-8.799316869193177792e-01
2.902895773391893641e-01
-3.713938045902429597e-01
-1.272186944905526529e+00
-1.125973265424877745e+00
1.515609645834273614e-02
3.339460547083716868e-02
-1.008335637137407897e-03
3.103787510700112273e-01
-5.740752544440459459e-01
6.615807584851830514e-01
-5.507957232613036602e-02
-2.186634595797831981e-01
-2.841689247529528561e-01
-1.344146532344747680e+00
7.020576452273363799e-01
2.283546521322609990e-01
6.538226484182172935e-03
-8.542169494193094237e-02
-8.626218038575041991e-01
-5.445421360737134897e-01
4.791945408100281578e-02
7.869397939962960997e-01
-3.938901299946606649e-02
7.332017443043968852e-01
-9.772279868331144037e-01
-1.090613528007631672e+00
-8.171500766836915786e-02
4.146433834852278899e-01
-6.086984542081241845e-01
1.176254339292731821e+00
-1.237419352198090516e+00
1.481749683529017148e+00
3.379882353344721979e-01
-1.578520558555455144e-01
1.474448064569388483e+00
-9.566313599020958014e-01
6.481452172079793517e-01
1.432573585878418543e+00
-1.009414658780207752e+00
-1.436855697874589444e+00
-4.517372254843686763e-01
9.663241129685360420e-01
1.161497777189735459e+00
-1.115647880887061127e+00
-1.236947989496719025e+00
1.076790507044351752e+00
-6.087922222728557875e-01
5.112248496274940379e-01
-5.329497110963316020e-01
-9.356418948594800167e-01
1.095667312567136786e+00
-8.778007765911551852e-01
-4.267375337299832427e-01
-5.236596349318179966e-01
1.612671749409944622e-01
1.534478750524888024e-01
2.759622904582877956e-01
-1.413780403701446531e+00
4.867024936798122758e-01
7.969711045590074372e-01
-4.980761081130491985e-01
-3.227279998267608696e-01
-6.329428255393656499e-01
7.886558602979344412e-01
-3.882316146139951907e-01
1.074526038819040741e+00
-1.913193014814304482e-01
1.992814197664292131e-01
1.680709101758666724e-01
1.411909090600257377e-01
1.294967660619684047e+00
1.083318040485344191e+00
5.465065181607062783e-01
9.569460091362212983e-01
2.690044939255886725e-01
-2.498957382705533914e-01
3.090002492547503921e-01
-2.764413490756094105e-01
8.796654248121557051e-01
-5.096134239315283643e-02
-4.949341105526196272e-02
-7.171964429604520408e-01
-1.567497132109834768e+00
-4.427233214178781795e-01
-4.275230260666090798e-01
1.008994802449688422e+00
-3.725297692954023243e-01
-5.929195622027945145e-01
-1.136102765293690364e+00
-7.516144014818606500e-01
-2.246952074775018515e-01
2.037132719470966524e-01
-9.486103048279709293e-02
3.489181942761408473e-01
-7.415422071722002073e-01
-3.603421903379111502e-02
-7.160614938754176206e-01
-1.175272882583148881e+00
6.291219822619796564e-02
3.559587140432645125e-01
-2.169915334361329218e-01
-9.568902535555311450e-01
1.693303709312698135e+00
-1.026886436917388901e+00
-2.314730039160599329e-01
-2.443691349135335145e-02
8.726347411935367893e-01
5.493656165041624906e-01
2.029212107989617764e-01
6.841741791232207326e-02
4.120911152176066905e-02
2.548245133921835937e-01
-9.226025477099535355e-01
5.641205968599231069e-01
-8.947172282739501714e-01
6.702705283610838061e-01
1.637241666270653262e+00
1.057109214941561598e-01
6.507217156424563997e-01
1.422917138379264257e+00
2.231410899835019057e-01
-4.975700853609026364e-01
-5.819900042656683814e-02
