-1.379087116682836331e-02
-7.748319080250513080e-01
5.006629774300397351e-01
3.239889114803912729e-01
1.618706534338805181e+00
-1.401690403731953083e+00
7.466774107005343109e-02
1.873139367862747817e-01
-9.483822525549961968e-01
1.822450282411081368e-01
4.888295179092806420e-01
-1.284577102362047807e+00
5.370300794480007411e-01
-6.534053632184742000e-01
4.638954693710474197e-01
-2.262964384605365531e+00
-9.455090843517349741e-01
-2.016898429104203139e+00
-1.952751587932412880e+00
-2.867977545674802453e-01
5.063493748863321375e-01
2.205487308395330803e+00
-1.286789614704628937e+00
6.077847233676890726e-01
-6.169916392965975049e-01
-3.029266360776268208e-01
-3.114937508726099424e-01
-1.198635488128238835e+00
6.443989763269557525e-01
-4.053310917888012233e-01
2.947984963531060654e-01
1.588544138464631494e+00
1.843039706611886708e-01
4.659279927142033761e-01
8.011363894622057780e-01
-2.060528417341785712e+00
5.591094043028372873e-01
-1.034741001037373209e+00
1.812497541141830371e-02
-2.040146502972735587e-01
6.300753849296775178e-01
-4.830389632416324242e-01
-1.556463938756884380e+00
2.225639775153817057e-01
-5.917202502858427415e-01
-7.297747482617192860e-01
5.809763299038007978e-02
-2.496130043580159219e-01
-9.675487974545284864e-01
1.279935318962308610e-01
8.136738796239975091e-01
4.530497607890456857e-01
1.969430781708486899e-01
1.166947404274568889e+00
-2.431128095238678788e-01
6.380204916665069836e-01
-3.707371262851044680e+00
3.266638916796713588e-01
-4.112955924259411034e-01
1.569468590126761764e+00
3.910499025769810233e-01
-1.424302058280749295e+00
4.058948106549814527e-01
4.036145264121186738e-02
-5.796813795783706258e-01
-1.779326369095784566e+00
-1.818689840523331491e-01
1.117276881904249120e+00
-3.333020237621419080e-01
-2.740015386430506572e-01
-1.358066221666288875e+00
-7.772677255586588618e-01
-3.328006845395231061e-01
9.652659117698301205e-01
8.474077454082512562e-01
-3.263405951817792694e-01
2.051039992571328074e+00
-5.425044000059121574e-01
-9.347866908712667566e-01
3.627311948798821878e-02
-7.826645807903130914e-01
-3.185693250880899940e-02
3.145965742843349622e-01
8.728151283465961363e-01
1.388512244805789608e-01
-2.556461104394425199e+00
1.314639499840732473e+00
-8.816743753597636735e-01
-1.861878184877659548e+00
-1.010902611572133569e+00
-1.477364307878093808e+00
4.519101806929869403e-01
-1.819691417561080660e-01
8.210270089691038553e-01
2.862076884156149192e-03
-2.583218703061420207e+00
-1.185945299437853873e+00
-3.587798548066015725e-01
-5.519812598761718592e-01
-4.256056666748217587e+00
-1.248468300714593582e+00
1.297100676801667518e+00
-1.843845383376103292e-02
1.239205712636899825e+00
1.535660477752429642e-01
-1.452412301125616256e+00
-3.851042634448158530e-01
2.071273426526270556e-01
-1.822245024447926021e-01
-7.204581866996443429e-01
5.488906387928169650e-01
2.093802682549007477e-01
-3.803117931139501362e-01
-2.354952019757879378e-01
2.030921273281272921e+00
5.414720700037554124e-01
-1.158150390111919892e+00
2.900566312842274286e-01
7.877916137630625038e-01
-9.683467823085996073e-01
5.153418515834131686e-01
-1.561810569182691677e-01
-2.315863436426160771e+00
6.030450161120057273e-02
-5.535576728107224342e-01
-7.917127760622286181e-02
5.303285213362581019e-02
-8.428367069494236974e-01
-1.642482843980987844e-02
-3.032980234823051680e-01
-2.655590814684674061e-01
1.184957046743247977e-01
5.176950482545700227e-01
-1.377741178728946858e+00
-1.041372637295600256e+00
-1.077218219728172333e+00
5.939392636228829625e-02
-1.609721241539175063e+00
6.247152909149304989e-01
-3.147811909008882414e-01
7.950215964811708780e-01
2.692853537518973717e+00
1.531792895024598755e-02
1.752637581996056571e-01
-6.729151552018359794e-01
-4.355227433862016717e-01
1.672655954219964547e-01
1.020829511810502854e+00
-3.711591834703503179e-01
-1.065405038612880217e-01
5.357933251556056264e-01
-4.537055014243547291e-01
9.763625227189549893e-02
-9.546524660680437702e-01
-9.164079827770745812e-01
-6.049514453293772798e-01
-3.312028134347433372e-02
-1.033129439536239480e-01
-1.078428705180122904e+00
9.594266674281922702e-01
3.342111806910112448e-01
2.843720043076589099e-01
-2.398858609515038820e-01
1.148378976938199403e-01
1.139092791474529548e-02
3.036359580753261067e+00
5.928494082640739515e-01
-7.319082335829574237e-01
7.454541873465739821e-01
3.276365885087623858e-02
-8.733001124556376560e-01
1.123494885588457892e+00
-1.448773222124111637e+00
1.479523877919219910e+00
-7.480235626788150904e-01
-1.250259605691997455e+00
1.445936273278786377e+00
3.849559485386851443e-01
-7.420090412318641748e-01
-1.139875827798388697e+00
2.452118080304060421e-01
-1.700520305614404482e+00
1.815121016992210734e+00
6.341276773045194659e-01
-2.489464803825010564e-01
-5.645991877856849639e-01
-9.804174284317683785e-01
-7.506509378410926303e-02
2.136693299698821047e+00
-6.102183523855539415e-02
-5.840436845328926818e-01
1.986645065774658825e+00
-7.000995146493637078e-01
1.660593116336332331e+00
-5.694323416725799447e-01
1.610114958886015746e+00
4.212037616213418767e-01
8.579749727205976395e-01
-7.061910019977419850e-01
9.306210437057608198e-01
-1.806720618852550309e-02
1.069849132858352370e+00
-1.238165612459355636e+00
8.687290258852401609e-03
-1.105751393874876864e+00
-7.208625023920105512e-01
-7.302745323195954930e-01
-1.559737028743982679e+00
8.083736593628820799e-02
-4.390497673950606861e-01
1.503075613259193533e-01
-7.987269725931438469e-01
3.650469533995179261e-01
-2.543234622207509732e-01
3.296207952965491406e-01
4.738055691283744597e-01
5.774439580575805447e-02
-1.153862182000086334e-01
9.740762136554472761e-01
-8.467133389076870742e-01
-1.990955210630913186e+00
1.068096513662823099e+00
-4.447236513475141817e-01
6.282986759959917622e-01
1.260462875851981801e+00
1.245329356844132374e+00
-7.410010813828444842e-01
4.699585322280271926e-01
1.158268491018978663e+00
-1.247912502187142753e-01
-6.561149774328087769e-01
1.167773423534643751e-01
-6.504872784796443819e-01
3.865742357396108608e-01
-1.292241022865033007e-01
2.756855284872461453e-01
-5.141092388483458064e-01
1.215763098519998808e-01
-4.852210706822498443e-01
2.009890639004292989e+00
-2.093208927472540726e-01
-1.201564739879860788e+00
-7.175378916110655148e-01
-7.646612172951676722e-01
8.267695748529371169e-01
-5.161767073760645808e-01
7.311943383872827606e-01
7.029309403347605567e-01
3.994892075623091010e+00
7.081445114792279671e-01
-5.766228507986449758e-02
2.308718488200260932e-01
1.268616416205817221e-01
-1.901540529411996916e-01
-1.041302546331458190e-01
1.223985171625433244e-01
1.012460481835192994e+00
-4.954711765796760981e-01
4.017767054215059530e-01
-4.389499800911422778e-01
7.369898790138902367e-01
7.329404468126312633e-01
-8.869545113874675868e-02
-6.150048930477800546e-01
6.026998684697078279e-02
