-1.294572503401770547e+00
1.773061315767452406e+00
-7.561936220309195988e+00
-7.936514042112454703e-01
1.390381603284241319e+00
2.629066524015566841e+00
9.062409102277357853e-01
1.009331185574818379e+00
-2.649051995241133994e+00
-8.889380358569818341e-01
-2.307537137785297343e+00
6.654657218992807710e-01
2.368943311571280574e+00
1.190099854085214792e+00
6.185734432188867871e+00
-5.678960445509337873e-01
-5.782971208950526965e+00
-7.738888372320613662e-01
5.714224946840882779e+00
-5.351309282494756125e-01
-7.822151514317774001e+00
-2.839144856615181567e+00
1.147319732044302931e+00
-1.621135127655403130e-01
7.423703564174062297e-01
1.009891470290138482e+00
2.638033050954210701e+00
1.154543316973309031e+00
1.001930397959936592e+01
3.813834144492565414e+00
-8.543485964318856318e+00
1.822069704092746933e+00
-9.629971082505943691e-01
-1.129769731773066388e+00
-1.695790319240164878e+00
2.135456246972765593e-01
1.764641600927658649e+00
7.342390235229739881e-01
8.786185284801998341e-01
-2.273933697420170930e+00
-3.595032639292432552e-01
1.219860877904467955e+01
-1.699612370816065532e+00
-6.418008727890310849e-01
-5.514980128436780538e-01
-1.410772771169495066e+00
-4.585915392650696809e-01
-2.964944435468892969e+00
1.392976635062055824e+00
6.756548444135732634e-01
-2.969712557523229712e-01
9.521176241350313152e-01
8.955474566461810726e-01
-5.615078721764819036e-01
-1.205311186889828523e+00
2.139882452649060074e+00
2.746032231882300945e+00
2.487605372094134348e-01
-3.310781337038206651e-01
-1.971501204230046600e+00
-3.051975663844345155e-01
-2.084490096202155307e+00
2.050486145039835062e+00
-1.015665186455251501e+00
2.784274075391691972e-02
-1.583557780858723341e+00
1.290545046817716646e+00
3.229176578475129400e+00
1.044043566660757483e+00
-3.648920904040556135e+00
2.347643444655577394e+00
2.129939273206554962e+00
-1.848061216188374711e+00
5.240388385594714649e+00
-3.645377796629231115e-01
1.680314330898019959e+00
-2.989600069195703647e+00
-1.470154448204535891e+00
-2.942645567512855109e+00
4.694025033625475629e+00
-7.551264696821838873e-01
8.656469773636263909e-01
9.735383091551599311e-01
-5.315715204075003308e-01
-3.643270840813225941e+00
2.898065241081291710e+00
1.044530127058357127e+00
9.444332296413944228e-01
-1.573280216439408852e+00
3.019686642900991091e-01
-3.647688156886575328e+00
-1.929722571490060989e+00
-1.463679235117893995e+00
8.101090657029813569e-01
1.806941007212884143e-01
7.845057270542636907e-01
1.347337180774886845e-01
9.666185442132183558e-01
6.954130356391771128e-01
-2.537120109396223899e+00
-1.483748963103465268e+00
-1.768351631639451194e+00
4.434551665744699278e+00
-1.780178404094765909e+00
-6.063044919571424884e+00
1.518913505429270616e+00
-1.376630891036353666e-01
-2.752120317442688702e+00
1.487198247605183266e+00
2.504525728905261373e-01
7.701138750157989765e-01
-2.708433852379600326e-01
7.035474162304231616e-01
2.961735874476175479e+00
-4.276561829674309756e+00
1.007564757126994781e+00
-1.512362909187626281e+00
4.354913406094159001e+00
6.926469289682522401e+00
3.584289173899730674e-01
-1.418796986285084660e+00
1.506539903952251791e+00
4.590220917835029502e-01
-1.454241777761194010e+00
-1.700265619051842592e+00
-8.328919283021973818e-02
1.656380234546786234e-01
8.378714968715649247e-01
1.246489296103866273e+00
-1.981009891920139987e+00
-8.664941540124126984e-01
-2.137752577449839375e+00
9.107898057960641669e-01
5.001607607710009340e+00
3.810347253909000198e+00
1.642475667030938835e+00
1.191670852559206351e+00
1.268613325862295804e+00
-3.314506518369241039e+00
4.720904777685287490e-01
-7.564423545481240296e-01
9.013106143992142272e-01
-8.971372049196316700e-01
-1.634163566889565766e+00
6.856152100302696784e-02
-3.464717999863258235e+00
-1.046705402040811306e+00
-3.271664942463213599e+00
-8.536086713779069690e-01
2.135962071313765698e+00
-1.767102610002265983e+00
2.437145326514391641e+00
-5.451298500961314630e-01
-3.663393498355128619e-01
2.258451549239508971e+00
6.791268578295376557e+00
-3.654500715248056864e+00
-3.972999247035018944e-01
2.841025261701626725e+00
-5.654445711205954517e+00
-2.406081879952121083e-02
-5.716509159437834775e-01
4.418604679294574344e-02
-7.827990609311847869e-01
-4.690541085058380633e-01
-1.610860949584068669e+00
3.053127544459440124e+00
-1.086494262956762435e+00
-6.015090581257974689e-01
3.034427777700029472e-01
9.303618943359496241e-01
-1.124720396822827428e+00
-2.372268923099047022e+00
-2.337839802213064644e+00
3.529169928715242932e+00
1.716056073215519451e-01
-3.330865201343443882e+00
-5.556189647150857613e-01
2.721661734110735614e-02
-2.020664295564246871e+00
-1.676635601442272527e+00
-3.533951505360640177e-01
2.749982847827648680e+00
-2.506588974224516875e+00
1.771621502226476963e-01
4.915338742818325946e-01
8.538006467188477444e+00
