1.412331221021018601e+00
7.986588645242597151e-01
7.900430696685045717e-01
-1.241334661920224125e+00
2.045719892528987227e+00
1.901759229780533855e-01
-2.435217588348160545e-01
-5.972353284263407502e-01
3.080297367600709491e-01
1.427857161039066680e+00
1.370157809442843266e+00
-4.141172700437441567e-01
7.059758946831086179e-01
7.730667377981050858e-01
5.085004369618011388e-01
-1.312965720364180244e+00
1.518715842689189133e+00
-1.015348740792501259e+00
1.672461284902852841e+00
-2.995319369426341360e-01
2.999232627571285281e+00
1.604119426521918523e+00
-7.565150305131588260e-01
2.720958735240655013e-01
-1.249921632838238983e+00
1.047248023574421261e+00
3.214541838578580668e-01
4.012205111077440933e-01
9.581635586151275863e-01
5.159131337382891758e-01
1.735172496834954947e-01
7.040485198333905625e-01
-2.024480333676704547e+00
-1.878993796903005720e+00
-4.616005842268898762e-01
-1.732507342031694542e+00
-4.770461530139286088e-01
-6.793486863085322902e-01
1.101081889054086327e+00
1.943022773537864678e+00
4.031854994476762877e-01
3.238484369399129426e-01
2.831498991446550484e-01
-2.267696673122439055e-01
6.116402039075272135e-02
-8.711941351570038350e-01
-2.206768181480413538e-01
-2.880809192528833051e+00
1.272340869960336907e+00
1.208064458677522990e-01
-6.004680811449480959e-01
1.345007392508033695e+00
7.799274728804100887e-01
-8.578566310265218764e-01
-9.421659600566992809e-01
9.770694360347562668e-01
7.055261215323069823e-01
-4.070060017469352420e-01
-2.464268757786936825e-01
3.598899711198234597e-01
1.059877730706458854e+00
7.784612809831452651e-01
1.092680995279123879e+00
-1.250646775989894932e+00
-9.919633510246044228e-01
-6.235200325084202522e-01
1.496698593012356859e+00
-1.023293992795534679e+00
8.879809782017442643e-01
-1.687760973162226508e+00
7.156430855017380521e-01
-1.083264191205037141e+00
1.241133667153753839e+00
5.191383258152080377e-02
7.212141693104462403e-01
2.975592239923678939e-01
1.196408377611826723e-01
8.672725274307733212e-01
9.684705991279974890e-01
2.319180097303737420e-01
7.473625230654757923e-01
1.461403924647687091e+00
1.366290063805508215e+00
-4.524719060325897990e-01
-1.579646932676443294e+00
-1.643577313387654781e+00
1.052656913522018955e+00
-9.017735664534914930e-02
-1.511782081232532438e+00
7.213159258533400342e-01
1.444789263384246514e+00
2.040128194586167676e-01
1.089767863572456141e+00
1.658439677752601593e+00
1.238153916130083187e+00
-1.400661202426470187e+00
8.673421752529331119e-02
3.915001744807823369e-01
-5.882302664043365104e-01
-2.692807119391862902e-01
4.721098551228871676e-01
-2.015778103935660370e-01
-2.533432247362176204e-01
7.578350909290534343e-01
8.365170190798534300e-01
-8.203144608044866948e-02
2.211138997531092443e+00
1.632707553300787540e+00
-1.695473628226903173e+00
-5.908591111857233180e-01
1.487595415019078882e+00
-9.013338841645089916e-01
-7.170445329365128240e-01
-1.391334989188769189e+00
1.312386656217708003e+00
5.607367286484297997e-02
1.593828102873497077e+00
3.829160363826832059e-02
-7.211872255348336092e-01
-8.641718187197732215e-01
-1.472537888252331006e+00
-1.398165449164758600e+00
1.190571813225071822e-02
1.148619355722786617e+00
3.793831125178398489e-01
6.162101451101323901e-01
-6.404124892408687153e-02
2.419386032811912557e+00
-9.124396704952726367e-01
4.293989860379880397e-01
-5.790070976555616866e-01
6.591610174001505396e-01
-1.418239027237561789e+00
6.499550636419089145e-01
1.650823532884594158e+00
1.656701086173530957e+00
-4.675535852564325356e-01
7.962852862280344057e-01
-9.417142515027115968e-01
3.539466606142617766e-01
9.789726453295868325e-01
1.652565434064467764e+00
-1.208897006215739811e+00
4.319180580133197278e-03
-9.492521512499145775e-01
-1.412002704230427064e+00
9.631336035086451863e-02
-1.630484047720048180e+00
-4.134098838927187103e-01
1.752017991211259673e+00
2.944972934105927198e-01
9.035209346079389192e-01
-7.904178123007720158e-01
3.689095794583492904e-01
1.497382471999240128e-01
-7.748127822005826393e-02
1.007411970873970386e+00
-4.092033698832707456e-02
-1.456841913485392048e+00
-2.309882099127388067e+00
1.917441663550457642e-01
-1.245789497341299512e+00
-1.005579091457910357e+00
-3.672536627234386231e-01
6.994824415998338596e-01
2.156988202736739968e+00
1.350409392551782939e-01
-1.470496863077267236e+00
-1.028029570402122728e+00
4.452086598763541070e-02
-1.793655839995223822e+00
-8.631221978088382540e-02
-1.366867520421987559e+00
-1.234563484735339500e+00
-9.086079624987076775e-01
2.263306544838559198e-01
-1.952204538764405584e+00
1.840335340948774823e+00
-1.864691227643297644e+00
5.333687873089063558e-01
1.216323508421213728e-01
8.384214523923950724e-01
5.636346805430323403e-01
-1.283827948316562939e-01
-5.723309032459729107e-01
-1.086652529102780790e-01
1.024186200567831356e-01
6.267216655873490971e-01
-1.163119132856277771e+00
-9.574495293878719782e-01
8.576142594514407635e-01
-6.068573530758051282e-01
-1.017154227498500374e+00
2.019017130790876635e+00
8.499911584385941854e-01
-1.634297007272965396e-01
4.887174438726294978e-01
-1.063698216944064079e+00
4.342216149866798824e-01
-7.886488381183038854e-01
-1.475183197374025701e+00
3.927522557083066301e-01
-3.080236159181111710e-01
2.522868061527311911e-01
2.174847307214953229e-01
-5.656117322980460660e-01
3.755666549648521424e-01
8.757280978624102374e-01
-1.300709455873364062e+00
-1.521619011728080118e+00
3.672206793125187829e-01
-9.648418559344743572e-01
1.060935066136225347e+00
1.179646778254546780e+00
8.444909396458261108e-01
2.425797154106128228e-01
-8.642370084852561973e-01
1.145232910459901554e-01
8.009449537357626880e-01
-6.222488002125767803e-01
5.059729879836200039e-01
-1.635016244674938057e-01
9.236127869775409005e-01
8.869977501382103613e-03
-9.542967558830365293e-01
-8.940524272511706227e-01
1.663797494304280367e+00
-6.323948491605448918e-01
-4.915734008160399515e-01
-2.453481470426145172e+00
3.290122474998715685e-01
-1.844253803188850238e+00
3.452040404878276569e-01
-1.068048558371389012e+00
-3.660822958046596742e-01
4.433492105454048260e-02
-9.950969461694197937e-01
-2.722357778952796403e-01
2.024694244641846996e+00
-9.799646257849158326e-01
-5.652015148751970974e-02
6.008948130666221799e-01
-1.969379091500275791e+00
-2.218681761541258624e+00
-2.069588230549492813e-01
1.623833046177327821e+00
3.835016594695775383e-02
2.041879773957220034e-01
-1.070562258277457213e+00
-5.401068239003278260e-01
-1.454333360993478319e+00
3.168510890576857753e-01
-1.435598144177054669e+00
1.206262875989449146e+00
-1.921660054691470831e-01
-2.309873818321435124e-01
-7.169553179214761818e-02
-7.535871530238553717e-01
-1.177902167148148216e+00
-8.865049038443366392e-02
-4.768402321674530819e-01
8.705168261975307908e-01
-2.799348327861642449e+00
9.251735646650031120e-01
-2.684031091940305203e+00
-7.254311452102335522e-01
-8.179321821600221698e-02
1.262993380660231424e-01
8.558992316020261337e-02
7.458925814110306529e-02
-4.429527389652269664e-01
9.605262963611957971e-01
6.878350613167905081e-01
1.090533077508110793e+00
-6.815834408239002107e-02
1.468717668864572445e+00
-7.657733411633695919e-01
4.884030257015335996e-01
7.162659877248381823e-01
-2.552063983109865486e+00
-6.419246930825328601e-01
2.459060097305538761e+00
-8.750055022008035310e-01
3.060028222530520869e-01
1.393500789392927874e+00
2.376513107710405415e-02
2.470750816036818842e-01
-6.415546789504000813e-01
-1.396033419621496074e+00
1.550792338734098275e-01
-1.050209904783829362e+00
1.000247345377000441e+00
2.253487987888787569e-01
-1.258633690687059326e-01
-7.405971474945174382e-01
1.997454956477399679e-01
-1.163423777528107550e+00
-1.512684468433901641e-01
-1.329425357962459531e+00
9.543061903168742477e-01
-6.509947493100888272e-01
8.222636228014308379e-01
1.102958431735705735e+00
-1.308061705674469888e+00
1.321235034025376898e+00
-1.386345093667365358e+00
-7.621862532383003597e-01
-3.711589557413788598e-01
5.230225034773375858e-01
-1.509380456377380941e+00
3.068324665032718390e-01
-2.411137703248637243e-01
1.154528287736555914e+00
-2.173864448388852788e-01
-1.508391126223286749e+00
-7.028037972133256428e-01
-1.966156437917339739e+00
2.903529504608533429e+00
-3.934532857308867815e-01
6.000407735366016793e-01
2.742315504916028601e-01
1.248442513257514319e+00
-1.272849297060120399e+00
9.711723394305585844e-01
6.677999100033430446e-01
-8.177243097079389678e-01
3.252758788219902164e-01
9.105359175024174689e-01
-1.475886542800849188e+00
4.002686759308076714e-01
9.789417962797662964e-01
7.453149173581817832e-01
-5.725693725153981894e-01
-6.377874789228170638e-01
2.179347267976427638e+00
2.910453247875153804e-01
-1.425341431227510558e+00
1.383531125434976028e+00
-4.011356261803775136e-01
-1.917250274003131638e-01
2.814005432162758336e-01
5.808559635225620799e-01
-1.260247756954739895e+00
-1.045660092069802483e+00
-3.276349331083661109e-02
5.715515374059936260e-01
-1.006850120164972884e+00
1.215355860743591448e-01
1.232420298129349445e-01
5.571676470394704150e-01
1.690181772517634906e+00
1.839245102253896924e+00
-3.414497741013444720e-01
5.292623872991426559e-01
-4.700169524802952914e-01
8.562194305725566723e-01
-1.237469035320630795e+00
9.040399747163195832e-01
1.789108870806257912e+00
1.643347115142950454e-01
1.202588985652536246e+00
-1.000677053942432115e+00
7.057857229722937220e-02
-5.069384858391116078e-01
9.235155865522828300e-01
2.834659471404932241e-01
-1.337943269241219646e+00
-1.645529878461267359e-01
1.055663646763700614e+00
