4.650827428544572761e-01
4.764969314241138121e-01
4.492607596373913159e-01
-5.153666629581973302e-01
-9.095813614752124021e-01
-2.542972192753587546e-01
2.885942397515906532e-01
-9.288781447019316406e-01
1.175951218368920692e+00
-5.546381452565586345e-01
-4.658700767125811826e-01
-6.489976757478940206e-01
5.888070439234006637e-01
-6.689711395870370780e-02
7.593309305416739985e-01
-1.406697446385456907e+00
-2.926364228931258582e-01
-8.903186306987879162e-01
2.196885944040727900e-01
1.094575761655967927e+00
1.210413307969682384e+00
-5.373553876258708312e-02
1.131927583989658648e-01
-2.251546393178927297e-01
1.334249309271237638e-02
-9.762249577551771473e-01
5.687051865372786397e-01
1.217911494763791180e-01
-4.035166864781722373e-02
-3.197766594063897738e-01
-3.862695992221448771e-02
2.752894613598533269e-01
8.070799604290840312e-01
1.099583002308589075e+00
-5.039040459472493572e-01
-7.168344575089237170e-01
5.021765578996679746e-01
-2.845443266704705265e-01
2.972386396899012739e-01
2.856724394193622674e-01
7.946745592121573498e-02
2.349931871755622792e-01
-5.618707274407582775e-01
-6.332719128557580124e-01
8.650743777366440845e-01
-4.130845467540675275e-02
1.299193862099438102e+00
1.368367744036250278e+00
7.786136285367268872e-01
3.869059851576714393e-02
-2.038550119082601642e-01
4.936822312498482246e-01
1.121706722948313528e-01
-1.634102570543003452e-01
-1.212391041128323854e+00
-3.226766348241953963e-01
-1.525026481088071484e-01
2.550404941397466096e-01
3.697485063303634356e-01
1.137001540273785638e+00
1.051515620172481347e+00
5.206875064905460704e-01
3.223307152744734339e-01
1.000388972836192769e+00
-1.400900434357437829e+00
2.966194592406380393e-01
4.905834939548719409e-01
1.884974394976328127e-01
-2.572290400887378148e-01
4.031283117697780916e-01
1.074742255882404018e+00
-1.666165864578546263e-01
-1.277023187352840927e-01
9.852570377543558022e-01
-8.515688524630553591e-01
-3.757083168109372900e-02
1.518305461089451525e+00
6.014403294922415766e-01
-9.071290874638007207e-01
1.500433819080345677e-01
-1.815572371733469859e-01
-3.382249482526622497e-02
9.620278311120171733e-01
2.075284751301839092e-01
1.002396684801816207e-01
9.684661094684373639e-01
6.174471761326142394e-01
2.927176995303142903e-01
9.060093513849246660e-01
1.643559228265847050e-01
-1.699416752284023946e-01
5.568801137871682849e-01
4.318899678412866927e-01
-3.675332473957175217e-01
3.120259065104918350e-01
8.640119759199339500e-01
1.490376875641061527e-01
-2.322720039341286402e-01
1.441882033656382456e+00
-6.390442677408900707e-01
1.201930570032888612e+00
-1.516745182671390690e-01
-6.246699557713940310e-02
-8.939968532719650973e-01
5.663594335992183648e-02
7.410732548893103067e-01
-3.011312576492801152e-01
7.853708700449900659e-01
2.545424879799834672e-01
-4.184057678747959419e-01
-2.454207046610663578e-01
7.611948886297925654e-01
-2.583253552986336521e-01
-5.235760880458029121e-01
7.048323126064086619e-01
1.270088367509064065e-01
7.996030068475582508e-01
-3.926486245082513871e-02
2.867737900056617217e-01
7.919725776620006874e-01
9.923279403450617764e-01
-1.045988178748604946e+00
-4.018659912986075611e-01
-3.481326591747002652e-01
3.106171671419550306e-01
-1.003918424474498305e+00
-1.187651596301425139e+00
-2.079081487402377193e-01
-7.763203005702432602e-01
-2.034004990509369892e-01
1.065990323592967692e-01
-4.229581857444013326e-02
-7.185665958610294446e-01
-8.377856790595448189e-01
-5.622157226342630043e-01
9.500728614788204185e-01
1.070151506246841411e+00
2.072965064575997274e-01
4.202322554107948971e-01
-2.443966350727486414e-01
-1.139988411363812570e-02
2.278539225440959770e-01
-2.727314796024326582e-01
-1.122247824805157501e+00
7.365815622060090107e-01
-1.216173984734983116e-01
-7.241624975744276327e-01
-7.633665715850421751e-01
9.988916735675874847e-02
2.703218795391569840e-01
1.143262676058862892e+00
-1.079236233053976757e-01
1.073736001844371124e+00
-1.090155494946953157e-02
-2.524555553038574929e-01
6.767543898960193260e-01
3.837693305849657066e-01
-1.662142054466698715e-01
2.284272059342038197e-01
1.076654792217191653e-01
3.357904511444947393e-01
-7.446048239529355905e-01
4.756139966463415053e-02
1.029478646827293620e+00
-1.017049272299814344e+00
5.014287892349090364e-02
-3.536765910267791746e-01
-4.821272247142582845e-02
8.346728169279818976e-01
-7.657433820118052237e-02
8.924855334720775968e-01
-2.332570797222388026e-01
3.411112062842217574e-01
-7.529384325680049672e-01
-9.059651213167613237e-02
-1.686501015597622999e+00
8.489143175455242663e-01
-1.376729008476661187e-01
-4.549657010387410105e-01
2.369711832558936415e-01
-4.566812346835716352e-02
-5.396306321680985896e-01
-9.905095245997272424e-02
-3.649140468916801661e-01
-2.127193058838671158e-01
-3.585047119628907986e-01
1.555834218864966534e-01
1.464485189434176493e-01
1.807633584052041664e+00
8.958318296403259273e-01
6.098792505757680837e-01
9.713407809205373278e-01
2.957350860416156912e-01
-1.190988052906914785e+00
3.412999109851199142e-01
4.674363328632500925e-01
-5.899977306744408345e-01
-1.819285716000923481e-01
-1.180081240149003285e+00
-1.704639759850063163e-01
-2.300840816129273436e-01
7.062038042005869265e-01
-7.903503436505669999e-01
2.726081213028827555e-01
-6.186961945370883509e-03
1.195065446309047652e-01
5.381924996372862147e-01
4.535988064620046223e-01
1.749743335850533210e-01
-5.680770056066357654e-01
-2.018803163976545245e-01
-1.340896838989526829e+00
7.589450439139069360e-01
-1.264622348067306001e+00
5.520336536671539562e-01
-4.816241859634826650e-01
-4.411176935851397751e-02
-6.797290069322330375e-01
-8.083230210853949993e-01
8.428613863451048793e-01
-2.817274829733346087e-03
1.050987280396897594e+00
-7.060777610895886403e-01
8.825995129058170630e-01
6.892390523832249150e-01
-7.293725365519224679e-01
-1.221675208438881111e+00
-7.974620418841665836e-01
-2.216611083098267432e-01
8.011086545143768500e-01
1.634892923153754563e-01
4.887711165752619547e-01
1.232701239011133376e+00
-2.164398559328768457e-01
-1.377394466740468060e+00
-1.243145196935286245e+00
4.729900888527895780e-02
-3.946291484009323280e-03
-2.826656930689619429e-01
1.172262312056630229e+00
-1.886200962950935756e-01
-3.280184392522095815e-01
-5.481475787682439371e-01
6.015807253297962287e-01
-1.408619935986158422e+00
-6.303646615543720966e-01
1.552551715637290608e-01
4.035074591445375614e-01
1.107561200956507452e+00
-9.972777706473547055e-02
4.531953040836679270e-01
4.215923223180436108e-01
-2.400961137628555286e-01
-9.623113454945403378e-01
6.531484267515709485e-02
9.018347771060853946e-01
2.490228286590541740e-01
-3.156166320669089309e-01
-1.131949682893622411e+00
7.696258036372255473e-01
-6.995234616783856385e-01
-5.860105522712152348e-01
-7.113854779110821980e-01
-8.256550145235531657e-01
-1.687519596165850899e+00
-1.169802474236132594e+00
-4.734973629005595486e-02
1.975313602086374298e-01
-5.039171992478239659e-01
-4.444762232218660292e-01
-1.189792751953402394e+00
-1.000406303023683385e+00
4.601170500406479569e-01
-1.420360738359233155e-02
-5.732673828093038937e-01
6.178718651635408676e-01
-5.173280213976944042e-01
-5.691800342192308015e-01
-7.990523678283537601e-01
-3.814739254866065798e-01
-1.091101187927355998e+00
1.569829445597772599e+00
-7.173567545620640473e-01
8.788355952744838495e-01
-4.481333575477516873e-02
9.179200890515476496e-01
9.434903422048647181e-01
2.813931500177675460e-01
2.820042422757517708e-01
-8.117207317701672364e-01
7.898399244835832556e-02
4.489157604678452040e-01
3.604204563230719027e-01
1.662149290467786589e+00
3.175460447467909342e-02
1.181216711085817828e+00
9.244388652656096439e-02
1.017950565758552195e-01
-7.138658894532362575e-01
3.756095253291155678e-01
4.198130035589172637e-01
-7.580696090679229782e-01
7.081356621025393094e-01
-6.104649682405179079e-02
-1.347274327512393066e+00
-9.061082878381377936e-01
4.758699420854986539e-01
-1.910600290907039089e-01
-4.242249943013229330e-01
1.183780510740968017e+00
6.207425896555575084e-01
4.300098474780007507e-01
1.210529189539352846e+00
-1.843478483757504949e-01
3.312713579435796474e-01
2.402431318664374205e-01
2.311803278006361040e-01
6.140519966216476111e-02
-1.286063755958459787e-01
-2.183984867392212426e-01
-1.048875863979390033e+00
-7.251131972269713177e-01
4.185100480193499339e-01
7.191869514802473606e-01
3.824412630734493890e-01
8.019997437457723755e-03
3.192265644948497072e-02
-4.771688409033278955e-01
4.630405821421489931e-01
1.336079010200196704e+00
-1.044021704132682915e+00
9.574581918411897430e-01
6.065168683112378556e-01
4.384215784945109107e-01
-1.984440329334877517e-01
-6.316759226838952745e-01
-1.187989591565540959e+00
-5.751128498575297510e-01
1.078645547140304917e+00
-8.999870622492387451e-01
-1.260883630140638145e-01
-1.703583910193098849e-01
3.223477682763627450e-01
-1.307417694242469786e+00
-5.255042541809187284e-01
5.859425099269014586e-03
7.973504621680266302e-01
-5.301535636812257923e-01
5.880269445514921811e-01
9.228597688771799090e-01
8.573074161311498020e-01
9.441641602222513585e-01
-9.971288709626422442e-01
-9.500892663695350571e-01
-6.932039846598802013e-01
1.158646437442819588e+00
5.187700070050748069e-01
1.216774940340320965e+00
-4.887688371582465385e-01
-1.945503085649028963e+00
-2.147736073039693272e-01
-4.438094676412475126e-01
8.607435719369842531e-01
1.505406897680791334e-01
-1.563406371946317819e+00
-9.052022323057504760e-01
9.597257538536704824e-02
-2.584881283095731286e-01
3.388263688267621476e-01
