1.369146331188679511e-01
5.308797856013657279e-01
2.183113221952788230e+00
2.421296302168570169e-01
-3.372016540030380316e-01
2.159874611831480440e-02
1.053179756933933175e+00
-2.710093629728750342e-01
-1.007442411785959502e+00
1.036875987273428779e+00
5.702670260686815151e-01
8.198642141813855533e-01
3.040020292546450342e-01
4.235235775161758642e-01
2.479997667095662495e-01
-8.520104929046164177e-02
-2.892568576941835778e-01
1.441139466188510854e+00
3.475009824856946761e+00
4.055109544095439889e-01
-2.371492394485391064e-01
2.726589021784677769e-01
-1.017054428712348413e+00
9.382318733689642976e-01
4.129666307282011672e-01
-3.276726386012837056e-01
-3.245694107067415013e-01
5.681262224344461875e-02
1.062590605429093726e-02
1.670602968371354802e+00
-4.515664279836451023e-02
-8.883002226162399761e-01
-9.035623048348655484e-01
2.058181048338273200e+00
1.330334508019245243e+00
-3.063565171060546599e-01
8.413904000437669728e-01
-7.562060343922160088e-01
-1.231868666172177385e+00
8.019208726076887395e-01
-4.296755770818446729e-01
2.659279439208550588e+00
5.523608563415943751e-01
-6.202706629855152531e-01
3.187154002947445441e-01
-1.963523355676469295e+00
4.687541681676287708e-01
4.254148561209261103e-01
-6.471641581420153333e-01
1.256472145209265756e+00
-9.626912441424297917e-01
-7.376059672351344965e-01
-1.150560751975658880e-01
7.703189289593677103e-01
-3.808455662229094929e-01
-2.321908989923487654e-01
2.904884958916783000e-01
8.598722045962543525e-01
-5.154594984600905372e-01
-3.785492354165080897e-01
-8.828010567635569128e-01
3.218623975305802132e-01
-2.559964587356986510e-01
-1.306915568750467216e+00
-1.148181571278243052e+00
3.595009551849136509e-01
4.655774207604725934e-01
-5.278982831532154085e-01
-1.572589562216672787e+00
1.274562213745381367e+00
-1.047653551091504376e+00
2.132456312665988729e-01
2.831160457854661194e-01
-2.691676093465085184e-01
-1.431996473968476957e+00
-7.050124579381842338e-01
-1.443893955869917312e+00
2.625879428298021900e-01
1.035283220480047950e+00
2.167754579401061310e+00
1.475556493390300705e+00
-4.008209455097804796e-01
-6.842218801216963797e-01
5.168119669254671589e-01
-1.222955668625728576e+00
1.341932421470076187e-01
2.614055247620458711e-01
4.125692710615884162e-01
4.938134108708455705e-02
-3.097613213217124128e-01
1.095049959990374688e+00
-6.180054605618445773e-02
1.110035029191627221e-01
1.390682597101571827e-01
5.533947245844008656e-01
-1.337527903518465067e+00
7.402276770550647589e-02
4.715373163828445180e-01
-1.485547983844528686e+00
9.503793074551326603e-01
-1.342838385703946091e+00
-6.578960465128044222e-01
1.756406103467203383e+00
1.152933951853449601e+00
-7.962168445858122112e-01
-1.190632236081339279e+00
-1.977648008524835466e-01
-5.029372405807943647e-01
-3.365944512699797775e-01
-7.941960003944333879e-01
5.120190457053317434e-01
-1.048932538613100152e-01
2.811519081233976314e-02
-1.326918703681527534e+00
8.636046737212971225e-01
-4.932328108249226517e-01
2.274771488830716337e-01
2.232432942929273301e-01
8.827042800512411302e-01
-1.005004161692687026e+00
-1.172410329957537467e+00
3.155096752102519719e-01
-2.126923778919284080e-01
-1.631697203534994700e-01
7.928880221627312430e-01
6.458241956675799811e-01
1.016592466409807827e+00
-7.942195182392397523e-02
1.229826565761381607e+00
-4.479997697542191792e-01
1.082430004808149882e+00
-1.606537248577263322e+00
5.464172038978466484e-01
6.585622101200215850e-01
6.936254340077453451e-01
2.653993207273089849e-01
-4.221627625941115625e-02
5.474200064206096172e-01
6.502575976711219008e-01
7.044675233489687827e-01
-1.310598635466048378e+00
-1.543898678477374053e+00
6.597259160600403571e-02
3.489091105035792562e-01
-5.712364680910602122e-01
7.708381651801540224e-01
-8.665524771996481190e-01
-1.927208998196642042e+00
-6.791451600095940178e-01
7.691070614170951447e-02
6.487710984509004186e-01
7.544564269477608276e-01
1.397310680029970831e+00
-7.006536780624427196e-01
5.717565100024777358e-01
4.097253832289567410e-01
4.047484064873053122e-01
6.306456284393155420e-02
6.190536707087461732e-01
-1.699792386152184642e-01
-1.597785705051445460e+00
-7.526731756095421666e-01
3.009954214601417988e-02
9.322449682318620923e-01
9.354205964838521181e-01
1.603910590452418461e+00
1.350581645544783438e+00
-5.059000435675936602e-01
-6.346855528531895052e-01
4.865314659785198725e-01
1.862459177637079688e-01
-2.711579062865924761e-01
-2.614311065741188767e+00
-3.098289617802427731e-01
1.586603404803045736e+00
8.504373312047049938e-01
1.489142914455324318e+00
-2.268913597735015830e-01
1.214000086201570128e-01
-2.062906371702219133e+00
7.357001357153921672e-01
4.485963782873619854e-02
-1.277914028244704792e+00
-7.061418687169955799e-01
1.999961705154120611e-02
-2.450109859217668440e-01
1.495222402169970932e+00
4.970113776395920779e-01
-4.443545300746567506e-01
7.688943094926118382e-01
6.452346575765004477e-01
-1.527133589358835031e-01
4.709444706362796995e-01
-1.423830940076914686e+00
-1.153163871582542077e+00
-6.607239340262877070e-01
5.318148421635939815e-01
-8.149233071669542694e-02
-1.259252841476782958e+00
1.889033495336168711e+00
1.863042121353694958e+00
-2.166158395610133514e-01
-5.671433385222449663e-01
-8.308004440077499941e-01
-1.745338522834985584e+00
3.683147031290273654e-02
-1.420822383917166531e+00
1.057633866328494321e+00
-1.040632743864819520e+00
-3.479357327092486019e-01
-1.276174712998006555e+00
1.604713817417521060e+00
-3.683577024490907181e-01
1.991371101296186275e-01
3.318644595894689187e-01
-7.919575882044221915e-01
-1.147935878583852931e+00
1.829859028338124416e+00
-4.407462713326242842e-01
1.277954561345656437e+00
-1.209906367930316945e-02
1.161626496113553841e+00
1.446911948615778876e+00
1.085943968840541229e+00
1.158781145108551819e-01
1.447988797922069359e+00
1.484937212036476994e+00
9.314379513091853857e-01
8.609193090383900904e-01
1.081415095954499472e+00
-1.604493129793298500e+00
-1.639024044701435368e-01
-4.352132256850755332e-01
1.028947672329061647e-01
5.314374930690144438e-01
4.267560659719396576e-02
6.344620019754649842e-01
-6.693459275475194259e-01
-6.300948012511007335e-01
-8.312374058439914171e-01
4.360148012538891393e-01
-1.178504204527234478e+00
8.325379007262314612e-01
6.604561780929932846e-01
-1.109043691442302526e+00
6.373013500536406362e-02
6.762907940615509039e-01
8.511046252119918165e-01
-2.004904544608839601e+00
-7.118250080967910565e-01
-3.667944399728700899e-01
1.438847923693769459e+00
5.964286898153109417e-01
-5.004510275703091260e-01
6.664271358125483102e-01
-3.926118680807550443e-01
8.725760982908343788e-01
6.088850337871576368e-01
1.440459297066515321e+00
1.567685800256730655e+00
6.064855727848400546e-01
1.212163409111705281e+00
-3.053434097318326670e-02
-3.607934828438550956e-01
-4.239730744579076060e-02
-1.165457510993855861e+00
7.434282954806109567e-01
-2.481098969952706401e+00
-3.492909349603252611e-01
-4.429885855578897802e-01
-3.952659527218752022e-01
-8.104966931074456538e-01
-3.518367442796705435e-01
-3.559228737388282493e-01
-4.930750169462220223e-01
-4.257314380910742768e-01
1.607035519909070675e+00
7.970535330712885669e-02
-1.114907300765872744e+00
-1.245631894531897155e+00
9.693537229422426460e-01
-1.111917921085356920e+00
-1.812757686282802982e+00
1.520158800194224336e+00
-1.398755919757012300e+00
1.549673385414604310e+00
-2.228938052237409706e-01
-4.509824510465409997e-01
-2.820431410980259179e-01
5.168142913189508469e-01
-4.991532139037659355e-01
-6.168291185410944566e-01
-5.849713392971634951e-01
-5.606586112217522289e-02
5.483730400879915923e-01
-2.720967949268720543e-01
-5.996470914935188024e-01
-3.375279156040142947e-01
6.479192059096587908e-01
-1.914501374616136342e+00
4.841402744437552363e-01
-2.103861405771375037e-01
5.354175415171066876e-02
-1.397700910350438530e+00
4.147150207336831040e-01
-4.235939790321880949e-01
-2.740678419292896795e-01
4.859268309692024168e-01
-1.587722234267572863e-01
-5.453259237895664857e-02
3.211145929783541519e-01
-4.381088561422837313e-01
5.328525879932755061e-01
-9.995155974466332083e-01
-5.275954106481121064e-01
-3.828339260259441823e-01
-2.578423553996486706e-01
-1.145801253782029239e+00
8.591078323759918645e-01
9.512776734391825695e-03
-7.295998536810881507e-01
-1.955272704160906927e-01
2.873966128492916994e+00
-6.776467936272645431e-01
-1.451226042539159433e+00
-3.416178464981706187e-01
9.874014179707079064e-01
4.076719797447653781e-01
8.446974196806974478e-01
-3.881070394909150872e-02
-2.548749244856862717e-01
8.172877521956605218e-01
-1.725178707445914394e+00
5.114853242391923516e-01
7.129780748652698730e-01
2.144633389833899617e+00
-3.241487382110889715e-01
6.886241900229266300e-01
4.317308176351027926e-01
-7.621883393004534601e-03
-7.705979490463680248e-01
2.077253930096941037e+00
-4.394590819480223010e-01
3.254328140244255319e-01
-8.967258767041630385e-01
-6.124617442632752651e-01
-9.918380837289270113e-02
9.792371477635768429e-01
1.065208837752529725e+00
5.702205844275985702e-02
1.905826186242931541e-01
1.318414122577665770e-01
1.366014594916971525e+00
-1.102761387377852731e-01
7.238903902283345682e-01
-6.867151554368245980e-01
7.202517327618076504e-01
4.203005898672100837e-01
-8.495257171593151302e-01
5.670171227005371684e-01
3.211809202024723531e-01
-1.851581917115251441e-01
1.175243667996583641e+00
-1.223732568151173039e+00
-3.079717745153208730e-01
3.106579651696823596e-01
8.108183667272642614e-01
2.322824365712952144e+00
-7.123932015632696846e-01
