-7.283463484501243035e-02
9.362598547137345184e-01
-1.672480067649051438e-01
1.536433028996174177e-01
5.557327753094664091e-01
3.238979932528587291e-01
-3.428596742343895665e-01
4.635035299611518084e-02
1.384639532568886500e+00
1.202836652319761113e+00
-7.537782277208137094e-01
-1.025420900790868367e-01
1.638713600250155666e+00
-4.869204509471946052e-01
3.260205159991937940e-01
7.841915438836125629e-01
2.292207367765506376e-01
1.297588623728459956e+00
-9.359705566808645960e-02
1.831485938413123238e-01
-2.042012857550730143e+00
1.623499435117172485e-01
-1.631834154065371356e+00
7.602979004171965816e-01
1.321246154724819710e-01
-8.200100957303868565e-02
-3.241173287845232620e-01
4.764080887913845208e-01
-1.154907676460299015e+00
1.742691255689877705e-01
3.606895784312429964e-01
-2.924285375190731617e+00
9.986158620054104151e-01
-1.104627890789095623e+00
1.651525978653616833e-01
9.648802942164089735e-01
-1.233357904573805897e+00
-7.146700871424761514e-01
1.957966407071428439e+00
4.251515956214715342e-01
7.056604532221272263e-01
7.346391962064021675e-01
-3.342698562679335961e-01
-4.383968917249718156e-01
3.354015571965210385e-01
-6.662722915056384920e-02
4.394098248586565392e-01
7.484796292963357134e-01
3.691080818071516834e-02
7.817038881340702128e-01
-1.145911033625219566e-01
-1.062917150692856749e+00
1.674600391462828242e-01
3.659359657392352583e-01
-2.059208833234722924e+00
-5.207034542376364206e-01
4.945085818858932503e-02
1.529096745420166492e+00
-3.870326025142017401e-01
1.468308866567020476e-01
-1.116337949939941288e+00
1.057170453421090450e-01
-8.588464937021121903e-01
1.526456803193134426e-01
2.752546524336878520e-01
-1.090721110817203243e+00
-1.399929736869870434e-01
8.318159031791959590e-01
1.672455602658712737e+00
7.890115811737827278e-02
-3.657374960198059854e-01
5.753564685299056292e-01
-8.011870041711055546e-01
2.165032391907543707e-01
-8.332478232105391402e-01
-2.850520345671871958e-01
2.315682657559611779e-02
5.934232828642520552e-01
1.364931846673813842e+00
-6.185895264815954864e-02
-4.966820398034776929e-01
3.554006951635718670e-01
7.372381972396940819e-02
-1.555821403634045641e-01
-1.281459759426455958e-01
-4.541167166774495723e-03
1.328418713722099853e-01
1.349234886244186526e+00
-4.789760586446701884e-01
-5.756321928991574577e-01
-1.346995720401416019e+00
1.625326941106103318e-01
-2.107317814095681641e-01
-2.176194172182803477e-01
-6.787364176301399210e-01
6.980710895672839200e-01
4.566782766217465372e-01
-4.512748353465597662e-01
-1.066652267406059895e+00
1.779761304216181950e-02
-2.064827550063553507e-01
1.109636882568412197e+00
1.319348767686328472e+00
-6.315843059570248608e-01
7.250649866473602989e-01
-2.172144421075679510e+00
-1.165007888147872178e-01
-1.262187986466477563e-01
-1.446643219254546975e-01
-7.672395057042074029e-01
-3.587083485595220500e-01
-8.855319035660647042e-02
-7.032671419667642088e-01
-1.159926028299659295e+00
-5.060569235018226308e-01
5.362429074323387113e-01
2.041631488379117343e+00
7.392899965228900694e-01
-8.132248314038729164e-01
-1.391668408099353549e+00
-1.034916807226326174e+00
3.805178534607296381e-01
4.800117323015052895e-01
-3.738585830564270518e-01
2.037746055102804377e+00
4.420662836849933441e-01
-9.752611581439948329e-01
1.151570170940448001e+00
-1.422484762560681570e+00
-1.287878133469770314e-01
-6.044263494238825141e-01
1.024184522531907726e+00
7.281565360199586667e-01
2.977124321140407481e-01
5.455384909053951903e-01
9.752506886636548300e-01
-6.302632486791635014e-01
-5.452478998033648966e-02
-6.949659932005933793e-01
1.711180568104894384e+00
2.074502833741607155e+00
2.566042712494737366e+00
2.292684745149851100e-01
5.619971613081662376e-01
4.118953842535193477e-01
7.239443512392155222e-01
-1.809180088116667251e-01
5.189117350895878361e-02
-5.904646988200501490e-01
2.413453675652849351e-01
2.173629770798134686e+00
-1.821444775856531639e-01
-6.259245750620444637e-01
-7.185991338806503315e-01
1.709902582885003852e+00
2.781970522156984246e-02
-1.573377390189839353e+00
-1.172932517393321605e+00
2.237766839626547100e-01
-2.030906859498724792e-01
-2.520539865104152177e+00
-1.073779995237345020e+00
-1.617251957160226183e-02
5.738674293259935499e-01
-1.373472468556273252e-01
-1.567095113306172793e-01
1.392013518346004453e-01
-8.050360862016259222e-01
-8.209038584666884797e-02
-8.645250375546840171e-01
2.834629506156188805e-02
7.546472062210263232e-01
-7.426905749113968946e-01
2.256879197500371026e-01
-5.652368149539355180e-01
4.249703334343784888e+00
9.138617604614425183e-01
-2.052342886985379644e-01
-3.761154005986242499e-01
3.255195980217376217e+00
4.173470496847601630e-01
3.085416862648434622e-01
4.637920203940650299e-01
2.878523692944017665e+00
1.366255144752880346e-01
5.724537192845646771e-02
1.276149728340513108e-02
-2.045292744969861298e-01
1.782784089172281039e+00
8.343254861346880435e-01
1.276298725138092394e+00
-2.456564179817616989e+00
2.230316968510173137e-01
1.554166736687789818e+00
-1.692302417584438334e+00
8.937300319670683502e-01
-4.176748207649666478e-01
-2.356968242123957946e+00
-3.641280946156706388e-01
-3.453487526866227952e-01
-1.749677419802184275e+00
4.773048749247308375e-01
-2.135613623983688980e-01
5.952265779823626701e-01
6.550058416164670216e-01
6.349406220177054028e-01
-6.824826098457045243e-01
1.120613501448725513e+00
9.985015911395294097e-01
1.071561054002537622e-01
-3.025578313452591539e-01
-1.039269353355989911e-01
-4.445015939684133222e-01
1.398126802520494927e+00
1.606339127807562273e-01
1.217555241553112122e-01
6.060224294814493540e-01
1.137398860418589175e+00
-5.223639950916401098e-01
-1.023180506583760696e+00
1.170855390729687584e-01
-3.469349172036904072e-01
1.027848074832075742e+00
-2.702752596475890279e-01
3.130881517203890629e-01
-2.812340703466369440e-01
-1.134649988663475106e+00
-3.812355685601167554e-01
7.482173916990809692e-01
5.313990036857355603e-01
-5.116285453671550743e-01
-4.358700390878870179e-01
7.934275107897559298e-01
1.083501940140906283e+00
-4.707357879341961260e-02
-3.062018029257255192e-01
2.997838735630897200e-01
9.441929573721079549e-01
7.261776836168922777e-01
7.432242659819532360e-01
-1.129366057803154189e-01
-1.941044074161800470e+00
2.141589458626684817e-01
-5.760282070795135212e-01
6.247060251515371698e-01
-6.967815400151893268e-01
1.164134960918183914e+00
7.703300625628276554e-01
5.840615940280373675e-01
-1.012465880697864140e+00
-8.383242929129158805e-01
2.942310143654897070e-01
1.365752173552347681e+00
-4.836796716474706104e-01
-1.654002899572591279e+00
7.307009757983697895e-01
1.854389710852679674e-01
2.587146549017667607e-01
6.856425139377968492e-01
3.001844052538659158e-01
-1.423304776088754942e+00
2.336323323124521456e-01
-3.082332912381108514e+00
-1.297576581164162857e+00
-6.250866589740105006e-01
