-2.886426005909671133e+00
-1.506220147600674020e+00
3.366361866932027214e-01
-9.037396122203974480e-01
-2.644159887699448763e+00
-2.467121206624434127e-01
4.863073873299015859e-01
-4.827472400036347810e-02
-1.584514729901018271e+00
3.367495793076782373e-01
-1.175055525758778252e+00
-6.398534975372914824e-01
-5.328607417793282952e-01
-3.347552052670019762e-01
-2.894752686134628369e-02
1.022187823796495865e+00
-3.654615690599505307e-01
-9.496938559573137040e-01
-5.478269552128941733e+00
-4.226618468621005653e-01
-3.881421528451236558e-01
1.737058040401635584e-01
-3.610517268523457668e-01
1.625257984314167903e-01
3.546277123744527859e-01
-3.368728781862284638e-01
2.618130821018505583e-01
-9.339664482308175364e-01
-2.329319918274012219e-03
-1.771744313512003011e+00
-1.203691819387855855e+00
-2.769135247095645402e-01
-7.749977943432436733e-01
7.400549747939220158e-01
-3.559485868571682365e-01
-2.218857012931147454e-01
5.295790604009615876e-01
9.671536959088383734e-02
-9.769685422631327887e-01
-1.373012757442663823e+00
-3.313396506486935844e-01
-1.510192398334925801e-01
-4.517980090882041111e-01
8.776259246849773543e-01
-6.437538999616722046e-01
2.161311390443654556e-01
8.425288278009233078e-01
1.547257112040400506e-01
3.326110609533550200e-01
4.828426435662780403e-02
4.626433069154534117e-01
-5.684044132770880164e-01
8.658509772715561326e-02
1.722970932794153587e+00
-4.380498175513756753e-01
-3.174494996062082741e-01
9.619069033077581876e-02
5.159229426110090166e-02
3.685127455853882961e-02
2.206314427324092553e-01
-1.156560613677195815e-01
3.185287434329769352e-01
-3.230397480720351711e-01
-6.532844933462378378e-01
4.471295576678300798e-01
-2.458999454207261293e-01
-7.497343482263260084e-01
3.732414740804381736e-01
1.785474758086109670e-01
-8.561210854971214312e-02
-1.468609300669743378e+00
1.647011924285147533e+00
-2.270351310164307190e-01
5.533717552916456173e-01
-1.012233597505064253e+00
-1.946140116506127171e+00
-8.106102932394382288e-01
1.870669684948758626e-01
-1.845088083794346190e+00
-5.504082147493033483e-02
2.610231250858764951e-01
-1.354112703651072946e+00
-4.177530139510777230e-01
1.400621933054289281e+00
1.369035375694632184e-01
1.493852974477708762e-01
-4.975271952128749176e-01
-3.184329260303479792e-03
2.520237281793438755e-01
-4.063217250957330551e-01
7.199535548471478474e-01
-4.217084312080612296e-01
8.097281958502576815e-01
8.360777535896288803e-01
8.140972006922583271e-01
1.201990537535213788e+00
-1.247697067150113914e-01
1.932007765347538708e+00
3.291230700808156495e-01
-1.308815385445500024e+00
6.189626403721886216e-01
6.249640924660164742e-01
-1.877112348289632360e-01
5.280335698877886008e-01
-5.972865560729464507e-01
-6.183368928009630450e-01
7.329349136493077399e-01
-3.756862528467536655e-01
-3.841093951747460711e-01
2.546082233481708479e-01
7.667990759837866044e-01
-1.387180756622504729e-01
4.467713951010906515e-01
2.818324054659379740e+00
-3.246881832324962081e-01
2.998075798509555412e+00
-2.428418014782348089e-01
-9.388072259434617761e-01
-8.441989487346782672e-01
2.864973832933047082e-01
-1.212091236549472928e+00
-1.045165888557400002e+00
8.186883414549932514e-01
1.450023354686581945e+00
8.725826471528430606e-02
6.715264624058732146e-01
-3.368713104708607325e-02
2.075594319921375552e-01
5.117586076963693831e-01
5.497012683529071131e-01
-1.199501112893176374e-01
8.714154406515897122e-01
2.700280705316953522e+00
-9.731720957173186637e-01
-4.274210224539642389e-01
-3.264905612244239363e-01
5.858735233581435775e-01
-1.375194509807508014e+00
-1.304183606992419531e-01
3.082127284766384423e-01
-6.682909839570954080e-01
9.072329895951891654e-02
-3.256778228174631584e-01
-8.301061788817321041e-02
-8.165346863181197623e-01
-9.674502920719023624e-01
1.407633410268623431e+00
4.763209969149803102e-01
9.501669360061940073e-02
-1.682932115645705551e-01
3.271285454791566405e+00
-1.430394291427191211e+00
5.043025048501588170e-01
7.376868797701049418e-01
1.263520400053694259e-01
-4.897982995203640777e-01
2.543754572867324981e-01
-1.609119490724636004e+00
-7.852102207605882178e-01
2.191405816718992594e-01
-1.955968203723488508e-01
-1.277190526161705142e+00
1.652513558557736184e+00
-1.601348894135029843e-01
3.309561068075574375e-01
4.398817387277308422e-01
-1.450410576906189686e+00
-3.878693165270454823e-01
2.328280686517761211e+00
1.365419887875240601e+00
-1.000204292466525258e-01
-2.136206267739871323e-01
-3.030257798221512866e-01
1.033109130749971349e+00
-8.051026077071324893e-01
-1.049394084123760201e-01
6.114421190157476316e-01
-1.021484030454184788e+00
-7.014851416280275531e-01
7.111635561538398945e-03
1.499803340930699613e-01
-2.684221666710402965e-01
5.134001593329277080e-01
5.618368170113479110e-01
-6.259941525599506118e-01
7.715421091024046163e-01
-3.068592266745318597e-01
