-5.033399247125244225e-01
6.073372285781755003e-02
-1.266599461443251862e+00
-6.393469134588101177e-01
-8.572196567678075363e-02
-8.816997425962640467e-01
-1.821844727562028199e+00
-7.973470417197763283e-01
7.931476750158125144e-01
1.849812292998433527e+00
8.109130998524876066e-01
3.366333270067530248e-01
-3.678915344257887021e-01
-7.116140080289214964e-01
-1.402442631456458422e+00
1.203258656217044864e+00
1.534804927298732968e-01
-1.480422908697954121e+00
2.834732992810795604e-01
-2.903477771229689974e-01
-1.577543333274639137e-02
1.569115662978127990e+00
1.435728831024797869e-01
5.165379903116815719e-01
6.005073440125705542e-01
-1.041495738108991986e+00
-1.286508521831885243e+00
-1.487780118057041578e+00
-6.695394116238526649e-01
-1.645469217443148446e+00
7.614315111709702988e-01
1.034692487497770985e+00
1.001682243583595922e+00
7.700188266511933666e-01
-1.170176947881112595e+00
3.405197439575059493e-01
7.439909931181548641e-01
3.987614196948272016e-01
-1.057715277004293020e-01
-5.466330689736004222e-01
-3.581750207517544471e-01
-1.325867911653833553e-01
-2.777273534226750495e+00
-1.659296226758458337e+00
2.591439516141995081e-01
-4.633818535107041003e-01
-4.327773148043086993e-01
1.030638731561257293e+00
-3.496261434007887914e-01
-3.035565531265340122e-01
1.528916884773180544e-02
2.153380913374184913e-01
-2.579200570970358042e-02
-1.265038270390297592e+00
1.116278202700542010e+00
-1.294166033636378887e-01
2.583163587841635356e-01
2.803208783632428758e-01
2.302424034822954990e+00
-3.757252594137768797e-01
-5.715086039197667667e-01
-1.381143161390823160e+00
-3.114047730683531801e-01
7.072779609396545597e-01
-1.341264059346462645e+00
1.733704730125534832e+00
6.562161383710761742e-01
1.074926182526989793e+00
6.610927814983666995e-01
-3.011018275944035705e-01
6.185693201571534905e-01
-3.557384232084201403e-01
3.477899438553755385e-02
-5.095531778353799002e-01
-4.830202906151433995e-01
9.915648078781986730e-01
3.430585435112427639e-01
1.502641939358075884e-01
-4.568799898565187867e-01
-5.153928577552244761e-01
5.637995009602709828e-01
2.214834794820328412e+00
-2.433820684948458102e-01
9.197313431142865037e-01
-4.743754904733188948e-01
5.603098348075803425e-01
-2.716260297830983994e+00
-5.223251201205110494e-02
1.255803846720132955e-01
-2.286142548273841224e-01
5.020963730996356178e-01
6.176229750497942428e-01
-5.144513951630047544e-02
8.202343676160660513e-01
-5.458412106610300851e-01
3.620752194251861122e-02
1.973972638699747817e+00
7.604901824049073999e-01
3.333468965682719887e-01
-5.790373680386129429e-02
-4.369209042519794917e-01
5.754422968125346705e-01
-2.516229903776587840e-01
-8.291674977543704583e-02
-2.829180728532852962e-01
-1.798940332909457096e+00
-2.552991479506718786e-01
-1.102392273717133442e+00
1.861584430392100753e+00
5.718359498790870354e-01
-1.268681343514132642e+00
2.035023003336041469e+00
-2.128360246050709392e+00
-3.280488008870421357e-01
1.475848266235102679e+00
1.434735177787174187e+00
8.356548845716222917e-01
6.728333805210596763e-01
-2.820407156433448748e+00
5.544146548134483155e-01
2.462396596784015013e-01
2.450445205535369819e-01
-4.851477029483189929e-01
6.174294815727787711e-03
4.138372157718848143e-01
-1.736152683773342531e+00
-1.272026399803456165e-01
-5.231734461869828046e-01
-3.460248580248536654e-01
2.613936338864980002e-01
-4.338166589703050247e-01
9.343885296785212624e-01
9.082357034759007686e-01
-4.783934162539177359e-02
-9.702403028015830211e-01
-2.758594977209353760e-01
-4.581336768144471661e-01
1.445706820979127949e-01
-1.154617639372995441e+00
-4.119739657668826660e-01
1.763022431752354180e+00
1.737923164679441523e+00
2.303228960879671217e+00
-7.033169239866443601e-01
-3.571129488015292175e-01
1.918105696944391869e-01
-1.450764374003820079e-01
-9.579566288548043707e-01
7.267370124977021728e-01
1.609529043046661112e+00
2.496567934467295302e-01
-5.200410200641566449e-01
4.470024185313610232e-01
-1.058173459930631832e+00
-8.414477199333953994e-01
-9.673672969680633393e-01
-2.800992619235146419e-01
2.305848378064772497e+00
1.512024709633509101e+00
1.034034918098420075e+00
3.372610829450783942e-01
1.035185801818633289e+00
2.504932155342742273e-01
1.832393372609937288e-01
-8.363157323522085740e-01
9.742037776496998980e-01
-9.163116070310876049e-01
-1.950182676490168632e-01
-3.806417064625012281e-01
6.194525634134296910e-01
1.380611317008539007e+00
-3.526276494183222532e-01
-1.533602371908224793e-01
-2.198172940293920963e-01
2.118462257310581021e-01
4.601817304617744631e-01
4.396578915056373882e-01
-3.710228640687873725e-01
-3.075442191264690095e-01
1.240175217112224448e+00
-1.979298050843519396e+00
-2.865002951931363007e-01
8.533936692249282085e-01
-6.728438151998581418e-01
-7.628783351357504294e-02
7.723534793848247926e-01
-1.951935550847935241e+00
