1.053858661906964755e+00
-6.390902505928942601e-01
9.088656422760907905e-01
-2.603363853685584928e-02
-3.958106776503244051e-01
-8.942548514068880960e-01
-7.472130188123360384e-01
3.544566504713326793e-01
-8.751532758816803481e-01
-7.665563013455883867e-01
-1.100698657726696172e+00
6.852420214142953547e-01
-1.088902777943966393e+00
1.519687304868195810e-01
2.291382970111510708e-01
-7.466228745634433395e-01
-1.501511183145375128e+00
3.576790091179408715e-01
7.367105275804505249e-01
-1.077920285706426062e+00
-1.222604847819639851e+00
-3.472443333515549124e-01
-7.793285870327939513e-01
6.727044950203242557e-01
-7.983560545542167652e-01
7.599813307165969034e-01
-7.256948688288140659e-01
-1.965354285893282649e-01
2.153859433148952451e-02
1.186858939161056670e+00
6.431759871877644752e-01
7.997024135343611118e-01
-2.004049859736331207e+00
7.823202589104131244e-01
1.126957887643761591e+00
-8.553769497140707723e-02
-9.046042042434838670e-01
-8.502979160071530429e-02
5.555901354768857381e-01
-3.036135094203293305e-01
-1.012764828609953316e+00
8.607243365302399418e-01
-4.633162712171954856e-01
-2.049813873740993220e-01
1.698714128044084837e-01
7.537303590446373658e-01
-2.026545972339139079e-01
1.639290092076746586e+00
1.586679423084137730e-02
-6.834799076679911600e-01
-3.169648454422505091e-01
1.026082116596945149e+00
9.606902624468017793e-01
-8.786283167798037974e-01
-1.808389939874321506e+00
-4.567548055022397913e-01
-9.585939645462515646e-01
1.057119541418205522e-01
8.925612599239964862e-01
4.327633245925485705e-01
1.233422198169934481e+00
-3.832161517894797087e-01
-4.543009312050590998e-01
-8.268964034411473429e-01
6.552645560513401524e-01
2.280683848243604483e+00
3.684826509396732952e+00
-7.673770975634704172e-02
-1.061033940659389163e+00
-1.484041292626340214e-01
8.060098686821713931e-01
8.652736436180099577e-01
9.715000492007775934e-01
-1.055295841408770974e+00
6.891470999500406980e-02
-7.133996087452005863e-01
3.033008078730909940e-01
1.334962370149433086e+00
2.168546937292631371e-01
4.301024618878197536e-01
-1.765632300587283599e+00
-2.285754630939101639e-01
2.423301887027431434e-01
5.697914829058872144e-01
-1.718428934569976585e-02
1.275785770692351884e+00
-2.579377165964231305e-02
-3.500303300671634865e+00
1.046083765774594498e+00
-2.169368140307632586e-01
4.052713959256994958e-01
-1.448826633951667997e+00
-2.007435750952839548e-01
1.037207387447353524e+00
1.240708695485045698e+00
-1.329207672794899597e+00
8.304347214365792595e-01
-6.028993718494535248e-01
-8.238739661754148624e-01
1.010046122913194733e+00
-1.053042941110523545e+00
-1.992747282815384435e-01
-8.679728391676984067e-01
-1.110202693429014342e-01
9.904897326746351371e-01
6.282253815907603567e-01
-6.715696018300272296e-01
1.559394870753926021e+00
-1.202041804950714360e-01
1.155058679298030633e+00
-7.176909439279597347e-01
-9.655980310176270898e-01
-2.223138737695392331e-01
-1.592349304588223768e+00
-5.341369533578605999e-01
1.765883245518268918e+00
-6.902413001520180114e-01
2.119470916080851142e-02
1.087499743290597509e-01
3.311561914821780084e-01
-1.367003928677423819e+00
5.809252866365943735e-02
-9.165905698796852352e-01
2.785473959993129411e-01
-9.723586345972655698e-01
-2.010124916771280912e+00
-4.913094677209339789e-01
-1.694497069011050572e-01
6.574025176341004029e-01
5.944887505986733850e-02
6.093209948897934658e-02
1.023572357858837378e+00
2.870675532508218941e-01
1.862965582057650504e+00
-1.275108907372882294e+00
3.540683616802153821e-01
-1.126522749694583103e+00
6.434534611856419783e-02
1.083913544245615590e+00
3.325393305771218860e-02
4.907752600452875424e-01
-3.473604440633966117e-01
7.559482197208809984e-01
-2.845380453459465109e-01
1.615527392518742777e+00
-7.129846782913773495e-01
1.035788126427817923e+00
1.651560411444083165e+00
-2.883533739495879322e-01
8.150024790446699363e-01
-2.933774592483417987e-01
-1.277137551991294195e+00
-1.145171494243205412e+00
2.723226129982324606e-01
-6.469264577413709194e-01
-2.058147344237720500e+00
-8.777400541466848782e-01
-3.306870118070634468e-01
-8.955857346376230321e-01
-6.194512023688004687e-01
-5.026185428526211973e-01
1.675479642610484543e-01
5.491660789446395352e-01
9.714746097085318333e-01
3.626583507347082291e-02
-1.661951989342883795e+00
-9.644106509301070274e-01
-8.191820191158671882e-01
1.470185040708329449e+00
-2.900944477798755861e-01
8.228534132235050258e-01
2.005042314349083088e-01
3.153383993305599459e-02
-4.799594948808798556e-01
-7.843965865091670486e-02
-9.545329994069695623e-01
2.078865031605634517e+00
4.009924292845769012e-01
4.075915403464149822e-01
4.492069427115373825e-01
3.196048959831775393e-01
1.760229412979350816e-01
-4.535704383175655496e-01
-1.706881001382641316e-01
-1.763703879634188176e+00
-1.708880737364253166e+00
-7.216225177031775351e-01
-7.252646079820819214e-01
-4.389799417727612285e-01
4.713393735498145332e-01
-1.518901164974243156e-01
1.435479403304947610e+00
5.582050085315575227e-01
-8.090764474628843184e-01
-2.652576967266359054e-01
-5.059052234767502654e-02
-6.836572156211216944e-01
1.172033904898816425e+00
1.453530927848061038e+00
-1.693686258911920817e+00
-1.298775884783684553e+00
-9.673684379691429580e-01
-1.716599846814270691e+00
-1.102487040168472765e+00
-6.023152713668306069e-01
-1.845736745259186073e-01
-6.514672702895979439e-01
3.091715799384718300e-01
9.942403661427013928e-01
-7.468323569768539061e-01
8.036816950229022094e-01
-1.681262839976572776e+00
2.325074384944262551e+00
6.789438708763522179e-01
1.539120579804630351e+00
9.128982402508800664e-01
6.042713652264055657e-01
4.127818047174174332e-01
1.253601680637280058e+00
-1.975907836081209346e-01
1.428366371271629021e+00
-1.524280565665392662e-01
-7.294276728212334415e-01
9.390574972480022486e-01
1.221624318282636512e+00
2.433274983045966011e-01
1.360787161619952279e+00
8.636400706062423716e-01
-5.697965460436316132e-01
1.100723470076695243e+00
1.881513572659701539e-01
1.258142612448114317e-01
9.342469142506510948e-01
-1.131456788073410102e+00
-5.051937202030364338e-01
-1.447262939751490674e+00
8.702674429463754802e-01
1.489692032478374895e+00
-1.678481770477790569e+00
5.916124905755151264e-01
2.624997411769163236e-01
-1.123785551381189185e+00
-4.306161078371043560e-01
-5.613159827599611962e-01
2.315043067745111705e-01
1.067247754322552700e+00
-3.143313834085166569e-02
-2.828081420948059255e-01
8.334075761267025761e-01
-9.998397714815464576e-01
-5.299664613844592420e-01
1.159724030581170018e+00
2.278924580780906428e+00
-3.528619980009123913e-01
-1.209319760794741683e+00
1.718062998392631546e-01
2.126369700069924207e+00
4.044706711256301213e-01
-8.075466020176916282e-02
5.164320969630024072e-01
-5.517096864145657475e-01
-9.344062175027445516e-01
1.799073574212045057e-01
1.604318184348332288e+00
-8.747475275357137203e-01
-1.512724700461416383e+00
4.917000973117303109e-01
9.861386808899652578e-01
6.480872909733220721e-01
-2.383715194302298279e+00
-2.895034254276648844e-01
1.341340541615635873e+00
-5.056172167562777986e-01
4.688139171256137105e-01
1.426915105751805080e-01
-1.040866602067835878e+00
1.252418241241533226e+00
-2.843721095823307232e-01
9.286759452253370295e-01
4.570475820999884142e-01
4.486299872042490700e-01
-1.263969834661307967e+00
-1.889799127368104958e+00
-3.575146645507995546e-02
-1.944233798974754235e+00
-3.807409058741066388e-01
5.302868691295654635e-01
-2.464744127125364781e-01
-1.568504662079916345e+00
4.937977076900139650e-01
7.809007023218650367e-01
-2.232537182655553121e+00
1.396056879652177951e+00
8.127613637700658034e-01
1.540278040209428045e+00
9.825887593421581689e-01
2.017710468040129435e+00
1.082711595602849908e+00
1.166671702871969751e+00
1.459276429822363441e-01
-1.585308118861741833e-02
-2.309717199779140751e-01
4.305320001511138694e-01
1.080912398079461045e+00
-5.426418416191777783e-02
4.824364002873388069e-02
2.273818523534134606e-01
1.074838146776751213e-01
-1.638433358144925911e-01
-1.722389909179878664e+00
7.620651454119840018e-01
7.811098285945923259e-01
5.609729336646730458e-01
-1.401760012920252763e+00
9.262123056647409980e-01
2.624185306040874854e-01
1.036926960845212076e+00
1.410344956648357462e+00
5.919052038750436395e-01
1.313747423343870846e+00
1.053510596323887105e+00
-2.431008925307396762e+00
-8.350663172206577167e-01
-4.179553669759004664e-01
-4.276540802528430163e-01
-8.408055933271281202e-01
-7.271251545456478560e-01
5.291668567248862809e-01
-7.008426942012991878e-01
-1.625755421826484692e+00
1.929196803327874743e-01
7.996173667960553288e-01
-3.098890886515352494e-01
5.117388439543182899e-02
-1.392482069568519609e+00
1.509006831640106627e+00
8.579042139729387006e-01
-7.338174211776136158e-01
-7.207358811840840485e-01
9.329053128804295492e-01
-5.745566211783444954e-01
-7.662578594441049606e-01
-8.844563582753436348e-01
2.097567704015132484e-03
2.872515315989011553e-01
-4.701267315199116892e-01
-1.524678862951343694e+00
-4.871726344772474293e-02
-4.339561845814687846e-01
1.604762237920773216e-01
-2.502903804418203371e-01
-6.764341171091596827e-01
4.743697950577996370e-02
-1.441800790391096987e+00
-1.672226969887648407e+00
2.994794284264060913e+00
-2.850416076330200554e-01
2.134977749246510292e+00
5.402560124742592507e-01
1.474001179492082425e+00
-1.110265250309487639e+00
1.988273210157484705e+00
-4.570653586748494868e-01
-9.326901799635074486e-01
1.298377433804833059e+00
2.155772996619476523e+00
-9.921187674526397160e-01
-7.647546209454705313e-01
6.531039650334707902e-01
