-6.266158495723049837e-01
-7.412503425466465679e-02
8.140540326649826908e-02
8.683826898139284101e-01
1.757443827421591109e+00
8.721016491246340596e-01
6.321123762071409469e-02
-8.647490512476683211e-01
-8.610378796414241975e-02
-2.401153350987641211e-01
3.624181429454544356e-01
-6.448711222160861123e-01
8.673190014353366895e-01
7.933329332095569175e-03
-6.370174631704790258e-01
-6.199622566913457478e-01
-1.131187216766674553e+00
-2.026708323810075818e-01
-6.190275509549224564e-01
1.409468323479683149e-02
2.279695786575804684e-01
-3.673906665500573654e-01
-2.476051750223699083e-03
-1.447795672148902979e-01
9.953598568739587815e-01
2.295356457723920052e+00
5.910904888719924477e-01
6.954131371477307866e-01
-9.598614643988484518e-01
-1.113706256119012306e+00
-2.863027275420604312e-02
6.550638522877998415e-01
9.739678515219100940e-02
-9.322525794967145840e-02
3.806354560530815778e-01
-1.088349552313152557e+00
-1.684499984153754737e-01
-8.933554446079325917e-01
4.448105530245434203e-01
-4.223373074839073538e-01
8.097011406769425435e-01
-5.920075663088395501e-01
-1.428507086498256862e-01
1.199442494725642683e-01
1.639701548783027540e+00
1.321639059223308710e+00
3.257070943982338096e-01
5.293671669103945376e-01
5.437558480070416866e-01
-6.741392683214212367e-01
2.986219317490329539e-01
9.408446183554501907e-01
-1.359273664600499254e+00
4.208609055564770385e-01
9.243158350087605779e-01
5.105815393950631220e-01
8.407338659194726338e-01
-3.114723324908583169e-01
1.101304872373201516e+00
4.719815852969588832e-02
1.955595553801268149e-01
-2.996569293986125482e-01
4.386965141486738329e-01
1.634978617522235167e+00
4.503039090668600752e-02
2.300399822022916596e-03
1.741208733484596594e-01
1.286081435197768963e-01
-5.782449897692670815e-02
-1.782748625973065160e+00
-5.399128762122248348e-01
7.093501780269042545e-01
-2.322776363018804191e-01
8.834935137578344699e-01
7.967361122962356434e-01
-6.034539994698628895e-01
-2.875186322485446255e-01
-1.128253679733445036e+00
5.321362591194316316e-01
-2.297181224024313906e-01
3.275432841498220338e+00
-1.947416958445672419e+00
-2.283256354669101373e+00
-7.657287648124717627e-01
-3.235266823607544362e-01
3.156500331409196614e-01
3.640335525424308050e-01
4.679268827912993478e-01
-5.917195526693407315e-01
-6.693634834889023999e-01
3.655518946868743235e+00
7.339459141105617590e-01
2.988551204243077297e-01
-1.145372512915303620e+00
-3.229967591968206375e-01
9.740884217617554741e-01
1.480658409810013121e-01
9.571794494265752906e-01
-8.442054963265559486e-01
1.567611581819393640e-01
9.312231742342605423e-02
-4.060330910020233386e-01
2.146395449298388769e+00
-4.765159001730426280e-03
4.582296889737417223e-01
-1.377307120138362428e-01
3.778643822678163788e-01
-4.804865055808892338e-01
1.353925523467850223e+00
-1.294565410583264686e+00
6.231511240340249086e-02
2.961895801700494824e-01
7.714217454910381466e-01
-4.358862290673649054e-01
2.711456781756992340e-01
5.897709365634562495e-01
8.858702631399693050e-01
-4.814079735135570193e-01
6.512067987577384587e-01
1.962224751075939633e+00
1.531538070285488329e-01
-1.883997120198031561e-01
1.464098852511805937e-01
1.190475282875407714e+00
1.061623539181870135e-01
-3.071866731092044445e-01
-2.140393957222602728e-01
-5.247835485493985708e-01
9.434843680822489753e-02
-4.898835311138181048e-01
6.620415622031918801e-01
6.711423461246676658e-02
-3.436994751892070710e+00
7.327775515470541512e-02
3.295322238276510163e-01
7.925898515034806024e-01
-1.847936758002660662e-02
-7.191261871684677676e-01
9.913324911382120908e-01
-1.888156578313001210e+00
3.800050009902306014e-01
-1.323958297841419052e+00
-9.472117651777302028e-01
6.159584930864752117e-01
-1.932736857504058214e-02
-1.369431416238910071e+00
3.660652866735271127e-01
-7.943411213271696081e-01
-3.659574062380179793e-01
-1.534695178803649473e-01
5.191841195369939488e-01
3.797928492805403566e-01
4.884820252515865713e-01
-3.479371392605040691e-01
-1.336953361902556425e-01
1.583326635623634182e+00
-6.503181992305462344e-01
2.044833913852317497e-02
-5.947931117285205210e-02
6.609870134498084804e-01
4.980586668716707743e-01
6.553474053741632499e-01
-9.849320292760550544e-01
-1.490441732555833232e+00
-8.179783952880590459e-01
1.094368314324524416e+00
8.455337058138130413e-01
-1.658185366309894437e+00
-1.284639648455044636e+00
3.086641680230886586e-01
6.032459183304239581e-01
-3.050311193726308323e-01
-4.227855346978952600e-01
-8.320129765871109306e-02
1.349950214582240071e-01
7.945879958998081083e-01
-4.918448062199758386e-01
-1.506217928164498843e-01
-9.241664613378739457e-01
9.661402539248741261e-01
1.397775129678376471e+00
1.255921199005113897e-01
-1.685890957604658791e-01
4.419932869130696607e-01
-7.564464732829259130e-01
-4.565393483970568989e-01
3.975860569453315563e-02
