7.081512759578155736e-01
9.412943383094419803e-01
-7.489499664425222081e-01
-9.570310361278226985e-01
1.419133274182614035e-01
-1.720210378785949623e-01
6.059250177041157759e-01
3.318729515700104549e-01
-1.144752571495805560e+00
-8.150397919427032623e-02
-2.087876069725120853e-01
-2.572200900840410087e-01
-4.509670722040393098e-03
-7.882944484121753304e-01
8.792746037111225377e-01
5.858383657715634518e-01
7.409256642793365932e-02
-6.116183616490551422e-01
-3.514167621997306701e-01
4.941910199393129144e-01
4.953376874327253265e-01
1.692231292394265063e-01
1.113841621216216105e-01
1.235636306857317512e+00
-3.617576236547749291e-01
-1.956638398209166740e-01
-5.555645596534125596e-01
2.228884060383797550e-01
-1.400091971824062975e+00
9.066404092868604048e-01
8.135547423133184797e-01
-1.658904356754727083e-01
9.956969744556123936e-02
-1.137294117317961373e+00
9.102053973696890843e-01
5.327837959555312697e-01
-2.069197076830785742e-01
-4.883693752243336017e-01
-2.104293268938723926e-01
5.032325339145385934e-01
2.453501357991719201e-01
-9.602978926217393685e-01
7.212573780531499335e-01
-9.076348470353592379e-01
7.266895356588886079e-01
-8.529685681311486301e-01
4.851148997423825882e-01
3.957990543653768234e-01
7.757310021092923558e-01
1.222188013564012410e+00
5.807831004266373887e-01
1.045179838038494236e+00
4.011777577254492799e-01
2.010033877319925000e-01
-5.435424165755189420e-03
7.554178875555261907e-02
9.273866860978656756e-01
-3.953074994225061478e-01
-6.239788722215915406e-01
-1.006856486633352255e+00
-5.043050488206839432e-01
3.280973268850303493e-01
1.252825507948434614e-01
-4.774602126390025680e-01
-4.182104342179535084e-01
-3.830217926347118107e-01
-3.106774111222995183e-01
2.920700639117731479e-01
-1.000428832211620600e-01
-3.081906606673290305e-01
-1.175161824755170947e+00
-1.922085767561694802e-01
-7.171638378324638463e-01
5.100037127437384576e-02
-5.195516166104329203e-01
7.932606588353258159e-01
8.038601831646075002e-01
-5.261069183648698494e-02
-1.025757055179617794e+00
-8.480086372200045242e-01
-1.494115364629867049e+00
-6.955952850482866046e-01
9.880521203578624956e-01
-2.877653472231313514e-01
-5.153001524376182862e-01
3.018326708887418275e-01
1.233759539158671981e-01
-6.472004929857695377e-01
-2.149936060053690701e-01
6.609708679624451966e-01
-5.539636362149903404e-01
-8.121531238219147353e-01
9.949453330287618691e-01
3.393756209780827704e-01
-6.179428788576534215e-01
-1.736679192898329949e-02
1.525318021549457725e-01
-5.761660270855897270e-01
-6.608932603433621544e-01
-1.964709685679139617e-01
-5.943976339575598455e-01
1.215914681483545867e-01
3.130639077243936863e-01
-6.692222995912214811e-01
9.180155720771610017e-01
-8.886525295056584284e-01
-5.627265736360611559e-01
-4.790797834846216019e-01
1.223700666444838880e+00
3.070839607415912775e-01
2.121183658329041100e-01
5.668707318626077241e-01
3.414067659532997734e-01
5.300998738971907098e-01
9.998811656254763536e-01
1.392705769199279742e-01
4.563888188324993767e-01
4.791915578445664625e-01
-7.034765082118926705e-02
-1.031698645478456300e-01
8.658975865070722699e-01
-7.626521033749966705e-01
-5.979039078219596792e-01
-1.179113738723609917e+00
2.231852390014573695e-01
-3.253544420023065653e-01
-9.430848099800229756e-01
2.607005962788087050e-01
-1.540241892352343656e-01
-1.262822474581357435e+00
-1.727747526644264897e-01
-6.158793679464794613e-01
1.110237596211015587e+00
3.183166511955138889e-01
-1.097060006940100974e-02
-3.472890438644044564e-01
-3.278733897526768803e-01
8.017909127096884969e-01
-4.181322066057386877e-01
5.160136553334352394e-01
2.207411149772350312e-01
-1.370041249242137660e+00
-3.673210620719413733e-01
2.930612085484776697e-01
-7.142878499040475893e-01
-1.250543167043365766e+00
2.632838107248084980e-01
-8.367575693019493333e-01
-7.849380637611302891e-01
6.290100620823334543e-01
-4.790938863192603092e-01
4.762060090628089104e-01
1.422238289225210006e-01
-4.012042239041923031e-01
3.487223471256159502e-01
1.177123445791818712e+00
-6.050616936588841810e-01
-1.098633877674355386e+00
4.183607628732633477e-01
-6.741608470472582049e-01
6.230608871703699481e-02
6.327763511882984471e-01
-6.283825323689471443e-01
6.061968748670580887e-01
1.315589678967734821e+00
3.050339865620221302e-01
-4.569564777916302889e-01
-9.418086572624990715e-01
9.059275192389861786e-01
3.585640689041363904e-01
-9.618832370366583451e-01
-9.744527497512631697e-01
-4.767165951482627007e-02
3.150853604221300341e-01
-1.084894342716239191e+00
-4.414370844236552571e-01
6.776071183025574873e-01
-6.305022120212595560e-01
4.224051843791303273e-01
-8.223435024565967089e-01
-4.462008356873702064e-02
-4.960322309696957310e-01
7.266763982294180413e-02
1.618951929598683170e+00
1.292793457569626936e+00
2.183583828912843972e-02
6.775850426040657126e-01
-7.825024654133614366e-01
-7.305507989941633085e-01
8.729897705596664226e-01
-8.033231855401046229e-01
8.996179207227896768e-01
6.769024476115657052e-01
-5.135600330206212538e-01
1.025430498736435991e+00
-1.062004636357269494e+00
1.640747820826488623e-01
-7.605354235539876218e-01
6.138370651793790822e-01
5.123916474002325472e-02
2.504568393708040963e-01
-3.505533036119528045e-01
-8.953084813055721680e-01
-1.092535380809799506e+00
-9.130488883410070589e-01
-7.531123059330748770e-01
8.797478265548176468e-01
2.461728741911056173e-01
-5.087414588254939307e-01
-7.916662707614990913e-01
-1.712619575693203611e-01
-2.105056413050491737e-01
-6.603176135862530716e-01
-5.496490887946210435e-01
1.280071298568792315e+00
7.123758873643003531e-01
1.959362013754815945e-01
-4.973358957661734303e-01
4.658200265801477058e-01
8.710196348819262968e-02
-5.971350679752976953e-01
8.980856180636672681e-01
-5.763356044148911783e-01
4.787443487005533377e-02
-7.192529985298010131e-02
1.470945521973339165e-01
-4.259974746599032858e-01
-1.946139427784385756e-01
-7.751389024642931780e-01
4.107682361321459141e-01
1.974095134239821636e-01
1.153083657086822145e+00
-3.321929658947698760e-01
7.799667926011354113e-02
-1.020212496856617523e+00
8.762779307064207934e-01
-4.870223384662630828e-01
4.343468571072832685e-01
-4.339285961931982349e-01
7.438939136743681901e-01
7.713321158720982673e-01
1.229761949946277300e+00
3.938168025892124224e-01
2.814215855807932209e-01
-2.526642093664842603e-01
-4.743236656925639561e-02
1.356563206577382719e+00
4.110334646120778479e-01
-3.049419082093439703e-01
-8.337473054533088845e-01
-7.828645522442337912e-01
-1.178419534046486472e+00
8.485992702551947708e-01
1.098352116584652372e+00
4.311189888369848511e-01
7.858237746423621939e-01
-5.703230382532740173e-01
3.632437375789040468e-01
1.227727541433213665e-01
-1.183265443459082134e+00
6.158104058982937223e-01
7.074480919183595562e-01
4.830290827806738019e-01
-5.459936493084994735e-01
9.147419075122930066e-01
5.424471747734219140e-02
-1.610904732643772819e-01
4.760708654910463800e-01
6.109233368539226383e-01
-7.257407762346403945e-01
-8.035675407997919240e-03
-9.433357133195086064e-01
5.675729178695632093e-01
9.398290606898207500e-01
-1.137605595260046676e-02
9.314017582064354484e-01
-9.782020871357102743e-02
1.266380885352759722e-01
-3.852601865983427964e-02
3.798659622153149895e-02
-7.053201048748793944e-01
1.117039180216219951e-01
-3.246044246181373216e-01
7.547722775393901351e-01
1.379286842077577513e-02
-1.513063583103848309e-01
-8.618950017922760720e-02
-3.071021360495662100e-01
4.490822331060309591e-01
6.507543052380220239e-01
-1.058516332831414886e+00
9.086818974870292109e-03
-1.220907286810509529e+00
-1.077912397612669437e+00
-8.962571203662064168e-01
7.155069955478785548e-01
9.311170173249021520e-01
8.704369644838479969e-01
7.136059475649263462e-01
-1.074299615240822625e+00
-2.315303993570860530e-01
-6.303993866430104287e-01
-2.771063040176404701e-01
-9.433361674253690765e-01
1.156185916940998926e+00
-7.286071137329828140e-01
3.658070160821265682e-01
-3.206483712993430379e-01
7.644209789541550615e-02
1.392551294561693020e-01
9.240783559079421838e-01
2.851651232924254931e-01
1.558863389525657617e-01
-6.054681768543984655e-01
-1.535880571946131035e+00
2.460401520215896032e-01
-6.058868475936143305e-01
2.965723291794185312e-02
-5.550988436588372155e-01
-1.190831603893104162e+00
-6.143318410819663677e-01
2.475967158895163445e-01
3.724200489526887647e-01
7.645977644435324461e-01
-3.387586059939514116e-01
-1.101216912136586457e+00
-8.511773125938768558e-01
-7.438362482680022092e-01
1.250802621953857607e-01
-3.641785980615669382e-02
-1.031942509112206086e+00
8.204136014320515535e-01
3.023728715720529481e-01
-1.360534016272623825e+00
5.949614503233440210e-01
7.694604408018558273e-01
5.496816385010079575e-02
9.130664368589260782e-01
-6.236140038784997452e-01
-8.278496361968599171e-01
1.813820916507549730e-01
4.883178621406941700e-01
-4.491985838725369717e-01
-7.781713787376086378e-02
2.488089041005037139e-01
1.136745564480457632e-02
-9.106152555572496476e-01
6.469989681930727876e-01
5.737972519427467777e-01
-8.017542889375707249e-01
1.583726202921281467e-01
-3.225847136296970397e-01
6.515205938099802863e-01
-4.674180184159473228e-01
7.444952007163613272e-02
1.017303834990386457e+00
2.324276234938153773e-02
8.441365038938919430e-01
8.385256226481303532e-01
2.980059578555117050e-01
8.430158397964251371e-01
8.749890836983187370e-04
-7.576751631759764960e-02
1.007496075893465015e+00
1.060368626691699401e+00
7.557911964722654474e-01
-1.144278341307765623e-01
1.471558498662395853e-01
-7.013963026657830113e-01
