-1.242343282985203690e+00
-2.272299835239423582e-01
-2.755934385892343519e-01
-1.465019895170295294e+00
6.172306577142858686e-01
1.129835227124938779e+00
-2.918663509455404759e-01
-1.778047952212540084e+00
-3.072864448224226663e+00
3.119456118697250258e+00
-3.590344238636105523e+00
-1.343570119969700549e+00
3.026698561904485274e+00
1.968678772629292473e+00
2.332456376021466049e+00
-1.030760559379892305e+00
-9.198548168106628342e-01
-9.329097844223326330e-01
8.509971815686068197e-01
6.317975829520372510e-01
6.074055951015836508e-01
-1.758209882642146338e-01
-3.632408516581067115e-01
-4.364662375675136818e-01
1.381682613516375557e+00
-8.319351830772456768e-01
-6.575920406360106441e+00
-5.675531007473275658e-01
-7.968399451642872444e-01
1.718031074434438477e+00
1.936221084095085088e+00
-9.961088997316511207e-02
-4.995889164274961436e-01
-2.728812819889277486e-01
-3.953838112334248645e-02
1.577307801252741726e+00
-5.826643356127116924e-01
-1.121394417896971030e+00
1.097134764303772547e+00
4.953355181540326502e-01
1.982924198280403838e-01
-9.208407022026410260e-02
-1.409130422393110482e+00
8.987258306152072773e-01
1.388969617650972932e+00
3.941671149776866834e+00
2.236055131094000004e+00
1.069206878609255451e+00
-6.691031190330046785e-01
7.981191263027636040e-01
1.068375486581879086e+00
-8.679436325982778921e-01
-8.871946781006492255e-01
3.731391735469520854e-01
2.960726548801637215e+00
-1.758436054458677011e+00
1.794107884716388712e+00
5.658302799425011242e-01
1.266971150479658137e+00
-5.573023217985656474e-01
9.179197098917124542e-01
1.400333131089281036e+00
4.213433600075806029e-01
-7.346412402457345170e-01
-5.781641909764989595e-03
-7.494886503798455779e-01
-3.395582046761456974e-02
7.909925184344912541e-01
1.090835384110238504e+00
1.720073293975045825e+00
3.402218899234084049e-01
-2.391713948099392917e-01
-1.071151717252486701e+00
-2.558620905434504378e-01
7.233291884704446950e-01
-1.684123097680979342e+00
-1.070345933553649154e+00
-8.643933640242071892e-01
-5.986915117062048264e-01
-2.240350520148389979e+00
8.212350537791129890e-01
-5.223067217689094655e-01
2.163829618817884604e-01
4.679029646952889698e-01
2.650229303261893321e+00
2.348094395268094825e+00
-2.337652733137385308e-02
-7.584698639666438424e-01
1.857822661523826357e-01
-2.522641497985059766e-01
3.282990731878045465e-01
-1.784546524617766750e+00
8.830445850051249490e-01
2.522951729463651094e-01
5.954532329196704499e-01
-1.257435263659659741e+00
1.669563360358145010e+00
1.369146999216767746e+00
9.002530415703263733e-01
2.014218251592747866e-01
-5.006900765141762966e-01
-3.789237450454799871e-01
-3.080631540749119157e+00
1.480961974661128222e+00
4.319745164596513476e-01
2.891571297952701958e+00
-6.964785168324801878e-01
1.081215531774530891e+00
-9.731117043128240107e-01
8.661949719000106018e-01
-1.325901786665397486e+00
6.380575024262489237e-01
-3.081690031459477508e-01
4.401259757500715630e-01
2.481306269471842407e-01
-4.264283982149245089e-01
-2.879679254531846699e-01
9.195904783008493899e-01
1.613875452951113454e-01
1.663554469756758136e+00
6.104121547362090228e-01
-3.603254638284800748e+00
1.708413006518256338e+00
-3.601722548251042322e-01
1.015844179117330714e+00
-9.903851512390601242e-01
4.975839615423215179e+00
1.413902787322247057e-01
4.728309181609476330e-01
-2.514582210132976670e+00
-1.308225609331761685e+00
-4.049238773649561640e-01
-8.613799735520706324e-01
1.123274736456771228e+00
-1.048932919552525433e+00
-3.730338357578732555e+00
-1.685692043835561815e+00
-1.926783648847249397e+00
-6.325780781549397158e-01
-4.709417715049963316e-01
-6.371339499242323345e-01
5.012302181053028827e-01
2.167278565750478503e+00
2.528949727952232607e+00
5.668457166341247522e-01
1.390965778551889631e+00
-4.991691793512188502e-01
6.272578733510854043e-01
-4.545781210082729951e-01
-7.520184307126726031e-03
-7.912964160022910587e-01
1.138840160540537827e+00
-3.062300024855595382e+00
-1.517416744202020107e+00
-4.645894446395968380e-01
1.379863408962758442e-01
-5.728068341740766289e-01
3.385688637808421109e-01
-1.332186198230135954e+00
2.212727905346756341e-01
-6.173399071911997993e-01
-1.783960101135957377e+00
1.052398441683758679e-01
-7.660145571104810536e-01
3.756719995611304541e-01
1.510442995306505054e+00
6.160615762786997296e-01
4.872944747310916092e-01
-6.082090767947161414e-01
-5.167994090263312579e-01
3.438262837619203705e-01
1.039576920534181381e+00
1.648791591667330358e+00
-3.605299142407586421e-01
-5.801119578085589534e-01
4.917711997849949501e-02
2.686182487625587978e-01
-4.941165645106815330e-02
2.353430193870634568e+00
1.649606424600529531e+00
1.587122624489472278e+00
3.843868210359822069e-01
-8.892551232964112096e-01
3.989956830341661043e-01
3.898887664849831625e-01
-2.799238408685519874e-01
2.838704820260667949e-02
