-8.850392394131714191e-01
-4.965600973287851438e-01
3.926453839080785713e-01
-5.930588167200778749e-01
-2.777322179847599437e-01
-1.264101434968061710e+00
1.092714732142081591e+00
-3.448804933893689917e-01
4.299025409062424696e-01
2.585330219927679529e-01
4.173403488873959066e-01
-3.841845216402453023e-01
-2.025234261571099703e-01
-4.726038789865854017e-01
4.109369697780925756e-01
-1.839609313550885084e-01
8.943354018020155394e-01
-2.669580039491119550e-01
8.647676173708098712e-01
-1.828641831160816023e-01
5.389125134897146951e-01
2.658422655991647954e-01
-5.200915512210406710e-01
6.569172609561886311e-01
9.270884684646644169e-01
-1.180701551667761029e+00
-1.903891055153619227e-01
2.573730366872029607e-01
-1.183355394923821802e+00
4.857480416815778690e-01
8.847808080451864399e-01
-5.279877743624750153e-02
7.830786666970437349e-01
-2.177803603412536981e-01
5.671746689119520068e-01
-7.734524390467698574e-01
5.260390751579232527e-01
6.062047662050571439e-01
-1.203452863270171314e-02
-1.083852137847989283e-01
3.170326495950104295e-01
3.217066075807089032e-01
6.959490305846764979e-01
7.229718042259140054e-01
-3.669206595639427637e-01
-6.668078261204035684e-02
5.126768510746975149e-01
2.077932955526309300e-01
1.292709925703101614e-01
1.281282680272338492e+00
-1.081512114622388721e+00
6.731890858582922910e-01
-7.897463995333379172e-01
-6.303362141271933172e-01
-4.042104853770154271e-01
4.417519768878731545e-01
2.214556154742639560e-01
-3.336751527384274052e-01
-3.311540655506132191e-01
-2.032420996449637030e-01
-6.594996917364792655e-01
5.523131123206019844e-01
-5.936623294424845376e-01
1.181860616279010179e+00
5.253646721101941086e-01
2.034478519901863347e-01
-7.971524177401729805e-01
6.861356138419865136e-01
-5.393343907275249816e-01
3.989435001304622030e-01
7.051716336007392005e-01
-5.447614126111541832e-01
2.452237931190734410e-02
-4.160653484737678598e-01
-1.121753582639744007e+00
2.400792981364043566e-01
7.641779443013668738e-02
-1.165256398766413515e+00
-7.726853094016116197e-01
-9.904198520974147879e-01
-9.108646343557560421e-01
-1.144940125906994677e+00
-3.529731355697607320e-01
5.154763324654140222e-01
6.925238864328089328e-01
5.480559268913729465e-01
7.370654291981617590e-01
-4.391997880887412720e-01
2.329741648779872776e-01
-2.858896262819158318e-01
8.923614026655291021e-01
-1.264537998243994155e-01
-8.735783420602957206e-01
-7.613617862811575820e-01
7.458295538140436998e-01
3.567338846355134763e-01
5.176427615606957744e-01
2.251270345737317324e-01
-1.178394689513292820e-01
-8.459706742031691817e-02
-3.184343999294564354e-01
9.294938708674211902e-01
-6.900433196634399025e-01
1.305215415069156393e-01
1.193462354482694776e+00
5.164756306167656019e-01
-1.102509192222101420e-01
5.707387813724762449e-01
-9.659589799815360145e-02
-3.057837486254926240e-01
-6.758065465708518182e-01
-3.928985311540530434e-01
-7.508589755178807224e-01
6.367163886641380444e-03
6.622301012132656428e-01
-8.882871823177720394e-01
-7.326803818592031448e-01
2.015812101915664123e-01
-2.416342595229949985e-01
-1.229109543525035431e-01
7.183607317178315466e-01
4.986589593838286483e-01
3.273119854613908419e-01
1.812120332943397694e-01
9.446227781218730080e-01
9.416103502748522924e-01
-3.738472857702201946e-01
-3.707842992234073876e-01
1.135449671918300041e+00
1.835249682414342998e-01
3.548868005536160997e-01
2.609128142572498810e-01
-1.546004139612506822e-01
-6.263764950424273170e-01
7.692600643872302690e-01
-5.563385723559832741e-01
6.665136977552887920e-01
9.074966457562602118e-01
6.216698900209211009e-01
9.952808743232233191e-02
9.750795411135864121e-01
-4.483191859450621486e-01
-9.341270766009439619e-01
8.093505990294709296e-01
-5.388245063924967937e-02
3.212671953594393726e-01
1.857612966716484237e-01
2.469183094159175251e-01
5.014552154529104966e-01
8.589719175372925175e-01
-2.103328490153028585e-01
2.208414495534638533e-02
2.121587845170684605e-01
-5.104757184191364150e-01
-2.462634687611442441e-01
-5.410139782550025256e-01
-4.979318706626956192e-01
-1.807225062827924056e-01
2.663184017067815046e-01
4.073559417070438116e-03
5.917001857695877165e-01
2.000160468752284204e-01
1.036416147640858654e+00
-2.386020988240137308e-01
2.153458380298316488e-01
8.572336227910195561e-01
-3.219499364774929262e-01
-2.893627544479032698e-01
-3.179873861485518760e-01
-6.228813350614796907e-01
-6.175840924840139134e-01
-1.168671519233145661e-01
-6.130737842866054166e-01
3.637565026518785327e-01
-6.953570741617642881e-02
-4.286352642861044893e-01
5.456148977178172377e-01
3.605761648806520281e-01
-6.568631425541167079e-01
-7.124164476159611237e-01
-3.989824667927210911e-02
5.344880163669725182e-01
1.133684373100077636e+00
-2.886050500070022062e-01
-9.928091042895428320e-01
-7.876301060106483121e-01
7.253515162430979046e-01
9.445540828950438339e-02
-7.387345745368397720e-01
-6.304450908417549293e-01
1.339984111813093404e-01
4.949734923563740008e-01
1.556365232964429746e+00
7.193657470751719796e-01
-7.580855959074221939e-01
9.101471291645846229e-02
-3.123915480890344654e-01
-2.523416789908670688e-01
5.321190116671016268e-01
-1.128511982118075796e+00
5.014030071035446845e-01
-6.663985999614032707e-01
1.441448640346747467e-01
7.500829140304626774e-01
-8.989946676699374084e-01
-5.598525580193154383e-01
-6.877575502735731039e-01
3.017620070578758140e-02
8.145967262407551868e-01
-5.780389123805340645e-01
-9.335414324296900102e-01
-1.374895303420894110e-01
9.327561581072527641e-01
1.376119500113849869e-01
-6.528187366158615390e-01
-7.788686226442531613e-02
6.186567622756458107e-01
-5.101879562598936602e-01
-1.085318691079463882e+00
-8.521200048711718988e-01
-5.473725955407819921e-01
7.553186060792506096e-01
1.012621016706326982e+00
9.145909753383489882e-01
3.487307238915585139e-01
-5.547625777313580642e-02
1.870945120311457155e-01
-4.966446065299046086e-01
9.372318944765736237e-01
9.756596977237426138e-01
-2.524392039557543654e-01
1.713434980826820109e-01
1.142085419710300753e+00
5.241161661496646085e-01
3.828841741865899317e-01
-5.029393856974748722e-01
-3.409276034682398593e-01
2.535548067296351515e-01
7.943586291837818614e-01
-8.423300158774689184e-01
-8.129847019473520620e-01
-1.821078081001433202e-01
-9.829904245696308163e-01
-5.371269570619918721e-01
-4.945307046016751695e-02
-8.944973274426321064e-02
-1.129982267857327694e+00
9.860785521395785125e-01
-9.913627334516846856e-01
-4.665219279672816466e-01
-4.289102702473657214e-01
-3.741413484210815987e-01
3.127254287443701486e-01
7.652160387977621214e-01
6.533877290485281542e-01
-7.824511712290649346e-01
6.885606839126112710e-01
-2.287358137942977210e-01
1.027075204946753306e+00
-1.542514921608268141e-01
4.376611067871694627e-01
-1.194456075393357519e+00
-5.662375190551621751e-01
-4.628308841280182051e-03
-1.244460550609116645e-02
