1.469731835011452437e-01
-1.445098564205745117e-01
-1.625095058092608902e+00
-5.514975382368002554e-01
-6.309454358527304407e-01
-2.749994851380693106e+00
-9.119789227192049985e-01
-4.187515328576353335e-01
-5.954281030083741211e-01
1.227978352790623090e-01
-7.523124502809577785e-02
-2.760599654556487259e+00
-3.848176284806676950e-01
-9.130034573316412327e-01
-4.629484392584405583e+00
-1.285888422561123345e+00
9.851449840981713058e-01
1.753003003311635943e+00
-1.332500832639027244e-01
-3.469884437741114214e-01
1.512169965682541140e+00
4.667298420544078175e-01
-7.508267993556823061e-01
-3.835028403858627144e-02
-3.783427635238857167e+00
5.065615427500479162e-02
8.479994366763700109e-01
5.425516199255877581e-01
2.219770052786725623e-01
6.177574605196627100e-02
1.063561202012074158e+00
-2.775185946389572500e+00
6.410433830122733156e-02
2.256152616563738444e+00
-8.117723245361381235e-01
-8.033878127298490490e-01
-7.120829087956157544e-01
-1.139387658167883233e+00
4.064981671232740373e-02
-2.057285259409886269e+00
1.200537018543997858e+00
6.012938770495378504e-01
-2.036105772614024145e-01
-5.007412216024228480e-01
-3.589983779687561105e-01
1.158183616307485453e+00
1.610538958957319133e+00
-1.533823803043561806e+00
8.915147142703264693e-01
9.926837464548209367e-01
2.642521733142959017e-01
-3.351043536672035916e-01
-3.735354337920383516e-01
1.046638396174267349e+00
-6.585276866110516547e-01
5.427642262101310955e-01
1.504711479273899588e+00
-1.521654451993301960e+00
-2.549545659359549354e+00
-7.075983836449224462e-01
-1.635104974621320872e+00
1.149071614867588575e+00
-9.210576429662447051e-01
3.912528004274457571e-01
1.383941597408840263e+00
2.818661061791954969e-01
1.575846477760622255e+00
2.653839419241873721e+00
6.852651070100845843e-01
-6.755952916021829013e-01
1.151208073912389551e+00
-1.138868654526199897e+00
-1.648185113573329641e+00
-2.208383042668177476e-01
8.847129473749830719e-01
7.804457659434305139e-01
-1.741485942484553684e+00
7.358523837190391603e-01
4.359318484777188196e-01
4.092061652451561837e-02
1.129720607068681826e+00
3.884186453383854154e+00
-1.315380673926862809e-01
-2.134233953521771920e-02
1.824582511930344708e+00
-2.132520033515422853e+00
-1.093161008058620848e-01
8.772130832366420439e-01
-1.404419167588108808e+00
-1.407315305311800602e+00
-2.650847163856164812e+00
4.692376701161196095e-01
6.521574936112752852e-01
1.826907577133285665e+00
7.283158006327772327e-01
9.706577885756301205e-01
7.062045866663494431e-01
-6.039420022164795204e-02
1.141403224139943440e+00
-4.803072973616542840e-01
-4.007714711476971781e-01
9.283440248839573972e-01
1.466708352396519421e+00
-2.076098774191680096e+00
3.575242027918100751e-01
-2.351291753020460895e+00
2.531301390116137640e+00
9.708671737801344293e-01
7.490438066373386050e-01
1.755061134664556155e-01
-1.359213888599263065e+00
-2.275317083048517541e-01
-3.982850150368996367e+00
2.791301942490003629e+00
2.473854181288372089e+00
3.687187235716164468e-01
7.596751129028500582e-02
1.209569646168747514e+00
9.103890304481374596e-01
1.451643165602740426e+00
3.333292338040346747e-01
-2.118093962516773843e+00
-2.785285295479044798e+00
8.009811649861168226e-01
-5.595644551586204107e-01
4.044332639744887103e+00
1.068304537358324563e-01
3.359305952063871281e-01
1.074553547063060943e+00
-2.762424520731443511e-01
5.185025735294435112e-01
-5.719714605027603760e-02
1.550749259249083245e+00
3.557369765427138120e+00
3.482268362253738148e-01
5.673826036687675822e-01
4.427726196928988833e-01
-9.017170603873094770e-01
-6.571743996847791980e-01
1.029311477014102527e+00
-7.447388617110339837e-01
6.397528525015216960e-01
8.138730062493382267e-02
8.188206282572063621e-01
9.487832492969496823e-01
-2.948904562388121597e+00
-7.416111527570461437e-01
2.061476090134484185e+00
-2.331103875902425585e-02
3.818187535604605776e-01
7.210036331800678822e-02
6.525066197516842248e-01
8.475101121474669652e-01
1.674745000410438500e+00
4.851422947910032368e-01
1.378557110928921192e+00
-1.050036961391360935e+00
-2.041462658902871485e+00
1.567174968035897509e+00
4.580164082426199101e-01
-1.812662105479396213e-01
1.908529201324060953e-01
-6.393249288192480728e-01
2.374845158486704300e+00
-6.530197192773728787e+00
9.248735313305531808e-03
-4.323698518421276726e-01
-1.129890192798672643e+00
6.006932107357505490e-01
3.748130228965738109e-01
4.787190364029346168e-01
1.357684798473689503e+00
-7.721217100937319833e-01
1.083998537965698228e+00
2.827711285535964070e+00
1.081009674170888557e+00
-1.184375080956823201e+00
8.730498015489259744e-01
-1.116471085019069109e+00
6.498846706041171428e-01
-1.927531915627140047e-01
-1.092564030264809416e+00
-1.782419703758555407e+00
-1.501912818644225156e-01
5.121842114454177447e-02
8.089464995278341508e-01
-6.027776673302372989e-01
