-3.912279200192693152e-01
8.521768920154969562e-01
5.870874639047232169e-01
-2.229338445941780877e-02
-1.681150049821786840e-01
7.987834405542743044e-01
2.170878110096843006e-01
8.276918122235623620e-01
-1.335129056616625842e+00
-1.054665236865701683e+00
1.634450515411748128e+00
-1.112699567222877439e+00
4.717438443043436291e-01
-8.671834726330519549e-01
-1.697890066786018892e-01
-4.238131901344210917e-01
-6.082151621337961167e-01
-6.936965783150166320e-01
-1.280458727386035056e+00
6.584257806733295748e-01
-2.055889318071190131e-01
1.189711989978999407e+00
3.162747112924347848e-01
-4.960133625313366545e-01
9.899078811851512727e-01
6.795912851365245588e-01
7.813718698947107189e-02
-6.815084092468423060e-01
3.728310371238243714e-01
-3.151764831923586363e-01
1.096969408399351309e+00
1.432164276268334202e+00
-3.776762127206274577e-01
-7.833999462426817217e-01
5.899397447400861472e-01
-7.122166112242922509e-02
5.756954678367656175e-01
-1.736155088137653291e+00
-4.007137410657555243e-01
-6.625923163315151632e-01
-1.309081204338490567e-01
-1.232873577450225855e-01
-1.003811697818787763e-02
-4.829586316160464077e-01
3.717465604960176195e-01
-2.043158608482706029e+00
-1.153788777698212670e-01
9.172705615703697912e-01
-6.113630365998010685e-01
-4.746790159117654229e-01
8.545600320978919973e-01
-3.728290602951715993e-01
-1.401959701370624201e+00
1.262856771878830831e+00
-1.549665495570608786e-01
8.286172407467004564e-02
-3.516891353038133494e-01
-3.128451812939387899e-01
8.906241095846911815e-02
-1.246216476602074463e-02
-3.129615951594265644e-01
-5.121770735272511699e-01
1.548862879278438687e-01
9.528758954856053620e-02
5.276250316953468023e-01
-1.083607916864387510e+00
1.526184779708598116e+00
8.512771277586225205e-01
-7.311491886781138483e-01
-5.451240488191952949e-01
-1.560846968505372745e+00
1.250795102781769863e+00
-1.269981062971565322e+00
-9.374755254319273590e-01
3.050244238086557425e-01
-1.188892797843839499e+00
-6.033645522843928966e-01
-4.134050882081722333e-01
-2.569223308674237205e-01
-1.542627830011116696e+00
2.925486948319209191e-01
-5.112891051597829861e-01
-3.119663185612496781e-01
-2.148511934196649875e+00
-1.465186652672507694e+00
1.209604281304483386e+00
-1.324330483338859166e-01
-1.547026875082411213e+00
-1.611585962396691329e-01
-7.580187651343759381e-01
6.375232648915005740e-01
4.448610071943832622e-01
-1.875754067514113332e+00
1.424385422748255525e+00
6.946714286209495492e-01
1.408057783163296772e-01
1.201844595218380052e+00
-2.394040471620102473e+00
3.196182686255110705e-01
2.600732123685416397e-01
1.295776729175122099e+00
-7.694239198808696667e-01
-9.072187266363360703e-01
7.703430860508446720e-01
-8.155431507904828958e-01
-8.907563531541271562e-01
1.216249776613527844e+00
1.426976018745113484e+00
1.118449179235707636e+00
3.473931192393533984e-01
-3.428435169116947900e-01
5.245165084105083420e-01
8.022438532601576799e-01
-4.427900051716094909e-01
-3.953057656586209112e-01
6.713910863936796147e-01
-1.982378379317076278e-01
8.073519591513820259e-01
-1.137984508445202686e-01
-1.008674534187893990e+00
7.702199258604253140e-01
3.977222354752734113e-01
5.454896055995774873e-01
-4.695462189766724803e-01
-5.597653518297861508e-01
-2.186960179549431726e-01
9.988428200946586344e-02
-2.790989577856095027e-01
-1.691058132242758139e-01
7.862961570866330852e-02
8.656575329973018040e-02
-3.567366910876173525e-01
7.658271328367410868e-01
-2.569318468841689795e-01
1.490191480400644641e+00
-5.814739002009059465e-01
1.203825503889336956e-01
6.425678828956902233e-01
-2.761671429898133190e-01
2.406702370618727937e-01
-1.045010990393318240e+00
-6.421889780272929116e-01
-1.580222215131513508e+00
7.644530087113419192e-01
2.662552622497054156e-01
-3.920805471312592827e-01
-8.213896982869957064e-01
-1.718760479938570285e-01
-2.851048206509836369e-01
5.751861546922407697e-01
3.032959199579379206e-01
-5.376120080494826148e-01
-8.605231288237684684e-01
9.454679777858094880e-01
2.027598576001430342e+00
-1.522576172654397375e-01
-4.218646656475441015e-01
-1.534141346298478759e-03
1.554874973022687401e+00
2.173120339652714339e-01
-1.438970837810968018e+00
