5.643876534389882238e-01
-6.761528796100899630e-01
-1.112160116462791226e+00
-5.535409318316466543e-01
1.499185654538132795e+00
-8.144758893544858935e-01
-5.497328748487331218e-01
-3.324219853737248043e-01
-7.905717728486740814e-01
2.603042341949757255e-01
-1.640428094599446052e+00
-1.069584309316055526e+00
8.427942151559748574e-01
1.456499632026242164e-01
-1.129699592610246439e+00
8.394009532997306344e-01
8.866311403300233818e-02
-1.499819096526300299e-01
-6.547173215136922186e-01
9.266958443449493377e-01
8.907667785052895137e-01
-5.117608418752208621e-01
-1.009676999885076087e+00
-6.731574712406960259e-01
-1.282719712219170471e+00
7.059621744189023551e-02
-2.290122362059725525e+00
-4.495821507026374064e-01
2.842015263940759762e-01
7.664813834706638573e-01
-1.638404901995778040e+00
7.644013915276656190e-01
-1.698927332126371370e+00
-3.264362722526552296e-02
9.223219553548056560e-01
3.864401274348016058e-01
-1.181804290762580090e+00
-1.197695863325046073e+00
-6.013980241140763905e-01
1.504768923884346687e+00
4.947586916647644939e-01
2.356139058317104074e-01
-3.772948365931270143e-01
1.156353782880888748e+00
-9.856531736937732546e-01
-6.165374392556541849e-01
-8.161318825848048464e-01
5.418755589574364429e-01
3.743213044465872885e-01
5.630080487137669731e-01
-7.962505602154503759e-01
-1.117396266274290895e+00
9.164663686237453089e-01
-1.512537111530248835e-01
-5.083229826940665053e-01
-1.479167861963023523e+00
-4.632594806357259731e-01
1.467882389925484476e+00
1.024611147230476416e-01
-1.344492257200429197e-01
-5.625333008372706001e-01
7.063624549733229507e-01
1.596536463754913093e+00
-1.166470904033872769e+00
-2.516267959312650238e-01
7.477204620900520515e-01
-9.466053442540181551e-02
-1.295288172865531218e+00
1.157333841528824125e+00
-7.951625143106630378e-02
2.260931957111162460e-01
-4.151596414517647604e-01
6.896983590799611319e-01
8.357664024189016549e-01
1.185495943955844123e+00
-5.138310330621269628e-01
4.598026553719540832e-01
3.424226452871835802e-01
3.023161694066771599e-01
-2.771139793363662507e-02
-4.466414558643868292e-03
-8.621902213693012351e-01
-5.757438481583363465e-01
-3.606594463818063589e-01
3.384425874793039468e-01
-1.593517495842050824e+00
-1.633380303807054013e+00
8.064486880576574590e-01
1.452245667953311337e+00
-2.170484419560069766e-01
2.279280478632785267e-01
-6.279239969269888588e-01
-7.447248149574136056e-01
-2.687657768317658347e-01
-1.330271090881812723e-01
-1.069303720237335886e+00
1.094021115414035350e+00
-1.249291620283237703e-01
3.676239422123679379e-01
-1.207223355480105287e+00
-2.039994446394254868e-01
3.085432194496621205e-01
5.756362816587075049e-01
2.447104342221197992e-01
2.904290721219882077e-01
2.478468702319772676e-01
1.497708834227224228e+00
2.768074666117626981e-01
-7.382973948144547771e-01
-1.025228619111050010e+00
7.083103787030915477e-01
4.498199401738972592e-01
3.844005783403875443e-01
-3.838368835274814095e-01
-9.074543134729169402e-01
-4.436701190311702070e-01
-2.728518675535678284e-01
-2.230771498297129396e-02
9.136187580349999227e-01
4.628963298962808226e-01
9.345120047357520845e-03
1.986048706561693855e-01
-1.548576471701157420e+00
-1.037858887839710587e+00
1.188101501406561900e+00
-9.870682943789502728e-01
-2.002874200466878474e+00
-9.323814889233672520e-01
-2.560128929056619262e-01
2.040147439047292899e-01
1.226669154038898535e+00
-1.778554145326440850e-01
-3.328098904865411933e-02
7.420727040761175564e-02
7.036340625106802804e-01
-3.440200666431661447e-01
3.672616595815302309e-01
-8.717500855175479568e-01
3.485071311150649831e-01
-4.343524369330284407e-01
-3.159683409797125475e-01
-4.375407968619938748e-01
1.734589411771174927e-01
5.237661287498713847e-01
8.877680541047784646e-02
-2.515141573124358987e-02
-6.894611707865303529e-01
-5.555737475963427041e-01
-2.581549690443866729e-01
9.601741311830281900e-01
-1.201489007156867572e+00
2.886161677900658806e-01
-6.744294261067010909e-01
-2.927575399743049256e-01
9.571435822146048267e-01
6.017413430499380933e-01
1.306524728863343310e-01
-6.440867570452881719e-01
-2.669920245498638711e-01
-6.166971906549323368e-01
-4.013059580619622313e-01
1.714294350890523122e-01
-1.613908818501074149e-01
-2.545753429547341073e-01
-5.207171857501567691e-02
2.027500389029959771e-02
-2.160581335569241035e-01
-1.676251149695101583e+00
2.092548160217812259e-01
5.619118443789770101e-01
1.474984772237852848e-02
-1.667769318573246451e-01
-5.035909296517615541e-01
-6.087754584228712851e-01
-1.018075260689855988e+00
1.950532386609907798e-01
3.063307052925089979e-01
4.690974707840052105e-01
-8.278200774257502559e-01
-3.903610438559625972e-01
5.802837261803397428e-01
-3.140580218413229208e-01
-3.807064791426956751e-01
-6.660347703596701807e-01
-5.385715584038393011e-01
-2.719995844677320029e+00
6.288198232318569225e-01
3.750118419336964104e-01
6.079496934840478151e-01
-3.632910818824728327e-01
2.378290594422697857e-01
-6.058876543261506598e-01
5.543170402162393706e-02
-4.687757561058230049e-01
1.836931189482422511e-01
-4.722118552899099431e-01
-5.576005843596905098e-01
-5.519145956871371883e-01
2.737839923253184704e-01
9.331890706914931777e-02
-5.228808720371069807e-02
7.134492928158097103e-01
-1.535421377224702510e+00
7.759766937620984351e-01
-6.639039571383030802e-01
1.270594517862314143e+00
-5.407605389441073607e-01
5.064932017095917782e-01
9.370907680627570402e-01
-1.139043071827709808e+00
-8.002270037223686572e-01
-1.247221339222455816e+00
1.491690761344798499e+00
6.766709455042385635e-01
1.032221357201160039e+00
-3.935563184804168890e-01
-8.782540886285786219e-03
-1.125718324267336978e+00
1.540053791794205651e+00
-3.619828466135653899e-01
-1.235507609291983888e+00
5.348621118677240327e-01
-1.005717305635795755e+00
1.091527523119549148e+00
2.974982765034728249e-02
2.782148076811886139e-01
-5.242793264389845609e-01
-1.569957013641151422e-01
-1.763875272943674632e+00
-4.818644956796929724e-01
2.355459847677645602e-01
-5.305960436173738914e-01
1.198039044761865402e+00
-7.998928159487349587e-01
-1.142910196037050241e+00
-8.607360836145596661e-01
-5.316216038895633655e-01
9.059221701485410394e-01
1.361264824812107976e+00
-4.492509371557725228e-01
-4.018438671631954229e-01
-4.321392505738243517e-01
-1.198297102305248552e-01
9.017630374406346849e-01
-1.044045842799428137e-01
1.390357225038102440e-02
-4.629773482413881425e-01
-2.777747763878523624e-01
7.493821243383408381e-01
-3.332069021666694830e-02
1.876686635288580818e-01
-9.926798811560395563e-01
-8.933808655827694123e-01
-4.523901853200886225e-01
-1.541432165690714146e-02
4.783404720816980538e-03
5.382470590740627836e-01
1.085880599099053323e-01
-1.324682523101132769e-01
-1.527838224226739650e-01
-2.340603474762787961e+00
2.618812881589269170e-01
-1.806601464826640413e+00
-2.712293252024143841e-01
-9.368299385825406000e-01
