2.633323445018858067e-01
-1.029681119105439357e+00
5.375001997242487839e-01
4.199253178353098415e-01
2.915088074829167986e-01
-3.454427606627971103e-01
-1.088390826946320278e+00
1.372740734253443895e+00
-8.991764627917944175e-01
3.185657532595446151e-01
-6.468136497705316845e-01
-1.365416022177496025e+00
-1.312779053468053236e+00
1.329488094267299858e-01
3.554036445625693430e-01
2.726632450105564320e+00
6.209002119786479756e-01
-1.789781189608272260e+00
7.590313067312471906e-01
-2.549546373706364832e+00
-8.643751372273171807e-01
1.454534827728402036e+00
-1.859121060978124129e+00
-1.368515043567953171e+00
-2.336890750806260630e+00
9.837455547704014869e-01
1.413706850864231979e-01
-3.314807598516092968e-01
1.064383971193375578e+00
-1.859083016710064484e+00
1.338874781612279019e+00
1.212798296012720156e+00
1.319160616678074938e+00
2.234188987999066178e+00
1.623439340674941667e+00
-1.224375792017301956e+00
3.882583258089141176e-01
-3.390804833643212834e+00
-1.352890842198926968e+00
7.971924328865339637e-01
-9.263064230339272676e-02
-8.800876188563214186e-02
6.768723828850593538e-01
-9.020567668877671474e-02
6.982255882452359508e-01
-3.192574931480318678e-01
7.322169339941566601e-01
-1.879054650497214762e+00
3.936720908851605305e-01
1.168392507707832983e+00
-1.534343298626831831e-01
8.212928930871650213e-01
1.056315815998079000e+00
1.358367971900974192e-01
-6.284697306621371826e-01
3.195059667044622298e+00
3.070678851603681481e-01
-2.499881152235641502e-01
5.244515503630613473e-01
-5.948701729221781420e-01
7.270827464554953101e-01
-2.877913091769132015e-01
5.310333732102630044e-01
-2.205550244040979102e+00
-6.326681501020314791e-01
1.025372754679620524e+00
-2.064944998182864366e-01
2.821384742241135779e+00
-1.406406890993048719e+00
2.129534254924289050e-01
-2.369978307458620037e-02
7.994865955662508461e-02
-1.930158526926665008e+00
1.692147165302402501e+00
-1.361985460846996343e+00
-1.221576687993621180e+00
2.379227067362911896e+00
7.462810374647181888e-01
4.333645457669930701e-01
-1.999256873997393269e+00
-1.719643011512904884e+00
5.521036075105170138e-01
-9.042366340287905091e-02
6.649246224036494679e-01
1.049416064647920255e+00
2.298772128074961785e-01
7.397795231225492429e-01
-9.891119832279133828e-01
-1.237820266391248092e+00
1.227495780190809072e+00
-4.647415936679597515e-01
-1.239056898909462578e+00
3.252583115899718158e-01
6.870050129535586469e-01
-1.344544955716059587e+00
-9.897586343934107189e-01
6.384632208071138182e-01
-3.265239457214094143e-01
7.490832152992549231e-01
-5.675886461513578451e-01
1.001013059806039163e+00
-4.578901203780587625e-01
-1.741876325632481237e-02
-2.073946398477715669e-01
-1.083704548888632990e+00
-4.816614260286459226e-01
6.926309229425001712e-01
1.007535550551320186e-01
1.545993995583961000e+00
-1.599121440752427237e+00
2.893429024324888355e-01
8.638368925539879895e-01
8.036224263403958235e-01
-8.400715671648366634e-01
-1.187844632948966139e-01
-4.642421084720286806e-01
-1.709298210319595057e+00
-7.430348952376162330e-01
-1.526982603609304379e+00
-6.790315609959620691e-01
1.644036931808002144e+00
7.169069308143316555e-03
4.348470151653044402e-01
9.537481886824630273e-01
-1.409765299970697328e+00
2.892098117953443848e-01
-4.374947805263278422e-01
2.055140537757214059e-01
1.275116484994855970e+00
-3.081033335548916119e-02
-1.009961845234157218e+00
-2.019692039167825470e+00
-2.745778057850258302e-01
2.246767187956428824e+00
-4.092368065383495401e-01
2.005421819917445059e-01
2.730373408257181223e-01
-5.667701415326589776e-02
-1.887993542268417535e+00
5.361260836397466201e-02
-8.202395435634293186e-01
-2.157287511388429335e-01
6.586558161615874152e-01
-7.835980210639572618e-01
1.242614397179366392e+00
9.534433114269833531e-01
-8.553155082537835519e-01
-1.243842173337778023e+00
2.216098946553723414e-01
-7.514163213167643907e-01
3.567331854920199330e-01
-3.096494997278925965e+00
-9.358552542404409147e-01
-8.187210536916117443e-01
4.464926273546071522e-01
5.369227506656352178e-01
-1.805370331335911960e+00
1.082159292318581434e+00
-6.361710909616030696e-01
-4.212663464676905112e-02
-8.479807861893448595e-02
-9.245847273932316090e-01
-1.700579071123148100e+00
-8.115118058050203587e-01
-7.894545716264034230e-01
2.438837467026097605e-01
-1.694010056801763808e-01
-3.599616438878495694e-01
-6.450072204443365598e-01
4.204220312923232505e-01
1.174714659612194345e-01
-2.526620089952058112e+00
9.398359931481228280e-01
7.405898159773586231e-01
3.066710127981688294e-01
5.457417380615593450e-01
-6.951539407175051366e-01
-7.169210650631800963e-01
1.149085488983936365e+00
-5.674953455354672105e-01
-1.055338271015384244e+00
1.034307360488761596e+00
-2.946321640016555388e-01
3.883869657977905288e-01
-9.288454740637501761e-01
7.893746221145662156e-01
1.128117755698990532e+00
3.436269808231076639e-01
1.149131653613098436e+00
8.015786434903602320e-01
-1.328766853652690205e+00
-4.975712107027976394e-01
9.308001555206040223e-01
1.367266943197850360e+00
-2.602540941696651622e-03
-1.850902550375543631e+00
1.346960600871407010e+00
1.616008226649632951e+00
1.784009232900405362e+00
1.774418619361561866e-01
-9.891636480563686940e-01
-3.574290977110822221e-01
-1.368511703491783471e-01
-6.720202824936789554e-01
-1.303423729328412328e-01
1.280414899891123337e+00
1.045356945283973105e-01
9.150333419542990843e-01
7.960834674498016295e-01
2.147485495063022332e-01
-8.292226097212785918e-01
-7.143697082131732490e-01
2.412680246154412234e-01
-1.302689894052115882e-01
-1.444962084401543168e+00
1.775054115352077966e-01
-1.566454946045328089e+00
-1.780511649070719016e-01
1.655394680987148481e+00
8.607751067430957637e-01
2.052638599825267196e+00
-1.066662284206799205e+00
-5.276992174151056147e-01
6.890841614510367918e-03
1.428393675958343323e+00
1.331662257594622700e-01
-4.158588280602088516e-01
5.036590982489226320e-01
1.167493696942005083e-01
1.577454562162918572e+00
1.849993119543691833e+00
2.817366531575109523e-01
-9.738306096555111591e-01
1.637829730821520169e+00
1.913640986289803836e+00
4.632431803129155035e-01
4.292428089290062365e-01
1.982575778129249011e+00
-4.375853372026610177e-01
-1.473976778323987380e-01
-1.137380441735041048e+00
-4.982709191033244389e-01
-6.928610185411698819e-01
-1.396293842813755459e+00
-2.562730712378863185e+00
-1.616628298113523265e-02
-9.622201102834072595e-01
1.034335833014357053e+00
1.188752728391499591e+00
1.081523362790834719e+00
9.902731190484297397e-01
1.266882774230551956e+00
2.951468496663952834e+00
5.042459629090926265e-01
1.091645885663414806e+00
1.935442363389845988e-01
8.959783122434222813e-01
-3.436906002491668666e-01
2.474575446531821932e+00
5.159362077480743602e-01
-2.662020609382532155e-01
9.214885958729452931e-01
-1.112325429684321687e+00
-1.043684975225426026e+00
-7.194905114323107975e-01
-6.586825893701174772e-01
-2.593275652847437218e+00
-3.763951793263886625e-01
2.646523300461815498e-01
-1.235341050720365041e+00
1.016827338297649486e-01
4.089853997157110177e-01
-9.950454954152222475e-01
-3.142185208928134910e-01
-6.488210056746230858e-01
-1.132817584108610914e-01
-1.723746864430338199e+00
5.961109083129126907e-01
4.489773042964235739e-01
-5.266278341053832746e-01
1.403007748505043173e+00
1.963464623891743699e+00
-2.087697320000131418e-01
4.756360408163929354e-01
-1.690530690742147568e+00
-4.691487712986551206e-01
5.917030796935865977e-01
4.685973623824615242e-01
-7.286611932422206728e-01
2.178101182793997295e-02
3.407527040928173823e-01
-2.502825866344512429e-01
-1.520832379791879463e+00
-1.271330889258676100e+00
-3.088088044023993839e-01
-7.878498044820613222e-01
1.230025676101050625e+00
-1.132651876475035957e+00
6.480660692480619822e-01
-7.213866678733003024e-01
-4.885242332034094859e-01
1.980519860617152850e-01
1.059813033079828104e+00
6.120565298543929611e-01
-5.438267757481761722e-01
2.286539591100503976e+00
6.430819322383471981e-01
1.684205141592653110e+00
-8.970533102360908062e-01
-2.397597765048437024e-01
-6.258596988307150166e-01
-3.824619876976499189e+00
6.667785887444256376e-01
3.955970856768331045e-01
1.481306482775538225e+00
-4.055867771519303111e-01
1.062024109477427425e+00
-2.349401634595000565e-01
1.285343841257126751e+00
8.445813292687196494e-01
1.778662703348157681e+00
3.094192145904348656e-01
1.330536451164061162e+00
8.742720783401696227e-01
-5.315116260899421796e-03
-1.340774529387106728e+00
-4.759974799201588946e-01
-4.151761464934061174e-01
5.616258973017206335e-01
-1.230149675327115055e+00
4.105750200009466999e-01
2.810346166625383724e-01
1.161632580311687146e+00
-1.865533974336798462e+00
2.442626032539774616e+00
1.601641781665186448e+00
-4.739545099852471299e-01
-2.044226003213887866e-01
1.304616091881137807e+00
9.043316680388369111e-01
-3.982647790953862676e-01
-1.720303585631031362e+00
7.957776062190957678e-01
-1.190928924335015404e+00
1.890926497905854431e+00
1.502167808032129459e+00
-5.945135137513651857e-01
1.021644918805577396e+00
-1.862735684863386920e-01
-1.271521125396140039e+00
3.076335801041939710e+00
3.094709765732018836e-01
2.908455492160469391e-01
-1.140566669069732697e+00
-6.382795168627581894e-01
1.099416801750457695e-01
1.017412584488515792e+00
-1.632720174349028497e+00
-2.926297492306170756e-02
1.346969509474104543e+00
-8.051104574807609326e-01
-6.983172642826023235e-01
2.510536975772572066e-01
6.543300485111959164e-01
-5.336504491444075127e-01
1.322257260596136241e+00
-7.636622838459969920e-01
2.984504517648631228e-01
-7.863024828552181988e-01
