-4.992013244178171716e-01
2.969851888490491754e-01
1.084030886372430613e+00
-1.394778700482328382e-01
-5.304567356094341823e-01
5.189358141782569600e-01
-4.500127717973653185e-01
3.086615106452830770e-01
2.622047611649794829e-01
-2.142294685477720007e-01
2.326067494100924615e-01
3.459132401698740145e-01
3.550010872766533043e-01
-1.204201833998842230e-01
9.455280180299048265e-01
-4.722750026407966373e-01
-1.699641335793725117e-01
5.366045368055771814e-01
-6.909616395369394537e-02
4.892351556523993894e-01
-3.178764540867722310e-01
-3.800183251770964388e-01
-5.282183122432919653e-01
-3.154845974206690329e-01
-6.507071369516980175e-01
-9.554995361490810357e-02
-7.827131304994203731e-01
1.708542809804488305e-01
1.056537623130302528e+00
-7.899621146378882353e-02
2.402143082401849428e-01
-5.133901045520250506e-01
-8.118478494114864663e-01
3.388275393113641121e-01
1.133204909199497346e+00
-8.786125878811905654e-01
-9.317550680402113539e-01
-2.106333070218187054e-01
7.517175675629220732e-01
5.214145428162372253e-01
4.558096297483003045e-01
-1.017935182136981309e+00
-3.210866250948153366e-01
1.122603970370791016e-01
-8.238231155633143343e-01
6.617025951671822170e-01
6.084758576274690300e-02
-9.421827106724849354e-01
-6.913969542142947011e-01
6.584690085766580214e-01
-1.389231154432521431e-01
-8.111993547749951627e-01
7.787671311687885956e-01
-7.846778262418426797e-01
-4.201902783873160407e-01
4.469040354057646769e-01
-5.278650796305307535e-01
-8.275323168912241956e-01
-3.529557943451822610e-01
8.116995674105811354e-01
-4.559271887921055866e-01
-4.460293146206057990e-01
-1.208811740635005183e-01
9.242154003419272845e-01
1.007796539457659790e+00
-1.780359920441063337e-01
-7.330617055165500329e-02
-2.353991647456323000e-01
3.449959269161034792e-01
-7.885146664591866639e-01
2.357668656822261566e-01
-6.405045255494162815e-01
-6.464814557364462200e-01
1.007652357936099641e+00
3.085677349379144507e-01
2.427746802420136518e-01
1.068367248476094628e-01
9.677269322260486639e-01
4.129417789293170493e-01
-5.097689892309451576e-01
-2.000857516033695827e-01
1.374738170392228453e-01
1.239557020900482753e-01
-1.855834254450457743e-01
2.350768009404522740e-01
1.763283392833590035e-01
4.637220160175330452e-01
-8.198596057080654864e-01
-2.395856366170312501e-01
8.541962874656601201e-01
4.400701996903852997e-01
-2.581103426176527549e-01
3.129250006552921071e-01
-4.046478114926931324e-01
8.915036735590617933e-01
-6.329728714658357236e-02
4.052274878969671090e-01
6.369540297234577153e-01
2.162445906679560104e-01
-6.135009729525728872e-01
-9.431469335623914318e-01
6.873317494803998784e-01
-7.533592967112826000e-03
-4.312637461854547660e-01
4.316887544619777556e-02
-7.093815171257080721e-01
-4.609248706393955786e-01
-8.101018623554393505e-01
1.231681460425350649e-01
-9.004004149071530294e-02
6.999980616534475786e-01
-5.044271859620351739e-01
-1.030227768038494002e-01
2.501922368517169315e-01
-4.573890380918526066e-01
-5.652070119869831988e-01
-1.090579984550327924e-01
-2.171417448426036512e-01
-1.622736875775002696e-01
-5.679778240177962845e-01
9.378360654571722410e-01
6.922810045567436843e-01
9.291863149265121580e-01
1.121088661637318129e+00
-6.943093690779428284e-02
-4.161126293323244574e-01
-1.245275822003533150e-01
6.496913010997240612e-01
1.113424146913674306e+00
-2.147510388126696868e-01
-1.018135669188964254e+00
-1.759151952826218668e-01
-6.037429249676240506e-01
8.445246509756322295e-01
3.162381210634156448e-01
-5.998043866611540986e-01
-9.470861426501653302e-02
-6.268458712118092357e-01
-5.033111454455028166e-01
-1.442419955295183853e-01
1.381900085933940869e-01
8.957284831633859357e-01
-1.031905463793516775e+00
-2.841962916416427842e-01
-5.073747848987759657e-01
2.650678217296653649e-01
3.044140488976981307e-01
9.199768917332273865e-01
-2.485729145051795708e-01
-6.409926168517350309e-01
-6.448513357160428061e-01
3.289221855507615255e-01
7.774919397164841151e-01
-3.119376431052648391e-01
-3.014607249403839506e-01
-3.840431812469261574e-01
-9.253077768016325644e-01
-9.306943024088983885e-01
6.079093841347111837e-01
-1.178514072240550992e-02
1.250354778128241473e-01
-1.716741259683846610e-01
1.606487065012284221e-01
6.553480114309303550e-01
4.146314516964246799e-01
-6.683410235724352999e-01
6.763022002085877782e-02
-4.631117653468200257e-01
7.440715842664999968e-01
1.653681785692601991e-01
-7.468647807112308579e-01
-3.807789686744542657e-01
1.002737715070802560e+00
6.597225538410216306e-01
-3.193994358935554612e-01
-1.502236528258321831e-02
-1.522201014587258316e-01
-7.084973863942394257e-01
-2.129577033432125122e-01
8.838978800593987328e-01
-7.460080353441982115e-02
5.052678001334083291e-01
2.547063725234234854e-01
6.523587513500817003e-01
-2.447131926890097620e-01
5.110867129308326040e-03
-6.923745827610421344e-01
3.896112873306386559e-01
3.842854879500143261e-02
3.939661551617692492e-01
2.698536077252878390e-02
-6.552973163992753536e-01
-7.109339826109827287e-01
-2.276754589390833083e-01
5.747688115622855837e-03
-2.803401811255270548e-01
-5.770381895041443165e-01
-2.244476019898227204e-01
5.118085378511528782e-01
7.309591818682503739e-01
-4.529393764809312439e-01
-9.871638884672092606e-01
4.340546932419441228e-01
5.019444832306849125e-02
-3.812115898576609596e-01
6.529120504634685629e-01
-5.175764746183941778e-01
1.829245869183930284e-01
-1.213067060306827760e-01
6.049044388914336379e-01
9.102996503464058087e-01
5.332555869459677522e-01
-4.337691027099485064e-01
2.356481040495646273e-01
-8.211162435597485487e-01
-4.025591638537681094e-01
2.472388981642324457e-01
5.080412364693501770e-01
4.365432105229148929e-01
2.977285819028199221e-01
-2.601342060095435116e-03
2.055201916023013109e-01
6.348098942656152932e-01
8.478702870285728110e-01
4.824881565606206069e-01
-9.759970797911418083e-01
-5.482205900599618209e-01
7.642496172047910097e-01
8.722411948632888823e-01
-2.827633045427997427e-01
-3.203640746739775946e-01
9.243707140122192634e-02
-3.295979519320288986e-01
-2.560975359413792396e-01
6.510547813247129501e-01
-6.277524734265776951e-01
3.909836873321849704e-01
5.485453008680900577e-01
-6.987889807151097532e-01
4.881072030592237820e-01
2.000340094158961080e-01
-1.108992562604609100e+00
1.166477505763248157e+00
2.809985052181445675e-01
-1.683945826765323173e-01
5.926001828475574440e-01
6.290879978956528396e-01
-5.838302457904761544e-01
-9.243837197494103597e-01
-8.764123069129353683e-02
-6.994625474604498905e-01
-7.465494578911626711e-01
-2.280174827359892631e-01
5.730052324833578847e-01
3.500582894115987775e-01
-2.479338603692554099e-01
3.737288492580372323e-01
-4.981009810170087815e-01
-2.441344338006630754e-01
-6.171694025504739223e-01
-7.409212284198475329e-01
-7.589200171150020102e-01
4.739423857080601876e-01
8.124717419637460525e-01
-5.032373588454085445e-01
