-1.088278233439631537e-01
-6.373130747642068161e-02
-8.991039939475230502e-01
-4.918248202560327464e-01
1.994123448102222973e+00
-9.218034569701307746e-01
-5.727644819912987018e+00
-2.710032268765980579e-01
-1.676662202878711927e+00
2.058457176678195832e+00
-1.871667392880602465e+00
4.181528154703406108e-01
-2.322824959023026103e+00
1.423707002242281749e+00
9.448958836548433382e-01
-3.809197636402772980e-01
-1.303577603983362865e+00
3.321247534676562196e+00
1.213704049879956948e+00
-2.882046547758962074e+00
-8.897801722739256958e-01
-1.069363691641573411e+00
1.348926090376172837e+00
-7.132232898968391410e-01
2.059857231616613049e+00
3.197743519224092723e-01
9.425659338605597570e-01
1.435231478176447473e+00
3.903244318387623091e-01
1.458114956184764832e+00
-6.818699516907387181e-01
4.283390626458578154e+00
9.864169989893201151e-02
-3.131563184284843482e-01
1.013652805792264022e+00
-1.113630215075247287e+00
2.404523300361603999e-01
1.860765086928147793e-01
-2.176125446227378468e+00
-1.071592689302188983e+00
1.119118031982577754e+00
4.100190367152940496e+00
-7.915123776031449121e-02
-9.052023431568478884e-01
1.005684078929940384e+00
3.537234749255087074e-01
2.140999192670375972e+00
6.906167238424500976e-01
-1.482625747272698913e+00
1.709029784364005655e-01
-2.184158392078551003e+00
-6.974909573709695998e+00
-7.156982468180408397e-01
-1.348796992936417638e+00
-1.813126421361009433e+00
9.015811138451632623e-01
3.467183412979252255e-01
-3.650704006393361983e-02
1.710564746762433863e+00
-8.845233730087140867e-01
2.231231409828669410e+00
-1.077061250563275951e+00
-1.252696845490854471e+00
-4.806816284600695099e-01
-9.314050677761762653e-01
-2.773044842342747174e+00
-1.198955976637682941e+00
8.575903587042565945e-01
1.562901097821644214e+00
6.244224922600090100e-01
-3.666626978852805863e+00
7.325702174069034234e-01
2.764834198851027658e+00
-2.749655896372657615e+00
-1.596200121625789503e+00
-1.276757129597515528e+00
3.811260455982207196e-01
-3.709804902964780604e-01
-2.352585633719145974e+00
-1.681808857549107694e+00
-8.341129645726214070e-02
2.279601958001047646e-01
-2.788016410281597413e+00
-3.972499168212673126e+00
2.975535225737682143e+00
-1.260360681716180320e+00
-1.973126707800584079e+00
4.412889825747833283e-01
9.481960734617879138e-01
-3.261716325313251397e-01
8.705171918780273410e-01
1.226427108927115928e+00
-7.490288970376675071e-01
5.047345906697241480e-01
1.387984263003357865e-01
2.337913171225635800e+00
5.252879386791904359e-01
1.863114561037455763e+00
1.830091000824491720e+00
2.786955330772965311e+00
1.375143250526864147e+00
-1.109975283147296432e+00
-7.848913437464521969e-02
-2.637927416906855616e-01
-4.996399097406585832e-01
1.514076656867731963e+00
-9.589741278413380643e-01
-1.804272970003081955e+00
1.178360867077647978e+00
3.071902335419881780e+00
6.861383982368920442e-01
1.240504206048961500e+00
-1.219148043581608498e-01
7.974656510529332110e-01
-3.361539448785854645e-01
-5.809437128659376004e-01
-7.546226269558995448e-01
3.001696508511786377e-03
7.901348891698233290e-01
-2.162759275828336047e+00
-1.536196227130461001e+00
1.390017916531529618e+00
1.204775754399265431e+00
1.247150883281063161e+00
-7.165620021932006534e-01
1.081324936898111488e-01
-1.106658604666806323e+00
-2.501699693858355111e+00
1.097815115894591020e+00
-1.041716839816835827e-01
5.637378874358995873e-01
-1.088677772064337912e+00
2.222552812976168468e+00
-3.191463992387300053e-02
1.411752140826590063e+00
1.154507247804341663e+00
-9.635563233478897649e-01
-1.373389716270708272e+00
3.915637974912234975e-01
1.788984896723269546e+00
-7.291726277585555138e-01
-1.892517425801331754e+00
7.408450356049265384e-01
4.126911040516199614e-01
-3.811123398685724695e+00
3.110989104454388698e+00
-1.572123954214195818e+00
-9.015582217877272653e-01
-5.706567350905260572e-01
4.119864881933972711e+00
-2.305442132300181690e+00
-4.011409819178671787e-01
-7.619178489452052006e-01
1.183269807681083474e+00
-3.877087583424865258e-04
-1.062686108365720639e+00
-1.021933695164850331e+00
-4.803067945279790307e-01
-2.287021360959718752e+00
3.431401316316929906e-01
6.797344988727305193e-03
8.713265265785854474e-01
-2.454805411988763453e+00
-2.877717361186689971e+00
1.125565657695223987e+00
-3.233822740672702700e+00
1.854879110398170106e+00
-1.161788549419973116e+00
-2.903743455850228194e+00
3.543218825596909927e+00
-3.358466801647665978e-01
1.090769912681118503e-01
6.052990058197844636e-01
1.974475268816454410e+00
-1.763530783750282271e-01
7.586535097973794439e-01
-1.354889595516996614e+00
-1.714834774152884656e-02
1.032168106778633687e-01
-5.100862160124985945e-02
3.628577107389111545e-01
9.975524059789043774e-01
-1.463482318609127253e-01
5.455588791977981078e-01
3.175449315729876598e-02
2.642262329068288729e+00
2.143907200618663467e+00
