-4.919724118986502637e-01
1.224477586865322098e-01
-2.378606014226135046e-01
-5.958424612442133617e-01
7.470336770684116168e-01
3.353045890842831223e-01
-2.145238063579933407e-01
5.524270036877612644e-02
-1.021932143091495160e+00
6.140251210973866058e-01
3.132482934521853002e-01
-1.177186360637105134e+00
1.009511455733106411e+00
5.282329949033245375e-01
-3.582525312586889443e-01
-5.381295900943704469e-01
-4.332746678960562869e-01
3.421392502727119700e-01
5.277115325671398738e-01
-4.191325737854792455e-01
-2.594578295131831913e-01
3.427398717167365882e-01
-1.208408620820297985e+00
-1.272648725956195159e+00
8.896113170660259195e-01
-1.089486898869739928e+00
-3.006131333372963899e-01
-7.289918882694525204e-02
7.712332796663224910e-01
4.543243207720125132e-01
-2.800257470732211984e-01
-3.293345685994305549e-01
-1.087453679158530973e+00
-7.070850289389667420e-01
-4.976809540482108885e-01
5.778073191270096665e-01
1.173536887605706874e-01
-3.062781913368486930e-02
3.615216393494566360e-01
-4.955194655260485304e-01
7.372645661015787555e-01
-7.073498221402082509e-01
3.680515298422848414e-01
1.701536797339835150e-02
-6.828073621338518473e-01
-5.778372275192024121e-01
5.223822281072401097e-01
-7.235590193135302273e-02
1.414010781476657597e+00
1.333382732487544908e+00
-5.674564116865467023e-01
9.394151444909304427e-01
1.144941175073231232e+00
1.909710507603846336e-02
-2.248449776156990487e-01
-8.966135708758540268e-01
2.556430898154944953e-01
7.540985732530408603e-01
-1.135370508653925636e+00
-6.826696328746897358e-01
-1.356242602295199218e+00
-2.006719592655459850e-01
-8.414403806202206404e-01
-6.097899810580319491e-01
1.831073333984558626e-01
1.159389276379503952e+00
1.874747506549908627e-01
6.565047430803949702e-01
9.459769411300858466e-02
1.179811183769461813e+00
-1.871078608262393417e-01
1.341156995531616936e+00
-6.785433085457841518e-01
1.287617133582481088e+00
-2.876856485097714078e-01
-4.521537187833331028e-01
-9.932745431149321291e-01
-8.194129762361240799e-01
1.486143398840009899e+00
-5.482196088806704504e-01
4.788026990051165166e-01
-4.396411274700008365e-01
-1.001022594755029083e+00
-4.015955966837542190e-03
8.911683012168554185e-01
-3.085504003823619570e-02
-1.324125234695833486e-01
6.289365905283538227e-01
-4.605687974047490418e-01
-7.044668609211277022e-02
6.908938817315125880e-02
6.337371629481238777e-01
2.962281094299779038e-01
-4.705521580809547966e-01
1.289851564859749444e-01
-4.540236181365175927e-01
4.545893493718483058e-01
-2.385003972214856660e-02
-9.740037564893867517e-01
-2.999819326583534895e-01
1.148050146164590668e+00
5.314719924010182783e-01
6.748607591905512182e-01
9.011386916879746689e-01
7.379668796785412432e-01
5.439796806589130007e-01
5.394743385894374965e-01
-2.678756433464860032e-02
-1.032131196922105421e+00
-5.998424466218271744e-01
-1.288752669701802578e-01
-1.096062012390117468e+00
-4.900379872402859660e-01
9.772940186257287332e-01
-1.367357598895312165e+00
-5.414902913644450422e-01
-5.058084160521894024e-01
2.983903067605720438e-01
-7.876458020400765037e-01
-7.367674654786141586e-01
-6.317343544161903024e-01
-8.241175295049681937e-01
8.202961257180301224e-01
-3.157817387521152930e-01
1.256336932303675491e+00
-7.454586333182142699e-01
-2.726330887663545033e-01
-3.680746517287371011e-01
-1.593783110497873245e+00
3.932524422769217987e-01
-8.985887444120245204e-01
4.871914732177446972e-01
-7.764228548617307935e-01
-8.296842847951271804e-02
-1.109883764555668728e+00
-3.564174325573179480e-01
-2.617426523340467548e-01
5.075526605082271159e-01
-9.839703038528475609e-01
-1.967111578570612460e-02
1.048090068734995439e+00
8.157548073483040785e-01
1.113510724514419570e+00
-4.922558204149323213e-01
1.139548839561879134e+00
3.813076829445497529e-01
-2.930252395640742247e-01
6.945325180250171426e-01
-2.068351485433794212e-01
-8.816639110459525419e-01
-2.966861675447878266e-01
-2.336940638214722310e-01
4.459791117045924791e-01
2.631305353540451808e-01
-3.055594553218599074e-01
6.502930368399381655e-02
3.257952236557905973e-02
2.633681117537796657e-01
3.906195408365183419e-01
-7.544451098539176614e-01
-3.923669582371049902e-01
6.268579652432002547e-01
-4.147295745212434270e-02
-2.882809065329659109e-02
-7.930999454665721426e-01
-8.729112583889041543e-01
-1.076640946062352944e+00
6.614069461350380319e-01
3.672484314680639628e-01
1.507753274453357495e+00
5.284943903370431517e-01
-5.485567124090674485e-01
5.174730581643848248e-01
9.818149551041294165e-01
6.993522627728856467e-01
9.415866789455746844e-01
-4.626375764465275875e-01
-3.004720389281532733e-01
2.530850362260742004e-01
9.056876955746888669e-01
-1.085306703668991846e+00
1.761200671758358371e-01
4.851756906800600566e-01
1.195018044467362150e+00
-2.040153972216887657e-01
2.911865998936130628e-02
3.682765949767055624e-02
1.343177474620271261e-01
-8.144698899520208535e-02
-8.588576680527697516e-01
-7.743811099758752814e-01
-4.268993232541251626e-01
5.607950744052813130e-01
-8.269310346952005730e-01
-7.003858038001765651e-01
6.495820246373343876e-01
4.008129210148699828e-01
-3.470850657319008437e-01
1.157472276176502723e-01
2.155264410605573500e-01
9.983508375778112898e-01
3.017244109882412650e-01
3.740880629613929087e-01
-3.096300260583536579e-01
-1.224242786114222437e+00
-5.049621271672818934e-02
2.588680892420022403e-02
-3.595748097173548929e-01
-5.125324620376047191e-01
-1.554964684425462762e-01
2.461294852832056346e-02
-1.007037481589366790e+00
-3.693369419814735988e-01
3.406126675723539776e-01
7.819048246956080694e-01
-3.788369727735697579e-01
1.543766103482124841e-02
3.633210468596587139e-01
-6.124012631014641439e-01
-6.344933467981372921e-02
6.803092492381032086e-01
7.779841304987727968e-01
1.350216530010422966e-02
-7.934991840572602761e-02
-9.713846343945333750e-01
1.897285438544203118e-01
4.687889872700449212e-01
3.182908505442043068e-01
-1.568624529066500184e-01
-8.055120111397712224e-01
9.841925241017210890e-01
-1.448628396872925217e+00
4.431261676868766264e-01
-5.474250527740400774e-01
4.539076271550732122e-01
-5.068199771502539253e-02
-2.474459745780096531e-01
-4.776057572424814435e-01
-4.859079059124633004e-01
-7.847895743539792246e-01
-1.623772768972274516e+00
3.601375926061380350e-01
2.789126514419622560e-01
3.156513943025218150e-01
-2.533623383741403501e-01
-9.248072979229660096e-01
5.841982575986136572e-01
-7.851362650519767561e-01
-4.768943298251632767e-01
9.979381087780154758e-01
-7.597061723012427104e-01
9.664048898235509943e-01
2.985912180805260219e-01
7.593178053260229987e-01
8.291009856071236694e-02
-1.317287545759171952e+00
-1.193751573996375104e+00
1.068339959343738377e+00
7.542896053330475636e-01
6.738862833457718304e-01
-2.066954184132135386e-01
-1.402668917749796962e-01
-8.051045536218981447e-02
-4.889980195206710123e-01
4.787013758985910195e-01
-9.250823314650079565e-01
5.297559932827398260e-02
4.485080591328465260e-01
-8.291339115090550216e-01
3.298836765227300960e-01
2.570620848913929835e-01
-2.146740543513810384e-01
1.129936811977754196e+00
2.713789425862306315e-02
-1.258333459834503953e+00
-1.303824586703170807e+00
-7.086574363467406101e-01
-5.087955953178785462e-01
-1.338009350487574967e+00
2.619485218337670451e-01
6.357897107047409957e-01
-2.358052668994264911e-01
-1.579416985245180594e-01
-3.580725706339160652e-03
-5.162157499281662121e-01
-1.265099450266342185e+00
7.170632495339118728e-01
3.308382616604872983e-01
8.716398915622199928e-01
-1.107850710284603579e+00
-5.347733914583113757e-02
-1.184520724213722787e+00
-2.776693312343901932e-01
-5.036463454960600217e-01
1.244793759044930725e+00
-7.894279620487960614e-01
3.467249032540087872e-01
1.904844845061332281e-01
-9.549506279704187417e-01
-9.094891743444514232e-01
-2.995852629679153778e-01
-7.381780580900337840e-02
1.523922438799330259e-01
-5.053262107657394697e-01
-1.039675914936119439e+00
9.121787506524293709e-01
3.773210256229704296e-01
3.854086228458333818e-01
-3.937505606778263223e-01
-3.990415119863269799e-01
5.127308048441222565e-01
-5.086992080926313609e-01
1.535833313037389569e+00
3.397028233496445226e-01
6.868432810144551315e-01
-4.244499589055185096e-01
-1.512435033056713118e+00
5.237181140704736393e-01
5.643542266781969019e-01
-5.795904009805413759e-01
4.962127760846053448e-01
1.250792942493597071e-01
-6.568503734658015514e-01
2.030643565054557897e-01
-2.597466425156274017e-01
-5.503592010265661028e-01
1.160197294593340311e+00
-2.819694850730783409e-01
8.493086562083550506e-01
4.448879687982354447e-01
3.233497853441645864e-01
8.096095024392895301e-01
9.930284456649119962e-01
1.114081020704222214e+00
-7.528000594692063618e-01
-1.134078901686087715e+00
-1.482146616160510133e-01
-1.002291945110366456e+00
4.970478398942004272e-01
3.031156642361256814e-01
9.051355675174866944e-01
-6.431076756466640454e-01
-7.966617205105386290e-01
-5.781388343348539127e-01
-9.653970274559287024e-01
-2.551102362402044577e-01
-6.466920120535551986e-01
4.691218780905205832e-01
-2.927860124928020058e-01
5.001153958891974005e-01
-5.179877791275282473e-01
-6.907519123725408550e-01
-5.251765273590421890e-01
-3.766153191984153437e-01
1.138339608078941856e+00
2.583759450554051762e-02
1.141611761155220339e+00
6.979052923335774539e-01
-3.488406313469338826e-01
1.362024674189641626e-01
-1.325633116662865707e-01
-2.396246494234005320e-01
-6.401203121605698598e-01
-4.801073507981925004e-01
8.773743134283035205e-01
-3.434814271050143919e-01
3.261700288587083829e-01
-2.206100878458963910e-01
-4.425598925814605011e-01
