-3.520467401565942622e-01
-8.027524014517353201e-01
3.202263387144799189e-01
2.179270338167011156e-01
9.489723622106801537e-01
-3.724259842904508178e-01
7.195451669956787200e-01
7.663428645876926293e-01
4.314993898121414206e-01
-2.120708812722099379e-01
-6.616468152585417428e-01
2.247342401783888610e-01
-1.373211692949467988e+00
-1.261704558610573290e+00
-2.969926233814965677e-01
-1.082972986836485907e+00
-3.618988463552186285e-02
-1.441442727011413849e-01
3.952405904868384612e-01
-5.522074885513917897e-01
-2.517185164786347462e-01
3.405405699196055735e-01
6.718441954518525328e-02
-6.051506283592854585e-01
7.872336639157390126e-02
4.896513429583429500e-02
2.562039059016382181e-01
3.710398538501018945e-02
7.306763690054477456e-01
1.048178734236555054e-01
-1.443054068532553802e-01
6.018350892778179251e-01
-5.432077795363075001e-01
-1.533821443072874713e-01
3.136066176845923037e-01
1.236580258996431203e+00
6.492903078225049640e-01
-1.434251157329057280e+00
9.483821168500913834e-02
-1.057732896255890953e+00
7.122825842849599409e-01
3.963654907608375466e-01
4.070399989978853439e-01
-5.324013901007228489e-01
-1.157620794483771975e+00
-8.201584660413874239e-01
5.402864140698790951e-01
-5.653964358822638481e-01
3.962512333868957182e-01
-6.610922580235567558e-01
-8.454475278589244081e-01
-2.596899481681961275e-01
1.102709907318900395e+00
-4.593096873069275055e-01
1.813301421900966881e-01
1.189245274167874677e-01
2.011513878942290945e-01
3.693972028918108830e-01
-1.027098918146843509e+00
9.788293033340451643e-01
-2.615425423548844996e-01
1.035953571610594981e+00
4.017115652810133164e-01
8.319906635785903060e-01
8.223756089297277194e-01
-1.296762349592373020e-01
3.690641726457174338e-02
2.997876887186993744e-01
4.871793608610854309e-01
2.246630378568544584e-01
8.555054159592542229e-01
-1.977850697397817992e-01
-5.607935404431328985e-01
1.813678592418712654e-01
3.619882332375314732e-02
1.078652842916915544e+00
-8.455968778809676012e-01
3.607446743517088161e-01
-3.869374981364209765e-02
-6.798758823334716261e-01
6.890088743179013653e-01
1.342828552001778419e+00
6.332782758912210985e-01
-7.945898257418275712e-01
5.957649700902275525e-01
9.030889248921698531e-01
3.669077957306744464e-01
-9.176900740190363504e-01
-1.759809367736797636e-02
-9.083993975738092752e-01
4.123199641827289819e-01
-3.585166345968781032e-01
9.468025777830468837e-02
6.817369911400557037e-01
-4.268213300781755759e-01
4.427791768669033790e-01
-9.216680173737933357e-01
5.284998375738891863e-02
-1.057362111094094503e-01
3.263340232206971003e-02
-2.554579776869590479e-01
2.413384448258484860e-01
-2.527157546910509534e-01
3.319031982574703332e-01
6.113651063423701792e-01
3.165361101521120268e-01
3.792619524237391682e-01
1.732778765288469081e-01
8.212973326849237754e-01
3.356265297249750867e-01
-9.463376958490569979e-02
-5.291538799007321214e-02
-1.045757657464029267e+00
6.325528347228956960e-01
-8.901377176958670256e-01
2.948598665868322199e-01
-4.031976122970446497e-01
-4.090671902279683914e-01
-9.237480511148851714e-02
-4.513271853205007567e-01
-9.296493586832410561e-01
-1.856722511543767717e-01
-3.002238551451219539e-01
1.965798319198270444e-02
5.205055766990016042e-02
-9.717001135093998876e-01
-2.063231567764182983e-01
-7.234719392174444597e-01
-6.223715806732071920e-02
1.325688296374185171e+00
-3.813461093115337874e-01
4.498321591138082498e-01
2.360297166051000817e-02
-4.981885563150582202e-02
7.891899157297679879e-02
5.799824268156940077e-01
-5.770493748585964200e-01
2.013219235472363533e-01
6.643227302807672707e-01
2.558074967419812773e-01
6.714839070823919176e-01
-4.539204360873691502e-02
-1.893678762457016163e-01
2.503143464888659686e-01
2.109897718591708382e-01
-1.017859907874172576e+00
7.332331126617867012e-01
-9.728195708285898302e-01
8.764336825496676919e-02
-6.422860742388533106e-01
3.968299556152030116e-01
-5.494742320187575579e-01
-1.000137881041487375e-01
1.793883844663275440e-01
-5.814960090432317319e-01
-2.756618586281074368e-01
5.590909304388544943e-01
9.351753172219183785e-01
7.589776141062269943e-01
4.455308509387136406e-01
3.700653744261668820e-01
7.174106843038092762e-01
9.098456666447685137e-02
-6.701059645361285844e-01
-8.892502277209474171e-01
-7.940882962886636198e-01
-2.457944030220749476e-01
4.506957214927987954e-01
-1.002522069683724926e+00
1.188329776453928233e+00
-9.032435918304804190e-02
-1.014451996545153278e+00
1.101821965561176730e+00
1.500845631243468703e-01
1.738177109795980835e-01
-7.240002510572618455e-01
-3.040984543613133029e-02
7.503309527526238476e-01
-1.235622695736442678e+00
-2.834076196269413872e-01
1.585532548109324508e-02
-1.854727485596307512e-01
-6.743418250989747786e-01
-1.395968219517476905e-01
7.821906974618535457e-01
-7.168113220114131767e-01
-1.089566223317864901e+00
9.092108397764967487e-01
8.845764545682536228e-01
-6.238334471233687450e-01
7.235361737879572042e-01
-4.003770914401459935e-01
-9.165502323064467216e-01
-4.659512440827514035e-01
-2.996414013796928066e-01
4.278210313865202785e-01
5.156352333044349479e-01
2.538597632882719224e-01
-7.885856507957739181e-01
5.251958238328171547e-01
-8.787075448641065711e-02
-7.206456413153012885e-01
-6.319045066146338208e-01
-5.751752186805351164e-01
1.270334316927747231e+00
5.225404333559221515e-01
3.543271007066189360e-01
-3.299081648108266596e-02
-6.675758778134921467e-01
-3.646102148562247458e-01
-4.030553674350702276e-02
2.137623915706378663e-01
6.946527067342489481e-01
-5.036957430049105594e-02
2.960277783230435555e-01
4.517201992829674717e-01
2.333668426430919318e-01
5.420362523404702593e-01
4.105269540983341181e-01
-7.189293072471967250e-01
7.374220405515262700e-01
2.473941760700005821e-01
-9.385568782638754881e-02
1.013439681763007583e+00
-8.643280687017032005e-01
-6.475253923618743412e-01
-1.129591711059644066e+00
-4.629823574752198745e-01
1.213754161968923218e-01
1.665085299392409235e-01
3.057365517326074422e-01
-4.760067519621166005e-02
-5.717151270808819297e-02
-7.347845843154191536e-01
7.957590839142260064e-01
-6.175864359177590801e-01
-5.830304751332365115e-02
-8.933687472067539104e-02
1.047742437661501880e+00
4.332579271495357598e-01
-6.119516647595264480e-01
-9.001732753792286434e-01
1.117307631826581105e+00
-6.365043113853936507e-01
1.448078277698993666e-01
-1.094135179272136993e+00
-2.981535390318177381e-01
4.482723218547283173e-01
-1.160960523564149360e+00
5.188585947507318163e-01
5.992695937848255827e-01
-2.800634774716287412e-01
8.768777706779267156e-01
8.542671974163434934e-01
-7.142620451878147758e-01
-8.093319514997481257e-01
2.052949335894228566e-01
3.648595937058782823e-01
3.614582174983275720e-01
-2.852162305172867285e-01
-2.338552749287982624e-01
6.712206820685957531e-01
-2.157170616766020399e-01
-1.884542922510277774e-01
-3.862704879485652776e-01
