-1.202049818049046204e+00
7.900634844864607986e-01
8.630663205683426487e-01
2.737849578729972810e-01
5.445560995689838757e-01
-8.057318161445357063e-01
4.471811364623131668e-01
-2.753500806604441964e-01
6.113901498223448527e-01
4.453544667456855177e-01
-3.595691647182176487e-01
-5.182611036968337581e-01
-6.286775128141797175e-01
8.315461398714872887e-01
5.946093007895304761e-02
-1.278249968649689094e+00
-2.694974910106777699e-01
6.527178594307478932e-01
-6.912847194623615854e-01
7.158036733503129190e-01
7.767976771464455421e-01
2.175803018131141631e-01
2.176752101017835894e-01
6.158780773263728969e-01
-1.105745053088856622e+00
1.002699943236073921e-01
3.100842522618508790e-01
1.017140316003830147e+00
5.187201874275487734e-01
1.387875408604604399e-01
-5.475927243089357965e-01
2.428857824417729461e-02
-5.623630358159418252e-01
-7.592718935307117833e-01
-6.332585634718954637e-01
-4.873311553281692854e-01
6.203803737819073572e-01
-1.155935276546038226e+00
3.443710952612630272e-02
-7.151015473266298939e-01
6.978155630757874039e-01
-1.542224616841004342e-02
-4.115688726994553570e-01
-1.594709408154523500e-01
-7.838835324714610309e-01
-8.321066368735487995e-01
-6.969626999909628307e-01
4.351166191942560935e-01
-7.343670935979148551e-01
2.681782827417272808e-01
5.919212637866845261e-01
8.155707560299396697e-01
4.730577757248791149e-03
5.143163974486408829e-02
-1.745445029804747472e-01
-2.624438687078855525e-01
9.214175621290532359e-01
3.236712153848571583e-01
9.484996749230482915e-02
-5.444200790811013629e-02
-8.862128087103493534e-01
-2.502073309678566337e-01
-1.221870646410679662e+00
2.970524943743347857e-01
2.203595787509764203e-01
4.155312236588308838e-01
2.774327884709520409e-01
-5.911735402742892553e-01
-1.135588419363737556e+00
-1.208962826332630608e-01
-1.834304346203532443e-01
7.560527816078757013e-01
2.263531438554121922e-01
8.009840582496077221e-01
4.582517275759205311e-01
-4.074715586509454202e-01
-7.122112842551741041e-01
1.555349146765482082e+00
-8.267051215971051858e-01
-7.820944866567101084e-01
1.155556762132240012e+00
-9.411817276589874437e-01
-9.577930118375628243e-01
1.896129269165409692e-01
-7.107920330984697221e-01
-1.070595128122743711e+00
5.742226963424548192e-01
1.066038834605602004e+00
9.366461232857965502e-01
1.446456091603353089e-01
8.479865181485660708e-01
2.094697211587878694e-02
-4.047189769002668136e-01
6.971102293960240726e-01
8.817403996838166780e-01
5.171686918576179348e-02
-8.151714010340149752e-02
-1.340927583370892240e+00
1.436184376824822806e-01
-6.738120463749706079e-01
7.554308400186839079e-02
5.365939598231199703e-01
-4.430105674024666373e-01
3.404847078631837443e-01
6.384846586883002884e-02
-1.370894227410726751e+00
6.710771673012841942e-01
3.641462239481432772e-02
-4.262478850813696818e-01
5.998314593930557104e-01
-5.547787812754877423e-01
1.411150123748846630e-01
3.393983720919570568e-01
8.614445201887772630e-01
-5.805238594233197436e-01
-2.136103560979651927e-01
5.539752689858028489e-01
-5.702448066087969503e-01
-6.881404825405555981e-01
-2.786660017994961880e-01
6.283202691974011378e-01
6.418065645142886355e-01
2.485757839433795913e-01
1.626905579721313333e-01
4.599081613961063519e-01
-5.989126440697445375e-01
2.040562022513507379e-01
2.945447158684244560e-01
-1.597031895090299525e+00
-7.794260902190632834e-01
-7.336650766365643284e-01
4.773033479799768664e-01
4.020572414029413566e-01
-9.893879360298502013e-01
2.362394287618618527e-01
6.471936058922987678e-02
4.495631365133689883e-02
-5.143200823851087344e-01
-6.130616926561485158e-01
9.049261261786633037e-01
7.596965487636747616e-01
1.471406841325184622e-03
9.044052319838263854e-01
3.438338368184139515e-01
1.112321737396007482e+00
-9.579328676338058068e-01
-1.405013537228775866e-01
9.481020106230961808e-01
-6.706719926191463399e-01
8.933214940996152542e-01
1.139808959351927831e+00
-5.986484612956446405e-01
-9.993783844768767688e-01
1.133904314058398644e+00
-9.192568110830551253e-01
5.667677209505123104e-01
-2.033484058561663144e-01
-7.033635658151780046e-01
1.258534662570849116e+00
-6.845908606542564501e-01
-8.341739407907642484e-03
-2.205393498879214542e-01
-1.356134564391623165e+00
-5.462810670563864601e-01
8.513264130959038445e-01
-3.145913116103137841e-01
8.276163913995221444e-02
-9.530257212243982146e-01
1.158525028479099050e-01
8.886483616407334640e-01
-6.062424843319289547e-01
-7.275402656166263249e-01
-6.248178081733463118e-02
1.327024903228742614e-01
-6.411689463026170044e-01
-1.200453679638764926e-01
1.868633302710717425e-01
1.028392857657425274e+00
4.954276416593199062e-01
3.506790152472600286e-01
-1.725419847902982529e-01
2.526754346669030649e-01
5.875742972115470808e-01
-1.313375847069349733e+00
-4.653315816343079336e-01
1.438695706299960575e-01
7.725244876601317090e-02
4.747199315980683565e-01
1.065760531071956008e+00
1.363099408881763563e-01
1.696846603464230441e-02
-7.876018789867387238e-01
3.656529855627208003e-01
2.681937732981456435e-01
6.652463086260216318e-01
-8.764255956756930033e-01
2.521104347105517229e-01
2.764679896975301698e-01
1.143158057502629887e+00
-1.290819653515178356e-01
-9.770730518074838278e-02
-1.256604523457037326e+00
-4.888365245687014554e-03
-1.592810934512032262e-01
1.207969060994108279e+00
-7.629318289380290219e-01
-1.086779135710332911e+00
-4.804743259184584003e-01
4.982022955338335501e-01
6.936159130518823046e-01
8.118300968153344677e-01
-1.610402021220491697e+00
-5.674396348191430572e-01
-5.497437812807658419e-01
-6.182058861656261617e-02
-7.523676009069006909e-01
3.133121920271819127e-01
5.423474027126015118e-01
7.937327686757288392e-01
3.877970821851162708e-01
7.846484334148058348e-01
-1.023901318316663200e+00
6.424891031206778624e-01
-1.175552757568583573e+00
-9.374655522705762634e-01
-6.892057339338188982e-01
-5.357163584670321388e-01
-5.472625878682615408e-01
-4.816636627585763053e-01
-3.594965731044516555e-01
-4.067344644641326390e-01
-6.816867555190668782e-01
-6.409425898190539428e-01
-2.567088458029376796e-01
4.810659459307081720e-01
-7.884347386760125476e-01
-5.781737950703298434e-01
-9.862657064191551193e-01
-9.643125680481379192e-01
-5.091791933512774815e-01
-9.238834013263232947e-01
-1.683330907611860217e-01
-1.086429560606806621e+00
4.625615725147182444e-01
9.803855158603810294e-01
-1.031943536280676144e+00
-4.036189741451619017e-01
-9.783689849571197694e-02
8.453028168692697242e-02
1.462832275675289395e+00
-8.392121592131434049e-01
-1.925728785297157186e-01
2.018873545211643805e-01
3.757302421970820649e-01
-2.201539817212253836e-01
-6.403176929278190377e-01
5.839603525068112200e-01
-1.010252024243794677e+00
1.741543595556270529e-01
-2.979316668400379675e-01
-5.056227668492389027e-01
-7.926534007285374051e-01
8.526709953252544771e-01
-8.278023884304871460e-01
1.055893473711893016e+00
-1.088657669204876166e+00
-3.731434497165792702e-02
3.411138443692909861e-01
8.672510140788799449e-01
6.283219370636721202e-01
8.291787028559440831e-01
-8.001747260994767075e-01
-2.393232202457853397e-01
-2.462923166364506811e-01
-2.512931705235230129e-01
-1.632953474005809369e-01
-2.352160113818795029e-01
4.010997420049436935e-01
-3.654642055501901576e-01
-1.023344287014170406e-01
7.679922440813127249e-01
6.747399954696469138e-01
-1.552884137485557869e-01
-1.370649189499250908e-01
1.567659161137153201e-01
3.530298797656176990e-02
-1.358895962997447859e-01
6.502343164303203693e-02
1.539074070652158566e-01
2.999215718382217677e-01
1.707120803555977617e-01
1.267395413386388503e-01
-8.912997674689571159e-01
4.959437351810164207e-01
1.086107554211923898e-01
-1.491739617446926625e-01
3.533206418877397614e-01
1.116519592106506753e+00
-7.085205925777400271e-01
1.708029380841557809e-01
8.654706644640147717e-02
-7.934556130747641434e-02
5.218736911172769388e-02
7.645971493031481492e-01
1.091407654563091301e-01
7.120873520060140294e-01
8.591092246961551382e-01
-8.819061848482992461e-02
-6.653196680864905677e-01
9.334739789915496022e-01
-9.356645307490872865e-01
5.242330666676597861e-02
2.173587337188539192e-01
5.320020530749252075e-01
-8.340738849578754888e-01
-7.791381511946653404e-01
-4.592367414462862341e-01
-9.566489602762581201e-01
-6.059357528027133899e-01
2.316603603339399964e-01
-5.910594567855531611e-02
3.322245552481123965e-01
1.211092649064012594e+00
7.593219295759072451e-02
-6.770394322124562159e-01
-9.612056195837161976e-01
9.734114084846435810e-01
2.154929368618560270e-01
-7.056467449744964204e-01
-1.114208721238601596e+00
-1.278154071503112110e+00
8.151814297499663242e-01
-1.235110766179911446e+00
9.016492970233647153e-01
2.258814793625387174e-01
-1.035264128010374707e+00
5.421732806404059302e-01
1.513665022342503830e-01
-3.428130671550201347e-01
-5.212783966601697294e-01
4.109869364649568757e-01
2.655273810460014317e-01
-3.866421307205615276e-01
-5.080557609832159205e-01
8.079805499272517677e-01
8.788149045961541894e-01
-2.117247991528557749e-02
-9.494344579095356229e-01
-5.708003386064133267e-01
-3.312286048481427603e-01
-6.466724765970407462e-01
-1.222425144777802009e-01
3.879378131688756004e-01
-3.153944438262007433e-01
-2.510385724802121077e-01
5.003150822470449344e-02
1.109702846476287919e+00
-2.180741560311421912e-01
-7.163806033784236860e-02
2.403306768597719967e-01
-3.528839624408290909e-01
-6.140705216962473456e-02
-5.946604438973687179e-01
-5.906452255556097208e-01
-4.260129403197994158e-01
4.691084386430268149e-01
7.917604266312344707e-01
-9.075445286322703087e-01
-8.431027730574048862e-01
