7.427095050553836897e-01
-2.317301585179134260e-01
-5.964497658290157656e-01
-1.089653750860654968e+00
2.801497120982649469e-01
5.343406778324558681e-01
-2.876293765639338917e-01
3.519570814006705017e-01
1.060556165599863432e+00
4.464035840738590083e-02
-1.771748611811406748e-01
5.965199592596559519e-01
-3.254216531609370744e-01
1.640511479109448834e-01
-9.035718001312094128e-01
7.549310854452873087e-01
7.967310821806748988e-01
3.928667844338574744e-01
-5.174808872085011613e-01
-7.971931311529469877e-01
-1.108516245761144825e+00
3.114930475553849831e-01
-1.389021558143252788e+00
1.496052063881993188e+00
7.050806587929412395e-01
-2.176004862452869393e-01
-1.089838068948887490e-02
3.071081940576451674e-01
5.028327884319258589e-02
4.713810925044060740e-01
3.237740545406778137e-01
-4.973070006152571776e-01
-4.990877469576416869e-01
5.404907613007624567e-01
5.227069392410852444e-01
1.336883192532596354e-01
-1.253017094733265058e+00
7.258150713660719289e-01
7.258239967415462957e-01
-3.388330804931496965e-01
-7.554234614645796153e-01
-5.488734616493562424e-01
-5.974905887368063828e-01
-1.729189837720681855e-01
-1.268007527968830206e-01
4.670086272076723333e-01
-1.114880027857324540e-01
-5.342516889283059900e-01
-2.308971453554102271e-01
-6.548988911169180138e-01
-2.200424609748466154e-01
-9.563112500947628103e-01
-6.061039331677476882e-01
-4.660430594929576564e-01
2.251055597979836342e-01
1.549024389750806474e+00
4.311790414789668513e-01
5.955654854796404996e-01
-1.330496769614253338e-01
-1.825118048765593803e-01
-1.056039078261334696e+00
-4.537825638851238352e-01
-5.515611992420581533e-01
-1.376297733616698160e+00
1.306364436176431054e+00
-5.366948470084116352e-01
-1.376837097593149595e-01
-1.265862883239600389e+00
1.303709492655596991e+00
-3.259609576921597140e-01
-2.757414182027579930e-01
7.752472016764793139e-01
5.873505858972598581e-01
-7.696019840925231170e-01
-9.315701459811029372e-02
-1.014509311908031508e+00
2.443197025022644520e-01
-1.475252675501798061e+00
3.401529397301709667e-01
-5.338352031101520900e-01
1.036001691469565500e-01
1.385754734982650171e-01
-3.198078200943592631e-01
-5.524678551475673549e-01
1.092793833744501342e+00
4.237452077681561624e-01
3.972238343730745691e-01
4.811391166784567686e-02
-1.277564251619491831e+00
3.845371954105114565e-02
1.207588497069377098e+00
-6.116730297982310161e-01
-6.709462319140022113e-02
-7.430551767035324939e-01
-4.491472604583742201e-01
1.429743060458832926e-01
3.693093212386477364e-01
-6.913790910035789716e-01
1.311123484765675418e+00
2.232766510271730065e-01
1.248573387298629767e+00
7.470848145201098855e-01
7.521941939734522187e-01
8.928609898916133325e-01
-5.191802577858549705e-01
7.362942444317467361e-01
-1.251102698319737083e+00
4.651573061378988516e-01
-1.064966873619833665e+00
4.218229314915510897e-01
8.059899510676520329e-01
-4.717444305090046086e-01
-9.172808615074355965e-01
3.677566532074715289e-01
-1.345305676259243466e+00
-1.063267630454594492e+00
-1.010091679347228100e+00
-2.244861373988058517e-01
6.441384770700346873e-01
5.940563283569726405e-01
-1.718708114929894171e+00
-7.106131613181365658e-01
7.280872801344662193e-01
-9.891827614461961016e-01
8.374779206582836366e-01
-4.454885948885737856e-01
-1.125081944827957647e+00
6.192396158240406900e-02
-5.782457179527104030e-01
1.096075051182233695e+00
-6.832967865654564488e-01
7.492337506634665356e-01
1.408767362398666290e-02
-1.005762210204506957e+00
3.468368564296204215e-01
-8.378508413859029336e-01
7.478492993447655168e-01
-5.194467049688573645e-01
2.428743873247985463e-01
1.109772878610602587e-01
2.419532526053647103e-03
8.115496146959148005e-01
-1.106135070015950850e-01
6.644107682080178101e-01
-4.441297647241577162e-01
-3.816112301375572669e-01
1.452416720626251934e+00
8.906061672944547425e-01
4.968000532079372422e-02
1.183428097887259389e-01
-8.406970115547872657e-01
-1.043753066817159070e+00
-5.994679390858361767e-01
7.069412389324339907e-01
-1.064378911607710143e-01
8.899834833857769301e-01
9.184679035490309063e-02
-1.025144742737676751e+00
-1.077467115923996799e+00
6.003903763192949272e-01
-4.803144168269869452e-01
-3.189771728240371473e-01
1.106781078017552877e+00
-6.936132692601709726e-01
1.614842822531679101e+00
-6.269376666780778207e-01
-1.100015693666316130e+00
-2.773971928286330102e-01
4.220979754178807442e-01
-2.164919246066430158e-01
-1.395905973014412438e-01
6.146136157559930480e-01
4.503812967753497709e-01
-8.881003330808616703e-01
-6.044712269710539321e-01
1.367036493877807068e-01
2.703414144985119005e-01
-1.221477149866309952e+00
1.004866964509863347e+00
-3.128840214561213751e-01
-1.959122436510997434e-01
-9.376008736182191161e-02
7.452545392862444107e-01
-9.318449142831983223e-02
1.086563221271836521e-01
-9.136952329240367598e-01
-5.645694870187314973e-02
8.211483162519201962e-01
-3.694054087824178434e-01
-1.471349736947730469e-01
-9.789260704015627645e-01
-1.207428401341929414e+00
-1.123633933820377795e+00
1.708597527708950459e-01
4.958768865474402210e-01
-1.364770044611411270e+00
-1.458082965201889514e-01
-1.376742906521369214e+00
4.650342693894964907e-01
-1.627870237196785252e+00
-6.207494992241315845e-01
-5.011664448808469396e-01
1.218198778750358757e+00
-3.048170284691920084e-01
5.290024664905922380e-01
1.562517750233083369e-01
3.539281552201034575e-01
6.317193176429951595e-01
-1.249195592345666711e-01
5.855747105450116452e-01
2.694204827480334852e-01
1.015968910187797336e+00
-4.320167916964200439e-01
4.677497330339195902e-01
4.167592062707398681e-01
-6.373759310738396078e-01
7.406630012989610101e-01
1.092751714215732112e-01
-4.471682408738079650e-01
-7.910407998666545426e-01
8.121837339159623248e-01
-1.669188195868444302e-01
3.671229519326035806e-01
1.726205274767047548e+00
9.415764836128591719e-01
-9.821475765049394457e-01
-2.594141242149791693e-01
7.105145591187058685e-01
1.244072906472124984e+00
-4.221186049646636906e-01
-6.227917271681817635e-01
-4.356844831959898467e-01
1.489923235350538722e-01
2.932236902081469809e-02
7.199217674409142953e-01
-9.069566027918172235e-01
2.255866193564806110e-01
-5.796811900068605805e-01
8.399423974587812980e-01
4.178388521598186967e-01
1.452561396595983823e+00
-1.123263302464500235e+00
1.978603520239103075e-01
6.730631160845209626e-01
7.053203275997120825e-01
-4.180712050306346628e-01
6.685135210360707014e-02
-5.403899953823418922e-01
5.145831145176825716e-01
-7.514682429418552134e-01
7.168972561849798475e-03
2.844907932311613319e-01
-7.291070874142571157e-01
6.895015392544532329e-01
-9.013916788574534156e-01
1.170098434373510132e+00
3.463448229302595882e-01
7.165056207036148150e-02
5.873373141232273581e-02
-2.637544687180712333e-02
-5.915818758522176646e-01
4.680164965781646313e-01
-1.094372180680480033e+00
-1.607433559277978707e+00
4.594452029078514022e-01
2.165250949710074979e-01
-8.727955601285484200e-01
-2.027731490314727214e+00
-3.027802949596127002e-02
3.364436407649528116e-01
5.330921816794711443e-01
9.447806537815958139e-01
2.907267499089880580e-01
-1.249900304444268473e+00
-5.356955109498607870e-01
9.700493982531303017e-01
2.516809928279214459e-01
6.133366239898978556e-01
2.775854986790325385e-01
1.007131384997526968e+00
-2.779819424231250169e-02
1.857201025462965061e-02
8.131980577607065275e-01
-7.816122265299934035e-01
-8.548644841171952891e-01
-3.897231299841038554e-01
3.546255488101641151e-01
5.248721257186259592e-01
-3.034701207526994682e-01
2.773984466796663995e-01
-2.893253896061556141e-01
-7.866933004584297784e-01
-1.290354714285183890e+00
1.039475095494722945e+00
-8.073729582390966331e-02
-1.230666362950576520e+00
2.629801809007223934e-01
-1.285292117779741061e-01
3.162046948925481549e-02
-3.117937563932580147e-01
-6.858630419506891451e-01
9.175421539026299422e-01
-1.225070196302167069e-01
-9.507323345064651043e-01
-8.247465491875448640e-01
1.355032864038841822e+00
1.179968545995163653e+00
-4.577867570006285969e-02
-1.541707487597486326e+00
-5.023114824553650548e-01
-7.673551942591272379e-01
3.111893942779803135e-01
-6.192711644940674942e-01
7.318346748397157597e-01
-9.297982840997451870e-01
2.118382055096068028e-01
-8.772797454449456911e-01
-1.328880312140396924e+00
-3.146622579431979094e-01
-4.504640927116009830e-01
7.245672291601743531e-01
-3.912138882523597538e-01
-4.107754903649771250e-01
4.489179403497443044e-01
-1.224940547527236134e+00
-6.398802288740743638e-01
5.061922331978667700e-01
6.122823274066836463e-01
1.148542804874255752e-01
-6.121620037389670088e-01
5.771513311438739580e-01
-5.108011610017831883e-01
4.173293913603864369e-01
9.684063205695094823e-01
-5.190340609441412845e-01
-1.842744149473040660e-01
2.314706752073326101e-01
-1.111107153758651656e+00
2.645506892780580821e-01
7.203566233759646220e-01
2.793918999004035841e-01
-6.590718995566696714e-01
-1.425799374285523058e+00
-1.790038414555084056e+00
6.901769122939396262e-01
6.445725750200077542e-01
4.771661533533604893e-01
7.775199023873951010e-01
-2.971621389777058253e-01
-4.059943118170392662e-01
1.163683411128850764e+00
-4.486494408032044579e-01
9.997614861000915232e-01
1.393251907271005230e+00
7.076049621749432861e-01
-7.798957358231906056e-01
5.335896250847117495e-01
7.829959315778221018e-01
1.559965974142084044e-01
-7.166667291290517161e-01
-8.447880698707846969e-01
-4.942742211120565443e-03
1.342906448860027968e+00
4.881106387036453498e-01
2.297328306342683035e-01
-6.473017684812146788e-01
-4.402551629285972878e-01
1.029314353829670903e-01
-5.247721291567944979e-01
