4.805124599443706401e-01
-3.158230137561601758e-01
-1.026142702345431257e+00
-1.561540153184509450e+00
-6.965039681659833670e-01
4.163375940821880672e-01
-5.339257786127882266e-01
1.311333994420232685e+00
1.411763393215097251e+00
-7.494071783209848014e-01
-1.193702134219411792e-01
-2.879267149724981101e-01
1.171432770236934706e+00
2.106834475120071382e+00
5.789605088267588684e-01
-1.096013580884446004e+00
-3.612230920374153720e-01
2.217707695193217032e-01
1.413382335296135217e+00
-1.238123554422334349e+00
-1.332274583310338434e+00
-7.202888820457247210e-01
7.285474045614969141e-01
-8.463888555702692162e-01
-4.949583132721488976e-01
-2.816951123751810782e-01
2.097421389438660633e+00
1.573460128235609545e+00
-6.534848055158386515e-01
-1.557338921874615645e+00
-1.045808689172690875e-01
1.785070067867642774e+00
8.138345769558650300e-01
7.842488877085390664e-01
-3.663226260498532172e-01
1.230085065469482597e+00
1.338355475974463138e+00
-1.823432365700638824e+00
-1.141404637756722185e-01
2.042731652942120668e+00
1.147942395687813866e+00
1.088804483834331788e-01
4.245792742287605170e-01
-1.507674934853694637e+00
1.665889760468656777e-01
3.977757423877224530e-01
4.781450462201907170e-01
-6.469519374900317699e-02
1.098965405160810205e+00
-1.973888590094157847e+00
-1.425621725545402452e+00
9.903485839302176297e-01
-9.531461897901107871e-01
-3.337753798756612489e-01
-9.102271461953448384e-01
-1.142761161857113628e+00
5.463763462937346604e-01
1.266274176467193202e+00
1.116089554810539619e+00
-7.103689313052465870e-01
2.445734606472671213e-01
-1.188280682154652323e+00
1.802533715107067280e+00
-6.327685999662774341e-02
-9.455831627135372619e-01
-3.442519312692640110e-01
9.361146645888093198e-01
-5.634787745647136248e-01
-3.023562375972685512e+00
-4.916329051258395699e-01
-1.367308149967768394e+00
1.357377455578720138e+00
-2.118662851174443418e+00
-9.479051856263067677e-01
1.071611851035735752e+00
8.458135908642228085e-01
1.888620434036224260e+00
6.540361701278638584e-01
1.241819301569838663e+00
1.137004762951701942e+00
-2.601601079604303202e+00
1.163128576454629082e+00
1.692214936707162332e-01
-4.369865532319606727e-01
-1.102005897712122096e+00
9.589778116919890349e-01
-2.260995862683716218e-01
-6.496841957282083468e-01
1.037702611116252838e+00
2.349636992701828464e-01
1.191807165063539342e+00
1.548187395230354424e+00
7.895606319565007247e-01
1.162258170752746844e+00
-7.676855630648424800e-01
7.194390057329822508e-01
-9.004084078915018940e-01
3.513798491186903017e-01
1.144781140336859737e+00
-1.066654642344726511e+00
1.597384403782082574e+00
-9.879386227434396872e-01
-6.019761940452464932e-01
1.315391922550474657e+00
1.071165438948617821e+00
-9.629459416319239295e-01
-6.282446138759079091e-01
1.994601796396824556e+00
9.455512963172132412e-01
-1.282812031729787083e+00
1.434256428908570635e+00
1.380999734648651556e+00
-2.712187112926744970e-01
2.128061972583208394e+00
-2.100903217308738857e-01
4.374324799752672965e-01
-6.095107457882384394e-02
-7.539399210554554864e-01
2.806558730847465988e-01
9.743617330333732562e-01
-2.009829524295736469e-01
2.933906338142083792e-01
-1.228689868486918746e+00
2.415088035924154664e+00
-1.298612311019412324e+00
-9.791859653047475520e-01
-1.611392713241041053e+00
1.037225300272948125e-01
-5.970973112010317108e-01
3.941513513331985075e-01
1.331846036740858663e+00
-2.608506534229229068e+00
6.657650864690933812e-01
-2.329428151501224509e+00
9.856382188379149145e-01
-1.711244191566581918e+00
1.248422913594838590e+00
2.533524651945426864e-01
-3.366768190551784889e-01
-1.391257642957543506e-01
5.129935769675073587e-01
1.951814838901855254e-02
4.972532644784799505e-01
1.505411019817221696e+00
-1.307451684176864859e+00
2.351703515381013965e+00
1.947655027500757030e-01
-9.248716254010652671e-01
3.344127450415398162e+00
-6.401310415152553501e-01
1.563407865707506783e+00
1.060954772777359167e+00
-1.508107604844552418e-01
-1.218312003388598797e+00
-2.408910509951830980e-01
5.961575736918796053e-01
-1.033502175153603098e+00
-6.361596534725464380e-01
1.883444348709461813e-01
-1.236553684238921980e+00
-5.500775697564410649e-01
-2.635341343832204863e+00
-1.814466859823873790e+00
-1.419116546566924875e+00
-5.699570008869558890e-01
1.502431478024702116e+00
-8.147746111229838828e-01
2.075712815700750724e+00
1.946951877645432871e+00
7.897995366777459392e-01
2.382292184672853530e+00
-4.989013418070701311e-01
1.761599054293453426e-01
1.619043449534093515e+00
1.058359332104193140e-01
1.070849144749489168e-01
2.135522838192020600e+00
2.160416142947960139e-01
1.027646200170929003e+00
-7.936177711100441678e-01
-1.863614737785493636e-01
-8.829814305648233663e-01
5.068715730699921984e-01
6.007361242208846264e-01
-1.916522837425111980e-01
8.420991676494710143e-01
1.723868298878518779e+00
1.283681276968026141e+00
-1.894349566476374758e+00
-2.283540788589289439e-01
1.328407864980853670e-01
1.036257633192793293e+00
1.042039647801920044e-01
-3.058960735645174234e-01
-1.268886992709450157e+00
-1.668008901843547109e+00
-3.733638093334961661e-01
-1.293129528440630782e+00
1.635744193300119553e+00
1.561751292544559355e+00
5.248785042235413201e-01
-3.982073684142116154e-01
4.054491983232381136e-01
1.442961574959560123e+00
-2.750828425456341292e-02
4.847113865007109806e-02
-5.747600570623645488e-01
1.443848248123692279e+00
6.558685331208827796e-01
1.512653662026426815e+00
2.584836730629593404e+00
-1.410574213417255640e+00
1.731092080934867328e-01
-1.485686309277421069e+00
-3.403678571562470667e-01
1.297287684614700565e+00
8.067728949078533107e-01
1.978945842914697550e+00
-1.278706335247573156e+00
1.261388647450883527e+00
-3.996581144328467117e-01
-8.945919966172717341e-01
-5.819989393618705265e-01
-9.148081370655963829e-02
3.097492874109281091e-01
-1.114548097502387813e+00
1.630288726836065960e+00
-4.280153234468304924e-02
-1.488497360189559249e+00
7.946684314165260998e-01
-9.535950423363930284e-01
1.205789384923705576e-01
5.799342928361681526e-01
1.295926130082857508e+00
-1.689048223573662577e+00
3.321657913641168358e-01
9.684592685429107561e-01
-2.393406219577735694e+00
-8.939148485406325229e-01
-5.635096018228333836e-01
-1.294187221586019954e+00
8.614397167720253545e-01
-1.290855038296810919e+00
-1.112210491883946384e+00
-5.536592517763684329e-01
-3.424180998776170382e-02
1.563220235380858192e+00
-3.918009530340362812e-01
8.261104359284298093e-01
8.466425421778321636e-02
6.587837961855722568e-01
-5.279818493148966674e-01
-8.443005656391878722e-01
3.281392540658757406e-01
-1.082618121072919992e+00
-2.366131379897596365e-01
-4.702412612460510344e-01
-9.202651489770535820e-01
1.904846481915294820e+00
-4.780725484799799307e-01
3.474473572830693024e-01
8.873240672693905040e-01
1.707367601266413182e+00
-6.725684909483148344e-01
-9.467203482037203632e-02
7.254057669075151260e-01
-1.176373137624653786e+00
-1.724272343242523986e+00
-1.283049057594464859e+00
-8.250446797411288280e-01
2.449149114697916296e+00
6.285085563032447031e-02
-1.238156062245666517e-01
-7.216789915467411998e-01
1.004341088011439842e+00
1.661067797655634948e+00
-3.614991052399818550e-01
-6.374487794719373435e-01
-1.811226077462975370e+00
-2.354276412911615601e-01
-7.594899911336253640e-01
-4.060619101179900603e-02
-1.012572883915209498e+00
-6.034259485155478719e-01
-7.752536145956756553e-01
7.237209404575004057e-02
-8.902194349081188340e-02
-2.103832349536648660e+00
-2.687244113035130999e-01
-3.528865175126258413e-02
1.524047926674621189e+00
-1.586990375982281432e+00
-1.156365750072234411e+00
-2.810482826816225188e-01
-8.317593049909188796e-01
-2.399958348623726923e-01
1.472026883768319250e+00
-1.022215043936630097e-01
1.127892422160657215e+00
6.375644265926915244e-01
2.100806736361050753e+00
6.403661404809479762e-01
7.313350002319006782e-01
-4.250941236794543165e-01
-4.523167097035073470e-01
1.356318058076404265e+00
1.904421133878247685e-01
1.349917437454883684e+00
9.889854509750261036e-01
1.461966291314635846e+00
-4.766301594039161205e-01
1.416004088810559614e+00
1.014675495736277799e+00
-9.042401678304300139e-03
-6.714102004526750767e-01
-1.458470784752191607e-01
1.768561331942752446e+00
2.433891594739302722e+00
3.284584811755044687e+00
-4.155626409687538936e-01
-1.140852406801782237e+00
7.532080732239132548e-01
4.805344824511259549e-01
3.313510541391411768e-01
-8.490762203571337041e-01
1.192344888182136131e+00
-1.238816457675998572e+00
-1.578834066479441578e+00
-3.021309629572043742e-01
-1.177461022160319448e+00
2.295283030806915647e+00
4.236542929123403578e-01
5.489485519941248448e-01
9.199288431069582161e-01
1.450961470641459083e+00
-4.328261277863945655e-01
-2.565258843930451893e-01
-1.079082349214969039e+00
-6.515106950608562375e-01
1.303796723592073603e-01
8.853669277763146495e-01
7.268874648799648064e-01
1.136534991100455194e+00
-1.261015322779317493e+00
1.129180316286770180e+00
-1.581904249376262284e+00
-3.101616112747430654e-01
1.126641388383124776e+00
2.747410638685940723e-02
1.024318848835015450e+00
-1.320213676826420990e+00
8.551385062403545068e-02
-1.663723919094750814e+00
-9.070969000074871058e-01
-7.482436152496200199e-01
-6.211703941119186556e-01
-1.397450911464813261e+00
-8.947980279100015144e-03
-1.490018554393056860e+00
-7.839901281122945154e-01
1.765115023593199162e+00
-2.009307723182818251e+00
-1.149389554319889761e+00
-1.110264407781596407e+00
1.530847024996187189e+00
-2.295746047519805266e+00
-2.276424951310124234e-02
1.602304231568716097e-01
-1.713906480027286072e+00
