8.717982072335445087e-01
-5.307944421464374507e-01
-2.730359739495096250e-01
1.451746269491820174e+00
4.573955807929490081e-01
1.168443530016830822e-01
5.602368541604076935e-01
-3.361948177937271742e-01
6.925644545435554189e-01
2.561181899194863165e-01
4.667830375913405994e-01
-2.165150017515264369e-01
-1.327285930404330072e+00
-6.935729159097437924e-01
7.570430695110914598e-01
1.411942860015592105e+00
-4.093239014612536364e-01
3.350165318832399319e-01
3.813083457381821195e-01
1.340522253049588608e+00
-1.437759747616919936e+00
3.712544058158639970e-01
-4.183518989919544073e-01
9.055250014606424092e-01
-2.269030674086192911e-01
6.724303548070500458e-01
-4.531649164054533940e-02
2.323485110991236335e-01
-1.159491487249861619e+00
-1.283771400471371393e+00
6.177938146217177851e-01
-4.160711684909366159e-01
-3.923724300963459255e-01
9.781441573855645943e-01
5.455929170720664745e-01
-2.348979964200942350e-01
1.254101068464834601e+00
-6.620517878603817685e-01
4.697904298051885918e-01
-6.349475714931026582e-01
-7.592622180284626099e-01
-3.355548502868260785e-01
-1.647878618895443958e+00
3.103039877161928861e-01
-2.124232907307762042e-01
-1.578289129320203654e-01
2.632950031667892765e-01
-1.202532893101798006e+00
6.187084797991384555e-01
8.106999534408545482e-01
-4.170132944073078329e-01
5.272189896632515360e-01
5.220071616887144161e-01
-1.295991721144215347e+00
-9.643179657373086577e-01
2.377292006233552857e-01
-1.496028333683713241e-01
4.085025317863960614e-02
1.019369692956591245e-01
-8.629198793000902867e-02
1.853738907751857345e-01
8.362837738764447582e-02
-3.274831311934681133e-01
-1.047359545279995530e+00
9.251608109350015763e-01
3.561758365035664897e-01
8.469928203049927884e-01
6.663584491619150008e-01
1.794819494634575519e-01
8.527693246708039077e-01
-4.758761468385728222e-01
9.931884338281721236e-02
3.366167393811242414e-01
-6.164125977799153056e-01
5.169396536891530669e-01
1.120577103881376102e+00
8.950305604010700966e-01
-5.586461569091957235e-01
-1.106216166505433973e+00
-4.198408513326070679e-01
1.836185615603620480e-01
3.912916048273999414e-01
-7.546772532901780961e-01
-2.623154757666720793e-01
2.191309655601524076e-01
2.139163004860080985e-01
-1.622863197169402305e+00
-9.499193886665261433e-01
9.565448963351427802e-02
6.675415954708269553e-03
1.811101723888453030e+00
3.575348406095805731e-01
1.069098674985906605e-01
-8.029322684453020775e-01
-1.389134192107981836e+00
-9.898313508156875162e-01
2.750628074426290093e-01
-4.397348610214248943e-01
4.744428118868306843e-01
-5.211009989429766787e-01
1.306456316008079099e+00
-8.420642729273422056e-01
1.415934452437660473e-01
-1.086405940046638596e+00
-8.982830218692549051e-01
-1.962308696085546256e-02
-3.540183975833233188e-02
-1.215110977244274748e+00
-1.463584345803582210e+00
-1.602446713597958927e-01
-1.321325185775506394e+00
-1.008900453603028408e-01
4.037567534534531322e-01
-1.333854435520935855e+00
1.384082445987006027e-01
-1.045560948574186660e-01
1.924702046808742795e-01
-1.936646494654899353e+00
2.546421680153582723e-01
-1.019590469114283193e+00
1.079004239238255280e+00
-4.719846269357970137e-01
1.248278947963819663e+00
4.813994984378271447e-01
1.231811802431218295e-01
-1.743839221221948454e+00
3.844526251808706441e-01
-5.891422027025791652e-02
6.059398197127032759e-01
1.912840348011755898e-01
1.740612146129419113e-01
-7.172859899768994074e-01
-7.551357997482428530e-01
-3.259525002996506715e-01
-6.451029564684087614e-01
5.799843893625874491e-01
-2.051815328328853716e-01
-1.503025223808949429e+00
3.610852134982315831e-01
2.297555235336965207e-01
6.812180590215201059e-01
3.349490504034722260e-01
-4.378586463345618407e-02
-7.587729451914752010e-01
1.902407813803261294e-01
-3.255285440018393373e-01
-6.950390470235032758e-01
-3.364190238141258060e-01
5.208385031285087674e-01
1.252157616732301193e-01
2.700236528074850262e-01
-3.364464453631689778e-01
-5.744669168143319293e-01
9.218865015902768523e-01
-1.068382339640543410e+00
-1.865424955758540060e-01
-6.119117714730115676e-01
6.001821058315530699e-01
-6.449304385917392635e-01
3.069598475112993996e-01
-3.290717120732085665e-01
-2.389142332249774570e-01
1.146659034103749919e+00
8.353880832227776887e-01
-1.554875065118005439e+00
2.858503488871164677e-01
-1.353827898537284913e+00
-4.563692604967991562e-01
9.639057698378344918e-01
9.996122971997674078e-01
-7.794611194603535687e-01
-9.871712593361210430e-01
-7.743275823989459461e-01
-8.120602462957005052e-02
-7.789097447904330673e-01
-1.479264845064615641e-01
3.865132885499399373e-01
-4.732487384110433543e-02
-3.031818100303258490e-01
8.120593951666739141e-01
9.771308513155929631e-01
1.795123168551794324e+00
2.389864011409287836e-01
-1.013408572048409617e+00
-1.465023156866696707e+00
-4.858419649945716623e-02
-2.211292078556932050e-01
-4.718545926184966599e-01
-5.439737787226271992e-01
-7.032922007770829875e-01
3.109765050145472109e-01
1.408998253699061953e-01
1.178415230000437186e-01
2.474581756594660120e-01
5.028193105762106263e-02
-3.762793916902970048e-01
-1.493574933788455184e-02
-6.570577833831456882e-01
3.688841374844881171e-01
1.055466106292606510e+00
-2.611889048369262500e-01
-2.244132452036955883e+00
3.253992852415073245e-03
-1.269970669523582119e-01
8.157122167350674413e-01
-4.556802603731286427e-01
1.212812188329243090e-01
3.576703700964797283e-01
-1.614004093867570377e-01
-8.480901815454779946e-01
-5.884188567640619150e-01
9.528790332969331311e-01
-1.226879096317726736e+00
3.952988547964257360e-01
6.410431226248110015e-01
1.229454396423064422e+00
-3.417235221653067700e-01
1.882770156146535978e+00
-6.959698564697916479e-02
4.850470180704957723e-01
-1.327001417313197651e+00
6.730186739829968623e-01
2.092412148783567183e+00
3.890084967926554782e-01
-3.752635832119068371e-01
2.845351863045130769e-01
-1.124419324232498241e+00
1.075261040715526306e+00
-7.993180513205990767e-01
-1.014501650530745813e+00
7.285395467088735533e-01
-3.676042953981946138e-01
3.858197837861324780e-02
2.312980423852807332e-01
-1.132044195858632918e+00
1.495983523299215245e-01
7.473885642981932254e-01
-4.516453038998468617e-01
9.504285060172219801e-02
-1.164003405284143700e+00
1.858020580494403329e-01
8.568284599909510302e-01
-5.160897367684030845e-01
-4.335028911197719714e-01
-7.332765205021378740e-01
6.112765028007087764e-01
-1.243078725950117258e+00
1.058668097625187432e+00
1.396092031095183428e+00
6.946372914155860556e-01
1.143158916695914407e+00
-2.475746533435886909e-01
-1.309859552055266496e+00
7.679609442912646577e-02
8.809270807706257589e-01
3.245839554890134204e-01
1.394990093985088997e-01
-4.346877465029989063e-01
-5.315431017406351266e-01
-9.161240373099688306e-01
-2.605324277311684145e-01
2.110662453576032660e-01
1.346608842079255908e+00
-3.096286549354271833e-01
1.014550164229695295e-01
8.497033453693985106e-01
-8.949571493977451775e-01
1.249393138347855946e-02
-5.928159135572620420e-01
9.409968473683141266e-01
-1.849387370916579232e-01
5.449954140459085661e-01
8.331707873871480041e-01
-3.834354092467899267e-01
2.785190335387530691e-01
-1.519908930005656522e+00
-5.494642117805952075e-02
8.908773601103773254e-01
-2.010585690466233089e-01
-7.647385156190069644e-01
-2.372493110737777244e-01
2.826551323490186229e-01
-6.851208398349936668e-02
2.849016540245837836e-01
3.641982266871425233e-01
-1.267932346160193902e+00
-1.866790176675236779e-01
-5.376084652762623817e-01
-6.573367818977350341e-01
-8.778266046230784325e-02
-3.471005330886975382e-01
-4.463147315813797977e-02
-6.593681836169172639e-02
5.124807243845799221e-01
-6.294655684552435959e-01
-1.084292157376792076e+00
-3.740474883837971998e-01
6.958337113469099666e-01
-6.552257900890469111e-01
3.055967304871878842e-01
-1.384444303191149639e-01
7.786619614197589634e-01
1.257406467067911926e-02
1.488866643616483909e+00
1.093241522899386808e+00
7.340650552402736562e-01
-2.814110626323871323e-01
1.573300206782529409e-01
2.826442695994094700e-01
8.175913399457818143e-01
-5.765186273077425039e-01
-1.588586825730279317e+00
-3.674992184619058078e-02
-4.579335198712104482e-01
-1.448471711922283411e+00
-1.569930812239203943e+00
9.127503033456607628e-01
-5.368604543516943689e-02
1.137868119657639010e+00
1.221470041124827155e+00
-5.000621514872852780e-01
-1.062820601452669766e+00
2.213553415353089471e-01
-1.528837800726186691e+00
-2.216685908172569552e-01
7.082637461084028141e-01
-4.233617742613865476e-01
3.876863977721567434e-01
9.181543930983542268e-01
-9.614447271767215808e-01
-3.693924780384202355e-01
3.593500858577883816e-01
4.170501287719698413e-01
3.497126318786596411e-01
1.186423885348589558e+00
1.033303673235082543e-01
5.681376631336577665e-01
7.601277244223356711e-01
1.348824277996064858e+00
3.794809356070707462e-01
-4.701331194974067706e-01
1.595730888839887174e-01
-7.562875234801019753e-01
6.703629878351365923e-01
-4.795503816172084210e-01
1.471883263346516479e-01
1.172221993125691419e+00
-2.555128805837436623e-01
-4.131737927426162860e-02
7.654637015736222017e-01
7.356649437413809861e-03
7.665175115762798974e-01
1.541694644689632354e-01
-4.009245504868111931e-01
-1.160240833087177598e-01
2.315376313408051556e-01
4.929523466862272829e-01
9.255005247630945231e-01
-9.815182694945991937e-01
4.541207127058375925e-01
2.484431485104440229e-01
-2.783931645568178403e-01
7.575999576409649106e-02
2.951415087475256493e-01
1.531788491184243872e-01
-1.372793541728042577e+00
1.385349672290565048e-01
3.538340000819815145e-01
-1.842497049442781143e-01
