1.107228141148711709e-01
1.080784508339360350e+00
-1.287264386888252954e+00
-1.086551046074734961e+00
9.683826891097052636e-01
-1.972385469729061036e-01
-2.352778297725515166e+00
3.830881261730603171e-01
-1.094203582242208594e-01
7.828383222270300923e-01
3.778129892566960968e-01
-6.396710524051386626e-01
-1.079880387842924616e+00
8.839721093919441497e-01
3.751133610999142776e-01
1.212276477944151720e+00
-4.207882467286717665e-01
-4.643217238890567922e-01
5.886786532434405972e-01
-2.415354354013918847e-01
-7.026552778516885756e-01
1.100177079768816235e-01
-1.905297367218701465e+00
1.308297035257598884e+00
2.768741517569119015e+00
2.326809068929902580e-01
3.881607298654186078e-01
-4.449541813490967557e-02
4.500740632426915577e-01
1.972329340991515911e+00
1.291785618125551149e+00
1.623075547245163675e+00
-9.711115585752719825e-01
6.984899740705201587e-01
-5.438522824219117480e-01
8.294005186896609150e-01
-1.223051426009691633e+00
-4.811585612788143451e-01
1.726382981843884723e+00
-1.667183856358189331e+00
-2.372771761918247790e+00
-3.605253678303642351e-02
-2.120203402009763205e-01
5.761394232959743400e-01
-4.509515048139131066e-01
1.521148078765651723e+00
8.004199270310078385e-01
7.161110640578684239e-02
-9.626388592092222085e-01
-5.259482542539061223e-01
6.976716892492311750e-01
9.606710273754491547e-02
-8.489167832304480577e-01
-1.028851940689217592e+00
8.068396695775859051e-02
-2.925428182662507814e-01
-1.063236392898932181e-01
7.668915774324320811e-01
-9.269827459430577399e-01
1.982611108982491599e-01
1.964541467457327606e+00
9.794925770082276717e-01
-8.510596429613129232e-02
-2.307275030050240372e-01
2.927015384917447949e-01
-7.070337692527853823e-01
-7.588718543129868710e-01
6.697623496801264897e-01
2.145563123067085187e-01
1.486267207708513949e+00
-5.259390345830705638e-01
-2.358046997465925276e+00
-1.617048835612786783e+00
-1.309978773169844235e+00
4.882124402006430830e-01
3.189240562985417582e-01
-2.879921113809156274e-01
-2.450618716725340152e-01
1.543981597217470192e+00
-1.208692463717840226e+00
-9.734899013753751662e-01
4.979315297740788959e-01
1.083782955279140869e-01
-2.608308942174060174e-01
-4.534802250331076978e-01
-8.068106447048515317e-01
5.392573526388227956e-01
5.231707489994585902e-02
4.532563835315694956e-03
-4.258773858977860649e-01
-1.702152650158074820e+00
-3.057622756730520308e-01
1.774157230459089685e-01
1.818727821113726162e-01
-6.137797237354815083e-01
1.220622181691007446e+00
-6.277062467975955684e-01
1.664597969881484563e+00
-1.146743617258549230e+00
3.600371907628303059e-01
-4.115661665947780712e-01
5.495532503180794448e-01
-5.986476124138462307e-02
1.332965311062432656e+00
-3.948745022930608140e-01
1.834324099869150793e+00
3.337089264120466914e-01
-7.524545664971518111e-01
3.097065191946993257e-01
-1.356670273246346925e+00
-1.851768971436951461e-01
1.213436535905666247e+00
7.847764548209100077e+00
1.798692884697525640e+00
-1.065092123472417107e+00
-3.881726236175918332e-02
-8.384092184559003291e-01
-1.133514354310029837e-01
-1.924765476209944204e-02
9.988512490041220326e-01
1.551767835134978402e-01
2.732455863472726398e-01
-3.078373594436842886e-01
-1.587244720028416989e+00
-7.314825457625171445e-01
3.148550590944413585e+00
5.440467079336679390e-01
-9.513853402090932665e-01
-1.650595798709405093e+00
-2.171629962575721481e-02
-4.833970835851516545e-01
-8.754811849847785599e-01
2.178270663184331268e-02
3.259442213997861160e+00
-1.135362887296766099e-01
-5.186599972480964160e-01
-1.908352923918997801e-01
-2.944947798399683014e-01
-7.861784999718235412e-02
5.112421932745413178e-02
-6.940126725668349650e-02
-6.253230800389285582e-01
-6.197535708491934692e-01
1.045705413710511955e+00
5.204076302633624529e-01
3.572813294002099571e+00
-5.277462520992087791e-01
5.008297856684404969e-01
1.170957672688649254e+00
-1.329106846023764721e+00
8.771651728857053909e-01
-8.593434902032979217e-01
-1.408505450812460147e+00
-5.151641973971737620e+00
-3.807653011590722558e-01
2.299308825885978180e+00
2.108350786591154158e+00
-1.751997684775803976e-01
-2.753230754925815593e-01
5.786113891777753260e-01
3.663781108419982280e-01
6.875376291718332533e-01
-9.715516526283412002e-01
2.921980067928458547e-01
-4.359679118864276948e-01
4.497424452380915927e-02
2.908207538360671474e-04
-5.256001423280770579e-01
-5.748835104565108711e-01
2.117075196065139331e-01
-3.728872527014975291e-01
-6.847003073157864605e-01
-3.711267850191802831e-01
7.401740716269036291e-01
-1.684951158669035776e-01
-1.094914465553617378e+00
5.280097615104355491e-01
3.894407640975233731e-02
-1.570740372890491177e+00
2.137267739010688672e+00
4.277365277393979093e-01
-1.500707923623449958e+00
2.403332928593689133e-02
1.705643515359368978e+00
1.109866676249525730e-01
-2.720325284712260538e-01
-4.038875064160289408e-01
