-3.543441341233580233e-02
2.278485249534509371e+00
4.052618454270834336e-01
-2.081301370547151919e+00
2.385242088177969233e+00
-7.145419144609114204e-01
8.565784933461417783e-02
4.616050454940457404e-01
1.260796198646241262e+00
-1.252667271806208404e+00
-3.887106742934984815e-01
7.962821390651124709e-01
-1.912917328690985297e+00
-2.495237924303677080e-01
-5.560571103438570750e-01
2.050310034147965754e-01
-3.086842429449199177e-01
-5.919981487201197989e-02
2.195739831105210094e-01
1.366966806116141075e+00
4.221871963266187744e-01
-1.444114568213376693e+00
2.704975582421760283e+00
-1.334320110699437345e+00
1.310116902678248874e-01
-1.830025751845603121e-01
9.502361951997908562e-01
-1.596091257036212907e+00
-2.109367129311917055e-01
-1.217412900453794355e+00
6.117189722426363829e-01
9.325582490631705301e-01
-3.110820574977195552e-01
6.491438808655508597e-02
-4.049602712518369785e+00
-7.419332659244963768e-01
2.272729468627143312e+00
-6.699148271713244451e-01
2.458969023872462412e+00
7.074963790252056239e-02
1.675486622417131644e-01
1.096130190948255700e-01
-2.722650689394423562e-02
-3.386303275825834458e+00
9.589650579446754586e-01
-1.724713077221989577e-01
-4.990199491357426353e+00
-2.479019756853949374e+00
-1.417694105549781813e+00
7.271428762232765575e-01
-3.678396907576690911e-01
-1.362978629683709642e+00
1.707560001792054249e+00
-8.614233191776853316e-01
-3.700505390256531024e-01
-9.422898351428076191e-01
3.772392354819352533e+00
2.127824172628911548e-02
-4.148118893339347579e+00
-2.438606330662287380e+00
-6.709007180394443992e-02
1.353253691006827131e+00
3.932518180216044712e-01
-1.541090391058607789e+00
5.562564225583570554e-01
2.010468818389717249e+00
-1.598653992803078294e+00
6.756266971634556917e-01
9.408108525216004603e-01
1.343001199742683616e+00
2.854598272859320551e-01
2.342604830099532798e+00
5.686384161830844164e-01
-3.799866925002243212e-02
3.528273577282314277e-01
1.729197819280510195e+00
-1.351246079419612944e-01
1.187543671978771531e+00
-2.184189899372408483e+00
2.567226078771475684e-01
9.742536384701536711e-01
1.557500009379404471e+00
2.762590631608154546e+00
6.591939199083695078e-01
8.189979193236526234e-01
-8.643248589026777395e-01
9.294259432106137808e-01
9.753566050905471130e-01
1.052554619057411323e+00
-4.898460023311224099e-01
8.929432394333715051e-01
6.450070196559603009e-01
-3.334402472152436792e-01
4.386449220676172933e-01
-7.778538016316596249e-01
-1.794409094598053978e+00
-2.217776067476241231e+00
5.506090254711659693e-03
-5.673929893314432205e-01
1.051683279777683999e-01
-7.852678638281207490e-01
-4.367599372808820268e-01
-4.873896488352372103e+00
-2.267955167675941741e+00
-5.152867578907766033e-01
-1.574279241998792100e+00
2.018573193766647567e+00
8.450421013352118482e-01
3.756070700824902242e-01
-1.616033520453084460e+00
2.158289517698093740e-01
1.359280023626026068e-01
-7.681816486245462983e-02
-2.605729458272501020e-01
-3.595924372308922923e-02
-1.471626715812148767e+00
6.963259825859258179e-02
4.595398746448686733e-01
-1.334511503629207230e+00
-6.670950466167346882e-01
1.970463245818373954e+00
-7.860995106160715284e-01
3.253608299999255493e-01
-6.174636665486366027e-01
1.783326839323825519e-01
-2.063947084077293603e-01
1.070926751563124224e+00
2.298532483180203201e+00
2.442776122586887144e+00
-8.883794901417680911e-01
-1.255206925006686625e+00
-3.708860381770896497e-01
-2.371404999134436586e+00
7.710003442413262409e-01
-1.368161639195133894e+00
-1.428154342297049517e+00
1.122183827775549286e-01
8.315118020446842229e-01
3.091453156287913284e-01
1.191801216834745825e+00
-1.695571679743350213e+00
-2.189480231799733612e-01
5.381725915419962591e-01
1.779723024009513654e+00
2.396119747231877373e-01
1.699680854779306305e-01
-1.722665154780870678e+00
-1.116153290263035558e+00
1.013638573585235791e+00
1.456735437700514613e+00
2.029159359667771223e-01
-5.070156339502343013e-01
-3.195830632278581218e-01
-1.401520061778131820e+00
-9.356822630232071170e-01
9.669655522810847170e-01
8.992634761393094589e-01
1.385597522074615284e+00
1.501865677495728857e+00
1.382945069238448621e+00
1.173087635894931369e+00
-2.084311190807000003e+00
1.242122875060909903e+00
8.686956744729643631e-01
-2.060523687104922619e+00
5.264687802127008265e-01
8.947631672889871934e-01
7.163913925579336039e-01
1.405647521006784917e+00
2.274807295955448172e+00
-1.336548003867921164e-01
6.366857589390090277e-01
-3.382578133204154347e-01
2.129243574920260063e+00
-7.520047195918915239e-01
1.060483916802428261e+00
7.366173193379311757e-01
-1.915873741435142552e+00
1.501917766008206007e-02
-4.002625445186657194e-01
-5.003966788812260758e-01
1.024706196979557893e+00
2.148795675631867574e+00
4.737522145850582844e-01
-4.153102661331690149e-01
-9.819707945666945603e-01
4.674518795307646690e-01
