-2.758689676295013271e+00
-5.281604857464732738e+00
-5.314439172653415699e-01
2.584736970029640091e+00
-3.016982051996320191e+00
5.055189319408780690e+00
-1.341109708405367806e+00
1.692362293321995059e+00
-1.170805447864107507e-01
-2.123588864330776538e-01
2.918781655345860093e-01
2.083272246391685845e-01
-1.668704860658003053e+00
1.141971071862939890e+00
-2.771113550572942841e-01
1.581197455077491543e-01
7.100443025216227055e-02
1.464616739182329486e+00
2.385551297395472670e+00
-4.459962998890992125e+00
-5.504948329959146180e-01
3.017952855643180055e-01
2.214864753163318767e+00
-6.780344901070706198e-02
-1.044779625046504012e+00
-2.374179872183100337e-01
4.170485708653695611e-02
-4.790811702158468410e-01
1.690127913492436573e-01
9.077094903994167296e-01
7.674549646976043249e-01
1.205522144218428959e+00
2.880527599350611201e+00
-2.289599073602479606e+00
1.970924164835988757e-01
6.851135159169738920e-01
-8.362767467579496072e-03
-5.037971226994832907e-01
-3.555718786354528094e-02
9.676495669039456016e-02
-7.007372896791206340e-01
2.028256723379774917e-01
2.618200869742244308e+00
3.599064383051818472e-02
1.493874898689917519e-01
5.209080099050236168e-01
2.631248560154567651e-01
-2.055588213688755439e-01
3.257776130025129113e+00
6.030744160859833336e-01
-2.044731868770360284e-01
-2.873723746754958119e-01
1.043138901665502605e+00
1.298891230372601235e+00
5.242601662299770648e-01
-2.286843220792605658e-01
7.252016600255489776e-01
2.804118558606923939e-01
2.790722649293188695e+00
1.529587988432741907e+00
-2.081145616555503675e-01
3.026235804350910219e-02
-1.971588748705333849e+00
3.235135818606048597e-01
-1.659828791537249215e-01
1.111941302104178186e+00
1.340149406085711536e+00
-7.164281018612441709e-01
-1.714376734707032224e+00
-1.700840322766190571e+00
4.618284494056291711e-01
-7.225645601647834315e-02
1.111327156257096993e+00
2.033118045996882728e+00
-5.482940258230672992e-01
9.485984890519785218e-01
-5.647121860097195523e+00
-7.418517419370209698e-01
-2.220797037913324168e+00
1.403974343170178329e+00
2.606779738950656400e-01
2.639544868505127040e-01
-2.772444812969910188e+00
-1.374021933957310648e-01
3.622842581364067449e-01
8.168544967785240640e-01
-9.429309547497732868e-02
-8.657485895260699227e-01
-1.139405938205435564e+00
1.251775850310837268e-01
-2.667192250045390400e-01
-3.011524345834544758e-01
-6.073372441583907433e-01
6.587107540431100805e-01
3.998507545194938118e+00
-2.515901222753647026e+00
1.349295466066182003e+00
-7.758638111405502524e-01
-7.276146698971588944e-02
-3.548641552530547028e-01
-6.455820237157670061e-01
8.036805163213449621e-01
-5.213924010138686338e-01
1.411871684745940492e+00
-6.585695021680399996e-01
-5.689810036900841972e-01
-1.068820469153680897e+00
-7.389237323995286044e-02
3.288595929328943512e-01
6.663452842621635508e-01
6.683554583019850615e-01
1.313658529752724125e+00
5.179909595730051164e-01
5.227099640542030023e-01
3.247957197071278390e-01
4.229291651327158341e-01
-1.680454214088559217e-01
5.220543126003751588e-01
9.181018674373564448e-02
5.514644493663289904e-03
-3.580568280293620731e+00
1.973360878293148435e+00
-1.146069771391340142e+00
7.920516771998806771e-01
-1.172282890221704399e+00
-1.196367787390413717e+00
-7.917234900385496932e-01
-2.742435914728209578e-01
1.124077707963005324e+00
2.729010698918805655e-01
-4.251893281557806992e-01
1.304255717602720299e+00
-1.933129785947159007e+00
1.843513638419347345e+00
1.227854660643219464e+00
6.416715122658025461e-01
-1.160003182499022900e+00
8.266638823770089406e-01
-1.505929168132928764e+00
3.621813387313718158e-01
3.858633291360432649e-01
4.606152965455961867e-01
-1.551940473917893026e+00
6.820755721875747524e-01
-2.657786056608376413e+00
-8.458843087559253515e-02
-3.273694098070743408e+00
-1.324862836089280904e+00
-4.475147196168861863e-02
1.182871933306325202e-02
1.158564935416447117e+00
1.220575008683709495e+00
-8.581317601050881816e-01
-9.594786029856994247e-01
1.316983322494804654e+00
3.545203929184919112e+00
8.102086539624023809e-01
-1.506422127303680858e+00
-1.388160941297420958e+00
2.169994357855299927e-01
4.121285020063283344e-01
5.972706798843710807e+00
-6.535570910249376420e-01
1.819056916585595873e+00
7.846052572359599186e-02
1.723772028534998668e+00
-3.967337981055762075e+00
2.011062975842631495e+00
-1.578615269048413983e-01
6.652259021227724389e-01
3.037215321827513304e-02
1.428374952497817318e+00
-1.290055517761139026e+00
4.489470786776231792e-01
1.176511092167294770e+00
-1.214693812887239321e+00
4.165719955779611183e+00
7.859724234529761322e-01
-2.296267092068754456e-01
1.330710636270325598e+00
1.064220192832264988e+00
1.832715910594266084e+00
-1.461456430107462567e-01
-2.260878686328164910e+00
9.925969680079138602e-03
-6.091736002893092250e-01
9.335662481296997939e-01
