-1.739687292584087386e+00
5.243679308248370141e-01
-7.765697116553996193e-02
-1.451509902292801968e+00
-1.647253294237933430e+00
2.083194676931106604e-01
-2.131388060086925051e-01
2.050568934143168764e+00
8.705883544559980258e-01
-2.042872082526185906e+00
1.011792813060734125e-01
8.403749102273952998e-01
4.683539814416525782e-01
-6.469274638110233955e-01
8.394367580127727324e-01
-1.559537260332386488e+00
1.537993162828779292e+00
-6.710431059024087042e-03
-7.417715633581989376e-02
1.639379128611299752e+00
-8.210651446904432271e-01
-8.000755944024867672e-01
6.719623099898091034e-01
-1.501556688647190718e+00
-7.147403890452054265e-01
-2.619524377923590386e+00
-1.875375513905426228e+00
-3.028711574029109288e-01
-9.748918744269976511e-01
3.977480044261113012e-01
-4.912516292827943665e-01
-4.745322842167359334e-01
2.940832369197010188e+00
-7.021334237617722629e-02
8.877931570952518614e-02
2.748707165560838606e-01
-4.624188650439825521e-01
-1.496015518480644069e+00
1.538872878740014549e+00
-2.887974585803638750e+00
3.378876102157069017e-02
3.019012270189473934e-01
-3.253664206197461051e-02
-7.065087111624148708e-01
1.775074285224208293e+00
-1.186582837788902500e+00
-1.504868963682496119e+00
-9.773331292374864976e-01
-7.679021071947949029e-01
1.464382925097189148e+00
-8.577450306751168707e-01
-2.161805077436690647e-01
5.077020353917203188e-01
1.626218108171657795e+00
2.077270103659187572e-01
1.246870408116272033e+00
3.603305231081362359e-01
6.853503041529187545e-01
-8.656861072322583617e-01
8.192599176228960722e-01
4.023670147091185090e-01
-2.304969013740436612e-01
-6.901996768990686926e-01
1.381619261403172594e+00
1.011599503010867096e+00
5.724170395452228277e-01
1.927352560074429011e-01
-1.150883138963288088e+00
3.738023966708782231e-01
-4.309626675028033760e-01
-7.197362695614446526e-01
-5.772053455687218282e-01
1.993847468436073522e-01
1.004579198617223224e+00
2.016240797028898968e-01
2.122334156385955239e+00
5.629733655286600635e-01
-3.434180861767054393e-01
2.464979896148498550e+00
-1.002585838214113290e+00
-2.343943035853682938e-02
3.536045147569512048e-01
-8.083171592551974260e-01
-1.571802848679755948e+00
2.741045024699282906e-01
-4.846600811697333588e-01
-5.964933370585369099e-01
6.835440549416489375e-01
1.632408446590675188e+00
-7.601158995260216544e-01
-5.601183579483162145e-01
-1.231931080392152822e+00
-7.531041079418137052e-01
1.763136061572942559e+00
1.487321057485006204e+00
1.426567818923180631e-01
-9.850688928483291029e-01
-8.758583495906742122e-01
-6.415996948182020043e-01
-8.091954284573259493e-01
3.306151279817245658e+00
3.469328993635889535e-01
-2.627987881774764833e-01
8.869708504905805535e-01
-1.570971592652970150e+00
8.906712560252764144e-01
-1.066714607039849216e+00
-2.567494346908150149e-02
2.563327033904058139e-01
-4.091202335280134661e-01
-1.072482719244505667e+00
-1.497098985499216495e+00
-9.559922976397586813e-01
1.348471527836707429e+00
4.599945910274990113e-01
-1.865552881347360303e+00
-1.258127054501407160e+00
-6.189806746312414010e-01
2.927016325094839999e-01
-1.268766043388658948e+00
7.334512826700568811e-01
-1.396517906380251306e+00
-1.407190058226959861e+00
-3.179351094822132628e-01
1.242020599151357485e-01
-1.127797416824259491e+00
6.730663559640662763e-01
1.443622581915371406e+00
-1.842016835568757172e-01
1.162747390782320478e-01
9.327599724871282749e-01
1.104296509321827990e+00
-1.180757975426073747e+00
5.323795014500157796e-01
-3.784741869004515369e-01
2.415852314925109656e+00
-2.106224100534574539e+00
-1.267820759822739785e+00
9.093984692480336918e-01
9.348068840564173199e-01
-7.890110346062813029e-01
-1.868108294343662878e+00
1.188655740203734767e+00
-1.323052564776545204e+00
1.451247125191550857e+00
1.426270914714741878e+00
1.093093714023963603e+00
-4.617248653028431238e-01
5.147710630825335087e-01
5.815838970859604773e-02
-2.218681978820916945e-01
1.756375581295779087e+00
2.307382359003454564e+00
8.522748637278776407e-01
-1.459838215835754516e-01
-1.035705805641521149e+00
4.729470688393475619e-01
-4.394046616320119170e-01
1.705159483221146077e+00
-3.978197827790091456e-01
-1.561536188138735293e+00
-3.721044816875498373e-01
-7.672071114234400024e-01
-3.797773514356919122e-01
-1.020435939526213476e+00
1.490391802045653691e+00
-5.544070946694219515e-01
4.877986736764058917e-02
-1.603741977482876724e+00
1.490593618853597035e-01
-5.667209101104502267e-01
2.502223536588540354e-01
-8.355157351563174961e-02
-3.012271674917389452e-01
-1.400600211970054909e+00
-3.024130949020505721e+00
1.748805632233382534e-01
-8.091360269596681309e-01
4.805130278201651117e-02
-1.126770357820792379e+00
8.438693567711761379e-01
7.760712051225550356e-02
8.221860443975650412e-01
1.211209716960609750e+00
7.656270771493464133e-01
-1.636554790371743451e+00
-9.329597349059173261e-01
-2.141976330236644799e+00
-2.251731506650875292e-01
1.180714742896060987e-01
-1.742018611778005877e+00
6.330780928084891457e-01
1.123761090213414082e+00
-6.325355524077480585e-03
1.058813097986090357e+00
-2.544064016992272359e-01
-2.177179093664689258e-01
2.291336769738145929e-01
5.243714174954269142e-02
1.174328492147731218e-01
1.003614722909748069e+00
-4.392270897905500848e-01
-9.603825157817333924e-01
1.649354860990819072e+00
8.600818016533656740e-01
1.392138163017138774e+00
8.858573249852843556e-01
-7.741054435234928643e-04
-7.091823405900017641e-02
3.070985675714095753e-01
1.114590344726083870e+00
-2.854156231356318241e+00
-6.822562810073414807e-01
-1.060045632506182001e+00
1.569583515767733584e+00
2.492038109346714214e-01
7.077116948434922783e-01
9.767878324691927627e-01
2.623122736978005243e-01
-6.573190689239564177e-01
1.084948558503280980e+00
-9.524917028057025004e-01
1.132291811117896341e+00
-8.647585024122187436e-01
6.482126028001564677e-01
1.592628019972979647e+00
-1.566343748393506985e+00
-4.294021239813702873e-01
-7.486722682611623991e-01
1.094189183476585558e+00
2.250407526057176255e-01
-2.726799714880975278e-01
-2.971829157394690890e-01
1.479328575268676005e+00
-9.784967860024267328e-01
-2.389627579805794211e-01
1.415377523914041147e+00
-1.132695130073533285e+00
-1.713142513611702888e+00
1.372231174356651540e+00
8.929844288035793110e-02
-8.572694001048909440e-01
1.411077965327359740e+00
-1.240802691217629095e+00
1.749409079482734608e+00
3.239014858299261723e-01
3.914468597038498476e-01
-1.314873735036974911e-01
2.107672463686205866e+00
-5.718717515852866917e-01
6.796085438342464036e-01
1.214311522529883058e+00
5.289711506462559942e-01
-2.957535530558866643e+00
4.575592632959273320e-01
1.070524655202825803e-02
2.874754552060618251e-01
5.782348212742635107e-01
1.847591624152599810e+00
-1.326732163526304964e+00
-1.796138922674468952e-01
-3.991017353169682425e-01
2.554846133640386041e-01
-1.088972064059966216e-01
1.318585012074950935e-01
1.222198618268090620e+00
3.813202900945862339e-01
5.074833237576055200e-01
2.843116056222438903e+00
6.260977853480678146e-01
2.347203390656762978e-01
-1.445070913274615343e-02
5.764504088208746158e-01
1.796398349557043250e+00
1.740857697633169110e+00
2.196899166182779251e+00
-1.165559841714905565e+00
-5.219234264785546085e-01
-1.924067217558210752e-01
-1.249395770740266087e+00
5.906807194089118696e-01
1.615035961861741809e+00
-7.483359399249737143e-01
-5.037626726475261663e-01
2.324286489277749279e-02
1.302836446493921052e+00
7.653579501896765613e-01
-1.921112078310430182e-01
-2.345634406985138032e+00
8.346582997181027919e-01
9.534293956035948536e-01
1.137886977790072862e+00
-5.846331525726248257e-01
-8.814534887063477653e-01
9.831471131533930929e-01
9.770510612797360661e-01
1.277433732435700353e+00
4.072922230566302093e-01
-6.062912781243543631e-02
2.237444872193670997e-01
-2.058447003215463644e-01
6.461279915512014860e-01
-1.198693466549775044e+00
-7.394900711445184793e-01
-8.785926730345275937e-01
-1.253322704398504239e+00
2.949366561263455644e-01
1.380886581647900790e+00
-3.106216166115852717e-01
-1.478562052304453367e+00
-7.790997881706815953e-01
2.287763227476037331e-01
-2.305499745996645033e-01
4.558661830390262626e-01
-1.338780017720186288e+00
5.452946221395482684e-01
-6.154471176722121628e-01
-1.610295360220789673e+00
3.896040141763209008e-01
7.639858106328475951e-02
-6.685765896697237753e-01
2.137551330709223318e+00
-1.024227174877106350e+00
-1.173363645706415159e+00
2.860448142810146921e-01
-2.805034182991642533e-01
-2.301697957226244373e+00
2.100249905342549184e+00
-7.086788604744204134e-01
-1.355379910351332207e+00
-3.411608502079995775e-01
1.211589630345843327e+00
6.394659355127312317e-01
-1.284910675306353278e+00
-1.138071743352930376e+00
-1.052496139824358412e+00
-2.039981572372081331e+00
-8.926211611045793415e-01
1.462110739076331267e+00
-5.462776838127898493e-01
4.548105760093992117e-02
1.492059213920605476e+00
1.317108751042149528e+00
-4.465445649201328637e-02
-4.830916394956144555e-01
9.776404174915366285e-01
4.981984938156994724e-01
3.013866284115347405e-01
8.788507338405238123e-01
-1.307893940582425474e+00
7.915182939243287086e-01
2.029979465399220917e+00
7.367058929499477049e-01
-4.793633685463069560e-02
-1.799351012339650779e+00
9.258724532121271888e-01
1.711767887290398527e+00
1.415729462308852549e+00
2.065162057020342168e+00
7.316798142369493885e-01
-4.004891236813794553e-01
4.291158570300825925e-01
-8.325561349333380212e-01
-4.023153681372598767e-01
2.568724095194058199e-01
-2.544331853585257708e+00
-3.633927285749277036e+00
7.412071096990476837e-01
5.739087221569187935e-01
