-4.639630955613937568e-01
-1.394771806037041539e+00
-4.483739093110326035e-01
9.080601697456880395e-02
4.862717108176323744e-01
4.896677582031470077e-01
-4.212154367012055922e-01
-6.842073814228757378e-01
2.398660554575844372e-01
-1.041825047483885047e+00
-1.493096217407519077e+00
-5.965767313887857526e-01
-6.097532334510459284e-01
4.728291030448974475e-01
-5.128682821700873973e-01
3.025685972938757518e-01
-4.230264299881729140e-01
-7.796598515754415981e-02
-7.785094904318456965e-01
-1.035250985037755589e+00
1.289324043770005424e-01
-4.066706003258786506e-01
-6.486091739498435205e-01
3.041037289269902244e-01
1.297800254444910317e+00
-5.056462754014284799e-01
8.770084856206765700e-01
-4.739602587356237517e-01
6.585728546118261306e-01
-8.955095392692129508e-01
-1.255181512677981059e+00
-1.852499335043670536e-01
2.238408912187637989e-01
-4.215680269005741554e-01
4.618195696365485770e-01
-1.492594471106872156e+00
2.121120649405433545e-01
1.571715481882809962e-01
-8.354080776127902341e-01
1.875680402999667373e-02
-5.851791319330955643e-01
8.689522020951945258e-01
-7.918871862469153422e-01
2.963897874897276075e-01
1.039708886659802989e+00
6.213296790588992424e-01
5.469576644876347205e-01
6.258261480031755974e-01
6.120054384317233920e-01
-2.917450240347618795e-02
9.344946828904158176e-01
5.566400831985853781e-01
5.755705720067945119e-01
1.152178558866115310e+00
-1.601951932559609215e+00
-8.927493635215331125e-01
2.441756808668511525e-01
1.823824339613950019e-01
1.152892409957722908e+00
-7.468049807646141014e-01
-5.418116037130735752e-01
-1.250438590719368248e-01
8.992535501861648184e-01
-3.677632439660549757e-01
-6.416377748118474722e-01
1.277111223709567756e-01
-1.179603141772822772e+00
-2.349062558569026682e-01
-1.011444541104244838e-01
-2.335657104459157585e-01
-4.759948539341044560e-01
1.044002242489040722e+00
3.009924202347691313e-01
-7.621491832973047165e-02
1.122424484899808145e-02
5.151745478468661155e-01
9.926915171933614612e-01
5.646989613308879552e-02
-2.904183211617012983e-01
-5.713254327126023879e-01
9.966649333575787750e-01
-9.049935848851571318e-01
-1.447814641392475288e+00
-7.351146440642809810e-03
1.221989124150774098e+00
2.194126493288656443e-01
-6.387972978922922263e-01
-3.761293834736638142e-01
-2.660558850327016112e-02
-1.099775688412244490e+00
-8.120573001123022605e-01
-5.076516767123138152e-01
1.043860031556100409e+00
2.608558753042508060e-01
2.365794693494787937e-01
-7.495916019467159241e-01
8.236322632445791658e-01
-7.140780408870406326e-01
4.088690324239824259e-01
1.926015682872134482e-01
2.101320671282223551e-01
6.469428580024211284e-01
7.472661924899627328e-01
2.129975171936638600e-01
-9.007971173513680541e-02
5.190073975765965297e-01
2.146644541139731410e-01
5.817782282792888227e-01
1.266605393951241609e+00
9.002680215000274933e-02
5.401494929287325997e-01
-1.168855660293381948e+00
1.017523629867987056e+00
-1.443861004643391399e-01
-6.652635324670763683e-01
6.419616299321004860e-01
-7.633885368973536423e-01
7.439899378033620891e-01
1.013754177078172586e-01
2.248164882661122799e-01
2.215282695683675196e-01
-5.182437198061240480e-01
4.959102463990431309e-01
8.748118794948387400e-01
7.482979963576089077e-02
1.256006776708205708e+00
-3.837020331639772741e-01
-9.061100332445638506e-01
-2.904249580315587664e-01
-8.272332075158924658e-01
-6.391055906481009075e-01
-1.124174167195060581e-01
5.017417123335363716e-01
1.209026702718843493e+00
1.072947146282523523e+00
-1.817700705459511790e-01
4.399135703915505458e-01
-8.591529834475257754e-01
-9.588839537066156105e-01
-7.144653946429021518e-01
-1.268786133376105796e-01
-5.713232362530781261e-01
-1.027199681979306778e+00
-1.543117247887713539e+00
5.729596747570975257e-01
-1.039241515202808941e+00
5.868183194425183880e-01
-2.604360100492107977e-01
4.677569767299693537e-01
-2.928696028444668364e-01
1.211795595173325246e+00
7.287148978411650546e-03
4.507683557453530665e-01
-3.452653472462698381e-01
-5.423192670111729452e-01
-2.421759821636454424e-02
-1.276273553909420766e+00
1.020740702022707280e+00
-5.225393556740155487e-01
-5.508809615999895604e-01
-8.141630146648947131e-01
-7.093981472971757629e-01
-7.311112821363305869e-01
-6.373111312670922679e-01
-1.264114009416654305e+00
-1.076288723557781823e+00
-3.018496822008285840e-01
-1.340088949036720711e+00
-7.316594480801662526e-01
-2.321536774064981712e-01
-7.306725104348291699e-01
-1.314736155362677072e+00
-5.138865323731266477e-01
4.631584470165765466e-01
-1.325863666529253915e-01
6.649749423513157121e-01
3.507196672628491441e-01
8.286660139512685985e-01
2.685575629813312382e-02
7.805126138871186781e-01
5.344466252630875047e-01
7.381637109823458998e-01
-1.071479739561051137e+00
7.649981724125469729e-01
1.494839032688477287e+00
-8.214387893435808330e-01
6.387605720507103513e-01
3.415690772490852511e-01
9.790160512229126866e-01
8.724092027481380462e-01
9.415691223985342972e-01
1.676396675465965380e-01
5.355491802841927385e-01
2.418600377597541207e-01
-5.114767597177948266e-01
8.369493845106144025e-01
-1.324545672852770750e-01
-1.479373839535940705e-01
3.686548216989559146e-01
8.453730998407196218e-01
6.729629281918590999e-01
-3.176546183256639955e-01
-6.329512781178961989e-01
1.961111677272940890e-01
1.298865478091197456e+00
-3.523098644869145923e-01
7.698776095366850480e-01
-2.727268454917420315e-01
3.975663257571149245e-01
-1.325824103170367696e-01
3.800182712305582022e-01
-7.622618597844463828e-01
-7.495506711132843281e-01
4.017965560437140593e-01
-3.612608783792045641e-01
-7.467856912462299546e-01
-7.573130184380207908e-01
-1.334454143380681690e-01
-8.167369045021988239e-01
7.271232778943282904e-01
5.569324097970561604e-01
-4.731612958764085941e-01
-4.081597752938396217e-01
1.019967971999729217e+00
7.957290515948369780e-01
8.677438763813076772e-01
3.017976739737592284e-01
-1.085828223368939804e+00
-1.502440003767012033e+00
1.330169386223883365e-01
-6.062591600057648522e-01
7.141757911867382402e-01
7.163868917735456421e-01
4.043353818046883652e-01
-3.253411441383477487e-01
-5.558512837619706826e-01
6.573116890416129676e-01
1.064883670697225782e+00
1.210685701912098899e+00
8.693449882431032449e-01
2.246246239586457139e-01
9.674153262451198332e-01
6.502794876376505329e-02
-3.535680561260354793e-01
4.779356040218241675e-01
7.767590569943655376e-02
5.187642664045354346e-01
-1.021204758961889725e-01
3.469225042718946939e-01
8.795773221722997803e-01
2.890312246177882960e-01
1.608727056834835523e-02
-5.807721072912362947e-01
7.475698789021718582e-01
-2.878436321587289348e-01
-2.393672034775037039e-01
-9.693415990660754211e-01
8.195509721141425175e-02
3.075032592404057796e-01
7.563313346247563240e-01
-9.427435585186181299e-01
9.533273166642047824e-02
-6.983003277875976522e-01
-4.043738096990514008e-01
6.262793423256296510e-01
