8.514324768375169938e-02
4.751616381046890325e-01
1.000000000000000000e+00
3.350207831077547382e-01
-8.415651730350084403e-01
6.087346587279593990e-01
-1.000000000000000000e+00
-1.740292764199022901e-01
1.000000000000000000e+00
9.060541276498634833e-01
8.957547060117660997e-01
-6.454571170107141764e-01
-6.668119227253483938e-01
-1.000000000000000000e+00
-1.000000000000000000e+00
-2.733218797788656840e-01
-8.617702106497722170e-01
1.000000000000000000e+00
-1.366602348861094551e-01
-3.746248697319136678e-01
-9.529584643798836296e-01
7.832936399489889290e-01
-2.542865492637964575e-01
4.705893695885692285e-01
4.898528673513224962e-01
1.000000000000000000e+00
0.000000000000000000e+00
4.649475953021517949e-01
3.855063396717128832e-01
5.496968336913585773e-01
-1.000000000000000000e+00
2.516908583651655817e-02
0.000000000000000000e+00
-3.804871526209505639e-01
1.000000000000000000e+00
-1.000000000000000000e+00
-3.783517364664281679e-01
1.297500766125505578e-01
-6.155446861816493698e-01
4.460043039137080445e-01
6.171345679672437523e-01
3.353707816130757635e-01
5.264754751201050631e-01
5.222353617039177109e-01
-7.554961448764585530e-01
3.908171789639307558e-01
2.369497339245296708e-01
7.718505828198218843e-01
4.974253836472499746e-01
-6.155061776565013965e-01
-7.479026741711818360e-01
5.768641142130725985e-01
-1.000000000000000000e+00
-7.114268699952166486e-01
7.627468956608147721e-01
7.035677484941971205e-01
-6.628290661503875025e-01
1.000000000000000000e+00
0.000000000000000000e+00
9.041154150033514636e-01
-7.109524475947928135e-01
0.000000000000000000e+00
5.271721319220359359e-01
1.000000000000000000e+00
5.152814329237926927e-01
-5.235390514424658193e-01
7.107693989584260574e-01
-8.429041448730800745e-02
0.000000000000000000e+00
7.173973967818774167e-01
-7.808726506481762364e-01
1.000000000000000000e+00
4.372943526761647881e-01
8.365447399208771895e-01
9.291656983776124257e-01
4.044996469794088778e-01
-4.314003102941061929e-01
-4.615970061408694036e-01
-9.340867618788883942e-01
6.708489236999053418e-01
0.000000000000000000e+00
7.954044377402269550e-01
-8.237672358746594981e-02
3.238966594988847980e-01
4.359429533968151027e-02
-1.000000000000000000e+00
1.167163593383662157e-01
-7.009632500136153688e-02
-4.371488237045997316e-01
6.209282136450364753e-01
8.739561038642682522e-01
-9.407445752007563833e-01
-7.233208100158015075e-01
-3.974318317228686670e-01
7.051590322348646467e-01
0.000000000000000000e+00
-1.622776720309666576e-01
-6.199443722976027971e-02
-7.381297835778468652e-01
-1.749974025388720822e-01
-8.152115330177789332e-04
2.467776531066607770e-01
-9.103379832381877090e-01
-4.229899061173731933e-01
-8.465533586578772862e-01
5.142960278305950261e-01
4.439418204285918712e-01
-9.397930326907855125e-01
-1.000000000000000000e+00
6.943973496035733550e-01
7.775149245840924372e-01
-3.383651218597862886e-01
4.603657241656053944e-01
1.557175493008724487e-01
6.681235173467798827e-01
-5.916583670284332186e-01
5.907150514482391035e-01
-1.090031816382188712e-01
-1.000000000000000000e+00
9.250805814329794430e-01
7.189463968097706825e-01
-1.000000000000000000e+00
-3.262517541882854477e-01
-7.903281785536122594e-01
2.037833667946920002e-01
7.877230087549433879e-01
-8.495000037355031619e-01
-8.752612310297569476e-01
-1.505836142547274381e-01
-4.743899411990804005e-02
-1.113849693596398183e-01
0.000000000000000000e+00
-1.000000000000000000e+00
-8.896233576820085087e-01
0.000000000000000000e+00
5.024505153882019570e-02
3.092807855466193079e-01
-2.798792345340865850e-01
2.576952846563043131e-01
-5.984570518667964301e-02
0.000000000000000000e+00
-2.207748158954507822e-01
-3.442966145180925697e-01
4.322561120242967014e-01
2.880803521464887496e-01
6.345569857476591746e-01
0.000000000000000000e+00
-1.919693209460682226e-02
-4.074136184026724283e-01
-9.506071605786410306e-01
9.132629174091009272e-01
8.070253880060260787e-01
-1.000000000000000000e+00
-5.837152496896864662e-01
-8.215697383020108546e-01
2.496656735383804282e-01
-1.000000000000000000e+00
-1.000000000000000000e+00
-2.120292044824068078e-01
8.319489735933702779e-01
-5.173695469224763865e-01
4.931864150247351475e-01
-4.633124864113147279e-01
-8.993041066721305654e-01
9.563599748374977949e-01
8.359670079317269575e-01
-5.559213451045119658e-01
7.854833575715232108e-01
0.000000000000000000e+00
1.309797591267498618e-01
2.099629121317305724e-01
0.000000000000000000e+00
8.923845481745880104e-01
9.641471630344549126e-01
-9.641166693061344883e-01
9.187646341136799233e-01
-4.660581904299390121e-01
0.000000000000000000e+00
-9.191312269874936103e-01
2.920602364969326903e-01
-9.230213839300693834e-01
-1.000000000000000000e+00
0.000000000000000000e+00
6.021830178668465816e-01
-1.000000000000000000e+00
6.293630242958458965e-01
-1.000000000000000000e+00
1.000000000000000000e+00
1.000000000000000000e+00
9.320690191488059106e-01
-9.041818807426411642e-01
-1.597896866928352200e-01
-4.883893239085623783e-01
0.000000000000000000e+00
-1.000000000000000000e+00
-1.000000000000000000e+00
-6.398909574569819902e-01
0.000000000000000000e+00
3.508508133807799467e-01
1.580816147568220309e-02
1.000000000000000000e+00
-1.000000000000000000e+00
-6.868390378662356799e-01
0.000000000000000000e+00
-9.661950740516989100e-01
-1.000000000000000000e+00
-9.036355683215073764e-01
1.857816994454541959e-01
1.149716331742158815e-01
-8.231406848923874531e-01
-1.783575156435956988e-01
9.477898145535470498e-01
2.853170341753055173e-01
6.027347548127106602e-01
2.935214162782893155e-01
0.000000000000000000e+00
5.855345761025452234e-01
3.078860187286474037e-01
1.000000000000000000e+00
-1.750468558680184916e-01
-1.000000000000000000e+00
-1.338677196141326853e-01
-1.000000000000000000e+00
1.000000000000000000e+00
-4.840032073196423035e-01
-1.000000000000000000e+00
6.541368732637093952e-01
-6.225953624266946651e-01
-8.824441206212350064e-01
5.650124181075446561e-01
-9.626420644411979310e-01
-1.838805946123420743e-01
-1.000000000000000000e+00
-8.889415883790301454e-01
-5.595701568128021997e-01
5.652387172908812651e-02
-9.022403315464380125e-01
8.276128067691361778e-01
1.732412595151926471e-01
-4.532854392288987455e-02
1.000000000000000000e+00
1.503846561966069029e-01
-1.000000000000000000e+00
0.000000000000000000e+00
-1.000000000000000000e+00
-5.910312090776168592e-01
-2.214254491300904348e-02
-6.558992629127602392e-02
-6.918942487212988990e-01
4.773655158028806689e-01
2.207375869970107374e-02
9.147731633568774168e-01
3.212688528791216580e-01
-7.385578966643011611e-01
7.734896769147030504e-01
7.842792163705869513e-01
-1.000000000000000000e+00
-4.382444608251820917e-01
0.000000000000000000e+00
-9.772428871484251101e-01
-1.993757512325167180e-01
-1.000000000000000000e+00
9.043020779167676437e-01
8.932265604762956723e-01
3.078446086643569224e-01
