-9.304870668498834707e-01
-9.000249262867417166e-03
1.150468978173614820e+00
-7.857788355432401284e-01
3.812709489116983264e-02
-2.197338497407862468e-01
1.126783085592425682e+00
1.164956822607502995e-01
7.247834008118664295e-01
8.721312794272085833e-01
-1.473146262535293349e+00
-2.162669032307461547e-01
6.807971934245730106e-01
-3.193522798845030986e-01
-2.093649711340185293e-01
-2.661146692948834769e-02
8.894275060588475723e-01
1.459162895630160106e+00
-5.926541642505511742e-01
-8.830452094608076674e-01
-3.140788445398067230e-01
-2.247831273499955262e+00
-1.023216435030180199e-01
-6.225036393358593934e-01
3.881597648778397497e-02
-6.812407613572675213e-01
4.779449353939991818e-01
-1.326759143879149949e+00
5.247032699841758241e-01
-1.610625973480132256e+00
-9.818329626523418785e-01
6.164459133242975453e-01
-6.840533239508305163e-01
-1.260961186328275474e+00
2.664688163738953453e+00
3.840998368025356213e-01
5.633358954546103803e-01
-1.266216677647774347e+00
-7.236051438208160880e-01
1.291572456925235701e-01
-1.202417381993703849e+00
-4.946867050175679514e-01
-8.382811055259162258e-02
-1.251194629247920131e+00
6.273650644937675547e-02
-5.427994527808424063e-01
3.617620625921370014e-01
-1.833358767461856775e-01
-1.104538246380841193e-01
1.175600461792867257e+00
-1.280595397483484388e-01
-1.352755185009538064e+00
-1.902122526515567680e+00
9.725749588365490972e-01
-2.693752933031697272e-01
-1.028845960406838067e+00
-8.179118463068298095e-02
-4.131989049977511930e-01
-1.708590265835802646e-01
4.375300683477673647e-01
-6.223873832666725336e-01
-1.006871333983360373e+00
-8.116428395112930405e-02
-2.294860209030684661e-01
1.257955196384973773e+00
8.416850584312587369e-01
5.938779807695140911e-02
9.145565467341053578e-01
1.621539972046989631e+00
-8.682542171178140311e-01
-1.437517979728022643e+00
-7.015364351970240775e-02
-9.567517469583413092e-01
9.100140018560068933e-01
1.299480056903725700e+00
4.941015115468861962e-01
-8.194210753921271628e-02
9.207170569873306398e-01
-8.113949203514139175e-01
1.838510204320074726e+00
-5.529332239730108123e-01
-1.120050031652952971e-01
-2.361915247671216633e+00
-3.343769224450756500e-02
-1.815069981092297002e+00
-1.068564391614462261e+00
2.317501442614855911e+00
7.158615678894710843e-01
-6.350790196822635458e-01
-7.048989276087698486e-02
-7.226425127773783430e-01
-2.500653266581192469e+00
-1.098414142039709329e+00
7.197833923920972099e-01
6.181870682450325560e-01
1.224425104731051928e+00
8.149882574689706338e-01
-1.101166337873222156e+00
-2.253425752742854726e-02
6.548598481284809703e-01
1.806994468896748973e+00
-5.717306886846327263e-01
1.361758963165023095e+00
-2.097078403810403557e+00
1.054339625234572253e+00
1.112957028491592837e+00
6.519940717969033295e-03
-1.193659859130953071e+00
1.639979330977418215e+00
-1.800525102403407240e+00
-2.976162115497023031e+00
8.004972804968031319e-01
1.241374229685793529e-01
5.064220275885052136e-03
9.372885673984239219e-01
4.844901170481727970e-01
-3.093923216416754052e-01
-4.956719808702704233e-01
1.501543880004820863e+00
-1.120753199655058485e-01
-6.880865235764176413e-01
-4.461138458279703678e-02
2.050850971143176160e+00
1.121350695888989613e-02
3.147034840771613107e-01
6.287008200878954067e-01
-1.289099096556406421e+00
3.246893270899297024e-01
-1.890491431671048828e+00
2.543538466612288995e-01
2.625705497075865313e-01
1.459830468117938596e+00
4.313365388154268842e-01
1.215043712727690961e+00
-1.164516441101487665e+00
-1.310126472029562894e+00
-7.580897322089574786e-02
-2.986240910519047387e-02
5.341258377999488216e-01
-4.531921909436540385e-01
4.572377175582369446e-01
-2.005831139104842231e-01
1.269462731017958701e+00
2.059863163090450977e-01
-1.230951247769114687e+00
-1.136548132131530497e+00
1.486162334578113198e+00
-3.719768832425478511e-01
-8.928730503235098315e-01
9.072390976405958485e-02
1.313936984632216642e+00
-1.592138654843486822e-01
4.650548681575891186e-01
1.665830254617563844e+00
9.984082678743462225e-01
-1.247646871265041923e+00
-9.914424225460714002e-01
-1.265015935788795343e+00
3.950386245510703054e-01
6.149891504215334592e-01
-7.471671882284105504e-01
-3.481738106103525188e-01
-1.742367621462549421e-01
5.944775677086630017e-01
1.481696496902485394e-01
2.823920025215274077e-01
-5.083043602746002698e-02
1.146601176366992103e+00
-8.733651397449067044e-01
1.465508413257023523e+00
-2.742890738777274406e-01
1.728419192679979233e+00
-8.146067201092794807e-01
1.188951461188209713e+00
-1.572333462074614552e+00
7.657039032043031490e-01
8.978605235756291769e-01
-1.248931351624950281e+00
1.729357569320246618e-02
3.665958019378507959e-01
7.962212039946887643e-01
1.531072500912854795e-01
1.233172001983971366e+00
-6.571671085451649130e-01
5.149482652470846814e-03
-1.203739014415422304e+00
-1.893096629461562055e-02
-6.744180211299056760e-01
-4.906402236601775657e-01
4.634202320268563380e-01
1.184503283584039446e+00
7.304297797399296188e-01
-8.710595963535250341e-01
3.505794985833451394e-01
-2.333574100401518137e-01
-4.286842979361412675e-01
-1.541723926088772956e+00
-1.977971281131479797e-01
4.138483915924859313e-01
-2.856536650283127421e-01
-2.970843332499129019e-01
1.602693020489116549e-01
-3.882062611185377321e-01
1.851407430122526954e+00
-1.330367645531305820e+00
1.122150267364844911e+00
5.118637337621448902e-01
2.025923856777200438e+00
-6.763572081900590671e-01
6.858491072026571267e-01
-9.926234712633569268e-01
-8.759077544464723974e-01
-5.167781442756052002e-01
2.475088082293855241e+00
-9.519371206635731664e-01
-4.442910048736367634e-01
-5.488963494238208174e-01
-5.171226561223859486e-01
5.451549335860211842e-01
1.555863858225636331e+00
3.557126198869176026e-01
-4.076331478307936296e-01
1.319043083766270108e+00
6.872695372363069044e-01
-1.789425820413753643e-02
-1.985580070604240799e+00
-9.450547955916450693e-01
-1.407997791745796423e+00
-2.418586376871828536e-01
1.029986956326654379e+00
-1.040701131495566978e+00
5.060548141436085334e-01
5.932371249679053715e-01
2.062376061812543515e+00
1.398920846637626836e+00
-1.851605210568141313e-01
3.623461901641942817e-01
3.672402344510086181e-01
9.237746266387466543e-01
-1.822259427095893169e+00
-6.025336685448372531e-01
3.419987742254135266e-01
-1.729307073006670414e+00
-2.424463530024379143e-01
-3.554083753544232116e-01
7.404398254304639382e-03
3.526921891081005733e-01
-1.472681528950755103e+00
4.845056597137579191e-01
-1.034845321365036180e-02
1.317729022265826222e+00
-2.181049649570006022e-01
-6.929724436125085374e-01
9.819808395254560340e-02
9.619561291168683415e-01
-6.414367314348065618e-02
3.972861969665708037e-01
-8.544220910799857904e-01
-1.057208122158642682e+00
-4.576392515060750954e-02
-1.894085551916062649e+00
1.372085840375802057e+00
6.157911659871023735e-01
8.352878728353491100e-01
1.241357902444948813e+00
-1.739092171306900747e-01
8.413917361205354162e-01
4.012310554605456880e-02
1.181678910343990641e+00
1.978228467943334290e-01
-7.439777098364250829e-01
5.354185051264185313e-01
-1.174556034178655839e+00
7.839818658974649912e-01
-2.610775946903160505e-01
-1.014399436124969078e+00
9.838713184311058679e-01
-7.009548986730999021e-01
3.993253031762492578e-01
-6.753382401891234732e-01
7.862616414851236746e-02
-1.242047436873930655e-01
5.968077409183645266e-01
7.795036069895789899e-01
9.839108893410533074e-01
6.113527598330288637e-02
-8.879101470087396031e-01
1.542010642837327250e+00
-1.483403761518708452e-01
5.347715433375105354e-01
-8.595253344787781580e-02
-1.168741046145552520e+00
-9.738944154625908123e-01
1.245266427949195620e+00
-1.573762619524831763e+00
-1.879969390771813575e+00
6.070196751762521048e-01
-1.548174349254525461e+00
-1.113941044626375776e+00
6.230656733394220048e-02
1.931238021258957771e-01
-8.460410644363558497e-01
-2.018886461243238895e+00
-2.884511829398263560e-01
-3.150995551270558415e-01
1.365685364208668151e+00
2.083694449126296741e-02
-3.956751328553390623e-01
-1.282094920787119618e-01
-9.936938344703374337e-01
-4.240761367923408520e-01
-6.724401925513253664e-01
1.188507023885182923e+00
-1.485465033240497501e+00
-2.578986950292778690e-01
3.131237783869764146e-01
8.080039440418405050e-01
5.523712297201526233e-01
1.410151333589893863e+00
-1.777281636236245355e+00
-3.933855186666244952e-02
-7.739856055878694407e-01
8.457132655040448810e-02
1.384594848494090202e+00
-2.966275084737183820e-01
3.918572923156710686e-01
2.608854187912845735e-01
5.144572593212269895e-01
8.127813737941105288e-01
2.313034170442400228e+00
1.101549319926042436e+00
-5.613025314145122513e-01
8.647185452491858992e-01
2.238375890757808295e-01
-9.320483024142083295e-01
-1.667830837314118742e-02
4.006607088059461752e-01
1.364982247416129502e+00
2.525407482956835148e-01
-1.670805412249636857e-01
-1.325230481751099032e-01
1.093275636737561562e+00
-1.568219988390979203e-01
7.820551887687153814e-01
2.592734407351161563e-01
-2.717544931192580893e-01
-2.375983971751592261e+00
-2.486543228139160844e-01
-1.496406894139629351e+00
1.706123383386857650e+00
-2.578075369611672052e-01
-2.566377718942484953e-02
8.606974909357880676e-01
6.274652110296505825e-01
-5.387214309172341231e-01
-8.854299798721186887e-01
-2.221114780084591789e-01
2.288507679067296241e+00
-7.378694818986790693e-01
4.689275560411274579e-01
1.946162905447879343e-01
-5.880985910974489972e-01
1.388485761424575193e-01
4.572132041424197685e-02
4.400550437254722724e-01
1.094084307271849132e+00
-5.607412392902383358e-01
-7.292811272980130877e-01
9.956070658800354467e-01
2.027494787566584300e+00
4.652577564734977633e-02
2.446582896027375831e-02
-6.911812419814143960e-01
-5.865387050952106662e-01
-1.360060128658509282e-01
-1.129413385571545803e+00
5.787984541650390558e-01
2.031117880745674675e+00
3.251491163377674409e-01
3.386311023726996661e-01
-1.752333453756211412e+00
1.039838596852274533e+00
1.112185739272856910e+00
4.306535768691279742e-01
1.021558707328403370e+00
1.529583469517262095e+00
2.276007344037057623e-01
1.525945057313788711e+00
-5.718810382403163306e-01
-5.435214490052107106e-01
-1.355770389590990721e+00
4.120705978896980204e-01
1.720258782348410120e+00
-7.181640912842246482e-01
-7.744593516604318939e-01
