1.579144270322074384e+00
-1.318922013942305793e-01
-3.203637206170871110e+00
-9.760911125703062297e-01
-5.105848957851015779e-01
9.702457984014244419e-01
4.485276773756951552e-01
-3.429996172598563486e+00
-2.941813516371044379e+00
-1.292782439002049477e+00
-4.108507198529637305e-01
7.491164774267387028e-01
-4.287972392907546393e-01
1.606550424134081778e+00
-8.521924307108941221e-02
2.784174165211404373e-01
-3.162256880926899161e-01
1.997766534377158676e+00
1.145286977806135198e+00
-6.865506249468273925e-01
-1.079803543462332094e+00
-2.393370096035995154e+00
6.984943102037187435e-02
1.776712562742921164e-01
2.187319569422462529e+00
-2.478684603246207985e+00
-1.034638174191612858e+00
5.398308931737298977e-01
4.101909539026115104e-01
6.699189643077803069e-01
6.891786053734492157e-01
-1.334881155329073810e+00
-1.706456884379696781e+00
2.025286747107950536e+00
-8.340844488137814094e-01
8.217440897697683155e-01
-8.315861238995095883e-01
-9.913260597832713739e-01
1.926168718227759147e+00
-5.958016231717252476e-01
-8.320357342839286297e-01
4.467944674234110292e-02
-1.737907692924945069e+00
-1.306936618315595711e+00
-9.966732462449294783e-01
1.209827723430730417e+00
-6.811143104874181065e-01
-2.437152244146990054e-01
-1.453699598409995408e+00
-4.386851968015789138e-01
2.781504289303624589e-01
-1.872172484194983166e+00
-1.154160887466313401e+00
1.870764199387128901e+00
6.810119256056547110e-01
3.809783033652598405e-01
-1.491199891230084340e+00
-2.107294096386709725e+00
4.240690781471664339e-01
4.831102139177732013e-01
1.651634937557352467e+00
1.262734749165811188e+00
-5.067109284410871162e-01
1.695859550563731943e+00
-1.375088250370492204e+00
-1.080050331207000891e-01
1.683242811064515676e+00
-6.721337345356082071e-01
5.377557540865920416e+00
-2.256801373431096103e+00
-3.971774037923662348e+00
6.537668541922503351e-02
4.386102163628265993e-01
8.982288340925568271e-01
1.126323830118844960e+00
7.192935500883053113e-01
1.716199677384591560e+00
1.447587940494736269e+00
-3.257730836136348285e-01
4.629673237876968939e-02
5.479864459064882620e-01
-5.991648354654177666e-01
5.326566230803708724e-01
-1.132345654520946265e+00
-1.142798811461890551e+00
-1.701658619187417454e+00
-1.059968675518088377e+00
-6.647554157238859673e-01
8.305096579844541971e-01
-3.674268128206619188e-01
-1.587436303696918571e+00
1.328515031411940273e+00
8.952188921493704488e-01
3.492050945738433554e-01
6.157447099587971540e-01
-2.275100478221145472e+00
-3.030880507022894188e-02
-4.647392073206455532e-01
1.062372482901299708e+00
1.104679672425501025e+00
1.875572741094698737e-01
1.896855287982417648e+00
1.989954026007101362e-02
3.721991719463489945e-01
2.016585341184471414e-01
-8.610329693432747789e-01
-2.222725863837396787e+00
-7.156179657481509526e-01
5.706282253834054075e-01
-1.726138376082667403e+00
-9.569237204162811539e-01
1.242261348397746268e+00
-1.223974600206907848e+00
6.485705371525873897e-01
3.823013770368819397e-01
1.766574093334658313e+00
9.442738682949997076e-01
-2.330808190199659791e+00
-3.763721256210260102e-01
7.045896504009557804e-01
4.561402186841308493e-01
2.891635181509688013e-01
1.181327739570050994e+00
1.892255051651384079e+00
-7.109105435405635998e-01
-1.122451179070648841e+00
1.673005182333264340e+00
5.568211074165531072e-01
-5.457622833235957760e-01
1.117791009462086649e+00
2.555665087645078604e+00
-3.332091021812086384e-02
1.871362666735776781e+00
1.315141664510720121e+00
7.387522967338577828e-01
-1.892798771232007127e-02
-3.605575487032987025e-01
-3.395401616908312326e-01
-1.666020311418574540e+00
1.211055172830692861e+00
-7.219041342287228769e-02
-7.148522866379252161e-01
-7.111785755070909598e-01
4.904640083756989788e-01
-1.011826924195367017e+00
-8.940361229980338109e-01
3.748752577086585380e-01
-6.978010563171240799e-01
-7.326345565396512605e-01
7.803012805928258855e-01
3.297053267615655425e+00
1.317181881991462244e+00
2.968881852768798346e+00
1.266818405569699879e-01
8.928862040852542092e-01
-1.043844183444658125e+00
-1.223988356261094118e-01
5.588852460251334531e-01
5.561774083143818936e-01
1.358588609152561189e+00
1.071458853511425779e+00
-1.234902452796226680e+00
1.749403083518467295e+00
-3.812730495245802431e-01
-7.557358614520293116e-01
-1.056258025408958190e-01
1.217427552464554807e+00
-1.863641182304909272e+00
-1.861006308091107897e+00
-3.073314310279268713e-01
-4.489710578846167754e-01
-1.209635582901051443e+00
-1.507927160174095949e-01
2.479519551100092034e+00
-1.425583490351768567e+00
2.849053619380625957e-01
-1.585953174577466429e+00
-2.733850855890273060e-02
-5.976712146208191800e-01
1.583064927758057294e+00
-7.738862748019269544e-01
-3.759573463418379724e+00
4.431408735679116528e-01
-1.200132441763942737e+00
2.188492899556723437e+00
-2.619294273673828499e+00
2.415892747532565554e+00
