4.721305630228689321e-01
6.102778539044202422e-01
7.703865988604483572e-01
0.000000000000000000e+00
3.356614403592015350e-01
3.233810129661263133e-02
2.749101777663900403e-01
-2.860577705393725356e-01
-1.000000000000000000e+00
6.906390741179690984e-02
4.692533151400710700e-01
-2.251130887167307471e-02
1.000000000000000000e+00
0.000000000000000000e+00
6.518175278905014025e-01
-8.191042590967885229e-01
1.000000000000000000e+00
3.134936020336003271e-01
-2.163382702760257015e-01
-6.547233520390727257e-01
-8.800024713254219755e-01
5.060432773199212697e-01
-5.470093118288565925e-02
-7.279520748101515615e-01
-8.407538895762269870e-01
3.573698319443554539e-01
-1.175706271957355220e-02
4.544058703507860564e-01
7.809956348951552219e-01
-1.008209698126039111e-01
-1.909084753858110162e-01
3.298822784788659757e-01
-1.751051290333651700e-01
5.586687991786805085e-01
-3.473323747652790061e-01
2.544815226906538275e-01
-1.114457908589787660e-01
-4.333204398946466362e-02
-8.508495602438985728e-01
2.224504846665240620e-01
-8.803492145391969004e-01
8.702803225862147940e-01
-2.193642425320523337e-01
-1.410138395986462179e-01
-6.918780216144164719e-01
6.914799141799112814e-01
-6.282639520062494043e-01
-7.664861000482192654e-01
-7.289432068425520939e-01
9.373053059645521934e-01
6.955990285704174436e-01
-2.720815677024026602e-01
-6.292233878056467944e-01
-5.390953087386061160e-01
-7.326739249109825991e-01
8.930154780775749757e-01
4.138058323700963825e-01
-3.971670063720047494e-01
4.771251100993936234e-01
-4.401935476412950354e-01
7.902620596356062510e-01
6.141798724429528011e-01
4.214636238230262677e-02
-1.397471754583199388e-01
4.528515931193544120e-02
8.618550542493255140e-01
9.710838186816059814e-01
1.039868961584122786e-02
3.289452230708245217e-01
-5.409466787615038186e-01
7.412344200399720862e-01
8.532475334540667866e-01
-9.920374019530284748e-01
2.996668169430050099e-02
6.566175872993129659e-01
-5.859224149757815692e-01
-9.853815890824311197e-01
6.847611790971008805e-01
-3.309365116793516748e-01
-5.223956621675256429e-01
-9.320715379106632170e-01
9.515324055881313470e-02
3.572148903292273747e-01
6.222489600830218848e-01
3.882498756316516975e-01
-1.552322944894803936e-01
-1.336899135689648688e-01
-6.720508773669093827e-01
-4.421544818533431620e-01
9.421230708600691894e-01
2.374837919754182458e-01
4.869711132411653765e-01
-3.675734540545330109e-01
3.895268142919205978e-01
9.776239264717689892e-02
3.238141613988698708e-02
4.914540150219188774e-01
-1.421203311571483940e-01
7.145694726916136386e-01
-2.861457278556653883e-01
-2.301958571776525631e-01
4.046112002462418644e-01
1.520385559272519060e-01
-7.265872489411182578e-01
6.547387391939185619e-02
-6.962967974640943414e-01
-9.080277094029591822e-01
-1.035980752196019594e-01
-9.241073552550993497e-01
6.837699475416993966e-01
8.053209389336422053e-01
4.061997083572168599e-01
2.274529274761467601e-01
8.470617671362765666e-01
-8.285306088227373245e-01
2.109442128664213989e-01
-5.609042613534320765e-02
-4.619260532666253916e-01
5.694678695926989054e-01
-9.386885152567998603e-01
-8.467366682983543669e-01
-8.286159015771887848e-01
7.193494695657980387e-01
1.538935528942657616e-01
-2.601647896932119952e-01
8.389365299072892856e-01
1.000000000000000000e+00
2.562083041519676030e-01
-5.882509625658109975e-01
1.206547871056717902e-02
5.832774115545849014e-01
-5.633922616151754159e-01
1.410930658570157537e-01
8.366357877267578402e-01
-1.000000000000000000e+00
-4.451641177707599262e-01
0.000000000000000000e+00
-3.251260413483763045e-01
-9.477165779266532031e-01
1.000000000000000000e+00
6.431722638047816520e-01
-7.509920683036597211e-01
-1.485129612633269147e-01
3.371247099453291707e-01
0.000000000000000000e+00
-7.874975819554030920e-02
-7.112827443467086841e-01
3.387095662164574250e-01
-3.781722978962582804e-01
7.265668111251546435e-01
-2.980241959239364746e-01
5.166381626654854564e-01
5.338467194132290317e-01
9.423457322865764763e-01
7.454104580078577680e-01
9.843896869196673283e-01
1.000000000000000000e+00
-6.017864091988713859e-01
-6.473544387293266311e-01
1.648473363826561400e-01
-8.000530257321278871e-01
-9.175433177246172800e-01
-4.158525040590663746e-01
5.765799812470013830e-01
8.756309635161216853e-01
-8.075226424249333235e-01
1.000000000000000000e+00
-9.363903174647214556e-02
8.845845959274025727e-01
7.450685350104557791e-01
2.405675727270149000e-01
5.486137260604688759e-01
3.568638526815381962e-01
-1.000000000000000000e+00
-7.823358734257301883e-01
6.484750988909739888e-01
1.000000000000000000e+00
-4.588128974371818991e-02
6.154567697204798016e-01
-5.189347492233553627e-01
-6.899597807559745277e-01
2.199555567905293607e-01
8.940929365767198433e-01
-2.435772277610637193e-01
9.646795497116928964e-01
7.737988495726724203e-01
-1.412467592867967525e-01
6.419342994493646426e-01
1.000000000000000000e+00
6.464336628691813580e-02
1.000000000000000000e+00
-5.033917305598112346e-01
1.000000000000000000e+00
-5.145287471821231584e-01
-9.479452826140677413e-01
4.546855935417926098e-02
-1.000000000000000000e+00
3.886871116029397832e-01
8.125486942763664455e-01
2.298722353975541921e-01
-1.741119226480205562e-01
3.447819819912956163e-01
-8.113821767619944225e-01
1.938596217613786088e-01
-3.330660249748351731e-02
7.920223735890898897e-01
5.067178276654937807e-01
-1.140245306498188782e-02
1.303645571528870839e-01
2.504468049898089799e-01
-3.509722016391272348e-01
8.675550045116042774e-02
7.262780688092367321e-01
-1.550245943555956796e-01
8.954969129811236606e-01
8.300137318507978534e-01
7.039055666836075975e-01
4.912400432821506513e-01
-9.999675458737635747e-01
2.986607359177819720e-01
8.101007420106378643e-01
1.492817104122212690e-01
-2.897173146324740767e-01
6.621634742272750618e-01
6.997303617587344871e-01
-9.966731537250885786e-01
6.337385573074603151e-01
4.269710291428698845e-01
9.756854573184496893e-01
1.094168102281845023e-02
7.323405256398407559e-03
7.419711162484030620e-01
9.064106480975446800e-01
4.384709127827695063e-01
-6.834902812796905813e-02
3.181863813675795960e-01
-7.008841973219073207e-01
-7.169028080184784990e-01
1.698017375172051757e-01
-5.530534692165274269e-01
-1.149965641861887544e-01
9.343811392199419252e-01
-3.678172713331744337e-01
1.453393934927267317e-01
9.832103477512781353e-01
3.676037543402466135e-01
-7.889492335715060367e-01
5.458280802142581045e-01
6.926926320501081147e-01
-2.434575825222695666e-01
-5.558743586640493284e-01
-4.709557461492694941e-01
4.270106728994689238e-01
7.908229577842307290e-01
6.307044210175170029e-01
-7.364062461129303738e-01
-4.230063731605935295e-01
1.944005363955458865e-01
-3.033955733166635582e-01
-3.292543943843608822e-01
-8.897966278054547651e-02
3.117413522892373834e-01
6.844886210644935964e-01
-9.753500204071650082e-01
8.430225423401007667e-01
