-5.517707189269314139e-01
5.622601621549431217e-01
-6.790430764296532251e-01
-1.070805933429140877e+00
1.176190002309613902e+00
1.359637599698816091e-01
-5.685677152054501304e-01
-3.689848621042313148e-01
3.592308955110676272e-01
-2.201835083650892089e-01
-8.611836587614690730e-03
-2.546938166015861316e-01
-1.053598620046608980e+00
-6.621532664057068196e-01
-5.587307159153536151e-01
-7.568545630871664764e-01
3.344973303365328943e-01
1.046738667166525527e+00
1.068957011002853008e+00
-7.932999576778292372e-01
4.752649703544883919e-01
-4.566734482556977781e-01
3.218621318979573709e-01
-4.329437608331580534e-01
3.534093685308982158e-01
4.624821646415953613e-01
-1.355859484140386484e-01
-3.770882853640818988e-01
6.394687033177340330e-02
-6.230005582797877306e-01
-5.974621505499455587e-01
6.674999007599022871e-01
1.043393887817897880e+00
-4.992575756859171099e-01
5.313657223756178549e-01
-2.120883048309477048e-01
-4.647049581023117715e-01
8.367385370137618850e-01
5.535267013131995872e-01
-1.680121056960412196e-01
5.660432803355063269e-01
-5.021477622720935674e-01
1.002228935750303584e+00
6.700335608160338241e-01
-7.211590194380398389e-01
7.009167442818224902e-01
-1.034763445901453638e+00
-2.482665598683995722e-01
5.637146837314821468e-02
8.494288061978735316e-01
-8.643188904529353067e-01
1.286384185193045759e-02
7.731246837160301588e-01
-4.645278738152484044e-01
-6.629525198420860299e-01
8.800108810470869125e-01
-1.827682994778378200e-01
-3.611905348781376812e-01
7.342863456009259826e-01
1.109549972945287122e+00
1.781432214773320810e-02
-7.384242535095641990e-01
-1.569798088985829843e-01
6.897981951908033205e-02
-7.887172898469063664e-01
-8.280970078905897092e-02
-4.810062631181246662e-01
5.259222457929226824e-01
2.413868269551356083e-01
-3.956538245126397513e-01
-7.521644717036818362e-01
-3.427699780318737566e-01
7.092343670314587012e-01
-1.223784933499036942e-01
5.610282332489396895e-01
5.149362251326885520e-01
-1.553513559833069602e-01
-7.190758822485469048e-01
3.009826589574859934e-01
1.003863443216891360e+00
8.270450225251537724e-01
8.408389326953849552e-02
2.163140264559102188e-01
4.187647659149847934e-01
1.998266370085286237e-01
-6.009189480625514168e-01
-6.620880343765123133e-01
-9.061463099672428800e-01
-2.465812631384254050e-01
-2.095326206358574805e-01
-4.021198982871841965e-01
6.903674409896741748e-01
-9.026623352127211009e-01
-4.697805580804506054e-01
2.322884137963019957e-01
1.007144128117085868e+00
1.128006833655143870e+00
1.322931017664548958e-01
-3.772454721459334581e-01
-8.481547840481544753e-01
-4.075142106330501696e-02
-9.103098798658991742e-01
1.172822243991585300e-01
3.263318327249526973e-01
-4.010353163738201721e-01
6.283126265410730049e-01
2.182245699505523662e-01
-4.135858653113079209e-01
4.185973530921055508e-01
-4.952715500133890170e-01
-4.784699754751552403e-01
5.319408383945744001e-01
-8.938649556732428114e-02
-5.220640428622462803e-01
8.067444801777996499e-01
6.974623142048627100e-01
6.197433629904361418e-02
7.669620616452685891e-01
-7.604596713111672068e-03
-4.792460485022273509e-01
7.657156067055638227e-01
-5.095479785518797211e-01
-2.159644130192613087e-01
5.002837911319877318e-01
-3.717135151619755384e-01
-7.031956276513565696e-01
-8.801449682309453459e-01
-1.037681740538128894e+00
1.809540984499817262e-01
5.197763321688169125e-01
-5.443662766310889412e-01
6.830511320900121142e-01
4.999880302454411396e-01
-2.002082252408909080e-01
-1.319036473856096681e-01
-2.052358935787926275e-01
-9.294725358883001443e-01
6.708294531736180843e-01
-8.615854048687918709e-01
-4.829644972661377711e-01
-5.007961339292635872e-01
-6.034406249371587760e-01
-8.762923029022071653e-01
-6.317114574744888689e-01
-6.089216876505842979e-01
4.974677965305926985e-01
8.127302229974304737e-01
6.260228892310902848e-01
-8.820604408675232211e-01
3.139164080598763062e-01
-7.830573675951694179e-01
2.647897982937806871e-01
7.420312585164555719e-01
-9.151172146897817994e-01
5.752941344938210522e-01
4.847617854960640238e-01
5.339100919664689915e-01
1.092091995505328317e+00
-6.716010929828246656e-01
-2.966538774832433445e-02
4.363446420892781452e-01
4.465756589384618780e-03
1.153424040211235291e-01
-7.034689862044577469e-01
1.029730909645980574e+00
-1.150538204844028467e+00
4.806007112303558593e-01
-3.153959568639652100e-01
-3.169385706091998878e-01
-3.505390286373191167e-01
3.025019073450502249e-01
3.948395374931222279e-01
-7.949737724908814140e-01
7.652440115923799802e-01
7.519734131914709852e-02
-6.987682654128617443e-01
4.748922244462885356e-01
6.438699728975470771e-02
6.415019563597905705e-01
-1.603116223504040261e-01
5.923492160588605948e-01
-6.955722871571486943e-01
3.198725428385497671e-01
3.371348000543314960e-01
-2.181934004425113149e-01
7.480276580214973992e-01
-5.307309485094344748e-01
5.063208698423059262e-02
-1.481046269657738390e-01
3.360128814321972079e-01
-8.526837865210852296e-01
8.630940137991946481e-02
-6.533265521182654023e-01
-1.352299649758293976e-01
-5.151641155322497223e-01
-6.694390493354649418e-01
5.301150529390727950e-01
-3.798145018434543330e-01
-4.048754499264391460e-01
-1.779724269318424257e-01
7.327341979630426216e-01
5.331478854146705082e-01
-9.659096763037653410e-01
3.561447385213143413e-01
-5.148751360871773874e-01
1.077872273825699612e+00
-3.040300199645713519e-01
3.187214692235961766e-01
-4.287817359984242849e-01
3.751204156861119854e-01
7.900337594317414780e-01
7.136597611322946788e-01
4.821600413177289379e-01
5.418154835857558194e-04
-5.837759590372768592e-01
-8.908959414511756769e-01
2.507805949054769390e-01
1.001687073708745768e+00
-1.964331755349018604e-01
-7.080958773239203197e-01
2.055220869288815477e-01
-4.792092922312679582e-02
-8.057089800293090187e-01
5.510757007586375433e-01
7.733922515052671365e-02
6.611010064376808548e-02
8.065210838392660175e-01
4.930980870484786838e-01
-6.727052294222001239e-01
-6.245341679760196829e-01
-9.281610792376517871e-01
-2.381361252755810898e-01
-9.235952845532520161e-01
3.089250904043343571e-01
6.202181193646782997e-02
5.594310569017899581e-01
3.989363605874231000e-01
7.982675795589471157e-01
9.325923178837988159e-01
-9.682340209706457035e-01
8.291521522040989911e-02
-5.189201110681264106e-01
1.024105290141224256e-01
-4.755627696433558094e-01
-1.224936430471062487e-01
1.723102884897632081e-01
-6.942116659158189540e-01
5.179025385600896092e-01
-5.198482766010623646e-01
1.458004439398961349e-01
-8.207291239139047345e-02
4.830150741076834064e-01
-1.088313123386648762e+00
-6.026395523055646519e-01
1.480589542843623097e+00
7.353754343027296692e-02
8.055062738036824488e-01
3.156463760440810784e-01
-9.786696922444665381e-02
-5.037543241044473152e-01
1.035017437919843186e-01
1.134990415127299090e-01
-6.543832584376375605e-01
-2.858220985179218965e-01
6.331189365515240697e-01
-5.514868706627951145e-01
9.154002099566098671e-01
3.302409599139792817e-01
1.199568944101727097e-01
-6.599410395052179856e-01
1.225237729498610761e+00
-3.441625917887697894e-01
1.020123128229666332e-01
9.017571872599615679e-01
4.385490132270963848e-03
-2.386943196217071739e-01
2.689924428297298942e-01
7.311690557354237896e-01
5.786616127965818479e-02
1.021727541985912424e+00
-5.117715173114409932e-01
7.053170304177586170e-01
6.577178035589951177e-01
-5.952415516653628003e-02
-3.404033302578584053e-01
7.221934816866464324e-01
2.142288426110193489e-01
2.301565695344621187e-01
-2.875967295216265152e-01
-1.497057045532819430e-01
4.591360490022795005e-01
2.424108184967889157e-01
1.527371068922395991e-01
-3.644639177252451123e-02
-6.331248729316704127e-01
5.236903262687122584e-01
4.493587529496521626e-01
9.530695467428329515e-01
-6.618519725654510300e-01
-5.680657059734629533e-01
9.385423919833569828e-01
-7.261172531757114079e-01
9.043716280257015905e-01
2.636613212803402551e-01
-8.140771009145566506e-01
-4.603989579352013584e-01
-8.289475428164845283e-01
4.229615247494714070e-01
-2.521777196065130289e-01
5.297571491807895327e-01
-6.464734935536811666e-02
4.403032755468028192e-01
3.478263709733641629e-01
-1.513987053822127005e-01
2.165819830942026514e-01
1.659351787356102281e-01
5.813532935842370408e-01
8.947555860819255136e-01
5.445227216943535620e-01
1.058600482676411048e+00
-7.836253246414877083e-01
-1.322256534032726361e+00
3.328523461102221859e-01
1.128746287230008472e+00
6.145397604121134449e-01
-1.167138464874655779e-01
6.219620348612658889e-01
-1.306280777440468555e+00
-1.144856493325307145e+00
-1.728350330305256088e-01
8.939392506689971540e-01
-3.301667183251580928e-01
6.818548725184719883e-01
-6.069318780121545354e-01
-6.567731259981407499e-01
7.227964137496076802e-01
5.814106466321733446e-01
-1.760194671238766717e-01
6.330130527150030773e-01
9.988509471805505635e-01
-4.190065299602332982e-01
-7.477321073710410104e-01
2.602774374024430237e-01
3.318052228634449374e-01
3.274506697820947498e-01
-4.510455916155582390e-01
-3.708792550899417950e-01
-4.710004633261475337e-01
-5.489125632221455442e-01
-7.648338388485090844e-01
8.530730838245288439e-01
-3.190291572607348858e-01
8.401494067997042903e-01
1.537928626568550450e-01
-1.893753480980951975e-01
4.799354520166239091e-01
5.772057842678172956e-02
-3.963314860884803448e-01
3.890270151667854504e-01
-6.336218809145253150e-01
-9.483516540960363894e-01
3.089208881699126441e-01
3.397623855052971931e-01
-4.905696775411061417e-01
9.733251488452324685e-01
-5.256500784644323465e-01
7.477700266427664832e-01
7.974668107987248344e-01
-9.065733421535048242e-01
