-1.544478615041153802e-01
1.490003427572815564e+00
-1.120188378415043484e+00
7.233555116580406841e-01
4.894050095203673623e-01
1.212278242585109606e-01
8.109954588242698770e-02
1.619102661317290137e-01
-1.095678472132697867e-01
-6.988389009935479512e-01
-1.684822700003386908e-02
4.621589986697850483e-01
-2.984652378157047203e-01
-4.287797752137049168e-01
9.821691002619644673e-01
-2.850008859021732621e-01
1.139279311316858390e-01
3.488622328116495197e-01
-1.230803011189648410e+00
2.484349827697290847e-01
7.782524722042265530e-01
3.632317281847168844e-01
-4.388845733342616184e-01
-1.120663589896092605e+00
-6.333972807777974445e-01
-7.977561393269925194e-01
1.264571765533970327e+00
1.354999316728201730e+00
-2.406127668116217200e-01
1.407959421003918687e-01
6.653747960761203784e-01
-9.635914824568194703e-01
5.954788621381704727e-01
-1.028444736190609277e+00
7.924558859283678536e-02
4.953031473757304459e-01
3.538517370867542144e-01
-7.775912139363021502e-01
7.937501871941827769e-01
7.715203982007028394e-01
-3.364830121954408004e-01
1.894775908115040597e-01
-2.819318826537655642e-01
-6.192021293310643326e-01
-5.106939058802657527e-01
5.175197274059699648e-01
-8.942638001031308348e-02
5.836911151917451024e-01
5.236146953480422805e-01
-3.392125908193863726e-01
-3.296589431353580402e-03
1.587423001144543822e+00
-8.990055829332884718e-01
-9.529444749719621077e-01
1.147754287637726911e+00
1.937274592139176799e-01
6.142151212554969320e-01
2.169223921209246786e-01
-4.681996786904767949e-01
5.247592518271098072e-01
-2.486768435351361106e-01
-6.046921095733893969e-02
7.809215384213800126e-01
-7.771379665984228247e-01
9.846291330567438216e-01
7.767696280233756800e-01
5.920016438299606776e-01
1.188310722760731186e-01
-1.006805461469049590e+00
-4.924103698769954907e-01
6.027556540369962690e-01
7.616638421626625854e-02
-8.572010901768165603e-01
-7.807096432839080169e-01
3.487727790842386905e-02
4.816564487331818634e-01
1.198829121990818286e-01
1.231519164179143699e-01
-1.265980907292640678e+00
5.026163211506289308e-01
-7.975189184963239475e-01
1.371301969879103466e-01
-2.970079006533187238e-01
-7.420425441974266567e-01
1.691900092011377477e-01
-9.631371923151189895e-02
2.170515416468515868e-01
-1.637291417889671807e+00
3.695804686090375379e-01
-1.193155811519905463e+00
-6.688447416660423528e-01
1.549350715718263993e+00
-3.489564774899177602e-01
7.780588906563996598e-01
1.272879107638368035e-01
4.104323877778039975e-01
2.545234089072440642e-01
-3.604715771732539542e-01
-1.411687604062038082e+00
4.496958581338753036e-01
6.691585900141015786e-02
-2.555208064750628116e-01
1.197908246128816856e+00
1.416203540039143061e+00
-6.898048622469288294e-01
-8.714002390267872045e-02
-3.324615858095467114e-01
-7.032085327296446753e-01
-1.641186680940910136e+00
1.573161570540987930e-01
2.541507248449376144e-01
-8.919574082860495801e-03
-7.878138830015326555e-01
1.309869259000405295e+00
6.512472792233923169e-01
-1.142116885901441670e+00
9.066474101259230922e-01
-3.423450230636450597e-01
-8.881339051031681420e-01
-1.229852720290092460e-01
-7.730130087435069797e-01
-2.105727400414003636e+00
1.041857137270401301e+00
-9.105610497845126883e-01
9.605294210177969250e-01
-7.194250640835723187e-01
-4.535324851540913915e-01
1.060859092542921100e+00
8.693432441105277686e-01
-4.535596910057810849e-01
1.335009121107589847e-01
3.408778383183776461e-01
9.014152326752251643e-01
8.485003417130573822e-02
-8.434018409571351071e-01
5.265902178606921002e-02
-1.791746212498620261e-01
-2.626110573700185524e-01
-7.472736745810960590e-01
1.148679797677959247e+00
-4.836198321967359881e-01
-2.248984987067820240e-01
9.191673308042591639e-01
3.433611241352529930e-01
-5.585772216430804349e-01
-6.155804079465814205e-01
-3.008786108685681526e-01
-1.062017758713078575e+00
9.335483460113808141e-01
-6.737407016976373342e-01
1.624230356213769877e+00
-7.703138380211982383e-01
-1.034996849345700687e-01
-1.312553879946974367e-01
1.727941751218844857e+00
-4.585697102953053550e-01
1.863656720367660169e-01
1.772553950547104198e-02
-9.261970671205251859e-01
-1.161825956629004342e+00
-2.133643942733376986e-01
-6.775059123909221714e-01
-2.740587900745797834e-01
-4.316253137145735774e-01
1.894030230284311223e-01
-2.559284807702019715e-01
4.967949539613784604e-01
6.301561076447258491e-01
-7.842304353371671866e-01
-7.460662258862376106e-01
6.203261891701857822e-01
-1.674123739408715394e+00
-5.353966926450685060e-01
-4.866471092098662021e-01
5.662399239428417275e-01
-6.430333216016600462e-01
7.875326610609409972e-01
-2.262060071975528497e-01
-2.036312426107501627e-01
-3.901029087485591296e-01
-3.204927033026679362e-01
2.172766635553898817e-01
9.006935060711772634e-01
1.200058549847303979e+00
-1.326634018858993347e+00
-8.542706573471656739e-01
-1.501703584871458386e+00
-3.634540113604494693e-01
1.937183299419829863e-02
8.071314003926924885e-01
-5.943941525549271132e-01
4.136539277078907784e-01
3.772254164145821820e-01
1.530530533545346072e+00
9.146649836960196733e-02
6.679107752185119429e-01
3.477860401526331469e-01
7.469907535452343650e-01
7.787846378817360193e-01
-1.420311799636243100e+00
-1.008097082347397366e+00
1.265910119881872298e+00
-5.761136607796893960e-01
3.310025595767584483e-01
-9.602231189963643665e-01
9.746928887676821196e-01
-1.197413187686774627e+00
4.871812342172504584e-01
-9.488744673063480572e-01
3.820386815984498918e-01
1.403483294872633458e+00
-2.250336941696770565e-01
-2.179578370301466228e-01
9.578944712134696005e-01
2.308356063050649720e-01
-1.994475359064595832e-02
-9.651521077558568029e-01
-4.810218902235018357e-01
7.545566116179466265e-01
3.425154742378901940e-01
2.178417921109820632e-01
9.537375513358519186e-01
5.989268801874140236e-01
3.571464528038726938e-01
-1.507520982098248474e+00
-8.681886613555518384e-01
1.450916339104893371e+00
1.560037237727311954e+00
-9.156001421003330254e-01
3.417526768923541680e-01
1.337333249586226902e+00
-8.881741139047687472e-01
-1.887258200494987381e+00
1.987009248035516151e-01
6.007050826754718464e-01
4.010126401316087275e-02
3.422191575878972825e-01
-5.736020372594892169e-01
7.334454436982967840e-01
8.328665140794775379e-01
-1.396684294741090404e-01
1.110948570121730539e+00
-9.022953052865609891e-01
-1.295420656452278330e+00
3.846770905587815204e-02
-6.208999011632344578e-01
-1.058939257333709083e+00
-2.996874198532077926e-01
-4.681785394225629338e-01
5.865053067227176120e-01
4.669420371553555937e-01
-8.549454148218451621e-01
-4.383395016177502601e-01
-7.783330239900465575e-01
1.888642014970230709e-01
-1.216950774841088601e+00
4.000886020901334716e-01
-6.598802859322350223e-01
2.956595760353514235e-02
-1.384679902786484673e+00
6.959185880526204127e-01
3.072096144174680798e-01
-1.658269428273446922e+00
-1.169841874649047764e+00
4.554455294543683919e-01
8.111953551046237054e-01
-5.432710639759943394e-01
8.792731433656407747e-01
1.259888469008979106e+00
-3.164244259148292771e-01
-2.426190369289283333e-01
-4.376095714108761969e-01
5.171118727517328706e-01
-1.036758239350143579e-01
-4.844135922675880113e-01
-6.645557988234739033e-02
-8.250040731732504184e-01
-1.098148717352386283e+00
-1.081731743818316188e-01
3.844267679761741996e-01
-8.551693860998338392e-01
2.332633354222547473e-01
-6.034465790379135441e-01
-2.926570002539955612e-02
3.898034639510403743e-01
1.173834713354647619e+00
2.946379073868201637e-01
3.348689011579729091e-01
1.470739530108997828e+00
-7.542257902239473122e-01
1.205721214281307407e+00
-1.009676246066082861e+00
-2.932861865194458795e-01
-1.349451852346121028e-01
2.076262233942333113e-02
-3.415764290664177749e-01
-4.419857246442094878e-01
1.746361016547071376e-01
1.916419514055764384e-01
-8.809847955229268557e-01
1.879684328701432539e-01
-2.845794320159167334e-01
-4.771928449736753119e-01
9.595691132449518657e-01
-6.144411463061776324e-01
1.268817695087081310e+00
-1.179468918551923734e-01
7.661368601672635670e-01
2.040319090641941613e-01
-7.742056508055357167e-01
3.346314365578609840e-01
-7.189951337872220183e-01
-7.494894237691888117e-01
3.678103738607290674e-01
-1.129978484408768746e-01
3.688393650799103307e-01
1.598667418072688418e-01
-1.934974111075581094e-02
-1.239679262469325582e+00
4.819515303869448819e-01
-8.818767663055258887e-02
-2.459045338914479240e-01
-6.625213044427591402e-01
9.800829584719852328e-01
-2.646396852401514677e-01
1.746126120512737079e-01
3.914458328271891441e-02
-8.046527917435036814e-01
8.028598422463699702e-01
1.012652256071491452e+00
-1.246760204824501450e+00
-2.179167956292234476e-01
3.283732866664518246e-01
-3.516216289035593023e-01
5.605084506480196849e-01
-7.401319716839115381e-01
-8.369879537765485544e-01
9.293633413750904682e-01
1.311827267299415789e+00
-1.503951038597035050e-01
2.619143867397943914e-01
9.301556452526384966e-01
9.941365279088105744e-01
-1.234141948362417418e+00
-2.068530529432551224e-01
8.017351017197176244e-01
-8.466103499424044720e-01
-4.721130510526986290e-01
-7.627901270299874970e-01
-9.453463096295186552e-02
7.151491284844255780e-01
-1.023741410707637689e+00
5.088264492658146620e-01
-9.505673165521650869e-01
8.506469371153432268e-01
-1.840845352109666599e+00
-8.586534919671455768e-01
-6.789314638218635345e-02
-4.770612119085451686e-01
6.279347387547715709e-01
4.284704346840838562e-01
-1.322523583370617817e-01
6.022207985505549921e-01
-2.641651120023343902e-01
-7.586031994517500321e-01
1.683130351802976654e-01
-9.643610772414975552e-01
-1.087837553839672289e+00
-8.972271387141736998e-01
-7.637662805785074838e-01
-2.529016292434116409e-02
1.373755179810927096e+00
-1.117915155608732170e-01
-1.061332237138550072e+00
7.915032840954997484e-01
1.168025296984031014e+00
-6.358438708286848762e-01
9.620748787456986362e-01
6.510498192899499825e-02
1.429128764626361514e+00
3.253442534242338979e-01
9.060065017665556164e-01
1.769580056382011046e-01
-4.171390154502178649e-01
-7.547819532697147560e-03
3.091584297779328971e-01
2.435300613192463159e-01
-5.665850265566445970e-02
1.708404631387401285e-01
1.887023364217562227e+00
-8.891141562791074482e-02
1.373292562866450739e+00
1.566343209224858868e-01
-1.142564687304934878e+00
-6.161149921484042613e-01
-1.886391728283966618e+00
3.683879135411985417e-01
1.048888469833955117e+00
5.908083128676980822e-01
-6.621367044919502787e-01
-6.406595821414073910e-01
3.242300429556340680e-01
2.179764790388369622e-01
-1.418119312984464253e+00
-4.856023729593383909e-01
-5.528951856656960651e-01
-2.532904547584168831e-01
-5.485721920417585551e-01
-8.610380042652430177e-01
-3.039245481964956697e-01
-3.366108937992891570e-01
-8.124669032204202557e-01
-3.073052421587521010e-01
-5.603911093771243856e-02
6.179956911877706460e-01
-1.456202676371927962e-01
6.974944500632622724e-01
-1.854269516674922347e-02
-5.073494470830520742e-01
4.266228213754644782e-01
-1.213237252395650972e-01
9.394072522932843672e-01
-7.771074052934043297e-02
-1.139437874833939102e+00
-8.467838644073644172e-01
-4.494359569007294608e-01
-4.676124506494507282e-01
1.160575568127377721e+00
6.970522341523844867e-01
6.864542066765341177e-01
-4.033055683567071670e-01
-1.748671498128345103e+00
-4.177242343619672060e-01
1.391557138191084286e+00
6.991032587282275390e-01
7.370007384711172449e-01
6.243000666046595315e-01
-4.483679562565425214e-01
5.153381782786331522e-01
-5.837920831026153223e-01
-1.287490859785618280e-01
2.864775510026235095e-01
6.516272762635602067e-01
-2.274363340631720409e-01
-1.918584753304681811e-01
5.806515979431964292e-01
9.377026493438520571e-01
-7.238322890061524295e-02
2.031165926243296838e-01
5.460809865370918059e-01
-5.085395851436509407e-01
-5.428211264404779746e-01
-3.731130915718985364e-01
5.101589903743033450e-01
-6.509565918289703657e-01
9.303815392928319605e-01
-3.740403949025974395e-01
4.868568023698944813e-01
-1.606443567242596127e-01
-2.326619741912251682e-01
5.357315405106094497e-01
-1.001299712527377483e+00
9.748348719950392649e-01
3.678811524603862182e-01
-1.437543338818697003e-01
-6.796938216131672705e-01
-1.353186673824678721e+00
8.975470758742856159e-01
-2.799531592782250056e-01
1.965261001620188519e-01
1.046693127419470404e+00
1.571011511126440552e-01
-6.839635806626614967e-01
8.493218511606213106e-01
-5.665136517078190881e-01
-1.030074508575520520e+00
1.293995223520910898e+00
7.597604917139512415e-02
5.421272565184641623e-01
-1.644813297404851493e+00
-1.008514372476146725e+00
-1.079019569279450641e+00
-1.281787317885484390e-01
3.129120678030097302e-01
-3.023867633948726930e-01
-1.556530997492639734e-01
-1.352338983170168207e+00
1.954310619630161838e-01
-6.770117493442335821e-01
5.816436579834830534e-01
-1.406432340317157748e-01
1.002033116340139002e-01
2.187203175111930575e-01
-4.060698041575194761e-01
-1.119073845301798320e+00
8.348362696583561116e-01
-8.989539982126337758e-01
1.362448197781154779e-02
-2.506415164027770981e-01
-1.850539886486154417e-01
-3.697743139602113760e-01
1.951383031130320134e-01
6.107788845108131498e-02
-1.483798936100986010e+00
-9.196059889150958178e-01
-7.569962832069104808e-01
-8.805467562284923222e-01
-7.339229298909433208e-01
-1.012834795443813940e+00
1.626478981974013083e+00
-8.068876863514921061e-01
5.056410791969346841e-01
1.232212653427454896e+00
1.479292528697943587e-01
-5.037281615130992929e-01
7.379777334439949210e-02
3.461414607511787422e-01
1.250063788625658812e-01
-2.731485704817027682e-01
-5.579971986963288000e-01
-2.291311687010339770e-01
-1.598493538185807639e+00
2.790358942307038514e-01
-7.280386261762498146e-01
-3.829683306117654951e-01
