8.306764765601490352e-02
1.735757415574874507e+00
-7.465767359008018689e-02
-1.867115704662805298e+00
-9.212443287516208779e-01
8.255514139817393682e-01
1.215130187666357608e+00
-1.785005601103003325e+00
3.187764770197604181e-01
3.031932288941997511e-01
1.692787500848691229e+00
-9.041638457791225658e-01
1.169398706611614491e+00
-1.371691339017810096e-01
-9.536707122297222172e-01
-1.526546403359621218e+00
6.699364842750350491e-01
4.074862103195874830e-01
-1.402931645237493585e+00
-1.272070589194716161e+00
8.728155440305418455e-02
2.165333065777235999e-01
2.624278404081809568e-01
2.464681592614670791e+00
-1.149358116492760873e+00
-2.639106211363863030e-01
1.847951376308432092e-01
-1.633306193108905457e+00
1.792503642691958943e+00
-7.052981976323038360e-01
2.089497488614161513e-01
1.480688391008040394e+00
9.169488566891939030e-01
1.866022933134187378e-01
4.103913380005516087e-01
1.560619982858776067e-01
-5.740578641373544899e-02
8.892616780878361826e-01
-8.604321678530540973e-01
-1.344599467018590788e+00
-2.883002459229320191e-01
5.329196406735438318e-03
5.860988526290854539e-01
-3.741062365404377310e-01
1.224684613746916506e+00
-1.214126864198841194e+00
-5.271010543059110320e-01
-8.456615021414589650e-01
2.582512096386769263e-01
1.179822541847092843e-01
-6.494869355981021386e-02
2.943013324916687878e-01
-6.513158665348969256e-01
-4.260041435095766049e-01
-8.671001119745456176e-01
-6.380386668948908602e-01
7.133060956385941509e-01
1.486690215859930220e+00
1.550232848234726513e+00
1.180617733736723379e-01
-9.085796801514200993e-01
5.203605872451867453e-01
-1.517310781610255122e+00
-1.137335879373957415e+00
1.895128642502434957e+00
4.038298525815172679e-01
-4.054404725414655353e-01
-1.524311538153425349e+00
1.493662976871036108e+00
-4.993175257017523627e-01
-2.371773822262626674e-01
7.923584764398869940e-01
3.195179925579816893e-01
3.536146711955171495e-01
5.906616481664885843e-01
-4.337566890713455137e-01
-7.751125790873997223e-01
-6.333364482713906840e-01
1.089051508188708217e+00
1.160143135175487394e+00
-1.557506591172377330e+00
-1.087870989557346846e+00
1.676757237653391241e-01
-1.457892827410778303e+00
-9.368441810789320812e-01
1.610561674740488836e-01
-4.064085263496168277e-01
-7.314645225501620329e-01
-4.818999704300732656e-01
-7.653678739776208495e-01
7.536092069919327896e-01
-3.487601965648481350e-01
-5.755942193181879940e-01
-7.229444051577694763e-01
8.498295666890317568e-01
-6.384578837000283169e-01
1.060708641363383498e+00
1.965456907985005719e+00
-4.211034443891378820e-01
-8.920910462384969986e-01
1.186261167749740331e+00
2.060768535418575187e+00
-1.117751671868021102e-01
-2.494351529096858311e+00
1.071412074712250417e+00
8.012709538223455885e-01
5.875508846736731128e-01
1.174790953501962498e+00
2.514250710799807997e-01
5.807048924384619615e-02
3.843510015557443094e-01
-9.978906915077789819e-01
-4.775295776559986688e-02
9.608908593466465309e-01
4.112425687545811365e-02
5.531588879385993529e-01
-9.214472305782469563e-01
4.864395141568003123e-01
-1.321861777614395494e+00
1.255054561509349353e+00
-7.024978335822420483e-01
1.025723588080620363e+00
4.547660635658717920e-01
-2.628806879561866316e-01
9.562056226435298179e-01
-1.049385609639475359e+00
2.418147669924264331e-01
-1.770815238146195014e-01
-7.317327492650473886e-01
-1.516246971363979512e-01
1.085233779944918542e+00
-4.019198191916439900e-01
4.285841782326917926e-01
3.620463455092277211e-02
1.546056191057536333e+00
-8.591416630404847821e-01
7.576346519690282388e-01
-1.019328429047957840e+00
4.801675158949940680e-01
9.698246261674370317e-03
1.254795816940809328e+00
-7.011055563521673140e-02
-1.026218237892007501e+00
-9.131826198737165168e-01
-2.317109917219749293e-01
9.004497620073408370e-01
2.389451495653482360e-01
-5.543359588783308700e-01
-7.160763919635894370e-02
1.689028598205948750e+00
-6.903603873078109077e-01
1.447910006681265127e+00
-1.195647848991760798e+00
1.575200742587203606e-01
-1.478053528624090784e+00
-8.623546648432904860e-01
8.903771538648570516e-01
-1.112447325853245905e+00
-1.277481711678142062e+00
-7.503920859973673974e-01
-4.086309994172723226e-01
-9.350579692362294137e-01
-6.988281519943970732e-01
-1.458879226379018679e+00
1.764204821558597258e+00
8.546216238295269996e-01
-3.224692530848695116e-01
3.262879483717229800e-01
1.126004573590273283e+00
-4.394774411973301764e-01
1.180827664540251787e+00
1.126374947810796945e+00
2.610366436019549985e-01
1.652073926482501509e+00
9.583581747497175174e-01
3.863375174926083622e-01
1.667242549214649205e+00
-6.122603720004267114e-01
-1.547910831541289556e-01
1.234838854797688290e+00
-1.096518330041882372e+00
3.737589007632329263e-01
7.289167958295820204e-01
-1.522337902600682469e+00
-3.858661574757318302e-01
-4.668580819230161438e-01
-2.759637418400748277e-01
7.007446197423050638e-02
-2.538668898909476890e-01
-1.225511002476571631e+00
5.738994305195340706e-01
-5.665039922831890395e-01
-1.213463075831355154e+00
-1.270624256258034990e+00
-2.279377380125469643e-01
-1.140879596817714198e-02
-1.199439857418348021e+00
-1.279479166481499286e+00
-3.329791500424686967e-01
5.763616799576696259e-01
9.094492046641535765e-01
1.497594419130643173e+00
2.233719537792275389e+00
-7.821111930403618073e-01
1.709726286781416915e+00
1.098948844318832441e+00
-8.232790370046628725e-01
-8.830855470655211148e-01
9.790552359223081424e-01
1.875724925079931937e+00
1.287994350994124126e-01
4.309542043905685293e-01
-1.126566569017281472e+00
1.207594400758271735e+00
2.698444597992987193e-01
-8.547744464121839747e-02
-1.251642522846424743e+00
-8.052324709009566206e-01
2.870772535274813020e+00
1.070530140281936493e+00
7.992995151284401079e-01
-5.775531080891531666e-01
4.363228831297462640e-01
-4.342024976775065159e-01
-8.725434562495215651e-01
-7.395143907115042659e-01
-1.923712712381000056e+00
-1.082934448631535651e-01
-1.159102364972364629e+00
-7.624082482097808144e-01
-1.867893617892417424e-01
-9.934305445090757525e-01
-1.490951128427025818e+00
3.120232314685901787e-01
-1.145073948065880032e+00
-1.761039555051684413e+00
1.148836104871837183e+00
9.318016475105692642e-01
-3.476499275844924242e-01
-2.117395717856023207e+00
-1.147261275659093416e+00
4.880672084968109004e-01
-1.669397511495231745e+00
-1.415836736152611963e-01
-2.350874983004990204e-01
-1.387959083474455291e+00
5.378053318096798208e-01
8.211342170976632104e-01
2.089952952532561525e+00
-3.295697647852387918e-02
-5.985946219075430896e-01
5.555695617314668766e-01
-2.169678709455121757e-01
2.060423672061033606e+00
1.106935604214553504e+00
4.661628121100833133e-02
-8.320121879815635113e-01
8.914514488527078839e-01
-2.178310576448866664e-01
3.484678729911565576e-01
3.045633035685123280e-02
-1.434806329037578765e+00
1.158656266655557543e+00
6.160817546723209581e-01
2.593584433469320327e+00
-3.366108432199961253e-01
-9.153608592338305372e-02
-3.306432794371417572e+00
6.276643029036019783e-01
5.711162352057296693e-02
1.018360684648434100e+00
9.327305339080486091e-01
1.995327225280978611e+00
-2.061875578574746459e+00
6.636509831904650047e-01
-2.984494552026422665e-01
9.884430188459784050e-01
-6.903115892862383696e-01
6.513938080047774193e-01
-2.855581584432949516e+00
3.361034995769319744e-01
-4.987848647903670996e-01
-6.318597534328838083e-01
1.063513102884065864e+00
2.091574089641759782e-01
-3.357946464290412214e-01
-3.760712555756428044e-01
-9.488688728385952231e-01
-8.673847716778423367e-01
-1.147003214638250723e+00
-5.177910872416623400e-01
-1.404860889867225238e+00
5.730271145939238586e-01
-3.093567305959156188e-01
-2.132409788092531677e+00
-5.229699951338288022e-01
2.604717774083886161e-01
1.211808705521503438e+00
8.596466326792766566e-01
-9.244800048269976589e-01
7.707442845082808081e-01
1.952260386925514180e+00
-5.792504851595009496e-02
1.762843611030631419e-01
-6.717219289344973365e-01
-4.949203294606289161e-01
1.934180978721975475e-01
-8.531253648793588606e-01
-1.189002782602820441e+00
-3.525985579901421141e-01
-4.187429157162848026e-01
-9.977297801896980456e-01
1.335811331679730873e+00
-1.319798466010167148e+00
-5.514543917875210921e-01
7.178364865836166508e-01
1.034798701258283216e-01
-6.265495632105292367e-01
7.795438242568590859e-01
1.740130377491912794e+00
-1.045594889706545016e+00
-1.196356460613508421e+00
-1.540795139822144444e+00
1.148289423805581633e+00
-1.620237623699900542e+00
3.861246260845376810e-01
1.897610905903826417e+00
6.849669765715553638e-01
-9.127109504968717868e-01
-1.411228643624397927e+00
-4.719219596077040002e-01
-5.626190330488276548e-01
1.146301033844201456e+00
-9.222690910496569305e-01
2.529266903821277834e-01
-1.465294301686901779e+00
3.345963494490568624e-01
2.992146028358488308e-01
-6.361676538075503595e-01
5.550165913813840390e-01
5.538366166502059484e-02
-4.737751613271778406e-01
1.249280673692398702e+00
7.596055331977646929e-02
-1.616178944929695938e-01
5.351539100403905902e-01
5.567445212088739659e-01
-8.383741666734428888e-02
5.233950281646255753e-01
1.001969242943967942e+00
-4.242591880975193352e-01
-9.218678577589382028e-01
8.299028845660427756e-02
1.769615365775604188e-01
-9.714107703401960725e-01
-9.568851090565875239e-01
9.221784908866020869e-01
-6.541386920953222717e-01
-7.346849924927619790e-01
-4.800280876212432712e-01
1.377476654832867076e-01
-1.696509124877443542e+00
3.403939032280259985e-02
1.012220531230320075e+00
7.305644847363876870e-01
-1.729271100594775623e+00
2.910760445449691036e-01
-2.343105216683705194e-02
3.551303738255031650e-01
