1.746980814754412192e-01
6.899085362869527005e-01
-1.134345241249556269e+00
-5.092488295943509158e-01
1.765167615094500597e+00
-6.697638754380335069e-01
6.190287220641988997e-01
8.386199536380859465e-01
-1.219677758786181121e+00
-5.271914669162434119e-01
4.799911519039506969e-01
-3.506372961925884324e-01
-4.090561771464045204e-01
1.431949434761897955e+00
-5.502938070353623479e-01
6.916670056656033516e-01
2.391687127979970628e-01
1.662717152452287683e-01
9.510715393303257326e-01
1.641866752105631821e-01
3.929025464212085872e-01
-1.354295899586805518e+00
-8.103344045627086656e-01
4.376930522992684702e-01
3.568513669711554925e-01
8.381331076232507726e-01
1.656794826196674730e+00
-2.189437120353583399e-01
6.981430715632656048e-01
-7.184537013964562013e-02
6.324288158231274881e-01
-8.931077116447173614e-01
6.640163256795862390e-01
-1.515694775866939237e-01
-7.293808462960136296e-01
4.163396308101037779e-01
4.756059471623201307e-01
2.782784761932564632e-01
3.568751312030438161e-03
-1.303972143884095380e-02
-3.259286757063867834e-01
-2.467465638190505239e-01
4.888360572576863627e-02
-7.056280776386643361e-02
8.243614310930619249e-01
9.478536193018935463e-02
-6.059426589484513404e-01
2.556256116895327946e-01
-1.632063723951641121e-01
1.481803028307950632e+00
1.294215808754496377e+00
9.613332064135362565e-01
7.724104557728989073e-02
-7.303826589160542504e-01
-2.796384240191361892e-01
2.357187589204942646e-01
6.413392202085883564e-01
-2.354855940949060755e-01
5.257115362781713541e-01
5.415436278374364809e-01
6.430310512825420100e-01
-1.021375135495830255e+00
7.885766083801807325e-01
2.406288559260341964e-01
-5.176458489473698688e-01
6.429254541807685186e-01
-3.985053723953903004e-01
9.500320029650342057e-01
2.890617603561531079e-01
1.674375817418731982e+00
7.787490261882752396e-01
3.479763225085458211e-01
-1.082228092679864639e+00
1.139217561806057100e-01
-1.015946528518545111e-01
-4.520239204983138026e-01
-9.537060756761608360e-01
-7.373993755988967891e-01
-6.326110549208826539e-01
9.441695481302461723e-02
6.304499590938394959e-01
-7.339834547162564782e-01
-4.639203278740831604e-01
-3.164552503803099714e-01
-5.004513882822186899e-01
-6.966877302786081971e-01
-1.385097665328998140e-01
2.200836797658593247e-01
1.290579654785374952e+00
8.861008014488206408e-01
4.138856866094776654e-01
1.345231016244457622e+00
2.082335995289841257e-02
-7.728843733418584439e-01
-4.905430140330093725e-01
-4.920884282881548000e-01
-1.299829746161463850e-01
-8.357107870014738316e-01
3.531724169911839017e-01
-1.390129246893653692e+00
-1.118708640479872507e+00
1.937597272097754675e-01
2.925858077712916172e-01
-4.076047285670587605e-01
-1.072578498679473302e+00
-1.225148247647328326e+00
4.883981661073801273e-01
1.086352137448304944e+00
7.832446412226037324e-01
-1.215682882103604201e-01
4.763229550032679893e-01
-6.691698011213951247e-01
-4.147401799668048450e-01
-5.239630530115890750e-01
-1.569621739999869925e-01
2.870423848873919215e-01
-1.592758661294889633e+00
-6.409579020030842234e-01
6.096891712805770913e-01
6.604341158710884674e-01
4.388990152050434301e-02
1.275591607336773459e-01
1.525879012259253376e+00
-5.147576401609822438e-01
-9.088612357510916784e-02
-9.906497689302617982e-02
-4.947691539320600018e-01
1.141983364178645877e+00
9.714312852914042118e-01
1.346099503263521679e+00
2.782466893356339011e-01
-5.597519368217490632e-01
8.466058034889775707e-02
-1.892831657606227624e-01
-5.622252331990201801e-01
9.029090454570776192e-01
-7.217777029328089622e-01
8.731638783723606467e-01
-4.910431558894721715e-01
4.865912186282939089e-01
-1.375440527844013772e-01
-1.150358192613768038e+00
-7.897010998953369887e-01
-8.560882230038001639e-01
6.447389089785484639e-01
9.687482254014768979e-02
-1.965446430068613359e-01
-1.155142465156207887e+00
-1.855877082821773827e-01
6.430989172035418422e-01
9.806600628400503894e-02
6.000529362265691891e-01
-4.914593240786385708e-01
-8.457837771919801684e-01
-8.319884960949636143e-01
-9.294819361926660584e-01
4.461660436412964725e-01
4.364422986934616833e-01
-1.117907729562118563e-01
7.823836141509755704e-01
6.884365495845817806e-02
2.266643658470267608e-01
3.138054228069147578e-01
-6.038354836597843445e-01
-7.927681864295776926e-02
6.616476348490446524e-01
6.857011717344907442e-01
6.678515953135705230e-01
6.562080038996864761e-01
9.498881017821487749e-01
-2.415505157159918426e-01
-4.013213850088734880e-01
6.246327323291033240e-01
-6.837377682788667310e-02
-9.065067352718256810e-01
-1.198633391522043457e-01
-4.837384353420146055e-01
9.382743578615293512e-03
1.189935326951650219e-01
-7.368171304815237521e-01
1.049843493974771613e+00
8.053812098028143018e-02
2.384094910365416597e-01
-5.467964073383496659e-01
1.145135027212539347e+00
-1.520545210724372764e-01
2.392912510810955851e-01
-3.685266960236283085e-01
2.818276824463669672e-01
7.123457065528163712e-01
-9.314178435041309267e-01
4.656113688537250050e-01
-5.172213055767246326e-01
8.338198305913840924e-01
-4.106195764060946995e-01
1.066192265262458250e+00
-9.705603884041601459e-01
-4.683093525750570141e-01
2.647214856812613037e-01
4.894059733146466362e-01
-1.217707307110024728e-02
-1.419430036464970624e-02
-2.147222139851395484e-01
-9.050488247810259956e-01
-5.085007694814774881e-01
9.160692634848784932e-01
-5.961361406535524710e-01
5.108532868914745784e-01
-1.232489241418258219e+00
5.360866423359575972e-01
1.472076868026084728e+00
-7.489591397995840616e-01
-8.131960310852154317e-01
5.398220216061452303e-01
-1.028061867505440929e+00
-2.283352312272257101e-01
1.038587492087716946e+00
-7.847433053059630348e-01
1.515539880970979969e-01
-4.472869659707602308e-01
-2.429709760480165959e-01
-5.093907427835884238e-01
-1.778343020969083699e-01
-1.360546702075238479e-01
2.121784071353894074e-01
-1.551807400364306089e+00
-4.622864743852143077e-01
-8.366589756522476717e-01
1.158319752646676193e+00
3.367470997363466445e-01
-1.063392409033919739e-02
4.855088793850313444e-01
3.094553029348135476e-01
-7.891986127563725972e-01
8.776167915422322663e-03
-8.996905167603509446e-01
-1.359764991603025219e-01
-7.836645856126328580e-02
2.729387108096089087e-01
-5.443596333030632506e-01
1.864958687210534760e-01
-1.064681061892350122e+00
-3.299131931112855853e-01
7.790398996155758482e-01
-5.606274318550127367e-01
2.176521146348221053e-02
-3.566895016274606589e-01
-3.126901031549019772e-01
5.136360387639675729e-01
9.432050267740987870e-01
-1.016796685435165548e+00
-1.324536791942644731e+00
4.786720305307447521e-01
4.835678949801510695e-01
4.844885236736767853e-01
-2.903311533397371358e-01
6.529465089402117783e-01
-1.517472585253803324e-02
-5.200071043313738706e-01
-4.462741994476844276e-01
-4.514488184214557887e-01
-1.451139357555550902e+00
-1.160679899393262327e+00
4.722897040649090550e-01
5.000992592330916892e-02
4.238493628838387872e-01
-8.689324229058942306e-01
6.865589738331587255e-02
-1.027330366867936773e+00
3.177366227509001440e-01
1.123307187896993020e-01
-5.734923343251028260e-01
1.303836644747015105e+00
-9.845746363339740181e-01
-3.253757663471925632e-01
1.028643140455650862e+00
5.493579429902917255e-03
4.447616468788729849e-01
-1.068139912254352508e-01
8.820023697252178385e-01
-1.059861107520281065e+00
2.598057003380731533e-01
-7.791607001460743032e-01
8.197873765802726753e-01
-5.145845956673418264e-01
-1.542186949982878641e+00
-7.136635066089534740e-02
-3.410679015112451085e-01
-1.916853111369609119e-01
5.964124829312053011e-01
2.994219876412067549e-01
-4.335181751096590652e-01
-8.733656869850785487e-01
-6.826140151813371304e-01
-1.029073412464280302e-01
9.432611028888988614e-01
3.944711248158970784e-01
-1.360601611537751943e+00
1.219047466141916836e+00
-1.211923551700580526e-01
-1.188852801222953337e+00
9.805934826546698346e-01
7.200477450474503938e-01
2.596264043064575033e-02
2.694135702724866910e-01
-3.384362457931845980e-01
3.995564037316415296e-01
-6.268689465228706181e-01
4.167870660140208239e-01
-3.053356343076349955e-01
3.505653802501894623e-01
2.231414186473505978e-01
6.420431931733158737e-02
-2.922590944703186699e-01
8.424035457525120840e-01
-4.470082744545633702e-01
3.262944351628909168e-01
3.865416112221076173e-03
-9.385752102717119516e-02
-9.607435909743820002e-01
-1.011213417096218370e+00
-3.067054708246068073e-01
1.237180663410757386e+00
-9.607438934962257981e-01
7.133839375916473102e-01
8.253047184012600734e-01
1.060773938451915255e+00
5.261808859724802223e-02
8.677025383645654566e-01
2.869375941184454937e-01
6.708830375084935405e-01
8.611854173848196847e-01
3.458775717648932546e-01
-9.818757918138087959e-01
-9.865054487662663352e-01
8.990043797336796372e-01
-4.097203129183751846e-01
7.258679348993508640e-01
-5.345226384387012919e-01
-1.184408730842690383e-01
4.051623435319723354e-01
-7.901973303131243354e-01
3.723311371733130648e-01
-8.337587019937753308e-01
3.290861808890562790e-01
-1.761282408886363504e-01
1.129690777441997307e+00
4.386431023780734129e-01
2.654932106863440167e-01
2.927503115456913108e-01
7.166266642619152361e-01
5.643334308236841457e-01
3.909663025310963769e-01
8.194260966826807380e-01
1.048647555821802690e+00
6.501518637173671067e-01
3.754197861111054912e-01
-3.665292779589384708e-01
-4.159319653604912070e-01
6.939818406464898226e-01
-2.911027877472030512e-01
2.476759788195593004e-01
-1.251331388527746613e-01
1.429552639551565085e-01
-1.111263027841889572e+00
-1.423894778194246535e-01
4.141980757664021073e-01
2.029486867335859313e-01
-4.790494437232575842e-03
