1.046104092446888956e+00
-6.223942759695038074e-01
-1.142476059102110364e+00
-2.338375148935124478e-02
1.270409532645325079e+00
4.561676009766872930e+00
-1.250526920423613131e+00
5.625454175201525242e-01
-4.076971334717608419e-01
-5.320292123278853591e-01
-1.373403682121940195e+00
-1.813096321459489513e+00
1.347917140318443785e+00
-2.295189144673497772e+00
-1.265864080014108328e+00
6.292208435338437766e-01
-3.785040559969800045e-01
2.817648445798406343e-01
-2.291690029866237488e+00
1.255091214068658534e+00
-3.021397569045822587e-02
1.328685272239279236e+00
-1.019471679439567069e+00
-1.809306036116914207e+00
3.601721961211289624e+00
-1.082960538535553408e+00
1.271715640435177264e+00
1.493163975328595461e+00
-5.471228239766408041e-01
5.153865466292382319e-02
4.133295777185966302e-01
6.730576042457252217e-02
-9.049513426676778494e-01
-1.160766846673960129e-01
1.327032279722741182e+00
-3.000956581057362405e-02
4.440009752637817941e-01
-2.329964673700088529e+00
-1.159546929798846299e-01
-4.357406541058130300e-01
1.031542831545145145e+00
7.346618276323901853e-01
2.796216772090384772e+00
-4.751804669601568776e+00
2.006982601935213550e-01
-6.985377230881065769e-01
1.192122416885949221e+00
3.030283801620355932e-01
1.676358670868329348e+00
2.636103698457437972e+00
2.713399953291454114e+00
-6.370329664541924952e-01
5.495645236732472627e-01
-2.079117561588388619e-01
-1.221981757746694264e+00
-3.825635071496588768e+00
5.621872287617101227e-01
-2.475346271177573776e+00
1.264390676191783136e+00
2.127290797078684292e+00
8.046794473811985648e-02
-2.290535342771785832e+00
7.223962049710763722e-01
8.670150795050638459e-01
4.599824759145285658e-01
1.779213764760617211e+00
-4.382777612838816700e-02
-1.177248080137145880e+00
1.525163193402172268e-01
-7.021174764844353433e-01
8.436658679608626255e-01
1.175993755440641220e+00
1.265195112696732016e+00
9.832101189947388686e-01
2.306004005699133774e+00
6.855069932741209016e-01
-4.188092377045156134e-01
5.595884757777488394e-01
8.771745822100172063e-01
-1.420421381873700151e+00
-6.595174762568956073e-01
-1.089749323685261784e+00
1.106723088191212234e+00
2.390128683401660514e-01
2.846196089775231974e-01
2.172656150896151050e+00
1.361974157800185825e+00
-1.116571581729010054e-01
9.757941622419098460e-01
5.808218527851303215e-01
1.320930923342094054e+00
3.871106988454227071e-01
-3.592735188334959806e-02
-1.021271023571802550e+00
6.418033721883960041e-01
9.580509135815599292e-03
2.674011072818852641e-01
4.425525584797718182e-01
-2.259417826155787345e+00
-1.497916737009958310e-01
4.839958350312130175e-01
4.317433673221440782e-01
-6.133776477988324149e-01
1.630913317738254820e-01
1.466308846152613587e-01
-4.926375667017518500e-01
1.636091641209965086e+00
-5.183517777040512753e-01
-6.460202133514685308e-01
-4.379314461269450121e-01
1.137080425541195705e+00
1.766300768347953465e+00
1.708122963344828049e-01
1.724240519992211507e+00
-2.571012121431643038e+00
2.537668244889457747e-01
1.317993740059172580e+00
8.157794869734444898e-01
1.959913958094143815e+00
-2.703880951943934408e-01
4.336656880334652797e-01
2.784415805920899267e-02
-1.084586298501736934e+00
-4.089391040805235855e-01
2.167891274573218452e-01
-9.569035599265780512e-01
2.452785627563990989e+00
5.679599221254154617e-01
-6.529267184576568184e-01
-4.995413046254043588e-01
1.699398048935449046e-01
9.444609669367730609e-01
-2.722519161297012769e+00
-1.041355365481774431e+00
-4.860603049929601571e-01
1.540738909828084403e-02
2.241224890928209534e-01
-7.145947904517218063e-01
5.027709987533267588e-01
1.174597668245043636e+00
-4.638832023500446544e-01
-1.624788864973789160e+00
-8.596592803692337803e-01
5.711286266359615338e-01
4.182682531932336301e-01
-4.024010305723102476e-01
9.516882347959112476e-01
-1.617878495373563652e-01
-5.437410147256525050e-01
-2.776085364883771889e-01
-6.309755815620707864e-01
-1.047772178474569299e-01
-6.154826053161805977e-01
4.211473409446376270e-01
1.242509792447334949e+00
2.340929293914947085e+00
-6.670669962887157967e-01
-2.131582352913704348e+00
8.943188283946833517e-01
1.422567038382271942e+00
9.574798983628387550e-01
-4.752910425803780203e-02
8.168544720762197994e-03
3.026299041784045185e-01
-7.305523739291286400e-01
-5.310698361728745098e-01
2.072905690272646984e-01
-8.296066633005052537e-01
1.600619959019758398e-01
5.884340884712208064e-01
-1.976840483869244380e-01
6.641603110526826947e-01
-2.278790373265225377e-01
-1.182305776595993230e+00
1.612903392790548951e+00
4.548371352359428799e-01
2.924933760104361236e-01
-1.268132688227519012e+00
-1.328292828645468049e+00
-1.558908591597550686e+00
3.925070338727352781e-01
-1.637584126446094968e-01
-9.693432160471743275e-01
7.706458166592849990e-01
-1.134576457515932280e+00
-4.576371237822444704e-01
3.776833571795722433e-01
