1.402839437161353675e-01
6.668919918456657214e-01
4.127836408207393726e-01
-6.775379329884809732e-01
1.766989643300007851e+00
9.492058783811097022e-02
-2.839612705531140424e-01
-8.022262304031611002e-01
-5.346594170832057874e-02
-7.651162146893612792e-02
1.621169245365039924e+00
-1.733931211031581432e+00
6.108433607752045136e-02
1.043584152715100188e-01
-8.193706842390235945e-01
-2.570833856607378509e-01
-3.228283899710331806e+00
-3.683618741125122664e+00
-1.212920575477562934e+00
-1.019821587778439342e+00
-2.226802349217622989e+00
6.023534899930780284e-01
-1.507720635288897215e-01
-1.735001758785091330e-01
-1.117547532276252698e+00
7.115596719265496750e-01
9.052812261887159817e-01
-2.129599025804836815e-02
3.290827990818062876e+00
1.500357598276601312e+00
2.092389910370800798e+00
1.371211148021250992e+00
1.119200302759058685e+00
-2.752904805166730196e+00
-2.088044351896418238e+00
2.785910794973578408e+00
-9.006478957179148148e-01
8.316551206892062176e-01
-2.338327115859262229e-02
9.408291246408513331e-01
-9.211069248562757661e-01
-1.853399267843776732e+00
8.578047262500135828e-01
2.160182635844202004e+00
1.641680754501016803e+00
-6.977743744859377095e-03
5.346069806620750153e-01
-3.872625368419410297e+00
1.002405095541556657e+00
-1.895193748473971596e+00
1.592170917442484956e+00
-1.177862237668566348e+00
-5.344136190895756311e-01
-3.542142080592680653e-01
-8.205164278590866278e-01
-1.009694030762671391e+00
1.789015911683580762e-02
-3.038409773900530464e+00
6.483372727917637857e-01
5.319509278536905805e-01
-5.660864149766710041e-01
-2.493876215222799342e+00
1.996228743360586588e-01
-1.456062980428245002e+00
7.544384240771192518e-01
-9.323823266734599935e-01
1.588017484284242276e+00
2.537637708599226549e+00
-2.518521109975680350e+00
-4.452517938754818161e+00
-1.006015496577005841e+00
2.360810655767205946e-01
5.516466259635051106e-01
-1.254460495470145487e-01
-9.957339102689429788e-01
-1.649271036138599822e-02
2.156207805878532557e+00
1.925152784242092352e+00
5.660019285838388536e-02
1.969233960362811064e+00
-8.780394753057731982e-01
2.078640475595090908e+00
-9.226780427027531095e-02
-4.989650574850316295e-02
-2.912375220968995926e+00
-2.928458460893641035e+00
-6.745039384281580341e-01
-1.788313636131784845e+00
-2.391081513534115022e+00
-5.355755956099031989e-01
-7.340055496178721217e-01
1.148231626766281988e+00
-8.107059302051828897e-01
5.188588493358232689e-01
1.058477940146833884e-01
-1.482517300389903259e+00
5.832040516654241058e-01
-1.240816194226945259e-02
-9.642809372389102851e-01
-6.664188076626414992e-01
-6.298367337346744144e-01
-1.401276189450336718e+00
3.681398304980780523e-02
-4.997034487099334954e-01
2.860623794241258788e-01
-1.108102206996146144e+00
5.810027528522936358e-01
-1.244507248804496147e+00
2.387420666796587820e+00
7.777722297386167050e-01
1.016894172090993420e+00
-3.256531926279321087e+00
-1.097116569215330628e+00
7.954785699178833491e-01
-1.973012386837929011e+00
1.976635045565807269e+00
2.068345380614404760e-01
4.009669384298836237e-01
1.345681133026539467e+00
-5.610585162812983251e-01
-1.499306974409166715e+00
-4.522951863892276103e-01
2.510772506954100924e-01
2.163144678426812462e+00
2.457822053682614083e+00
-1.713118164584225056e+00
1.100620059282758634e+00
-9.857220865611258098e-01
9.355405584809101116e-02
1.210546457765525830e+00
3.412385596123453380e-01
7.275584344588295060e-01
5.404485778723353562e-01
1.081211214080102234e+00
1.185017412748146537e+00
7.480253538074538300e-01
-7.177282695771400878e-01
-7.697003531153406852e-01
4.241809777141161697e-01
1.031342062428466155e+00
5.158404278593547998e-01
-6.452566186329301567e-01
1.311317108047360014e+00
-1.639477504639004213e-01
-1.442838941000248731e-01
-1.188108927539457182e+00
1.944592603129979280e-01
6.319201706431104570e-01
3.383096297447760747e+00
7.281773210897828363e-01
1.263870141188371488e+00
-8.785108524293117060e-01
-1.448155260715239812e-01
3.813561911562211471e+00
2.027809826101966695e-01
-2.479223685381560238e-01
-5.231927357570707038e-01
8.527306087308887950e-01
7.952847802433221647e-01
-1.260789019840385938e+00
5.869924810998990994e-01
-3.440806747392690212e+00
-4.060809293438368828e-01
-2.182316032737682043e+00
-4.484696443368291208e-01
-3.424679614035408548e-01
-1.064246536865377235e-01
1.099186461328265141e+00
4.359042645471090938e-02
8.157324427241436915e-01
-8.377330907062991994e-01
1.134549073605800817e+00
-1.208698219936338747e+00
1.854589004613030889e-01
6.288888567981872901e-01
1.643543254223021888e-01
-2.150524687698420756e+00
-9.653334488014789772e-01
5.836304631001620891e-01
-1.179489486172252466e+00
8.315273519887536047e-01
6.840052874745652378e-01
5.722893633573055139e-01
2.981024002968127307e-01
-1.336909868319702710e+00
-3.398067061799137090e-01
-1.677906532397649642e+00
