-2.912996811110181716e-01
-4.776628664845672390e-01
-9.863945149945343993e-02
-1.119748609134706863e+00
-1.325122916126961481e-01
7.162344539151734857e-01
7.230893914183490478e-01
1.193792269652809379e+00
-7.318414033799033325e-01
8.369424673925316416e-01
-2.358408927086746987e-01
-5.835850133966349884e-02
-5.350597384867044060e-01
6.043184413470031879e-01
1.519538681917941281e-01
-8.783934189950648452e-01
9.022322344668329830e-01
-3.054233415331940038e-01
-6.621613358829314677e-01
-7.265873188220712819e-01
-9.234818326184073278e-01
4.583006039580637125e-01
1.183081603285142114e+00
-1.573871884589780890e-01
-8.944035076417343466e-02
1.016017611446922153e+00
7.398539151613134912e-01
1.375137234330242042e-01
1.368791037704234714e+00
-8.411680431836840999e-01
1.254626322071898725e+00
-1.204360169483915222e+00
-6.298287155272057625e-01
7.029272039948842865e-01
1.112528458760149164e+00
7.135034932114406869e-01
3.368723992725148886e-01
-7.068619208573858614e-01
-1.223163965781610907e+00
9.219209519199348390e-01
3.981098633212924454e-01
-1.946916052277167242e-01
1.712476245504090111e-01
2.115641363564510491e-01
-2.748488515508151764e-01
-6.235110667602048462e-01
-6.888894252414035080e-01
-1.091152904151439618e+00
-1.199892243235918476e+00
-7.148165244362466586e-01
-1.227188780809868263e+00
1.037691829968452328e+00
9.788844008953350162e-01
-5.194423617730266063e-01
-2.225083472629173775e-01
-6.232820644050656167e-01
-2.779054403288979125e-01
5.821519789035561887e-01
3.577969986964456561e-01
-2.656372652280999391e-01
-5.642136388439531469e-01
-3.457524736841238178e-01
-2.465305707576561645e-01
3.125242243352707172e-01
5.272344990752841909e-01
1.029399698848412203e-01
9.569991213955693077e-01
-9.415271373440057268e-01
7.034003126873302758e-01
-4.448326509927107431e-01
1.240620622315645960e+00
-4.442052277026623530e-01
6.151480929430129807e-01
1.194151437294953405e-01
1.173178258970063226e+00
-3.589785071991007381e-01
3.730540912688303790e-01
-3.812897167180281377e-01
6.714963675362821682e-01
5.478417176116570086e-01
9.061753920189640210e-01
-3.067355441633369262e-01
4.422695431812921352e-01
6.415085610554956963e-01
-4.597833189324146974e-01
-1.877540119060819301e-01
3.829519641157263371e-02
-1.047848278127388788e+00
-9.021925035336502141e-01
-4.613650650147368970e-01
9.227037004619716154e-02
-1.319460232180986070e+00
-1.680379818523009272e-01
-9.429846854101801013e-01
4.601585549405781128e-01
-4.660727247400859863e-01
-7.321578669784059024e-01
-1.894773561392397720e-01
-2.552795313149891498e-01
6.760340987217752229e-01
5.316638897709415890e-01
2.494929664016907328e-02
6.815658115967307973e-01
8.376068569614937287e-01
-6.601472802182805077e-01
-6.932581696673180138e-01
3.700423410002059432e-01
-7.170029082030235923e-01
-1.238569852252052461e-01
3.927444507864290002e-01
-5.456952697338792735e-01
3.284604157998409490e-02
9.406724601836509159e-01
-1.436182808738973637e+00
4.520185368383213831e-01
-3.502531791723783594e-01
9.204767447309142314e-01
1.561946925230887906e-02
-6.379529160217100037e-01
-9.442914736521330621e-01
4.895753108660000352e-01
-7.983399527929455619e-01
-5.346834174620181956e-01
-4.463059298082480697e-01
-9.506901965361267415e-01
-1.009310835354182423e+00
-2.705873775125800518e-01
2.139985137732902387e-01
7.101421416918609619e-01
4.435953376625006994e-01
-9.397750230351180623e-01
-9.968401786442699919e-01
8.758735284690696288e-01
-5.458147051459222299e-02
-4.480344491738533219e-01
4.702570165136327196e-01
1.041285651382272970e-01
3.072655089307755327e-01
-6.439381494055516075e-01
-1.680873331162644480e-01
6.542897922370681796e-01
2.276210118568488400e-02
-1.905197388167914618e-01
6.461686719016963565e-01
-7.298329912729041302e-01
-2.425665602063717396e-01
6.774738424735415876e-01
5.710773593373701384e-01
-1.302579005405776758e-01
-6.279223922576167016e-01
-8.851055842401072127e-01
-7.612341078472147082e-02
6.062411111838647559e-02
1.046854889742365735e-01
7.560357697048469827e-01
2.545844516613523512e-01
-2.636446776224334043e-02
-7.838997271451806359e-01
3.975205830724453104e-01
2.865172002586581224e-01
-6.469659341030001842e-01
8.037979763610278994e-01
-1.056627781323161042e+00
7.219971955762918836e-02
8.285058590087671093e-02
-2.810086938025830872e-01
4.405026032496892063e-01
-5.163623525474173026e-02
1.032357311769129815e+00
-8.420129544624644913e-01
-4.623290432976746578e-01
2.462176812186631369e-01
-1.813048039163564495e-01
4.076661013801884947e-01
-2.368007569368086040e-01
-4.045233029600062147e-02
-1.363626484299042874e+00
1.275549280460082369e-02
6.757449024327991660e-01
-6.261402500938884064e-01
9.271726800908351995e-01
-1.536497884473564043e-02
5.689645859533283279e-01
-3.334669376980381461e-01
5.182885374609007556e-01
4.720935611028871381e-01
6.575208692896266083e-01
1.179315240633555195e+00
-2.620453499734028968e-01
-1.547184603259587510e+00
5.132238809577891470e-01
6.937122786420357734e-01
1.020433864521278933e+00
-9.390553260754475051e-01
1.383921978507307804e+00
6.452384391515091355e-01
1.125853226092953685e+00
-6.595338813609529227e-01
1.033918439026653147e+00
1.350905852651851591e+00
-1.567052838621428856e-01
1.077853904556426379e+00
2.191577464970346223e-01
4.838111103782865574e-01
-7.658770445810275662e-01
1.070976008009745517e-02
1.760249301110681786e-01
2.658185218132209648e-01
2.191773020322260179e-01
-3.105849233751435956e-01
-6.480162441550448849e-01
4.335765146988448948e-02
8.162025502690003487e-01
3.749795464498656417e-01
7.860839354912652066e-01
8.986753138661843776e-01
5.014157923093638392e-01
1.367052753872340265e+00
-9.013439120529392889e-01
-2.756266154384441613e-02
-1.831380492328716914e-01
6.931835667319110605e-01
-9.875295536285196019e-02
-5.984060842400371616e-01
5.821751592942356890e-01
-3.865962602384050983e-01
-7.249545748972053838e-01
8.225770690444383915e-01
9.432188632453571975e-01
-1.985554561547102914e-01
-6.644090191730984696e-01
-1.499292232929053392e-01
-4.540300939997280461e-01
-5.381243332582397176e-01
7.664400527480286218e-01
6.472688618710012998e-01
1.107081151692670185e+00
3.759750269714398074e-01
-3.064201335222517253e-01
-3.046075626999552588e-01
1.660807582596126042e-01
7.224050167620828244e-02
4.329479782349507366e-01
-4.470339370248062050e-01
-3.500798566610877627e-01
-1.129780263104836813e+00
-4.356373293420454651e-01
-1.892489513645061738e-01
5.806341677660213918e-01
4.503647234911367647e-01
9.615173599354633893e-01
-8.466077216672120986e-01
3.708326609566010845e-02
-5.587208944122477039e-01
-6.269508563935341505e-02
1.471550804960329931e-02
6.250241957335946896e-01
-4.549421945712828208e-01
8.688493125229042047e-01
-1.087560299525879071e+00
1.044786185081916896e+00
-2.786276404399525286e-01
-3.235236222654655491e-01
-8.386463495420631853e-01
6.723553536077897519e-01
