-1.098324385268035219e-01
-1.306322123255545975e+00
2.381180921248671201e-03
-3.134856548054296699e-01
5.162647607758791279e-01
3.742950002910532259e-01
-5.694675920211944575e-01
-9.178275499283015115e-01
2.646259787291352916e-01
-4.735261794463524465e-01
5.170403381878017068e-01
-1.618963859198572774e-01
-3.641795123617655450e-02
2.491787572095419401e-01
8.700291266515506328e-01
-2.766005169484250237e-01
2.960218841599550066e-01
-3.952535642977027530e-01
-4.129883820754465806e-01
-2.381664834106796136e-01
8.038097551600927870e-01
4.274414294974171469e-01
4.549519688900591219e-02
-7.169015276234803613e-01
2.177080771324091668e-01
-4.878839477007668179e-01
-8.582434841349363408e-01
-5.707102451053630565e-01
-3.559512021730020792e-01
-7.766093319911802906e-02
1.437856866802724509e+00
-2.491395974091456522e-02
5.302760596717916997e-01
5.090878001597531899e-01
-9.287736517582274587e-01
-1.499281057235551939e-01
-5.976806120529867261e-01
3.386012929187099951e-01
-2.515137414647581338e-01
5.770330846226007226e-01
9.911053124139717063e-01
-1.211794802208715938e+00
7.821780493285667157e-01
-6.309127798664655729e-02
-1.408975102157720816e+00
1.592940850939412456e-01
-5.569784225846906578e-01
3.267922912539781288e-01
-1.088319744500212849e+00
-8.084198491412871723e-01
5.680490876111865539e-01
-9.570190791072992198e-01
-1.303331699318582615e+00
-1.766730474646058813e+00
6.286549217662942279e-01
4.260211579633646495e-01
6.689812783722581813e-01
-1.171841678017926602e+00
1.240713081114906524e+00
1.382679874045555646e-01
-1.840560311774648294e+00
-1.269095996837904305e+00
1.131386808692669721e+00
-1.220470894832346609e+00
8.786031034248880101e-01
-9.967422149732937942e-02
-1.282755184771500412e+00
7.762725737080653499e-01
-1.430014108550567986e+00
-4.392101136557333696e-01
-3.713766387254780477e-01
8.505140365835780480e-01
6.651821394425285749e-01
3.951143913216351722e-01
-9.497176453818824138e-01
-2.579788612116419855e-01
-1.293059867845807842e+00
-1.022304639467422671e+00
2.455756933827807076e-01
-2.875114424571742489e-01
1.218758545959545803e+00
4.638805703433541705e-01
1.132531908906743823e+00
8.284854055533428241e-01
-3.617055703293884372e-01
-1.118823024063086757e+00
-9.410798660915756786e-01
6.868460025981646400e-01
-7.966834645616005517e-01
5.429529311580554296e-01
1.197514137236453058e+00
4.195195507524530631e-01
6.715833392229741960e-01
5.361473372621495814e-01
7.608662230839786655e-01
2.959470113770450439e-01
2.661833841105636367e-01
5.816912500754161108e-01
-1.808001508455392148e-01
8.492398892673213018e-01
1.387389449148672960e-01
1.921726125084453340e-01
7.427366474314460731e-01
3.548590323464173579e-01
-4.542433572659789753e-01
2.044191079253369625e-01
-1.346881979705718102e+00
1.521186800330834865e-01
3.653666637148239027e-01
8.036774693505388534e-01
6.928745781557090755e-01
-7.946871931316933368e-01
-5.387232416927832945e-01
-9.430519297479643681e-01
-7.241506090960396769e-01
-1.724768869592113729e-01
-7.309693459198333132e-01
7.242987152463941092e-01
-1.168735363923524728e+00
-1.230164231770505712e+00
1.023415533134886868e+00
-2.568243086306321032e-01
-1.168448807319495630e+00
-3.564671917158820924e-02
5.491995382775592960e-01
8.572376324623717236e-01
4.931242458797795991e-01
-2.514028236471554933e-01
-4.985533015967184012e-01
1.175614056074444913e-01
-5.488877708047170678e-01
8.183842370064128291e-01
-6.423311138278600119e-01
-8.608115582043667224e-01
-9.132271170340328093e-01
9.675743790774948838e-01
-6.856728469742938703e-01
-6.628405165046795666e-01
1.876301951777971655e-01
-1.833166656647854942e-01
-1.807581036505793382e+00
-5.411172556804869638e-01
-2.470537347834619590e-01
8.624243122092773994e-01
-1.052469154756688674e+00
3.718532016007833341e-01
5.592333995294955784e-01
3.644168142744919625e-01
-4.283564868218250332e-01
-5.490374913323252670e-01
-1.885036365423963689e+00
1.386337281169865099e+00
3.374389985259235725e-01
-9.742828067080403498e-01
2.306361430543479585e-01
-2.586922601559212831e-01
-1.013434111838736662e+00
-1.561660675374995977e+00
5.578059967661338492e-01
-8.969186839378665566e-01
-7.998138461506326680e-01
3.700826077272929560e-01
7.765800703240626213e-01
-6.044516691141620379e-01
5.851575505709236680e-01
8.106650364002734310e-01
-8.091811283378601560e-01
1.917832429588717469e+00
2.864076948776301257e-01
4.341986127025936337e-01
-8.732802451055131643e-01
1.059589326883763283e+00
-5.589813927610447486e-01
-6.275324656387479827e-01
-2.224207875170903514e-01
-7.150092275118887786e-01
2.426610695477726953e-01
-5.488753368878865890e-01
8.871841802850936043e-01
-6.192074198782557271e-02
7.869744918374524389e-02
-5.672442319978318048e-01
7.871843045359119273e-01
3.031764312722645682e-03
5.065739072909635210e-01
7.880076544653168424e-01
9.584792560400957617e-01
-4.115118648792110978e-01
1.084362067407417807e-01
9.847912081830292874e-02
-3.245504850430316890e-01
-2.551348871158825582e-01
-2.511182403218275017e-01
-2.453516304325664699e-01
2.440572859485294899e-01
6.160995134914359905e-03
-1.238546643754946386e+00
-3.607234355914040735e-01
7.201450777229503331e-01
1.265065980529420431e+00
6.437743886583922048e-01
4.231089732482851140e-01
1.352351456489465642e-01
4.204961175027872866e-02
-6.229676668121357508e-02
5.733694639097272616e-02
-4.081618374607071803e-02
-9.713510250878676366e-01
9.882027000769140201e-01
-6.660981623759884562e-02
-5.972252304241563170e-01
1.391351384325757445e-01
-8.429716826656987738e-01
7.124372945404418012e-01
1.160440844515794767e+00
1.213681962246041524e-01
-3.293218305314704053e-01
3.340505646002601692e-01
1.835111665541013348e+00
2.874097270498681134e-01
3.683299417471160714e-02
-8.302807777846235027e-01
-1.469735848260923516e-01
5.958251392062535734e-01
-5.188496866673589780e-01
6.703562202663828629e-01
3.184580568696909197e-01
9.915405391521678879e-01
-9.511297008774359796e-01
1.477341953572519073e-01
1.839090306197757263e+00
3.659022041530182734e-01
-4.784594289990057869e-01
-3.233452807242970239e-01
5.691312789515440285e-01
2.910892661573808438e-01
1.476264749991712755e+00
-1.798215343003466138e-01
1.479268003994879122e-01
-1.425627812407036732e+00
-7.592805764418427694e-01
-3.049890611294480136e-01
7.958851012588151752e-01
6.678421814460562267e-01
4.037474908919013172e-01
5.138661181926327259e-01
7.279330388516953576e-01
3.320698623721151654e-01
-1.649045155273294594e-01
-1.044502850551272122e-01
-1.112881612275635090e+00
7.684089371906750454e-01
1.562441691395841215e+00
5.206227298404626502e-01
-5.273200673466948984e-01
-5.405810162198114721e-01
-1.350900212719449711e-01
1.106089335300097509e-01
1.750153127359221905e-02
6.047405280050794918e-01
-9.086269221174983479e-02
-1.586203421678986869e+00
1.034586630540291097e+00
-7.950058503187883430e-01
2.096839110287646579e-01
