-2.009696429028804965e-01
1.313688342184405056e-01
-1.126134974107250164e+00
2.998208873416342013e-01
-1.663633998120946922e-01
7.411105196568388287e-01
2.166306894270946692e+00
1.964766605210404027e+00
-5.396254077974427243e-01
-2.333906843223995942e-01
4.784462204211246683e-01
1.097702962857561859e-01
-1.024237965947514040e+00
-8.771868979157155799e-01
-1.273323918930947762e+00
1.557167863522337825e+00
-1.565998591343398250e-01
5.168455574888881632e-01
1.098898989599896625e+00
-1.333709366704381782e+00
1.131953769291792478e+00
6.883408278388751800e-01
-1.088789692349356297e+00
8.079680892285796556e-01
-1.585184146599963428e+00
4.318930307036846772e-01
1.915841918093173391e+00
1.082395934998193310e+00
1.614396512881497880e+00
9.989438447344989314e-01
-1.966527220432172096e-01
6.105004729632767385e-02
-2.853981066286517265e-01
-9.352274089310211869e-01
-2.371090485814564719e+00
1.581929567785220314e+00
-1.691797060710615641e+00
1.649892857427832926e-01
-9.283729336935142573e-01
1.308430210949685257e+00
-6.764629742029851789e-01
1.717526429048232828e+00
1.690119423672362009e+00
-1.812395195902933576e-01
-2.432058815087434767e-01
6.337648346749379380e-01
1.434175686528198934e+00
-3.908738813557305347e-01
4.128842531391619386e-01
-4.213482258241054157e-01
-1.062266001862934628e+00
7.021237302489872212e-01
-6.674701416780998153e-01
-1.302174748316458353e-01
-1.031191685113743262e+00
-6.117994702161758669e-01
6.195574953868686618e-01
-5.025780309605508700e-01
-1.610885553836708839e+00
1.928401326702958940e+00
9.072914703396802727e-01
-2.637337395944749030e+00
6.635813618960088034e-01
-6.988584063262385238e-01
-1.784994112734576532e+00
-6.225479645421403418e-01
3.459709334561180682e-01
-1.182695886178889877e+00
-2.245071526173798293e-01
-1.287052108843874387e-01
8.177118366745924627e-01
7.092247559685216363e-01
-2.580099823683812854e+00
-1.393713092470905690e-01
1.374886052593996100e+00
9.441749653942164144e-01
1.586873265993396787e-01
5.014441767533456273e-01
-1.728062536786194592e-01
8.610652909893487528e-02
7.432475737081247757e-01
-5.397328682607879236e-01
-1.221459166497820936e+00
1.106016461124438743e+00
2.383827654028463083e-01
-1.368105425772823347e+00
-1.007909032485847955e+00
-1.066314026703685913e+00
-1.309584756117571747e+00
-1.113115713420182340e+00
1.280628716824287583e+00
3.797574338808439309e-01
1.285660849904507463e+00
1.958547369850449638e+00
1.196403188561907527e+00
3.216467456124955104e-01
1.617386289024366430e+00
6.502421296225241454e-01
-1.092076503846215185e-01
-9.165416491702155222e-01
2.744381165864597794e-01
-1.241677697007954745e-01
5.360910473302142876e-01
1.115342088218254979e+00
1.256322728907075317e-02
1.179865021968786953e+00
2.370038191245401049e-01
6.436192201262576074e-01
-3.527964792425843932e-01
-1.011045574150888582e+00
-7.592213089528490055e-01
1.764810969595494994e+00
2.778097954683824700e+00
-6.747709411145998981e-01
-3.590553600421473313e-01
-8.452713434864340680e-01
-8.951501539654066475e-01
6.869578785692650458e-01
-4.676047691369292214e-02
-5.412210116742964816e-01
-9.654488911988517996e-02
-5.275357849365756024e-01
1.197348029258298530e+00
-1.403405830906807594e+00
8.628813771528699439e-01
-6.498086488881057443e-01
7.271819916425186214e-01
7.648178740527511454e-01
1.792369853998936058e-01
2.252059158955296153e-02
1.250191055673742557e+00
-5.130016729606499126e-01
9.317702959016953557e-01
-3.211888688417257054e-01
8.849676173376604948e-01
1.000875529785938689e-01
-1.535379156305353820e+00
1.415932450324028091e-01
-3.312604577354226754e-01
-1.454634351360356126e+00
-6.331579242333071345e-02
3.208443596867256997e-01
-5.222886357821767550e-02
8.115882286434886739e-01
7.713511564947650445e-02
1.249782254970492001e+00
-9.125112664629353443e-02
-6.931511732064939979e-01
-3.863562440043823432e-01
-1.016901981813743250e+00
-1.135753590846428462e+00
2.000937960876727206e-01
1.310635231431552139e+00
2.989849022899459530e-01
-1.305166383912097938e+00
-1.091418662379989302e+00
-1.343845192252741461e+00
-8.743501371584979642e-01
4.141335550421952894e-01
-1.297933173957647401e+00
3.794729238144900485e-01
5.409432276176781018e-01
-1.308371632296574383e+00
-1.534544310608581263e-01
6.189957830994677890e-01
-1.441497322038803208e+00
-7.733874721223811255e-01
-1.719751848797612392e-01
1.773295723971343163e+00
-8.386380763349324252e-02
1.731035899853374582e+00
-9.502925253190013244e-01
-3.958413220535000887e-02
-1.218691847232807213e+00
-1.562071396066365025e+00
-1.241661450331568717e-02
-9.404344055327236163e-01
4.966747211555943009e-01
-9.099356314926083655e-01
-6.460125859242036306e-01
-4.260961124761739049e-01
-2.466548987577092067e+00
-5.327571219253243728e-02
-6.318373102424741372e-01
-2.331652895191801689e-01
8.312989570265058026e-01
5.286772047821836074e-01
-7.345163666025243954e-01
-4.678542311191669079e-01
1.457295114179792961e-01
1.239034680511505782e+00
-5.179028754791317191e-01
-9.272814741295405394e-01
6.448000618293443509e-01
9.720678416745279771e-01
7.253992778388276275e-01
-2.028972806958693198e+00
8.057882143929027130e-01
4.141376727101505062e-01
-4.666705009473702259e-01
4.938707205843602677e-01
-1.691809752519437327e+00
-7.344957535266541937e-01
1.987164522407612877e+00
2.159141401832259388e-01
-1.380928815575288571e+00
2.422378121943806306e+00
-2.911791506181197198e-01
-4.397330314722309730e-01
-6.763706138788252442e-01
-5.982156935122580066e-01
-1.491961504323778609e+00
-2.134392452257626971e+00
-3.075748905997008342e-01
-1.105298608494852619e+00
-6.010937952509820548e-02
2.532898706660024146e+00
-2.590503026619878746e+00
6.766666365409559347e-01
6.349641005154591511e-01
6.180366278346101083e-01
-5.495010722592684749e-01
-7.241429755869044360e-01
7.553699554287615081e-01
-6.786969766757908751e-01
3.793545816624009359e-01
-2.367165688332922846e-03
2.993438265028899314e-01
-7.056960951722357489e-01
-1.047543968848666962e+00
-3.628979878773481993e-02
-1.231507671270680060e+00
-1.039209808170868721e+00
3.656108936795830489e-01
4.603204815558954444e-01
5.437506462014903841e-01
8.444457287842560556e-01
6.301238417757029087e-01
-5.565750408930898452e-01
7.276314698116130852e-01
-1.121451928559424882e+00
-1.584822128484727199e-01
-8.673274742047601960e-01
1.372307790732047783e+00
-1.235252751617509359e+00
7.460037905795473545e-01
5.137080928293483728e-01
-6.183828987657735698e-02
1.456425675796973573e+00
1.012098008446800923e-01
-2.608463333162221787e+00
1.514413713933047800e+00
-9.998377971188157631e-02
1.839715970637758602e+00
-7.219128408242320161e-01
5.269116679047671781e-01
9.002914016962701993e-01
-2.611819817951563927e-01
-1.634668527819981731e+00
-7.110014523701031486e-01
1.503241086664659942e+00
-3.070516403608571920e-01
-3.256897823459961039e-01
-9.031597892285883056e-01
1.710047423971700509e+00
-1.237942498969775373e+00
5.198766594444125255e-01
1.186187762891311337e+00
8.385242397096843714e-01
7.990818837925383056e-01
-4.672892256548639156e-01
1.042382107771866240e+00
-7.623166842452238079e-01
-1.460381459911110014e+00
-5.140943387180477719e-01
-9.221400111169817393e-01
-7.837004517635567380e-01
-8.973155264369589990e-01
-1.084825902811689780e+00
2.168095670752457238e+00
-1.063202288535307627e+00
9.288608323300414638e-01
1.010784069666513518e-01
9.504804318245478889e-01
-1.238191003097453891e+00
-5.983535102351645873e-01
-1.254837730187213785e+00
1.008276017771602362e+00
5.557172986263717585e-01
1.259500949919892143e+00
-6.852650621084216409e-01
-2.420766594907148406e+00
-4.205420554718197756e-02
-1.267856825627501349e+00
-9.507582446960141098e-01
-7.966708312734601671e-01
1.874043349924485957e+00
8.656729038067892956e-01
9.737469909448606131e-01
-2.366257119557689248e-01
-1.375504805131204211e+00
3.717520274386323376e-01
3.661213839224132238e-01
9.102867839224754176e-01
-1.649142758793295860e+00
2.132890804021151387e-01
7.868161348842711567e-01
-3.967013929572888453e-01
2.506074247215473449e-01
-2.184803169595458117e-01
-2.485391075038953623e+00
-5.791856162952264686e-01
-1.191475448484367483e+00
-9.595710619256164753e-01
4.586401706630762187e-01
-1.827132880013642824e+00
3.969043027393565071e-01
1.445410135474985758e+00
-9.677093664136185991e-01
-8.251020040777604092e-02
8.298899112605140349e-01
3.620749200466520379e-01
6.385977317384892160e-01
-6.182636103884636691e-01
-9.815612372595643453e-01
-1.213271621790421806e+00
7.541181802707941362e-01
1.478658320330760723e-01
5.567742042212271425e-01
-8.136090662257209338e-01
-3.139892578821285585e-01
2.854323088838129352e-01
-7.110161487268253921e-01
-1.821080161239776896e+00
-1.149581926787939107e-01
2.555789408999381562e-02
-2.634889553203984686e-02
1.715882872135142678e+00
-1.074792843467160086e+00
-3.751147440308007508e-01
-5.634788124993621583e-01
3.094386585465675465e-01
-1.071718522215208691e-01
-6.261767804006870275e-01
-1.225143075712508800e+00
-5.432390772721227279e-01
-2.217826467323228634e+00
-1.513720477398616593e+00
-2.026602590393928871e-01
-1.183523357708690771e+00
-1.062455943227753385e+00
-6.164953842149230034e-01
-1.483988242869463070e+00
1.881380200941608072e-01
6.035908009240732452e-01
-5.682163094279312210e-01
2.639993845052728716e+00
8.097242102500207261e-01
-1.029039835171082995e+00
-5.338176382945081233e-01
-7.123248538089089754e-01
9.404273814699778411e-01
1.456404821510466574e+00
6.746055244263380324e-01
9.396987179058637896e-01
-1.202508687623648820e+00
-1.726617948508403000e+00
3.484346522237692367e-01
1.659543637106241087e-01
