0.000000000000000000e+00
-3.295681874408167289e-01
-9.835748862032787088e-01
-6.814216194894848755e-01
-3.674379262688969305e-01
6.918717422728293265e-02
7.335907089836619654e-01
8.163502882322497545e-01
0.000000000000000000e+00
4.643869286690034404e-01
1.000000000000000000e+00
9.652725754266988645e-02
0.000000000000000000e+00
-1.000000000000000000e+00
-1.000000000000000000e+00
-1.000000000000000000e+00
-1.000000000000000000e+00
-1.938773451169961692e-01
1.375154924933414957e-01
3.559286626252484709e-01
4.390127347139500813e-01
-1.000000000000000000e+00
0.000000000000000000e+00
0.000000000000000000e+00
-5.218626178445280317e-01
6.094386026856155603e-01
9.625528963842038266e-01
7.751079396039404212e-01
-4.565263181279075599e-01
7.766152933139911507e-01
3.880377027586137118e-01
-6.151594806447906461e-01
5.589023825077521490e-01
3.132537224241169760e-01
0.000000000000000000e+00
-6.883962223780142331e-01
-3.202119807533134743e-01
-1.000000000000000000e+00
-1.000000000000000000e+00
-1.104649581748327059e-01
3.626976951059750487e-01
4.718332270675562601e-01
-9.450633250592297419e-01
0.000000000000000000e+00
-7.470642257766362260e-01
-1.000000000000000000e+00
-1.000000000000000000e+00
0.000000000000000000e+00
-1.000000000000000000e+00
5.012424465618419145e-01
0.000000000000000000e+00
3.671467239272101502e-01
-3.234740073812163441e-01
1.000000000000000000e+00
-1.000000000000000000e+00
4.537288854960268569e-01
-2.771244240313164298e-03
0.000000000000000000e+00
0.000000000000000000e+00
-5.992602674152729403e-01
-5.004324645653526193e-01
5.727005990427282978e-01
-5.509259261939185581e-01
8.628518334865193928e-01
4.176193400744496742e-01
7.501126938475222161e-02
-9.719614636518776329e-01
0.000000000000000000e+00
-1.000000000000000000e+00
-5.403949851308660346e-01
-1.183447438652174277e-01
4.692690334546394393e-01
3.927946190565778650e-02
5.551084236228327473e-01
-1.000000000000000000e+00
-6.284371209303412087e-01
-3.310247989877235231e-01
2.358528432010917886e-01
0.000000000000000000e+00
-1.274271918464691122e-01
6.280076295543406406e-01
4.057763853018605538e-01
6.598954038330364646e-01
-1.990436313393146861e-01
-3.220464354118333095e-01
8.276769284978358066e-01
-5.045389975912144553e-01
-7.644771328549404554e-01
4.120646446197251400e-02
5.938863653938126763e-01
-3.282236548766603867e-01
-2.070635266323808121e-01
-7.694377715555025254e-01
3.060809345345265609e-01
-4.789266250912982414e-01
-8.570462232376956369e-01
0.000000000000000000e+00
-6.867104681508640063e-01
6.730065476152584658e-01
0.000000000000000000e+00
1.528908622510309900e-01
2.537700022025601854e-02
6.772476571815448931e-01
1.000000000000000000e+00
7.455873678233599922e-01
2.313498379790890347e-02
-1.000000000000000000e+00
-2.237904029330290978e-01
-1.591097752339583060e-01
0.000000000000000000e+00
4.063570942518379692e-01
-1.000000000000000000e+00
-4.724460171260702612e-01
-5.224471878301875094e-01
2.651443530362167511e-01
2.456171692834874243e-01
-4.059379613454483504e-03
-9.625196013915970905e-01
-9.951700090001691645e-01
3.523442430973333650e-02
-6.376004304605289441e-01
1.000000000000000000e+00
1.000000000000000000e+00
-4.109044168279341047e-01
-9.818427424798192860e-01
-9.416139373668890311e-01
4.087767680251022107e-01
-9.431264941504251542e-01
-1.363021208723231847e-01
-1.109917262315063269e-01
-1.397752621781211957e-04
6.002381611797853456e-01
-6.294232511765267546e-01
-3.877443249239191925e-01
-4.869439118298835023e-01
9.623512757481229585e-01
8.351901585608869638e-01
-7.700875546761609680e-01
-7.553897201120931548e-01
-7.614110428097302652e-01
-7.734307522980909955e-01
-9.984970647420885470e-01
-1.000000000000000000e+00
5.828626956704665574e-01
-1.000000000000000000e+00
1.000000000000000000e+00
-6.429752388956773146e-01
1.000000000000000000e+00
-3.214879682676559103e-01
0.000000000000000000e+00
1.000000000000000000e+00
0.000000000000000000e+00
4.839960057836316665e-01
2.342451831627150316e-01
7.866579422065422822e-01
7.164018857771632387e-01
-2.406293900100719974e-02
0.000000000000000000e+00
3.762304362874293595e-01
-5.421865341250655668e-01
-5.993255177473546524e-01
1.648811391647297953e-02
-1.000000000000000000e+00
-1.720655516747551239e-01
-8.487732787637922716e-01
-7.453132646009685836e-01
3.595414323852064165e-02
-1.000000000000000000e+00
-3.570398781429553470e-01
-9.790400836896868686e-01
2.909497744420870280e-01
-9.581706850591755753e-01
-4.139415480708867889e-01
9.273379251983866478e-01
1.220900712872874383e-01
0.000000000000000000e+00
3.882443421986434551e-01
2.156265898967670847e-01
-6.359418728452181924e-01
-1.000000000000000000e+00
-2.926063372326022094e-01
-9.577355266768832198e-01
1.068812613241212350e-01
-6.500016984148111465e-01
1.000000000000000000e+00
2.714561639639971879e-01
-3.912550973717039415e-01
-9.476574551993917073e-01
-2.594884629615210603e-01
-2.433737342149906446e-01
2.967472286439647444e-01
-1.410234361089948152e-01
-3.467400729734748666e-02
1.000000000000000000e+00
1.698416935976136966e-01
4.321238116749537284e-01
-4.299754964927005041e-01
-1.000000000000000000e+00
2.560728697269303300e-01
1.000000000000000000e+00
7.891031137193704748e-01
-1.000000000000000000e+00
9.657690408812753535e-01
-3.081661813455716104e-01
0.000000000000000000e+00
-2.414350224965662317e-01
-8.687402052989114942e-01
-6.559988452129328351e-02
4.401251662523311126e-01
-1.440240827133030255e-01
-8.184992915283355597e-01
6.683710038290380240e-02
9.148432641414745436e-01
-3.503890728742187211e-01
-3.866565538686894676e-01
-8.038721530793013770e-01
-7.174878021989428145e-01
0.000000000000000000e+00
5.391864392118628224e-01
6.174383978306028364e-01
-3.877082701460914382e-01
-1.000000000000000000e+00
-1.000000000000000000e+00
7.238081626054375661e-01
9.287348293917765396e-01
9.979313424979214808e-01
-8.530574966358130951e-01
-1.000000000000000000e+00
-8.340026361149188716e-01
-3.303154069734641762e-01
-7.714614149092129392e-01
9.623303357729282581e-01
-3.953101019889233569e-01
3.232014530543614317e-01
-2.450502552647020327e-01
-8.064500726215584336e-02
7.024994953137952969e-02
6.593344139186836372e-01
-8.330797815046084853e-01
2.920251277026293391e-01
-3.169734730167945713e-01
8.710683385224737840e-01
-1.000000000000000000e+00
8.165935211648491787e-01
-3.823275075885510521e-01
-9.905195752397006892e-01
-4.122541000532771172e-01
2.237476459859961686e-01
9.384828989776785590e-01
7.157203769593374343e-01
3.163469143728492305e-02
-7.612006381124096777e-01
-3.984486695867492934e-01
-4.973994847476743697e-01
1.000000000000000000e+00
-5.008069271776192100e-01
-1.000000000000000000e+00
-7.047916009906693979e-01
5.532498110741759234e-01
-6.421969049342681757e-01
-6.492293732910596749e-01
8.610804215033627251e-01
-7.878205112927161302e-01
-6.275348600698535950e-01
-6.462275596946676082e-01
