6.896874388178436677e-01
7.608889350230307880e-01
1.581620671771511444e-01
-3.256188027003551477e-01
9.115034669673890422e-01
4.322769403283344136e-01
6.905456993930947363e-01
3.568663061413192561e-01
-2.090516197475475180e-01
-8.152367836309339921e-01
7.433919880335427832e-01
-6.265158595177647838e-01
5.026635881515519877e-01
-2.889083899078872086e+00
1.560098839230232182e+00
9.319686834828140587e-02
-1.030354912522555511e+00
-2.447042194618003763e-01
-1.271387453609209572e-01
-1.586844505643485226e+00
-1.715069646712848117e+00
8.446467343559469487e-01
7.268824909292086189e-02
-7.523102413444553160e-02
-3.457399643899751185e-01
6.370109856203882703e-01
8.403715987114058761e-01
-1.323192241531560676e+00
-2.610888196939951111e-01
-5.674473505280793750e-01
-6.842503822536460945e-01
2.234873089621605691e-01
1.715691120826364213e-01
1.480448953466147188e-02
-4.503774818379345235e-01
3.880068387622088166e-01
-1.381736033151381715e-02
4.932944642225633447e-01
-1.187247590315836376e+00
2.574313974719620868e-01
3.474372564177196088e-01
-2.390554609702312816e-01
-1.061039156125919369e+00
3.817403078340676492e-01
1.967763260757600108e+00
-6.049264227459010268e-01
-7.654149353812205181e-01
2.714750422452017475e-01
-9.422554420134084951e-01
3.148796132206885257e-01
2.661364770017494719e-01
6.297607594496064110e-01
-6.850214709913254874e-01
3.019345481632985106e-01
9.568955892133258478e-01
1.386981093162170109e-01
-1.973421233107297210e-02
-3.064363694066216670e-01
5.253072846969665533e-02
1.287308446638549375e+00
7.439520583451376678e-01
3.690490714087708568e-01
6.841359235004551564e-01
3.033765176574748090e-01
-5.891526163339545485e-01
-4.818550810352734137e-01
-4.624811197107810412e-01
5.626950203966882835e-01
-2.203180352724126934e+00
-4.908747806258562107e-02
-1.075131671545823453e+00
-4.500691511408152490e-01
-4.014850434663554402e-01
9.833578937411822096e-01
6.059350528517682966e-01
1.218398073390045654e-02
1.340258207602868401e+00
1.591609088144000816e+00
-4.701050739748434681e-01
-4.201748746825823555e-01
5.088165010115242026e-01
-8.246978456222355813e-01
8.241697200115911670e-01
1.079502007904994176e+00
-2.986963988453316787e+00
4.115903215243237878e-01
-1.148857797110584666e+00
4.942810659804146134e+00
-8.031115982517187390e-01
-9.521724013759671479e-01
6.818142901693416968e-01
-6.859373988042762882e-01
2.665378974235679266e-01
2.088668299688047014e+00
-4.103828694823818957e-01
8.080068452268356349e-01
1.384351969573839325e+00
-6.756490552016045648e-01
2.500235358483663961e-01
7.758969012326214498e-01
-1.416592210185363132e-01
-5.448622499205760805e-01
3.855627833242617486e-01
-6.541466129635733484e-01
-1.228751809935826556e+00
-9.245288080141924603e-01
6.658025170323281783e-01
-9.875926088576429673e-02
3.740424357994177607e-01
-5.422780157758656516e-01
-7.819915649533999424e-01
-4.333594098664683703e-02
-1.927473745446090653e-02
2.560711166664072502e-01
2.379904424832063603e-01
7.732721679723485175e-02
1.581477789845288640e-01
2.683443409911488442e-01
1.197383280178216269e+00
7.305564907000541286e-01
4.295987204551161565e-01
2.494167416724713815e-01
6.971295599766876849e-01
-1.322723029808374473e-01
2.567431860734026294e-01
-1.257047090386605559e+00
1.963764292935340050e+00
6.572182880498216029e-02
-2.498562797500297750e-02
-9.415313449249513855e-01
1.266751434766903994e-01
-6.132440237557654772e-01
-1.707965445123997283e-01
9.782269856630823046e-01
6.048290399363302761e-02
-6.991190025420422893e-01
2.683612315087899880e-01
-9.772797992970655434e-01
9.101713617830755609e-01
9.443367825718629316e-01
-1.369333939340222628e-01
6.461521739744942039e-01
-5.113012124945486292e-01
-2.311141039637426564e-02
-5.264030957994754178e-01
8.728944897393343672e-01
1.195178947562577365e-01
-2.116072998403268346e-01
-5.288487866443461471e-02
1.178582873046982948e+00
-1.086275711128620980e+00
7.064470364457158258e-01
1.378180543254952761e+00
-1.954956051023683250e-01
1.252566415426568547e+00
5.599274551254711518e-01
-1.018088168202567617e-01
-1.560293089010150958e+00
2.089010651195372381e-01
-1.090141439786885602e+00
-7.436306727955822593e-01
-3.866080772157733936e-01
4.827692240597334927e-01
-1.947829446531330888e-01
-6.063046647607108763e-01
-2.511755044562744565e-01
2.801917819394514897e-01
-1.668041013592276745e+00
8.950724791684839809e-01
-7.465761361896938730e-01
-1.212876313300020215e+00
7.610286404771915425e-01
-7.519322000816403007e-01
-6.556687900309989825e-01
2.653597172700171702e-01
2.016477774964437142e+00
1.159938966328077914e+00
-1.008210761620967205e-01
4.303241948917187476e-01
1.134053621925756428e+00
-7.333585650229958175e-02
1.183681057271244619e+00
3.291613255958547590e-01
-1.074453488702398901e-01
1.688605233769556735e-01
-8.897387374373209035e-01
4.591565226273809364e-01
1.012028044741253519e+00
-1.514230239862067451e-01
-5.247373969514307346e-01
1.010698190818603459e+00
-1.954928899169025680e+00
-3.224050302394566581e-01
2.140273655920365226e+00
-3.427219195152083620e-01
1.842800400091771651e-01
1.028045982159688343e+00
1.578159989782990102e-02
2.512995388179237871e-02
3.602561390242418060e-01
3.290032533826253713e-01
1.470424491577295267e+00
4.080653230415511867e-01
2.012810579012770384e-01
8.898297431707193894e-01
1.724921058992356704e+00
4.852234690248665577e-02
-8.664617333285511425e-01
4.975156057264569776e-01
-1.047126616544206357e+00
-2.641158964088221150e+00
-1.573642522871203098e-01
-1.145055545380104789e-01
-9.045083458800767806e-02
9.026898937525441591e-01
-3.319309291579109811e+00
-4.079017376177573873e-01
3.986578656899731898e-01
6.850441368904507389e-01
-2.051486311122053596e+00
-1.487283595304818296e-01
-3.626806339442780747e-01
1.632010294491845981e+00
-3.167462266561801160e-02
-1.294128625601674187e+00
5.488393371248059260e-01
-1.311372878489896365e+00
-4.510833664388840258e-01
7.603214723826775545e-01
-6.515751490331962437e-01
4.608567890559122637e-01
2.658611265622704778e+00
3.980539077612256227e-01
-3.962654272222611573e-01
-1.757691222291245747e+00
3.323963373846656744e-01
-3.285649148862530566e-01
3.241870963290827135e-01
-1.631176731111293882e-02
-1.506382206616754538e-01
-1.771907708051166375e-01
2.848816923748311303e-01
1.934768769911281217e+00
6.027019812013368893e-01
-2.853056893350220946e-01
4.149139095223199347e-01
-4.411625628134406285e-01
-1.860954113824350165e-01
-1.986791826745572254e-02
5.837314551468421042e-01
7.680255581267227960e-01
-1.478346335875420969e+00
1.944420343342575297e+00
-1.765715945136427101e-02
5.841046057021577198e-01
-1.372038859066744276e+00
1.322880504414226943e-01
7.275538025659704644e-01
-2.921700488379136429e-01
4.777483880951767237e-01
-6.652800884684698102e-02
-5.663596488294851961e-01
-5.547306698805818392e-01
-1.541757714900880427e-01
3.273173117798927612e-01
