4.815685742268764891e-01
-2.601421567656170275e-01
8.274739344583885714e-01
8.324906379305536674e-01
-6.025043778714203047e-01
7.749424652608190023e-01
-7.465672917543504372e-01
5.382750656498169750e-01
5.458321426089047801e-01
1.491769723929061708e-01
8.724172693552507685e-01
9.484828936659006615e-02
-7.125785701388696047e-01
6.238621551191612102e-01
-5.713269095300967937e-01
-2.204363784188769770e-01
3.846771433391427131e-02
6.552118329528481278e-01
6.737436327160417626e-01
-7.002907984347785941e-01
-4.030730217250896863e-02
7.645110552384196678e-01
2.189216541551040063e-01
6.792018098936756232e-01
-3.923182936055835679e-01
3.906612497774186732e-01
1.007630690799102613e+00
-9.953451919893256949e-01
6.400759801086852718e-01
-2.222592906244380551e-01
-7.065049747390843571e-01
6.484475721049611785e-01
1.637395348077530510e-01
6.218638488025665101e-01
1.374549006919920657e-01
4.994611506321886552e-01
8.173539348184961639e-01
1.023146973497010226e+00
2.839452504591948312e-01
2.856824369188637469e-02
3.506949719285703537e-01
5.244505839668534009e-01
-2.223045870173336880e-01
5.552415848349971927e-01
-2.434672727484008536e-01
-1.079958349760864467e-01
-3.748303866260405126e-01
3.774289016569047917e-01
-6.922377257185119426e-01
4.877638382473811207e-01
-6.527912743081398794e-01
4.155347087819107887e-01
-6.296833916319333202e-01
5.197564207334395281e-01
-6.683735272487600909e-02
-4.470408358766526646e-01
-5.475600630664687607e-01
3.618540733703778933e-01
-7.413899500341925020e-02
-4.643565050150681994e-01
-9.926198505076953005e-01
6.267963502120514896e-01
7.440136136377889509e-02
6.274936673033773005e-01
-5.911581599174253743e-01
4.500520156031349028e-01
-1.005899568475377759e+00
-8.915243336541902597e-01
-9.698083595586648453e-01
-5.381016809357073161e-01
-1.304256337420227341e-01
-1.953449654126540036e-01
-9.319133839567095290e-01
6.611540708037351166e-01
-9.589482149271428835e-01
4.792545490984791989e-01
-3.870225565158611492e-01
-6.660690940215863165e-02
9.771601947025249091e-01
-5.939320588416356905e-01
-3.674114462342825682e-01
8.594091153542913197e-01
6.578392427952788335e-01
2.764317340340893825e-01
4.851567999198040937e-01
-1.549071380928342290e+00
-7.626711336470135549e-01
6.325093897461325776e-01
4.014570057077360143e-01
-4.035187317852528821e-02
4.752969396418511572e-01
-2.543286957072332655e-02
7.800265684218314899e-01
8.988084826621000056e-01
-1.069818955380685832e-01
-6.486890862348113629e-01
2.102565472652233591e-01
1.188978692436453155e-01
-3.141203354184236574e-01
1.187443756751616064e-02
-7.913595942691937779e-01
-4.536778313667683138e-01
-3.282644011794073613e-01
-6.274443358580361618e-02
-6.402061376363017420e-01
1.628616144335692795e-01
2.595603405178519285e-01
-4.274764971251777124e-01
3.162832408361677672e-01
7.186994604044364410e-01
3.754509905061067521e-01
-4.164404318896626211e-01
-5.484640785423429143e-01
-7.463060231364693209e-02
8.231300409805923923e-01
5.696573482752098627e-03
3.090834650673128792e-01
5.324976614607614955e-01
5.223123876135438159e-02
6.412513685767600169e-01
6.052275201178378694e-01
2.252678770244951334e-01
1.163795103345321769e+00
1.407796627707489368e-01
5.999241175480920507e-01
5.713775358733326204e-01
3.305018057164943457e-02
8.287495872276462450e-02
4.447802649065488723e-01
1.436406428699226190e-01
6.271823212333020869e-01
-5.872257670795788531e-01
4.101363028106863595e-01
-6.449738735984045235e-01
1.469714576723417654e-01
1.261991945502613233e-01
8.392981151840370746e-01
6.297310626234888797e-01
7.772989736217992274e-01
5.344397755123670990e-01
9.111582194999368056e-01
-1.224064257065812900e+00
-4.621304840650758416e-01
-1.213808426925488959e-01
6.564948695943897405e-01
1.359672927317268076e-02
-1.007072873173675553e-02
8.914660223890469304e-01
-3.864645131221980390e-01
7.628166520192960487e-01
-4.287444533472140051e-01
-8.418777984048402274e-01
-1.800919665179256945e-01
4.231944021467204387e-02
-3.039936136785168497e-01
-3.094582964691261484e-01
8.596385210497838880e-01
-6.423348668050843369e-01
4.377231269835060168e-01
-4.652598151711240249e-01
-7.572968039671275076e-01
2.193356598110258737e-01
3.010793743308255443e-01
-8.291093041887525050e-01
7.557384910876152606e-02
6.660693787238118890e-01
-2.459917990375641850e-01
9.645001134669162202e-01
-9.780573255758284734e-01
3.614595711820545176e-01
3.026773454982309985e-01
9.599682885350202532e-01
-8.942975995201614126e-01
-9.385971444223387694e-01
-1.596973932069924995e-01
7.828183279042570941e-01
-6.031936465690024285e-01
9.790820734502876377e-01
-1.704853196667421855e-01
-3.578624559589460574e-01
9.935158956671867880e-01
3.747312498990074126e-01
-1.073213645966811125e+00
-5.198095945589653599e-01
7.246387246885908073e-01
-2.776072781675820167e-02
7.289499351235440017e-01
-5.354605791202311504e-01
9.384004115061859164e-01
5.988167762710332465e-01
-1.048123490306616112e-01
-9.546011022007043767e-01
-6.399433443968434165e-01
7.910836603486426366e-01
-4.791624489037071832e-01
2.349348998473708150e-01
-5.257945955762532986e-01
6.945991424974784501e-02
9.805530807190605547e-01
4.521614389216082053e-01
5.777369736539446077e-01
5.092468121476345644e-02
-9.910787392717966826e-01
-4.640021701083496541e-01
4.216369819909571159e-01
-1.055697313564625262e-01
6.926111394120977316e-01
3.250175746618328421e-01
-8.540938547687368931e-01
9.103941659207350767e-01
7.641057082086779584e-01
-7.343250816096198452e-01
8.629303111372179647e-01
9.161091221170751808e-01
2.760106481937912859e-01
8.562755660793257562e-01
2.274678268283769622e-01
1.128612355673729306e+00
-4.141368282869097861e-01
-6.763688849028755001e-01
2.656264407753636814e-01
1.535682945736250415e+00
-3.955430777871200565e-01
9.883138627063328130e-01
4.940193747806247426e-01
-1.967350451552276613e-01
7.339278440064058717e-01
7.748457599554570141e-01
7.565387083968284632e-01
5.884826157892557585e-01
-9.075989020316929112e-01
-9.002360089899994477e-01
-7.514546038956080309e-01
2.522467102696974717e-01
-1.702082870883219190e-01
-4.585732945778704384e-01
1.366898609652522634e-01
9.404834211466055471e-01
8.320568310924252309e-01
3.435857373173025753e-01
-8.932582607458599000e-01
7.016940341598596476e-01
9.651802923089289887e-01
1.258472863536876485e+00
-1.942518864104438858e-01
-7.674999116955638634e-01
-3.212045158367234921e-01
-7.265874653457540244e-01
8.491902332166998413e-01
8.790654399615003278e-01
9.778236835757230239e-01
-1.550089999687593867e-01
5.729260575761649932e-01
-4.632281535104110226e-02
3.610863176878109648e-02
-3.822871586600977700e-01
-8.708166160850208115e-01
8.091617514121252075e-01
4.777908203777370133e-02
-1.108419042150672329e-01
-1.900899288794286601e-01
9.455107672698821464e-01
4.054531819327120701e-01
-5.095876840228965587e-01
1.482506912666954779e+00
