-1.775843065646612651e+00
-4.213735813222651672e+00
-3.746036668312027196e-01
-4.984617010404499005e-01
-1.442308960440258636e-01
1.394378502945636811e-02
2.664182661924849871e+00
-2.245338862018047887e+00
8.699638185716939143e-01
-1.697935640577813876e+00
-1.151743442708316412e+00
3.336577864129813276e-01
1.103453560484783380e-01
4.458243386324182156e-01
7.844301802455191375e-01
-4.836990795551403544e-01
-5.326120749010750111e-02
4.726545460212519534e-01
-1.448583743788947886e-01
-3.606728377106919181e-01
6.861941140541173191e-03
1.595143838500483469e+00
-2.032629702279265538e-01
-3.166837457638543851e-01
2.349001459504235001e+00
7.037287393251148160e-01
-6.374020603478859348e-01
5.457214314606869676e-01
2.939859225922888619e+00
5.289327490261476195e-01
6.255629136820675118e-01
-1.016466384417667734e-02
3.883998788785867906e-01
-1.873249155396763843e+00
-2.672245523147466439e+00
-3.004417442544362465e-02
-7.210232581247830730e-01
4.528371088313114967e+00
-1.080220493224586020e+00
2.069407973886518093e+00
1.479678705991610110e+00
8.631481568011814542e-02
4.450450716584199440e-01
1.932721965985267687e+00
8.031095162811300314e-01
-8.099683543821675769e-02
-2.761161912327935730e-01
-1.935877329597724295e+00
-5.007455038369448275e-01
-5.558572919507953625e-02
6.073674389790830741e-01
1.057716509805993299e+00
4.570053480887930064e-01
-4.393739588959762465e-01
9.343868109899327035e-01
-2.531850593549473949e-01
-1.345338915214518150e-01
1.188358504063951937e+00
7.829943641259039522e-01
-1.829843881712594378e+00
-1.972076315270462066e-01
-4.334572919302717708e-02
6.711550412704455626e-01
-1.600722264211259294e+00
2.221580727692633317e-01
1.464663458942272456e-01
8.706536810063876253e-01
-3.134784481907844644e-01
-7.879121372897506248e-01
2.581064363082807289e-01
2.644070615396081902e-01
-2.170158028828291119e+00
-3.712517215931119274e-01
5.450306291836014561e-01
-7.021779934386198629e-01
-1.071758034009435256e+00
-3.185784378149774110e-01
8.881909955754196950e-01
3.623586473696228660e-01
1.103901729990079073e+00
-1.410571436795556410e+00
-4.542461695020910462e+00
-2.577893936354442417e+00
5.505524802117239824e-01
1.051752132696927244e+00
2.476377372363339990e+00
-4.001864241646965747e-01
2.218498210422821248e-01
-6.894204343347414277e-01
8.608020655010294453e-01
-4.663521925331818307e-01
-3.124863221594572860e+00
-1.684514356406512814e+00
3.860837930537567853e-01
-1.928568834933742426e+00
2.112163771321141637e-01
3.230608971398435947e-01
-3.898076124903260831e-01
6.063900997110539814e-02
2.045764008866385542e+00
-2.609916526923151459e+00
-4.803130786195255464e-01
-1.349339461638547455e+00
8.405259922364923808e-01
8.386481171604379670e-01
-1.919709354907484622e+00
6.154670518304055093e-01
-2.762686199589224900e-01
-1.498089291650804178e+00
8.608453047314427176e-01
-1.027704409497692817e+00
1.223656555564034853e+00
-2.545662071426665896e-01
-1.800173807000710280e+00
-9.087903581704093181e-01
5.649140878425706891e-02
4.481260893277448920e-01
1.643130564521727566e-03
1.634032766284654992e+00
9.914758288743747983e-01
-5.437153074389521334e-01
-1.325014901190246508e-01
-1.219526050914281901e-01
2.211559126524940966e-02
-2.076313568494372319e-01
8.189149725985962469e-01
6.062541750238348293e-01
2.226253569852814973e+00
-6.534357386845344173e-01
3.021828203537183510e-01
1.460040726963804270e+00
2.040283958706057721e+00
-7.378206217094482877e-01
3.681233233081561695e-01
2.162592846641009370e-02
-1.562851726931848928e+00
1.058321498957260021e+00
5.715049895253816459e-01
3.070319735374960501e+00
7.935500836511283351e-01
3.743336075212947422e-01
1.594244251677755964e+00
-1.481285391598642365e+00
3.060854683073072416e-02
2.888299368615655505e-01
-1.285005364187856436e-01
-2.137227003994659758e-01
6.604216974272809626e-01
-7.252331338256566839e-01
1.184374777466003614e+00
-2.960519820724639706e-01
2.409943117541839819e-01
-1.628901551704341033e+00
2.697336151098168044e-01
-3.656123564516158275e-01
4.227487910499648227e-01
3.189737405186632291e-01
3.182177952627871509e-01
-9.103599895230624073e-01
-1.056408178262856906e-01
6.112516742734273867e-02
4.364036499055511387e-01
8.094785311626612190e-01
-1.223230776451610158e+00
8.494876829279192076e-01
-9.293142333393850096e-01
-7.761493327708383072e-01
7.802757230776694586e-01
-2.148100001358378197e+00
1.827738681363687556e+00
1.535748685945816483e+00
3.542318440270892932e-01
-5.470855521135326027e-01
-4.873709674988816465e-01
4.701323844893703918e-01
9.158538868077891193e-01
-2.122310640889663591e-01
1.691523224735018149e-01
-5.847974066580027275e-01
5.990424991544318623e-01
6.152621107152030921e-01
2.655270314359141626e-01
-1.801046572318749206e+00
6.682959201292522078e-01
1.238209619372303782e+00
8.354480355343822939e-01
-6.875855017075722664e-01
