1.345175376345703722e+00
6.386911276094424383e-02
-4.843733997841567218e-01
9.885873640868506618e-01
8.065791681647567213e-01
-1.899884030221859477e-01
7.047404066479147078e-01
-4.224266205784521500e-01
-4.491495325452219967e-01
5.673842820281727040e-01
1.288106803739195727e-01
5.842297504156901411e-01
6.844814397302562137e-01
3.049215249090868052e-01
-1.143208642711383449e+00
-4.842132230643054758e-01
-5.118556336600237344e-01
9.881793203734667852e-01
-5.053025146637220022e-01
-1.470796629758409912e-01
1.052457141215029368e-01
-2.461355321673015795e-02
-3.218121853851905190e-01
-1.893021038019440938e-01
-1.196002030199271093e+00
7.262876959275282873e-01
-1.035617387464762285e+00
-3.341788681003917683e-01
-6.195734010676926529e-01
3.452413323887240093e-01
-9.474263776680407201e-01
-4.688162424616998947e-01
1.012044808614827041e+00
-6.253534211568642087e-01
-1.228514512128715319e+00
-7.466813015729197867e-01
-6.955429589644205324e-01
-2.834646228850541405e-01
-1.629556981967412721e-01
1.438529407515438230e+00
-1.486796038828258337e-01
6.429915074700572886e-01
3.181450570881787510e-01
-6.697070345073131703e-01
-6.669691368783003949e-01
-9.271733646164114218e-01
-4.971906106075360543e-02
5.196324024580645240e-01
3.895008266564695676e-01
6.865866137578768846e-01
7.250499116912622055e-01
-5.603377578779326074e-01
2.634910204014533908e-01
-5.481494325238449317e-02
-5.101372271437302208e-01
-9.855561630149706209e-02
7.422895922269029390e-01
-8.929370727650719486e-01
-2.882167064529497225e-01
7.458546207818228524e-02
-3.540209935382413464e-01
2.941688866793092938e-01
-5.238276071504833764e-01
5.786607838332421538e-01
8.448426532959097957e-01
-5.892942750769167848e-01
3.122710622528017121e-01
2.525058327971101413e-01
6.523532815396079210e-01
-4.981542262056616877e-01
8.068684916074930769e-04
-6.345142946506689974e-01
3.345509130206614778e-01
-6.221187221944547707e-02
2.224197024568808079e-02
1.534036414704906259e-01
-5.534656619105454700e-01
7.317136924703356859e-01
-9.160489165027723146e-01
4.854969166475046616e-01
-1.926786269020518694e-01
4.540180634412205873e-01
5.877004528258277238e-01
-2.764457375631372907e-02
7.438185777701002976e-01
1.590298977899168298e-03
6.991808180393408456e-01
1.351414474623112927e+00
6.105155698216455651e-01
3.120956528433989075e-01
7.439575028706268967e-02
-3.562049277545312892e-02
1.107103107819581878e+00
3.944235042211816644e-01
-2.332602429103524944e-01
-4.808439111123812282e-01
1.094977145740973157e+00
-5.234137853641795957e-01
-9.483893141851816866e-01
6.312555471620074909e-01
5.825874352460025385e-01
2.156247959513366008e-01
3.373072884478796607e-01
-8.640186139118153363e-01
3.209665021598214762e-01
7.753449356139249238e-01
7.377650655546834635e-01
5.695902570044442115e-01
-7.765927559287072457e-02
-9.191840055273697851e-01
-9.038124883198170867e-01
1.179126185126432858e-01
2.719672189375429427e-01
-6.604806184651497158e-01
-4.445316899594878302e-01
9.258002234025257682e-01
-8.990816527177128425e-02
5.415238856147155944e-02
9.194342142204442458e-02
-2.256525400408385951e-01
-6.194382546834084069e-01
2.686030308644669073e-01
-4.857987229518339056e-01
-4.059196746917920207e-01
-1.755237863248904351e-01
7.694604732613972153e-01
-9.281533712024634397e-01
8.944694524332506003e-01
2.905797415037335574e-01
-5.930998095588667640e-01
5.260946796105601120e-01
-3.444302458742759532e-01
-6.922925238539077153e-01
-1.864363043346247140e-01
-1.066360457229920955e-01
-1.065994002773218430e+00
9.667849216312232041e-01
2.311362992608067546e-01
-4.647006555619088708e-01
6.412240118996582749e-01
3.346749687615274693e-01
-7.465995050472096217e-01
6.515780978241233479e-01
-5.512287926158228046e-01
3.418927225672825365e-01
1.868009896181090090e-01
-1.358218066958207126e+00
2.502566756059891317e-01
-1.071746727544182320e+00
-4.027880485428030344e-01
-6.490237058963073402e-03
3.065163894800779776e-01
-1.367687007298869772e-01
-9.827692429567155830e-02
-1.050998561012252530e+00
1.868485714646768159e-01
3.646172974869926753e-01
-4.499161317736323773e-01
-3.067260720265044260e-01
-9.237538575882321412e-01
-2.586576282784079361e-01
-4.752316257241263192e-02
5.170518603766658394e-01
9.669989136096837079e-01
7.928138890076044110e-01
-3.070545574861989757e-01
-7.172716982628457583e-02
-6.733487777110935824e-02
-6.505776653089299089e-01
1.035988011333930092e-01
1.043194082974901793e+00
-7.343023824087874241e-01
-4.021560819916351615e-01
6.465470640716122208e-01
-9.111054165399666838e-01
-6.660777235308404931e-01
-1.048245512316762440e+00
2.064568889110916794e-01
3.941800946208663947e-01
6.147454592463181822e-01
5.053801399485955553e-02
4.317636768297297700e-02
-6.225923061588539698e-01
7.739563108099380973e-01
5.799322469544980763e-01
-7.571649379061478058e-01
3.262820748151429862e-01
5.893228372391546843e-01
7.545767938488789905e-01
-1.677501361307120464e-01
-6.140504540020061963e-01
-6.885622657709151717e-01
3.521052853415267969e-01
7.360858745818749105e-01
-7.062430164097954766e-01
-2.732499601979712089e-01
4.819320108429395177e-02
4.735503384298315188e-01
1.447202341673005543e+00
-5.667579832834200859e-01
-8.649651378558572690e-01
3.450884581574276133e-03
-6.898068458962721694e-01
3.302113807058948414e-01
-5.919345508606406459e-02
1.923963926809126868e-01
9.525063635608802537e-01
-8.313947426864821688e-01
-6.455252108007886180e-02
-3.034566976415267181e-01
-2.834587511088232370e-01
2.111932350600431718e-01
1.784287715584836342e-01
1.399793990677572708e+00
-8.555186037424296064e-01
-2.171297560806372817e-01
4.643479659377296453e-01
-9.251737075866969251e-01
6.881628786457825164e-01
-4.553493178506984318e-01
-5.064950534293983786e-01
-1.173282162921900573e+00
-4.657203138780717788e-01
7.168425690220148194e-02
-7.321793306277785129e-01
-1.037950430031001847e+00
9.716966372946496122e-01
-8.302362206210683881e-01
-1.008520196865551055e+00
-8.317345796987197781e-01
-3.262439348784145210e-01
3.269540050126592545e-01
-7.873209847987253096e-02
-2.070439713755703459e-02
4.573290549511516145e-01
-1.195800164899025464e-01
-9.992878304565129266e-01
-2.546738989437636880e-01
-8.187803454289984684e-01
-7.460612387968763581e-01
-3.002121744888031074e-01
4.373565060760525314e-01
-4.450570370259648856e-02
-4.905826465497196143e-01
1.434568574562848364e-01
1.041394804221221104e+00
4.182190970872650682e-01
8.443138369179439273e-01
-4.927710050392671709e-02
6.805745133007219394e-01
-9.857298591895653495e-01
6.405529473968685217e-01
-3.573258915222483623e-01
1.096921898696650244e+00
-3.612031586469838240e-02
-9.246785989482343426e-01
6.692982342966834475e-01
4.582256549980856519e-01
-1.113244678729229387e+00
7.538950910092419022e-01
-5.630282339413023029e-01
1.005730951064989886e+00
8.221573241089363826e-01
-1.702949609611872639e-01
4.703575654867048761e-01
