8.771638106026071746e-01
-8.937095627464304304e-01
0.000000000000000000e+00
-1.534054255626082774e-01
-1.613932918877523104e-01
-1.000000000000000000e+00
-1.618084197857758699e-01
-1.000000000000000000e+00
-7.621672265350509790e-02
-7.924402616589723003e-01
6.820783519871436162e-01
0.000000000000000000e+00
3.434005279114362708e-01
1.700689215075108507e-01
2.373064847899692964e-01
-1.000000000000000000e+00
4.996255382443273163e-01
4.256923078204688515e-01
-6.268526565600425204e-01
-1.000000000000000000e+00
5.892207257978721024e-01
-5.082252994408398283e-01
5.211011871545059293e-01
1.000000000000000000e+00
-7.601965534189778495e-01
-1.000000000000000000e+00
-7.715703615095927947e-01
4.425169211154411641e-01
8.487835651892918776e-01
-6.821239296317997969e-01
0.000000000000000000e+00
0.000000000000000000e+00
1.000000000000000000e+00
5.066250708631294675e-01
4.792963099732849841e-01
-5.225347888756404213e-01
-1.000000000000000000e+00
-9.689011205175908081e-01
0.000000000000000000e+00
-1.000000000000000000e+00
1.000000000000000000e+00
1.000000000000000000e+00
-8.081662031180145700e-01
-6.479423303650546639e-01
-1.000000000000000000e+00
4.103176924964180294e-02
9.839960692609730497e-01
-4.557354108392737135e-01
1.000000000000000000e+00
-6.641154258084289719e-01
-1.563798386026264975e-01
-8.827481187550370034e-01
1.400600048506905893e-01
-2.443192625644450278e-01
5.106151393979694308e-01
0.000000000000000000e+00
9.264723604341047469e-01
-1.000000000000000000e+00
-2.223492337166619315e-01
-1.614627601604752272e-01
2.809972665758115884e-01
0.000000000000000000e+00
-1.626818521918544924e-01
0.000000000000000000e+00
-7.644885317991652052e-01
1.477006337291211224e-01
6.732253368213123590e-01
-8.639092940184944780e-01
0.000000000000000000e+00
-8.232458562581816963e-01
-7.815689011596733682e-01
-1.000000000000000000e+00
7.836348842832803197e-01
-9.242750309600671343e-01
-1.711604137206406140e-01
4.108393403463153071e-01
0.000000000000000000e+00
8.381498685947477156e-01
-4.646497771525517351e-01
6.937940579722183809e-01
-1.000000000000000000e+00
1.000000000000000000e+00
-4.033524991367665180e-02
4.453372890084354996e-01
9.235112139871397563e-01
3.989760281573784262e-01
2.544441244432065208e-01
1.000000000000000000e+00
0.000000000000000000e+00
6.356428191323770793e-01
0.000000000000000000e+00
-7.859596145726879257e-01
9.282761457245627401e-01
0.000000000000000000e+00
0.000000000000000000e+00
4.955227644576949420e-01
7.271761860038108427e-01
-7.541100160711811107e-02
-4.635344547296389450e-01
3.344433597237066458e-01
7.831990097172230048e-01
5.656634100345456773e-01
-4.571688103926976332e-01
-1.532786537902512958e-01
-9.614827170120030519e-01
-1.000000000000000000e+00
-1.793174762735321170e-01
8.241425907103947512e-01
0.000000000000000000e+00
1.000000000000000000e+00
-8.171583558562691696e-01
0.000000000000000000e+00
-2.618697858195688788e-01
9.276389789995900248e-01
5.126816629461514729e-01
7.821383516724504936e-01
-7.436416228583011545e-01
1.000000000000000000e+00
-1.000000000000000000e+00
6.419200799647799549e-01
3.604833129130238234e-01
1.000000000000000000e+00
1.000000000000000000e+00
-4.426785166020938966e-01
-2.008808748469355088e-01
1.843549616047568396e-01
1.000000000000000000e+00
0.000000000000000000e+00
0.000000000000000000e+00
0.000000000000000000e+00
-1.000000000000000000e+00
-9.995701654147248760e-01
1.000000000000000000e+00
1.000000000000000000e+00
2.324552778705226697e-01
-5.195307880435247050e-01
6.094879103526769093e-01
6.793042679148633134e-01
-9.076816061882606590e-01
-1.000000000000000000e+00
-1.565136080977855837e-01
-1.000000000000000000e+00
-1.000000000000000000e+00
-4.462658199049247543e-01
0.000000000000000000e+00
5.655880002940536500e-01
-1.973617470940964846e-01
1.000000000000000000e+00
1.000000000000000000e+00
7.628875378390942430e-01
-1.000000000000000000e+00
-6.096175495609292838e-01
5.997414618815859466e-01
-1.000000000000000000e+00
1.000000000000000000e+00
6.517948704877392085e-01
9.154943649127886829e-01
1.000000000000000000e+00
-6.255471935903962333e-01
1.000000000000000000e+00
1.000000000000000000e+00
-1.000000000000000000e+00
-3.321037499122505565e-01
2.055666812009810940e-01
0.000000000000000000e+00
1.478075676006160855e-01
-1.211241350836511632e-01
1.000000000000000000e+00
-8.356228114802142226e-01
-1.000000000000000000e+00
-1.000000000000000000e+00
1.000000000000000000e+00
-1.000000000000000000e+00
0.000000000000000000e+00
2.650443122578938215e-02
-5.483542543670822944e-01
1.000000000000000000e+00
-5.076317583440681513e-01
-2.793179133213459231e-01
-1.000000000000000000e+00
-1.000000000000000000e+00
4.798355704570185232e-01
-7.429610427015238550e-01
1.031871755327165019e-01
-7.102119672721083354e-01
-8.189385422358670397e-01
9.963743223991234910e-01
1.000000000000000000e+00
-7.211945866948505923e-01
-8.825340670668142540e-01
5.685631594262821054e-01
-8.074731035999884732e-01
-1.000000000000000000e+00
-5.742108154764702377e-02
3.848071130975028176e-01
3.669691134316150904e-01
-6.482625127377896757e-01
1.241782128664570273e-01
-1.000000000000000000e+00
1.000000000000000000e+00
1.804900239103481852e-01
-1.000000000000000000e+00
2.109733168766805278e-01
-5.375473343047376673e-01
4.072707868229938910e-01
1.477667917577962786e-01
-3.508782691203118365e-01
-1.000000000000000000e+00
1.000000000000000000e+00
7.293367505100991632e-01
-3.729719795568664509e-01
6.231127445104855944e-01
3.077367457495427949e-02
5.991691819730722290e-01
5.942617507694620826e-01
1.000000000000000000e+00
8.600724816259568417e-01
4.517292216556845208e-01
1.000000000000000000e+00
4.295723139812479552e-02
4.883429752988588390e-02
-2.696479217828973152e-01
1.481552867718805011e-01
8.297836692002544812e-01
4.851587752745789572e-01
1.000000000000000000e+00
5.809547843178666238e-01
-2.337474085608948204e-01
9.855479120647967495e-01
-4.756453601770300743e-01
2.576577472022598680e-01
-9.163136414254673401e-01
1.000000000000000000e+00
0.000000000000000000e+00
0.000000000000000000e+00
-1.000000000000000000e+00
4.327905510155485302e-01
1.000000000000000000e+00
4.826048209302289393e-01
0.000000000000000000e+00
-1.000000000000000000e+00
4.216010939870096230e-02
-1.000000000000000000e+00
0.000000000000000000e+00
1.000000000000000000e+00
-7.448921675632245165e-01
9.902304259160514821e-01
-7.524525110529354244e-01
-1.000000000000000000e+00
1.935953513917645363e-01
9.134379259399749706e-02
-1.450250714100742577e-02
-1.000000000000000000e+00
1.000000000000000000e+00
-1.000000000000000000e+00
6.638126080046247157e-01
1.407682337630313807e-01
2.417743663604046134e-01
3.757952290865969047e-01
-7.648611378918430681e-01
8.926519754721309319e-01
3.203114637020654243e-01
-5.990132109371022473e-01
-7.151182812803291711e-02
0.000000000000000000e+00
