3.209804580852165107e-02
9.155452812221129832e-01
2.987162529977190895e-01
1.848755626325375157e-01
4.189598069495958921e-01
-3.581407040998497715e-01
-2.990284353448327895e-02
7.828252564146215287e-01
9.245647657053477353e-01
1.644186592663444024e+00
5.011885207956318089e-01
8.207821650104133449e-01
-4.683676737935053014e-01
3.007730830327929872e-01
3.858384649208310702e-01
4.433605916569204330e-01
-1.250386355410436856e+00
-6.680816047064543906e-01
4.159669650207329927e-01
6.911876748283657390e-01
-1.015877640253017633e+00
-5.596550009223117961e-01
-1.290545326859570963e-01
-1.226213089387356403e+00
1.472607334503130971e-01
-4.843531919783808926e-01
-2.356737595135869334e-01
-3.405347563798711841e-01
4.132585774118589517e-01
-1.004825613305641241e+00
-2.722737604323485217e-01
-4.912456391554687607e-01
1.950566911993358632e+00
-8.740768219360879332e-01
-2.217263828447775531e-01
-2.857061332096770823e-01
7.616875789034435185e-01
-1.300339166723280426e+00
-8.094314423225202892e-01
-4.163156455528325695e-01
-8.689878841974238433e-02
2.019112250938761122e+00
-2.427164171112027313e-01
-1.366876377551193844e-01
5.857354406383439294e-01
7.536683156805001893e-01
1.073633823384686770e-01
2.454048803331955186e-01
-6.624834711692918487e-01
-8.243788906435547403e-01
6.046510240709544043e-02
-2.429155005176051596e-01
1.459237291291341498e-01
-3.450801930507074733e-01
-1.349683508384121211e+00
6.862431800807239357e-01
-9.792411604452690987e-01
3.126427565692863064e-01
-9.448417069759611486e-01
1.742020956344537019e+00
-8.951649182651061354e-02
-4.159557558353830231e-01
6.310661641805885846e-01
-1.495196503144601730e+00
-9.743248150701588894e-01
-1.673959701048598481e-01
-3.261760735643903786e-01
-3.634623599629751012e-01
-1.719666833122661109e-01
4.307942988683553798e-02
4.149142220200935927e-01
3.136006286727899273e-01
3.805656923724616281e-01
3.224856874729850609e-01
9.308325711701151972e-01
9.251295960575993682e-01
-6.536565474045724633e-01
1.077502054229332318e-01
-2.641626419283341409e+00
-2.821815787804938247e-01
-8.619115052118424547e-01
2.402372306757059039e-01
1.317180455312884357e-01
3.380415988758783685e-01
7.615628331377213289e-01
5.839100147057771917e-01
-6.623363060657352364e-01
-5.168858619905363216e-01
-3.509551726376046732e-01
-5.171372634725841522e-01
-7.397101353390168610e-01
9.730486363979664599e-01
7.225966870727004165e-01
1.137997687978837602e+00
-9.734511558007494236e-02
9.434263455528597575e-01
-4.718440958918471706e-01
3.712891836157395375e-01
5.115226741404594879e-01
-4.907346286488103448e-01
7.168951636760825252e-01
-1.761518422471021639e+00
-1.546316567663510999e-01
1.390692116654027588e-01
-1.290979327950047884e+00
2.143160939547121280e-01
-3.516306372563998139e-01
-7.030813823789239247e-01
1.280430854118921102e+00
7.727944800381262302e-01
5.619901518215628666e-01
-2.097256444697609967e-01
-4.788914048968451187e-01
-3.588828274007582753e-01
-2.497786034321603232e-01
-7.664218481942524086e-01
3.520249942112781416e-01
-4.593876661679232587e-01
8.499388938199401444e-01
1.622256398343271622e+00
1.333709192470641014e+00
4.298660767842598096e-01
-8.126005001487819346e-01
1.255166825865240421e+00
4.834445569458248326e-01
-6.146671674622381509e-01
-5.029573671778549970e-01
-7.341242396656380564e-02
-2.430480945672275905e-01
-5.275337360970354661e-01
1.779596786218010374e-01
1.834004391952844371e+00
2.908464158730602600e-01
4.111147748565009974e-01
-8.765608463519021232e-01
6.703506514237282943e-01
9.354967452593863086e-01
-5.963133733767149725e-01
5.294622810260194434e-01
2.311367273966471181e-01
5.566316396489436880e-01
-2.723723393421855765e-01
4.132771333961676730e-02
9.793191618358711159e-03
9.504727731856039696e-01
1.326969037282791364e+00
-3.387738882058678236e+00
-7.705202668767234808e-01
4.045471669512205604e-01
-7.664481314928190958e-01
7.050191999226036454e-01
-2.326980423251563679e-01
1.331010542100496519e+00
1.748712336150456126e-01
9.428699808360229140e-01
-7.372481285345224844e-01
1.562649899353732774e+00
6.195431906719879311e-01
-8.275732143540058816e-01
3.344204194631166249e-01
-4.177957671802070005e-01
1.657429422399319119e-01
6.003296267219442039e-02
-6.952658579682018392e-01
8.983699755855565350e-01
6.875588700607773163e-01
-1.111671974296426280e+00
-6.349792710372896831e-01
-2.843777533597832807e+00
-1.180182443949891746e-01
1.564366640361653404e+00
-1.004976049374193492e+00
-7.629749722496850239e-01
7.823470247472287253e-01
-7.471988810504812117e-02
1.110559853674142339e+00
-2.340711306439961226e-01
-3.462291080071632776e-01
-4.363352641734318804e-01
3.050950176027878991e-01
1.223200902096454046e+00
-5.226623839116312231e-01
1.165572568224572780e+00
-1.014197742241878419e+00
-1.086835102898010330e+00
3.984980178502213199e-01
1.081988942102574569e+00
