6.475053994200724583e-01
1.247828418933724537e+00
-1.495116792143894591e+00
5.629072137806574450e-01
-8.761787808577810033e-01
-4.573974172803291216e-02
6.913936613506459494e-01
1.529024647963429073e+00
-1.013983486285992552e-01
1.917212047835362254e+00
-2.382617999121169894e-01
-9.782946912464194344e-01
-4.675711689959602957e-01
4.082467700113462938e-01
9.578269181347914829e-02
-1.412061658721608659e-01
2.782497289022313858e+00
2.820349356700380117e-01
-9.792821717825188621e-01
-1.428266663543312331e+00
-9.661077242635875972e-01
-1.234690957187597693e+00
3.382877451261470658e-01
9.315646159858090858e-01
-4.052901250249041909e-01
6.779162799727134203e-01
1.295189198685652077e+00
1.819100490106024814e+00
1.255363931823862522e+00
1.042043837604568868e+00
-8.198438988937155614e-01
1.332426356630731279e+00
-1.398114261406858461e+00
-6.230022039998857064e-01
4.126383738066149998e-01
-7.720389943850727299e-01
-9.347824549775595182e-01
1.497569283092577530e+00
-3.515320166874960073e-01
-4.356201529280551710e-01
-1.289542106939330912e+00
1.402097445184332880e+00
-5.400515453444659775e-01
1.413905523418936383e+00
1.487242971299094219e+00
-7.576621683804547480e-01
-8.712006582460334325e-01
-8.080691772146824103e-01
9.508047818861999900e-01
1.000478229621061255e-01
6.628441559544434591e-02
-1.922828818580549326e+00
1.609063779662319060e+00
1.300606702753274613e+00
-1.203936524152159349e+00
-6.522562823871800308e-01
1.295755021925045103e+00
1.167940007225180210e+00
1.737274063395269907e-01
1.047365038841179041e+00
-3.885506543877174090e-01
4.463495457759641405e-01
1.226444333276087484e+00
8.260290421024972796e-01
-2.403695700897471865e-01
7.260355104577234098e-01
2.564937556484905290e-01
2.286129231495613645e+00
1.019992767767151864e+00
3.702224644107737217e-01
-1.515627841897560835e+00
-3.006473379838791593e-01
1.066176024996629557e-01
-8.160867712548189878e-01
4.577441907524376630e-04
-4.354563671499082078e-01
8.673890945931594931e-01
-1.997799085104129180e+00
-2.568901330255583204e+00
-4.221351245806588270e-01
1.335198811188692769e+00
9.835745789512366777e-01
4.173614218024468414e-01
6.243240783937658023e-01
-1.006089966991982942e+00
1.481592497214341719e+00
-2.310854376318723646e-01
4.385930537092384007e-01
1.346679560372746831e+00
-1.896284547876323723e+00
9.636800132014050613e-01
-4.095009575869941187e-01
5.185808127626025943e-01
6.499505458125939827e-02
5.211022038548386304e-01
2.012787807140254959e-01
-4.735551736697674041e-01
-4.921619756975346149e-01
1.424484500487281924e-01
4.378587370769710940e-01
-3.592493483330470583e-01
4.091284898162564909e-01
-8.190403083195985090e-02
1.789981139505218533e+00
7.584417420647944219e-01
-1.366724394418066701e+00
2.535609167221330118e+00
1.774869707747606662e-01
7.509756712333106599e-01
1.181046474037650063e+00
1.974187726567705192e-01
1.145244421289220105e+00
-8.594127422964484841e-01
6.891573187363360109e-01
-8.698600661601495476e-01
2.156099193869536190e-01
-2.165970490273837479e-01
-6.161183402878350757e-01
-2.228088121339478089e+00
1.793293238120898248e-01
3.497600619639958386e-01
2.474566608636977749e-01
-8.819523325533710212e-01
-5.524385212874295403e-01
-4.118349394011615594e-01
7.200614346857592274e-01
-1.899475739506572669e+00
-1.269631645209395865e-02
-4.998325969216085296e-01
1.058902159285147748e+00
-1.519800912231960011e+00
4.206784915813190917e-01
3.858991396532268636e-01
-2.355560371332871661e+00
1.266272378564444745e+00
6.647401681448107391e-01
7.412200964393351743e-01
-1.085401307144723049e+00
2.903953200635535747e+00
8.014374162988990857e-01
7.692656453328556854e-01
1.208343983961072343e+00
-9.534650675330810232e-01
-1.100628992665359407e+00
1.468353448906063452e+00
7.450398294864809534e-01
-1.220190330776728782e+00
6.194831456719616103e-01
-2.067734112836883131e-01
-3.725143715942249578e-01
-1.171331836228872270e+00
6.115862365453490490e-01
-8.871536935253063749e-01
-2.142914187104954404e+00
2.678493589344981718e+00
-1.791168216383494105e+00
-8.566487879978301745e-01
-1.226141411540165316e-01
1.511738613666845588e+00
-9.328304459202385601e-01
9.011408335946782255e-01
6.872662364019881398e-01
3.427932356958192650e-01
1.976079714983890456e+00
-1.530418185947425735e+00
1.083375318027729906e+00
-1.418245344962122179e+00
-6.331687307278205390e-02
1.647477877979818484e+00
9.755583033163901518e-01
-5.998765950283447834e-01
-1.646381860202621672e+00
-7.278434841149465928e-01
-1.820726423845458741e-01
-1.481617547140441138e+00
-2.164756998485795059e+00
5.185266648823227964e-01
-6.524977345948043128e-01
-4.888488045099393942e-01
-1.559881122716132662e+00
3.101308474401500703e-01
-3.927691859204403002e-01
9.005315212148978787e-01
-6.906032944210982460e-01
8.963671001351966039e-01
-2.186017301168668325e+00
3.358316268703691043e-01
9.352113551633001176e-01
-1.460600473023925039e+00
-5.961182408541981781e-01
-5.311944464510209851e-02
-5.930896112153836164e-01
2.252560105255641876e+00
9.301184318035136123e-01
6.760463102607009445e-01
7.655036333265171633e-01
9.758150187641698725e-01
-1.672170049691286353e+00
4.445367328979633603e-01
1.798521880951869711e+00
-1.983980323400864609e-01
-2.529671923261931910e-01
-3.158290393237300764e-01
2.576708571207748655e-01
1.114639102526451708e+00
-1.528027699096576597e-01
4.848367827178104994e-01
3.237166445871049181e-01
-8.788469518190777929e-01
9.096199437204857130e-01
-3.034977512913098696e+00
9.150123595029772128e-01
1.546828987471748462e+00
4.577179848313916444e-01
1.876593871076315256e+00
-7.052431506819005769e-01
-1.566399765369945740e+00
-6.623651192195867399e-01
-3.716983105314376479e-01
1.002650102563948709e+00
1.930593073276406946e+00
-1.340819158250392995e+00
2.612636340294864357e-01
-5.826323444869596635e-01
-1.250684924775889106e+00
-1.274246465032959463e+00
-3.899895333150641408e-01
-1.855441195228897944e-01
-1.984965553388851500e+00
3.314277218519699475e-01
-8.756238733069594826e-02
1.642069682371163575e+00
-6.300830229710717711e-01
-4.799241438321540099e-02
-2.313215944524984025e+00
2.587824578210142223e-01
4.350259419196123023e-01
-1.472722384816064656e+00
1.637923672629653327e+00
-7.889279376611404437e-01
-1.005959553336384982e+00
1.069190330430684455e+00
-1.731924931305226734e+00
-1.972822255780884992e-01
-1.314468522243375626e+00
1.777860765544102550e+00
-1.909912077338253633e+00
-6.129446213442714120e-01
-2.866780698611776645e-01
2.918911117799389832e-01
-1.761336868004833300e-01
-2.037880440870332155e+00
1.853087530204009514e-01
1.244751376104886509e+00
7.077222854324104473e-01
6.485504666886378056e-01
9.189643982903595854e-01
1.078837576975729906e+00
-1.733898211221715391e+00
4.834874539263672166e-01
1.202668158457751213e+00
1.203052971338747890e+00
-1.069146819715919072e+00
1.439179107267680724e+00
6.359953173308094954e-01
4.135647425296882229e-01
7.940560762010135942e-01
-1.846460295231895810e+00
1.654742581364173071e-01
1.280956894293087789e+00
-4.115834725582211417e-01
-9.500990715526257402e-01
8.330236059201008292e-01
3.830883336222820068e-01
-1.749179998203980180e+00
1.321895917908914919e+00
-1.053176710055086229e-01
-2.503634734012101237e-01
-1.653633678351870806e+00
-1.335013507341907824e+00
-5.237027110757992432e-01
-7.272879578103847997e-01
-1.966024988803594387e-01
-4.409719214743099136e-01
5.181888192903445489e-01
1.532613250948951844e+00
1.055654882412497608e+00
1.841137985592111281e+00
1.559172049021984030e+00
3.661827900770021071e-01
-1.797765151947574580e-01
-1.415349660351332917e+00
5.613817879676785694e-01
-8.166552355900001947e-01
-1.592826228203269245e+00
-8.224560151590919466e-01
3.602210135846187211e-01
-3.272064473485953862e-01
-1.492473408337285479e+00
-1.526032248825866855e+00
-6.770592340606225168e-01
2.543386429009827920e-01
1.295927638751758482e-01
5.013803622765062862e-01
1.382288231512055043e+00
3.988427098361669865e-01
1.636210642641550805e+00
8.273863872906734862e-01
-5.634053011235543584e-01
5.556612057062885190e-01
7.966352898021757944e-01
1.485680661640148337e+00
-8.668274626246349479e-01
-1.733144909966555236e+00
-1.504565911101899411e+00
5.388393537107926123e-01
1.658550581656954015e-01
-1.076415212068956850e-01
-7.501821735728216867e-01
-1.999924975676947991e-01
-7.868345692802100055e-01
-7.407277504345698427e-01
-9.376613915856345516e-01
-1.813718663260812103e-01
-1.842956427601755376e+00
1.616375947468293439e-01
-3.744416548997571148e-01
1.456854254938082294e+00
-3.371154675416929147e-01
3.585597643426889913e-01
-3.440416837973819253e-01
1.457273159938920370e+00
-3.584163295666714655e-01
-1.995410037173409368e+00
-3.614057785456883942e-01
9.657055627419808275e-01
-2.575683301019588534e+00
-1.432226752962902028e+00
2.427233451977078182e+00
-3.877019897249112113e-01
1.354437166182147212e-01
5.724326368205679971e-01
1.147042803181665960e+00
1.128074621403925837e-01
1.086807593048440435e+00
-1.242001633442542552e+00
-3.789927005709021191e-01
9.468354863444254921e-01
9.000701505448265305e-01
1.331698919188372687e-01
-1.052502954604128904e+00
-1.789322307269717749e+00
-4.707058279179981292e-02
4.107966323093270589e-01
-5.462669034486484776e-01
-1.108784458651976612e+00
1.097867822395867110e+00
1.656539976478558773e-01
-4.660016492023269508e-01
-1.130563627808326282e-01
-2.195124217048203819e-01
5.672786421779536514e-01
2.632935311921059451e+00
-9.294246072173805162e-01
1.221678837076313195e+00
-8.051164812806409221e-02
-3.806159955735932132e-01
1.369732146764637060e+00
-1.353148851205274283e+00
