1.734016939453843165e+00
6.125389151595159731e-01
-2.641925835819470825e-01
-5.171654428063071629e-02
-4.615825430426601650e-01
5.758048193351264499e-02
-1.660450076315329870e-01
-1.334229078197617380e+00
-1.148921370946974774e+00
7.679887376975140789e-01
8.398678239284447233e-01
-3.812795291471469117e-01
-4.341661895333088772e-01
-8.505303535792076985e-01
1.314695477398823975e+00
-9.191752845585146048e-01
7.496710415938685479e-01
-7.754242212517366006e-01
5.283952485339839245e-02
-1.445805570729936096e-01
7.506019048700108831e-01
5.655251785304250545e-01
6.309504145875779457e-01
8.911733445117785424e-01
4.544044288745531235e-01
-1.257313360140506764e-01
2.123527139230872440e-01
-5.298988229904061376e-01
-2.883893619957836885e-01
3.284224167850999937e-02
-5.982883063728929862e-01
-1.399537030404935045e+00
-6.666816598719922382e-01
-1.003753126673316842e+00
1.039134347496674327e+00
1.448994213969428957e-02
-8.424947459023776064e-01
-4.738441887067206260e-01
4.644273351182412468e-01
2.647156817625105907e-01
9.714115837917334240e-01
1.331366239047381494e+00
-3.096033636506249076e-01
-2.777111736005896114e-01
-7.555363883334758057e-01
2.502091695940599214e-01
-4.781975504704413793e-01
-3.840906760186617586e-01
-7.761371410061380927e-02
4.705757046341592642e-01
-3.682191618312396497e-01
-6.445353366102329895e-01
4.058027529692026514e-01
1.220775385594689677e+00
7.880251692659870910e-01
5.411067465329455484e-01
-7.405539379419850965e-01
3.561998246382169775e-01
-3.376748783535334364e-01
-8.086897798824476125e-01
-7.881388581241216551e-01
7.395355217784402857e-01
9.538060077610850396e-01
-5.066409744415363292e-01
1.255963304736601671e+00
-3.656074369828299364e-01
1.856078888866654342e-01
1.723250878181026291e-01
1.842637166094209800e-01
8.830041659901177731e-01
5.658543959330498696e-01
-6.117291456823410467e-01
1.145886997410282104e+00
6.679309100525865350e-02
-7.398549118722550499e-01
-3.774384937638927684e-01
-4.741137607475208182e-01
-7.310433478131093954e-02
-6.019733921192969017e-01
2.313020009470557192e-01
-3.348738661086511637e-02
4.915787406112878677e-01
9.704275076022506052e-02
-3.906855506513564613e-01
-2.086197981935054568e-01
9.091235107936478377e-01
-1.690752918147230000e-01
5.310958188457964857e-02
6.782872045567043262e-01
4.763489783253507248e-01
-1.227337863919588656e+00
1.901152757437928609e-01
-3.430326887850987383e-01
-2.378005602290985676e-01
-9.716193687711401905e-01
-1.116590906784278969e+00
-3.962795682852029988e-01
4.496722523716114583e-01
-1.679587038561586032e-01
4.566784538591949771e-01
6.281756548174786126e-01
5.303409709518466242e-01
6.034981538318189287e-01
-9.274133579582047870e-01
-6.345395941067157874e-01
-2.359270091554421800e-01
1.081109034518316081e+00
6.824699733899498577e-01
7.038374415834698361e-01
9.902357086116808649e-01
-2.963808646618337761e-01
-7.944721077824394573e-02
2.479499649280416940e-01
2.307226550534866583e-01
-1.200397044570407634e-01
5.715595700147374503e-01
-3.955255582455630137e-01
3.786587564339335965e-02
-1.044976652188254196e+00
-3.455919014832938702e-02
3.326570495265159244e-01
7.960415151547455270e-01
-5.246032365942829845e-01
-1.820741627943106011e-01
3.668925593218073100e-01
-2.543000634354114498e-03
-5.487975522337382728e-01
-6.970566495751079339e-01
5.954019612318425247e-01
-1.417865957066994920e-01
-1.662221019328743721e-01
-2.760779727498353098e-01
-4.298539801409609895e-01
-5.167298832615747628e-01
-4.524466655191281550e-01
4.126776577092599041e-01
4.993735225990336701e-01
-1.243675548146493615e+00
1.159093662711526695e+00
1.982831006144960273e-01
6.360496397733796936e-01
-5.342227405443202848e-01
9.743258513026222811e-01
1.042257112628453442e+00
4.550700313908737638e-01
9.823327486120093655e-01
2.996999717269316355e-02
1.778984696831482359e-01
-4.214696479952792507e-01
8.609083822794865171e-01
-4.826755541823804507e-01
-2.255326987411912232e-01
1.095721000178895954e+00
-5.635677080412494072e-02
-4.372486096488295004e-01
-5.872092838308645701e-02
6.520764152258485824e-01
-9.243794641499022968e-02
7.468487531306868821e-01
1.055506270853433293e+00
1.237454782507328099e+00
-1.861638978363608088e-01
5.896267283860779918e-01
-1.319666284000173384e+00
4.886696099863147569e-01
5.225841923421691293e-01
-1.063010053846000114e+00
-7.744806110731814464e-01
-3.309364837148360272e-01
1.961331842256187064e-01
1.615232233511672555e-01
-2.669890694289940303e-01
9.576822880265289939e-01
5.685005173397968958e-01
1.068527065841695212e+00
-1.575663274107777512e-02
-9.106871406023935300e-01
6.672361791739620518e-01
4.912791889439224180e-01
1.447251866349346938e-01
-5.059677535123492387e-01
-3.590698789565440197e-01
-9.987842749274465914e-01
8.624911957649318284e-01
4.421705638133962557e-01
7.477392854977625847e-01
-3.081233287132681964e-01
6.056333162195124409e-01
7.547004327562822912e-01
6.871870585064263626e-01
1.950309218386232502e-01
9.567295468137623216e-01
-9.050750611887864450e-02
-1.301074896680725734e+00
6.746468220096749624e-01
8.106594600283804075e-01
-3.733503131812430931e-02
8.043545181155357104e-01
4.639061505457146017e-01
2.362090570146156421e-01
-3.599363696779422916e-01
-2.310487742412031253e-01
-1.554362297065012277e-01
-9.807556036892042250e-01
1.077267523102156899e+00
8.188921399097887077e-01
-4.699650131517895679e-01
-4.134485937245750697e-02
8.348373323197929574e-01
-5.917084342637118910e-01
-6.612150094993562988e-01
6.449773026935836651e-01
-7.332593816083694538e-01
9.992610524801220917e-02
1.324643431168440189e-02
-2.852640129186922446e-01
6.769103167813989019e-01
-1.619412144921959507e-01
-1.044864974203609354e+00
-5.613816799207271835e-01
-6.068885301967040791e-01
6.243754283376798941e-01
9.839432805234218926e-02
3.364397075454675923e-01
-7.592758156121424129e-01
-1.122245111060874712e-01
-7.418121448520221817e-01
-5.134435002425453698e-01
-4.883247516046703707e-01
5.949272244709211677e-01
8.025713056047756311e-02
5.638885697435600530e-01
-7.908154090807857362e-01
8.987419915527954106e-02
2.616840948458922789e-01
-6.722160633026394994e-01
5.709016508655829769e-01
5.053059677718044901e-02
-6.505332801683187949e-01
1.434763622468272493e+00
1.407935480967243747e+00
1.253034469407586504e-01
5.174084611802375056e-03
2.651058478517631101e-01
-8.349027232678116195e-02
8.516959619868486042e-01
8.499698600600347209e-01
-8.484587726537655694e-01
4.530578449861890067e-01
-3.131985160835709658e-01
5.798536100913361802e-01
8.337706782246883108e-01
-3.427515009755974229e-01
-3.263374812559156901e-02
-1.309594114585129754e+00
1.108485249153680741e+00
-2.560424749101997133e-01
7.943794974595941305e-01
-5.405017725245349069e-01
-5.230684196714110445e-01
-2.902851266177097211e-01
5.731343714587364691e-01
-5.284144110779062098e-01
1.415855723849970549e-01
-7.289051811621257704e-01
6.497989088893889598e-01
5.492932659694147457e-01
9.787795070652800522e-01
-5.637179526601487911e-01
1.308451800329765158e-01
6.575114378383872804e-03
-1.418529325319792811e-01
-9.725715645266249654e-01
7.781237754154464170e-01
-4.048668472789924144e-01
7.046838227931634391e-01
1.208675789246389520e-01
4.575554422092609763e-01
-9.194084429948025106e-01
-2.122945810716608261e-01
1.001954178086412517e+00
-6.500654456259966074e-02
7.242454580808004305e-01
-3.777850827039774817e-01
5.432824862580214187e-02
8.178220569428164000e-01
-3.216755452063611020e-01
-3.876446903205829631e-01
5.995939686311401173e-01
-5.737535345778242979e-01
-5.774298353068162415e-01
7.343326801314262742e-01
-7.288653998919902843e-01
9.920075926577687220e-02
3.456717474031439363e-01
-6.922809871139361526e-01
-3.977048991895366925e-02
8.029085033712699548e-01
-1.003756219607971678e+00
4.645947257890376547e-01
-4.533027958570607918e-01
-7.950672575772631534e-01
2.355863711299591712e-01
-7.356537535166375597e-02
-8.125515715575869491e-01
1.359776037690480388e+00
3.459898527229503529e-01
-1.849019617685979666e-01
-8.132249763046294211e-01
7.940277351018094620e-01
-4.891187805093821783e-01
-3.268159293538612231e-01
-1.634564793537827618e-02
3.482823929345229552e-01
1.017526563855615684e+00
-5.414003008836355546e-01
-6.929913327955972147e-01
-1.283486014502834283e-01
7.720978988527895659e-01
-1.633795002291260345e-01
6.066227392163077159e-01
-9.542507382755369694e-01
5.284589100384724514e-01
-6.830306756288252457e-01
2.347374782380837188e-01
-8.800003663951572186e-02
-3.593053579967760980e-01
3.294678381895251307e-01
-3.370674734073645928e-01
6.928409797578297669e-01
-1.644753309653766149e-01
3.865019590304378805e-01
4.257024432973046113e-01
3.479629639168016486e-01
2.805887524797472943e-01
5.780540660607913495e-01
-7.016651117799020954e-01
-4.589230695733351739e-01
-3.987113975753835415e-01
1.748752076790652255e-01
5.560095176321598887e-01
-7.298939869682752324e-02
1.203982074091970028e-01
-1.132427053774848202e+00
2.846900578615510491e-02
1.340105000910262412e+00
-9.558015103816677183e-01
5.034139527503215250e-01
-1.240774241100468744e+00
-8.980189737699398878e-01
6.873025524773255235e-01
2.987153436617776547e-01
1.096878652939957011e+00
7.458795571160306004e-01
-6.874604963853251371e-01
-3.114614425450966673e-01
2.419035359942582619e-01
1.857022298722796338e-01
-1.292238290867742390e-01
-8.355108511862859855e-01
-2.748817161725651270e-01
-4.377853696657625360e-01
-5.274977847732927050e-02
1.280285329946869166e-01
-6.017653964586067161e-01
3.182822988501732286e-01
-2.146628565856148474e-01
2.487243189714965497e-01
-8.168754222488214811e-01
