-6.008786481721389849e-02
5.188810302886184278e-01
-1.336799517054606756e+00
-6.316122516589504077e-01
9.881703952415835102e-02
2.383939034486475816e-01
3.681484648020441064e-01
7.090599921061604416e-01
-4.740449722579310743e-01
5.459926801906304084e-01
1.517594487720273499e-01
3.301487928931597926e-01
7.740343720796509785e-01
-5.440767053623365435e-01
3.584068145573390263e-01
-4.040036695842292858e-01
-6.197297347572813253e-01
8.998146083974569720e-01
-5.227458609398846767e-02
-6.335579928540467920e-01
3.195296212839572603e-02
7.668560884102703090e-01
8.732728383372246883e-01
1.110912070891068026e-02
5.372794838578475174e-01
8.986473833072570194e-01
-2.033603437956867377e-01
-7.470125238810326751e-02
6.929565810453299779e-01
-6.677811035876307644e-04
-1.035445500790899809e+00
-5.569158608251623122e-01
-8.024721454926591058e-01
2.182672244554432206e-01
6.867755103438848430e-01
-1.973302389656551026e-01
-4.967522168167330388e-01
9.299959184563821868e-01
2.855229540383763531e-01
-5.411557202863563898e-01
-6.986147757191897567e-02
2.280346412267385547e-01
4.430513485429087295e-01
-1.652691030736522793e-01
3.631595720004635042e-02
-7.330174950487901020e-01
9.364943621606511837e-01
3.895786337283287937e-01
-3.408630131605571711e-01
-2.760042634005773765e-01
-3.766913680420513888e-01
2.501574789229267237e-01
9.369392891435212034e-01
5.774051121541332043e-02
5.287919477199345408e-01
-5.002145998582741004e-01
1.107060458627065147e+00
-2.037245163885154642e-01
3.117466916507906638e-01
2.513237042228571097e-02
-5.185120347997709822e-02
6.413848856965527201e-01
4.981472914569855526e-01
-7.600326630291008856e-01
4.060634210331646177e-01
1.557363378572591550e-01
7.073746693464901814e-01
3.804378712335895751e-02
1.029538089240990661e+00
2.566055445208294539e-01
-5.185544211600399134e-01
5.060786372319706627e-01
-6.274576367916304687e-01
7.052960194129892502e-01
2.860710421092627631e-01
-4.241952513865130392e-01
-1.641864529938366624e-01
7.824677395581874917e-04
1.104490470625927756e+00
3.940356448171313808e-01
-5.331813733399385358e-01
7.539497975535650598e-01
-6.726487826246577706e-01
-8.114509699565866652e-02
8.537708930767831106e-01
-9.169959927182695925e-01
5.325822909680488770e-01
9.733710954652425862e-01
-9.311482605099874466e-01
6.164049630147013792e-01
-1.691662908003017107e-01
-8.060597197647437762e-01
-2.761281416926887888e-01
-1.182704820045997751e+00
3.703552307752899231e-01
-1.026503603964151606e-01
9.667241433558465546e-01
2.629506164127443091e-01
9.081951032324341311e-01
1.722667320560319626e-01
1.889491621948203859e-01
-3.809242200753683583e-01
4.631959651660428889e-01
-1.511056283484881468e-01
1.280004359436884842e-01
-1.167384565887007009e+00
9.302038481483164700e-01
-9.933325378369939340e-01
6.065954272850850870e-01
-7.299843407747066415e-01
-2.452846107070409676e-01
-7.182844947753896925e-03
-3.972305531166209214e-01
-2.933350147552301057e-01
-9.755933597440297200e-01
-5.726277409518674144e-01
-1.279620521485053397e-01
7.657851407347342487e-01
1.000623166308465262e+00
-8.979582545355930812e-01
8.356320225227098497e-01
8.661149756325460525e-02
6.467926642114966151e-01
-4.162679397599828857e-01
1.221565685151168701e+00
-4.261856148103887465e-01
6.436030282306068329e-02
-3.757737147676621925e-01
6.768331913321745663e-01
-3.494815565736197338e-01
9.578976889560033570e-01
-4.789578316542588143e-01
-2.451528223731998524e-01
3.751974165608991663e-01
-3.043808844633365540e-01
1.473075626269760574e-01
1.917262855904425800e-01
9.492262455613122984e-01
4.226092257743753189e-01
4.553152626000710468e-01
-9.368299328767144551e-01
-7.961555291723698691e-01
-5.310692105370204974e-01
-1.017993437128644763e+00
9.382314762097379024e-01
1.096481997656758578e+00
-1.938729484785594037e-01
-9.180079678340149485e-01
-1.013337375942952479e+00
-3.643270363322750893e-04
-5.798574277243871977e-01
-8.148965390785709584e-01
-5.010906085616797512e-01
-7.855800117068174604e-01
5.874118798504626149e-01
-4.219776107744248606e-01
-3.160628884063451105e-01
-9.036244887101614331e-01
1.014010454165268804e+00
-7.531438885786440052e-01
2.525133383103638218e-01
3.329605428804163214e-01
6.620065454726544729e-01
-9.052961375574090086e-01
1.361900035441951373e-02
5.896945161443664096e-01
-1.228612357095258539e-01
6.495397498693975535e-01
-7.157723729409343205e-03
-5.834491988797309014e-01
1.745401885452670110e-03
-1.318606234808217537e-01
-3.337158190499490140e-01
8.148952183232860413e-01
-1.890466851806890392e-01
-1.022808627183050545e+00
2.392305955357509895e-02
-3.944789942685520967e-01
-8.172729377040740539e-01
1.534333506603883901e+00
8.410323458037967104e-01
-2.959689721942353469e-01
8.831632391964514550e-01
-1.110370602972346132e+00
4.852521605918263536e-01
5.658243315094688697e-01
1.311210341184367856e-01
1.020097874548980155e+00
-9.224159659868347294e-01
3.774691666949230862e-01
8.100586229316565356e-01
1.729875748023027293e-01
8.919895676539543183e-01
1.718477780930590670e-01
-6.070741284649048275e-01
4.332850346672574293e-01
-3.023823130751240873e-01
4.245028306194716938e-01
8.619973054951008962e-01
9.006134239579171030e-01
6.465679235776444767e-01
-5.052739837150314051e-01
6.577028015049588561e-01
-6.061503645346550950e-01
5.079825194829439283e-01
2.667197217063618231e-01
-3.184045179571714512e-01
1.495683283097705818e+00
-4.282164803561872568e-01
-3.721902330941239123e-01
-2.668766378797279848e-01
-3.774763709561845260e-01
5.467324126526182937e-01
3.239578969048460544e-01
8.499489641518913619e-01
-3.582016657138319127e-02
-1.339424023481008419e-01
-4.875209094545029931e-01
3.646890069555721592e-01
-1.056702378799344449e-01
-1.124237186307901343e-01
7.416707120381070828e-01
-9.515091714632485376e-01
1.149240913237888462e+00
-8.995266516702107862e-02
-5.481606220876996671e-01
-1.017192862363868633e+00
7.660165402017218850e-02
3.125796349509260552e-01
-1.218944681382851808e-01
-6.259316309128288847e-01
1.709766869816370660e-01
-1.443329029537561425e-01
-1.067018973853022024e+00
-8.740133652473910386e-01
-9.079222217808533557e-01
4.752122394914793935e-01
7.328849291068119109e-01
1.195450235537830252e+00
1.088029633824652676e+00
-9.156077376600443851e-02
2.532394595554052219e-01
-6.058019915255813403e-01
2.672981976438693619e-01
-4.103427974543437662e-01
-3.552147108300076073e-01
-6.219016980410911888e-01
-8.344136122988971005e-02
1.771661995353863150e-01
-8.913401041068533814e-01
-6.604150344953039209e-01
-3.165353994915732216e-01
9.307389414490632173e-01
2.699371543221154024e-01
-7.050508415303625709e-01
3.303100762845105898e-01
1.205123209168065923e+00
2.625837126027690260e-01
-1.006762841455581814e-01
-5.404292154943267645e-01
-3.182917662029537409e-01
-2.751068961774074118e-01
-7.792051891127663721e-01
2.944936448150974329e-01
-9.864162240590323982e-01
