-6.646905444209226799e-01
-8.828052924503809740e-03
3.445823101004660272e-01
2.698700584105784839e-01
-1.575610753016840337e-01
3.268431300486691060e-01
-1.508987593380475722e+00
-1.495832669902285028e+00
-1.222050989026522538e+00
-8.632125540747588310e-01
-5.786466492494772851e-01
9.122105158622921539e-02
4.979164386815344012e-01
5.240848023515811693e-01
-2.113861111231848666e-01
-2.134109959845997828e-02
9.519572792686240570e-01
1.786030073201004820e-01
1.837695199003773538e+00
3.118038320055696588e-01
6.277355349333113566e-01
-1.042079554237191757e-01
-3.249605603683920485e-01
4.328629194764020971e-01
-1.739651967197419768e-01
3.250440004736760424e-01
1.154027685151853833e+00
3.697528691569571535e-01
4.866919808449605284e-02
-1.103100439592045401e+00
-9.967977375129581930e-01
-1.556776960229875550e+00
-9.593407102555638888e-01
-1.369983985511112445e+00
-6.225743103555710922e-01
-6.310299105644889828e-01
-7.298940730203925531e-01
-7.392665825400612789e-01
7.919245415487288220e-01
-7.879413196354931315e-02
-1.135984549606789962e+00
-1.469891329559783300e+00
2.094223234392622590e-01
-8.881288075499762513e-01
-1.493462280288299526e+00
-1.754645394948465276e+00
-4.296065077622360784e-01
2.054483571687902022e-01
3.156338944653591660e-02
-2.015892888201112232e+00
-4.779212139513587532e-02
1.475905944616126564e-01
9.921307266795398316e-01
-1.135488535077155081e+00
-2.895687464308815962e-01
-7.113370200054783266e-02
7.774752582903148301e-01
9.513699345063634238e-01
2.515728099416224550e-01
6.101742064589119607e-01
-1.173937171269187285e+00
-1.300662508465202372e+00
-1.434786177909954885e+00
-7.576087974713876516e-01
-5.326226634681544558e-01
-2.329795887904361762e-01
1.390539082799445714e+00
-1.358101232243413836e+00
-8.533530637185050560e-01
3.057640935303538310e-01
1.654741388914692912e+00
1.121800289134046169e-01
-8.567200174034064197e-01
2.840165918882177065e-01
-6.790575875763027458e-01
-3.516007780542027561e-01
-1.507060598486928527e+00
2.472927962923573142e-01
4.428522182585221678e-01
-2.962484639675969644e-01
-5.515406238270103012e-01
-6.781750380681590418e-01
-5.742659951701831744e-01
-1.043776102283646146e-01
-6.877824866872899179e-01
1.137381433399167419e+00
-1.680825501101210762e+00
-4.175779016584910686e-01
5.064642266551544481e-01
-2.142326964613007423e+00
4.496735386868233597e-01
-3.817744433099127810e-01
9.901921170920922055e-01
7.416069187067579893e-01
3.949215706704979345e-01
1.563400394280737293e-01
2.793440581048025617e-01
1.182111425364756219e+00
5.031593591812181243e-01
-1.678579388792607319e-01
-3.378864418721198026e-01
1.135387322637819274e+00
-1.495879797900329544e+00
-1.762479275482884966e-01
9.310404516795127705e-01
-1.733452144090528169e+00
1.680070739080899767e+00
2.041044472551523936e-01
1.772018799238533338e-01
-7.053884569568169560e-01
-1.001937603190390380e-01
2.111477875836664242e-01
-4.174877011978632702e-01
1.172222390553217197e+00
2.148165804227974984e-01
-8.108931640611853897e-01
4.436101319193644921e-01
4.445641535151940993e-02
2.637212053719933391e-01
1.201429012471639135e+00
4.668907850955753558e-01
8.709896089869423319e-01
9.817176153569366903e-01
1.685300405535279378e-01
1.531537438937046858e+00
7.754449052150633737e-01
-8.931290388637831423e-01
-3.835650109676158603e-02
1.326800683874871156e+00
8.348439965966172327e-01
-1.043786574515003784e-01
1.104348596071571403e-01
-3.913243580179930348e-01
-7.517645885512576065e-01
-1.381638449139821256e+00
5.707888829922505014e-01
-1.331913436849006122e-02
-8.981684456430794050e-01
-1.294416956412729025e+00
9.455454530487161779e-02
3.831521965224615744e-01
6.499266877736052939e-01
-2.493574759333948565e-01
-1.094155563399701603e-01
-9.223363370986353837e-02
-6.466942983728483085e-01
8.287898080346779439e-01
-8.703449767667559289e-01
-5.762699727923598775e-02
7.730563347406592678e-01
8.187136152486478302e-01
-7.532675533233170739e-01
-2.549291630342766513e-01
-8.888625358169262025e-01
-1.565369453503032249e+00
-6.369281516024569711e-01
-1.074469101062754062e+00
-5.297355781069684744e-01
1.005200911047758328e-01
1.372851984546066550e-01
-6.575139684345894242e-01
-1.679400944058312140e-01
-7.281612712172229329e-02
3.008007570358183225e-01
6.719969811999183806e-02
1.327279752340987606e+00
-5.366085712212770309e-02
1.640294495069713143e+00
2.611485788347071568e-01
7.941745374427074955e-01
-1.064314817731093266e+00
-4.847090578268268279e-01
2.972008923701460192e-01
-2.096566541090094660e-01
8.474710460018380909e-01
2.373189468276738212e-01
1.119597241439724833e+00
3.591439144587982302e-01
1.228244923018548374e+00
-4.493929226365440677e-01
-3.051225111754953256e-01
3.402368512935098344e-01
-1.728981688730040212e+00
-4.383036531117891210e-02
2.379417265013969718e-01
8.632148226878693098e-01
-6.855492347285438437e-02
8.218067162011708504e-01
-8.497051494680188943e-01
-1.530819487028040937e+00
1.116107818794146000e+00
1.708984749933887937e+00
5.452301451100942664e-01
5.116809685065005775e-01
3.759300190789089946e-01
1.988117184313818120e+00
1.505082307385004148e+00
2.847579688604436887e-01
-2.191686183459976567e-01
-7.948234911113407630e-01
-8.372460424556387171e-01
-2.916608541595333559e-01
-2.746839605801064677e-01
5.495323703646979308e-01
-2.523059454818992187e+00
1.187994508256451365e+00
6.800072102135055196e-01
7.413948717088769680e-01
-7.885314391184918836e-01
-6.067804587893578239e-01
4.694797870255152938e-01
1.768897996316453058e+00
5.489616938830488291e-01
-6.389924911853707146e-01
7.016339805663545093e-01
-7.200320688703574223e-01
6.440230716572172831e-01
-2.272133024895950648e-01
-8.733404789123467848e-01
-1.045155752218441370e+00
1.168728601794183142e+00
-1.482208121546531698e+00
-3.650570776895080694e-01
-7.277223308975093730e-01
1.361023393354658273e+00
1.039365252600643608e+00
-1.319402725486901407e+00
-3.705447367765283828e-01
2.205467020777013287e-01
-1.168107009792013429e+00
-2.040567720355168091e-01
9.871389897423454851e-01
-1.201353986835344223e+00
1.228540348109750546e+00
1.824697795417349333e-01
-7.726845384703403541e-01
-8.925661130836824719e-02
-2.361033232012462513e+00
1.057616418996794483e+00
6.097984190908023461e-01
-7.918255321220006859e-01
-1.268998118326032376e-01
-7.444130665209874875e-01
8.068951935314356838e-01
-1.323489877360993217e-01
-6.984389959168447737e-01
-2.772377833422375315e-01
-1.747701951207608906e-01
6.992873889616931793e-01
1.064501477008221064e+00
9.011265077692512948e-01
-5.394812240352138133e-01
5.656304219862355875e-01
3.056514349598496993e-01
9.795581528501726698e-01
-1.327877811275519904e-01
-2.634572109159085684e-01
8.488651066842445303e-01
5.995502144907274289e-01
1.041911267704571875e+00
5.629496671826517140e-01
2.340497613013942324e+00
5.940175317904502483e-01
4.691482034015910241e-01
-1.043023387277517422e+00
-1.496438370264559170e+00
2.477631941061846921e-01
-4.171347526336273148e-01
-5.079074463159485298e-01
-8.017501868435592538e-01
-3.521930873678362217e-01
-1.453442670280845395e+00
-8.584725278308490415e-01
-1.891577691107261816e-01
-1.710977377275787192e-01
3.092579083070340351e-01
-6.158088365074213533e-01
-1.216429497732555431e-01
3.559919849256298896e-03
-1.172096514540174605e-01
2.537406576454157570e-01
4.342950743048289430e-01
1.476066887185352394e+00
1.045613762161282434e+00
-8.398712334398172885e-01
9.371310530778645398e-02
5.217939509942992604e-01
-4.203417555459051935e-01
5.789850735369519441e-01
-9.573511786196872153e-01
1.124803067035820447e+00
2.390700405305823395e-01
4.560034124276362566e-01
-1.190562783985111839e+00
1.278787661074032578e-01
3.934343505593440593e-01
-6.560619156800570062e-01
1.309999213317001865e-01
8.714612650250176396e-01
-1.452528217472703442e+00
1.068258801890751730e+00
1.127150863941485559e+00
1.092081775513954911e+00
-4.057710993739859773e-01
-1.793361475709706887e-01
-1.233764797057657209e-01
8.101594819369524469e-02
-1.710129709572272561e-01
-8.909931756253916535e-02
1.089610790222796055e+00
1.614882725948936670e+00
-1.213790416095148705e+00
1.493702902203691840e+00
-2.403052694765756558e-01
1.028956013425030847e+00
-4.425548114019015600e-01
-2.114432479840742118e-01
1.655544118910650120e-01
-6.045712479226090785e-01
9.995333706476139390e-01
-6.200268140318585530e-01
1.189843089930384901e+00
4.448067787533495077e-01
-5.785976644922321555e-01
4.168537389114256864e-01
8.264087127495967078e-02
5.446040096875441883e-01
1.285404036321750709e+00
5.870772669170388758e-01
4.016081030098775928e-01
2.439265197727114587e-01
5.711232571007746756e-02
4.090315100059990217e-01
-2.070640420325307929e+00
4.229929079857031038e-01
-1.498557829349822956e+00
-2.740031769542178863e-01
6.182313923734445993e-01
-1.168044629269919588e+00
5.785545226010997411e-01
-6.920241461570614261e-02
-9.514589572619778224e-01
-5.085883390932349757e-01
1.593004855077804649e+00
-1.629560656818379138e+00
-1.425799902831268590e-02
-3.007397636910824068e-01
1.244158113186967451e+00
2.882677547479389757e-02
1.168451410658493783e+00
-2.327331751519766456e+00
1.169795656367685455e+00
1.191946654389106186e+00
-4.368460115276484035e-01
1.172825410812250668e+00
-9.070314142405135893e-01
5.226805534076648385e-01
5.825526868543826620e-01
-1.364254899923973197e+00
-6.708064068406476288e-01
-8.606625503882343597e-01
3.954489552001134722e-01
-4.761637602330336949e-01
-2.984919342309336754e-01
-9.894260469902114163e-01
3.733361262800712899e-01
-4.591287295941319790e-01
6.986314309889410379e-02
-1.073827813468890280e-01
