5.797667753222229825e-02
-4.512651662272184061e-01
1.832771334150281151e+00
-1.949251975262604464e-01
-8.617976406188884164e-01
5.975118811616829673e-01
2.739900512240715513e-01
5.289332040656542500e-01
6.526653307044053554e-01
1.346919669686148291e+00
1.193678439799112256e+00
-5.042008904669870173e-01
2.805081182129677830e-01
2.698454834433824168e+00
2.089430075035371981e-01
-1.705223876047241349e+00
-9.414203402610830107e-01
-1.823904633509677131e+00
7.613854375585542567e-01
4.458301141241029164e+00
1.376007963446660654e+00
1.180544839934546397e+00
-2.899813815368775805e-01
-2.006139161694916739e-01
2.003609978949499215e+00
6.146342193642524432e-01
-8.051773651769603690e-01
-2.361330066768117408e+00
-1.005887772048114304e+00
-3.736609386927239873e-01
-1.553694503028515972e-01
1.562311892881440345e+00
-1.294484780378828137e-01
-6.012855077000209825e-01
-2.108592476455270481e-01
-2.875477502213089842e+00
-1.660877594525550505e+00
1.636537125090692157e+00
-1.878292124014180331e-01
-4.905471978229119373e-02
9.220067878650568538e-01
-5.075902968973917684e-01
-1.061497150556576674e+00
2.182146343953118572e-01
-9.343289653378659132e-01
-1.734977482345158029e-01
4.496679781729613287e-03
-3.294149243996180032e-01
9.744003718680167569e-01
2.698490262839322029e-01
1.250226514646574083e-01
4.823263032798769112e-01
8.113849113581801387e-01
-9.161591433419163932e-01
1.163376812825723805e+00
-1.159169613533084231e+00
-3.359591973588202940e-01
-8.322363482390697786e-01
-3.751095587339574045e-01
-6.034731733824363342e-01
-1.938347744022814956e+00
-1.345341563289142117e+00
-1.286267911423731869e-01
4.569626469556997139e-01
2.012670324233832297e-01
-1.231222961207953936e+00
1.648144694220292361e-01
-2.412413471510864049e+00
4.804711052938173133e-01
-5.259895781153227645e-01
-3.103425071112546063e-01
-1.510281109079260886e-01
-1.362777632285205875e+00
1.350231089295299003e-01
8.095705715160941840e-02
8.728146099591624907e-01
1.429403796732107379e+00
-3.359696212903715562e-01
1.818998835323484720e+00
4.349262845711820424e-01
2.011299802413850202e+00
1.410210017158969542e+00
-1.404063228513684036e+00
-5.663933538591506833e-01
9.872113475500693403e-01
3.366865812210974584e-01
4.777829385375973459e-01
3.858512345565168894e-02
-2.946040286179867906e-01
1.369876729166402407e-01
1.943599905844263009e+00
4.352006331291320418e-01
6.216323138977634111e-01
1.096178678402009110e+00
-5.549424540456442401e-01
-3.804723632928395105e-01
5.714674980824745176e-02
-1.045975861524380601e+00
-2.040830612663670607e+00
5.859170701504236023e-01
2.718251396225398242e+00
-2.988402100021668950e+00
-4.568042334367314883e-01
1.363548359072268568e+00
7.781481694678847871e-01
1.936638603269427827e+00
6.257743138121089066e-01
6.511423032442628100e-01
1.445244191355767427e+00
2.754305540404135000e-01
-1.173456777636187276e+00
-9.771024733380007099e-01
1.530296636962230061e-01
-9.703280355459067419e-01
-7.757095675565315318e-01
4.930112052584660620e-02
-3.984001658017002345e-01
1.515300233636616700e-01
-1.060530090919596269e+00
9.723984891923155571e-02
-3.760612082332535966e+00
1.628977837560218189e-01
2.135161381993027074e-01
5.261813576273197679e-01
2.446977293727981007e+00
1.652961628104579139e+00
-1.144499452387262917e+00
-7.147436220282926689e-02
1.357635176494298435e+00
4.055670164505904562e-01
-2.212188512094867554e-01
4.365454715947816866e-01
-4.195109495059475835e-01
8.600400076075447320e-01
4.906585640485982558e-01
-5.978689701947175195e-01
-4.689348758729506295e-01
1.147154646182367177e+00
9.897367556017387935e-01
2.675416151164295098e+00
8.241666531499637349e-01
5.182274887588720347e-01
-3.490292919903317692e+00
-4.043369184557760732e-01
-1.636924767396075842e+00
-9.895157611118977625e-01
-2.488011946541245578e+00
3.874134414656331404e-02
-5.403183887967965005e-01
1.384875326400601681e-01
1.618449366025666858e-01
-3.848646074645588611e-01
-3.230180905489311027e-01
-4.879805161398258484e-01
-9.521470198708830157e-01
-2.611954304509923608e-01
1.885388448605208378e+00
-4.700766294293441394e-01
-6.714694850280451544e-01
-1.610998299433113568e+00
1.632279237256010873e+00
4.470778553019164048e-02
3.202707902772670145e+00
-5.365482239017758115e-01
-1.032143208576189464e+00
8.015856218941239120e-02
1.040533018085704420e+00
-1.351194762421574325e+00
-1.382262591775702099e+00
3.761381328670554414e-02
-5.362191869808411449e-01
-8.776174798701038560e-01
2.340711095070528103e+00
2.074300489650529600e-01
5.685658620089442117e-01
-6.856871806312078710e-02
-1.530666685838633356e-01
9.850282497724586195e-01
5.373129582270829152e-01
-3.256956257591345771e-01
7.045086168367693524e-01
6.673075818048657126e-01
-1.948381340899331349e+00
-2.782234945209650090e-01
-5.055334263824700081e-01
-7.718218648674855797e-03
2.342450980000673422e+00
1.378277801762998189e-01
2.122665944258061987e-02
1.167304076356554088e+00
-2.193526529113957180e-01
-1.818021683950014067e+00
3.375116256284079741e-01
1.361095570735780358e+00
9.391450831069689809e-01
-5.106992438502635512e-01
1.166968052860360983e+00
-1.268618273202273050e+00
-2.094397151683826230e+00
8.191909714495054784e-02
-7.307336158747523847e-01
-8.773248241720477125e-01
-3.354786274958464487e-01
-1.021270011011877754e-01
-1.129385218080733166e-01
1.392755836416351700e+00
-2.225322787565294225e-01
-1.595915876862406546e-01
1.041845056205831094e-01
-2.662387853151563899e+00
-1.974659112083489987e+00
-8.559314086130936916e-01
4.007219492907390102e-01
1.603899375483579304e+00
1.939051687648379041e-01
4.856518045733838052e-01
-3.683239798109238516e-01
-1.593313933342875230e-02
-1.260980647112787345e+00
2.583650093790776925e-01
6.643098778736342691e-01
-2.330302480169157975e-01
1.001911249642852164e+00
1.133776191514432652e+00
1.453157382379774543e+00
-1.351776215069690368e+00
5.757643163634653671e-01
2.733363977379370091e+00
3.729281417214115546e+00
2.245999440747183662e-01
9.345606519940206566e-03
7.515771924928170422e-02
4.038920263004882050e-01
-2.489389009680339493e-01
-1.153188836438575837e+00
-7.053930097213932937e-01
-3.155491443800785278e-01
6.990482116724427986e-01
1.237779644904477561e-01
-2.536521343963541675e+00
-1.557971489893387407e+00
-3.264498246577016149e-01
9.398164080056158054e-02
8.799692686704662092e-01
7.939280948995760534e-01
-7.133126063574835030e-01
3.552051421602352987e-01
2.585164682517344215e+00
-3.233967365498105484e-01
-2.269951829291814160e+00
-4.211140603166590446e-01
-7.570419323898791575e-01
8.495134816679009715e-01
9.053077622634030375e-01
-1.468821693124891858e+00
1.657060113380742772e-01
-7.377264735250044225e-01
-3.292968090737108389e-02
1.111455679660514395e+00
1.321664905245997890e+00
-6.723868079549271126e-01
9.135786013123838867e-01
2.315749236737373040e-01
-2.542666452079025280e-02
7.075852130709192611e-01
