4.913110451479670016e-02
4.097765256619798069e-01
-4.592756102016788966e-01
-1.058851482252619602e+00
-7.214881637735449660e-01
1.299982503297195946e-01
-2.494370198819224616e-01
-1.441015532249797226e-01
-1.572472890692784842e-01
1.332770259621826714e+00
-7.781585394416983270e-01
1.546326002317451875e-01
-7.905750024295439271e-01
1.351183530050562576e-01
1.018522758430641995e+00
-8.120222818157474265e-02
-8.148006208745953716e-01
2.666833122481903628e-01
1.063182769920031912e-01
-4.750012591667147621e-01
-1.090558494839300341e+00
-5.213495327509887201e-01
-4.954673221221729817e-01
9.313355455272569472e-01
-3.696788756881327909e-01
5.052533449345993910e-01
-9.470480225926023454e-01
-4.606446446561893726e-01
4.777162725407309019e-01
-9.688879271991445163e-01
6.676692975759108695e-01
3.160202424173315650e-01
1.218048973514957334e+00
-6.506152154538774601e-01
-9.183065207011865683e-01
3.018849292474049539e-01
1.223403337357011483e-01
1.224590617773567425e-01
-1.590860730098858422e+00
6.006811854384401794e-01
1.166639625752751153e+00
1.354267138567344153e+00
2.609236478324843955e-01
1.933857188793093040e-01
-2.026113036987834404e-01
2.975020125659452175e-01
7.603818075218836681e-01
8.460060920905336790e-01
2.668137446598867202e-02
-1.622401240761447649e+00
9.501751845134362995e-01
-1.614197263190420006e-01
-1.466670341411198120e-01
-6.489031947704944070e-01
-2.574221620099085284e-01
4.362585777795106035e-01
3.362828286111909648e-01
-6.977195218713860836e-01
6.126838779519833134e-01
6.906439024883728184e-01
-1.088543636838354756e+00
5.155521005064636064e-01
-3.466452631843987553e-01
-7.123021141780011556e-01
-2.010058830051111745e+00
-4.472048781538637829e-01
3.758314771861948622e-01
7.834037340437861596e-01
-6.907886302618437835e-01
-5.182466645731538257e-01
2.838777604270962263e-01
3.637268111960871853e-01
-5.707533808961406940e-01
5.772888132089089019e-01
-3.321572284796356356e-01
-2.217152874154108555e-01
1.235399747833799466e+00
-5.917480156404506531e-01
8.123414503634573958e-01
1.038591031258122022e-01
4.296073003163445869e-01
-3.323346867769336882e-02
6.429622722814449798e-01
2.887673281152757787e-01
-1.516046934856233874e-01
-8.314792602416802847e-01
-8.071463857914329409e-01
4.142516386044677312e-01
1.078374126432314617e-01
-2.928715641558917726e-01
-1.730882540237822786e-02
5.041334462473241462e-01
4.454786057912047403e-01
-1.128351134878674555e+00
-5.052415854169918230e-01
-9.938718852296752893e-01
-1.002802019481194629e+00
2.458136764897929094e-01
3.953242148239732856e-01
-2.971733632518675505e-01
-8.584235041208774231e-01
1.808264662329652772e-01
7.651587030038673465e-01
7.680833531515653956e-01
3.029699516749554955e-01
-9.248893932423187803e-01
6.858384400957325822e-01
6.591957276239456265e-01
2.151891218716705245e-01
-5.315549505879130221e-01
-1.332342659329460166e-01
-1.161208514790252444e+00
-4.677596217732673534e-01
1.833029977415007450e-01
7.868344287786757096e-01
-8.109404847767420765e-01
6.384770749096390086e-01
4.319151020315591394e-01
-8.271137559761124192e-02
-5.668034854067786066e-01
3.315077048056669917e-01
-2.270194375919197816e-01
-7.576994336526793328e-01
-4.076616470399048731e-01
1.014695613191049228e-01
8.095705971169085968e-01
-5.234981803076298179e-02
-6.377374417779541060e-01
2.371144904872180548e-01
-6.160905839106987913e-02
-2.052006416598721808e-02
-1.246026436149108713e-01
-4.329414024696791596e-01
-1.490991401633709190e-01
-2.824276116414320414e-01
-6.448038928501519385e-01
1.800120281879014628e-01
1.545497704289310326e+00
-2.799045613407792898e-01
8.092359090483425277e-01
-1.128477956089056988e+00
-1.682057185622892054e-02
-7.318657194480852057e-01
7.333885301259785994e-01
-3.878472549435775241e-01
-5.951328231536098246e-01
7.861260455600092012e-01
1.698699665121513325e-01
-3.917752659853153130e-01
-1.689666893658905156e-01
1.725316946702463439e-01
-2.772663261576479021e-01
3.268369668254685889e-01
7.968360525133915129e-01
3.908145249460621140e-01
-3.960460197261999049e-01
1.342510579208866295e+00
3.681290053955439956e-01
-4.966113291680832043e-01
5.903098186873573239e-01
3.219508196440019621e-01
7.042361213513144425e-02
-1.806247926785773394e-01
-9.000817932017314282e-01
1.191077664701423178e-01
3.397975832417556297e-01
3.127655993643450039e-01
3.901794481745955445e-01
-1.411494951590859248e-01
-1.778669123841097433e+00
1.834603108614269451e-01
-3.911056138912256674e-01
1.347038630628866196e-01
-2.354500302599984440e-01
2.777225340259582009e-01
-7.786792830106723518e-01
-1.336150970952917572e+00
1.285978471785380384e+00
-4.259554191644614463e-01
2.919501862183988550e-01
-7.337911168673474371e-01
-5.717483442691695394e-02
3.940840264902630841e-01
4.286077665049882746e-01
-4.195653230404909895e-01
7.281953110056753609e-01
4.584449572114813187e-01
9.444824501245149828e-02
-1.906123804221659945e-01
5.163613211125729352e-01
-1.657429691776744485e-01
8.042101600960089858e-01
-8.145175275874721663e-03
-2.313340070225137490e-01
-1.506525359642085782e-02
1.008133356212959963e+00
-5.066880673327053275e-01
4.171992285669199330e-01
1.258905730021847580e+00
-4.340557899223844718e-01
-7.646074603462752473e-01
-7.512514715304219326e-02
2.776572033164310671e-01
4.824072926298961783e-01
8.121592521399956244e-01
-8.502951667334628372e-01
5.768778201337578793e-01
2.034164662417162539e+00
2.033467823319266288e-01
3.848234222050165854e-01
-8.621692683220465447e-01
9.081220188581803354e-01
5.928963156436133364e-01
2.004597163233113322e-01
-7.902420937804286449e-01
-1.421650994863363326e+00
2.478808538574007736e-01
6.036512140481502531e-01
1.057323608898620648e+00
-1.187700690367575307e+00
1.180771987541031076e-01
2.007509326451490106e-01
-7.664695015283655710e-01
1.216416515924726882e+00
4.916819890161830409e-01
-3.992005062308606744e-02
-7.129377979019613232e-01
-1.549682475197028619e+00
3.856517960284439606e-01
-5.344792832625876455e-01
7.237458785565817898e-01
-6.602276772218425294e-02
6.962231577326231102e-01
8.827994733250379422e-01
-8.000480120273909534e-01
-4.377860192347479695e-01
1.678804635882908958e-01
-7.704988039958877710e-01
7.068571977709642296e-02
9.938720563877314618e-01
2.473403470055306752e-01
-3.721052157165314900e-01
8.986970846691044734e-02
-1.895479398068833921e-01
1.557938494821203834e-01
1.813003851087626461e-01
4.631292513706947722e-01
7.742371649459011129e-01
-1.156280783722780231e-01
1.124207617866028741e-01
1.011102895721986972e+00
6.801972187939298031e-02
-1.924508669003284766e-01
-7.719700777803679692e-01
2.754017028971770253e-01
-1.692201523015498310e+00
1.269126856909158496e+00
-1.337565155734702804e+00
8.034629488599150937e-01
-1.176622653730159396e+00
-2.104215845433289878e-01
-1.693673456372385422e-02
-4.354284286990062758e-01
-9.480982944391215250e-01
1.147404356708563722e-01
