-6.742158307148436724e-02
7.699059572328674494e-02
3.255871948516944059e+00
1.174940566220631366e-01
-8.399810610268796385e-01
1.677444490439947422e-01
2.956690531134675837e+00
-3.338596272630886541e-01
-8.567516702089419400e-01
9.120674183493561182e-01
1.499204851240324987e-01
-1.174533841955339497e+00
-4.858562237463135425e-01
-2.372161795335139267e-01
7.719832668116041186e-01
6.223906441836236647e-01
-1.698266871562087443e-01
-1.581724433504802851e+00
1.501888578758896475e+00
1.266106205741286406e-01
-1.755941564268035604e+00
-6.503254814337214862e-01
5.312528329943448924e-01
-2.450094710874108905e-01
-5.305558810773405298e-01
-1.763452696965824629e+00
-6.477217684104057405e-01
-1.278228831010069233e-01
-1.385037113305023215e-01
-1.352494087743989937e+00
-8.407382436222918809e-01
-8.937247479786113447e-01
-1.332668281420766654e+00
-1.035899531597001856e-02
1.388698912716424427e+00
9.061632548264145770e-01
-6.640719430507535659e-01
-3.677192789384738925e-01
-3.906043326643515168e-01
4.899679242855534134e-02
3.014327324707521072e+00
5.446902593398225134e-01
4.843165883167218078e-01
1.217019376102445705e+00
-1.640290847251187900e-01
-2.100190512888603367e-01
9.438712678016025759e-02
-1.412222047280279336e-01
2.657510257505940610e-02
4.872476553936407884e-01
-4.459336191292402329e-01
-8.418064934936009269e-01
-3.402506078385134081e-01
-8.069421748774441294e-02
7.706750806505759110e-02
-2.289306510200320166e-02
-1.223402498997395588e-01
9.568872169846153186e-01
1.582608713962922742e-01
3.792134221040133757e-01
1.279053297022932245e+00
-8.679431979413124720e-01
5.022264464037058396e-01
-9.258175745687250435e-01
1.264724423158047228e+00
4.259469980804622136e-01
1.255413676966934178e+00
8.752644608223366651e-01
-6.165068649182969818e-01
4.755649887000619191e-01
7.490021844255126959e-01
1.159817969530666071e+00
-6.648934786079675474e-01
-2.619660820542712987e-02
1.137221250189328181e+00
9.512814847171190413e-01
1.436677842407354078e+00
2.766000066027090032e+00
2.085862016704319366e+00
-2.598530658533440563e-02
-1.283836338777712971e+00
-7.444867503534819964e-01
1.426678721488749135e-01
1.081887503994481303e+00
-6.410086984105837216e-01
2.565621007795100272e+00
1.596998429908157435e-01
-1.434897328803069749e+00
5.853351400783158853e-01
-8.648646948819838087e-03
4.930491084902108301e-01
-4.899018904676960551e-02
2.460208008422244852e+00
3.464009653334049199e-02
1.744369008186020253e-01
2.877656246117368255e+00
6.016947606975469043e-01
6.255717199009981355e-01
-8.031145068628928740e-01
-1.468915069081425884e+00
-4.213177057016043170e-01
-5.304947510368311914e-01
-3.113290238531905008e-01
5.259297821869457490e-02
-5.102451764235375054e-01
-1.818545902769657108e-01
2.363094656540506433e-01
1.304353330066003736e-01
-3.633428247899702646e-01
9.533789806411827605e-01
2.091357954571222422e-01
7.895719576205836310e-01
-1.876161812563242187e-02
-1.826997017770118914e-01
-9.842339608977054288e-01
5.354258479751606847e-01
-7.507616012534815697e-01
-2.144686287027033345e+00
-9.747625269359047051e-01
2.655144591612393357e-02
6.181187107863936880e-01
1.108580037463927637e-01
8.922616729506462896e-01
-2.898437834282581615e+00
-6.606464765118771343e-01
-6.084416768936091735e-01
-1.857467211878884195e+00
1.390683318152844850e+00
9.889209977221322112e-02
-4.555684746075830738e+00
2.959008887302204682e-01
-3.978334336712558983e-01
-7.737135639212516791e-01
-3.447780557163048765e-01
-2.610562976885212549e+00
-1.645888758209401059e+00
-3.665245909712580574e-01
1.171991935984716626e+00
1.345733060492191768e+00
-8.140211042394630558e-01
-9.089753488763903100e-01
2.427462314501857232e+00
4.874567516024524427e-01
-1.140678144784656789e+00
1.473975633784853911e-01
5.161151148883528217e-01
1.029175165416689630e+00
-1.436639529885988531e-01
-6.442379543298405453e-01
2.168046789714930256e-01
-1.910387911069127975e-01
4.515832775122623488e-01
-2.723852752776709796e-01
1.373613885174057359e+00
-2.382507226555349078e+00
-7.914576954110723594e-01
-1.468712832686161818e+00
2.259268935980058290e-01
8.225795469542167559e-01
-3.964146228600291533e-01
-7.877649784014107981e-01
-6.160345151485981940e-01
7.521590483231023194e-01
-3.570567759466267699e-01
-2.503199262042144491e-01
1.996553214179911828e+00
5.063724793575661298e-01
-1.800444016283854476e-01
4.865714820883494385e-01
6.932496874535564180e-01
-5.588731894536458356e-02
-3.631067407358627985e-01
-7.767722730750805660e-01
-4.802803598267393337e-01
1.118827859506919958e-01
5.363756691360761497e-01
9.281945432815442709e-01
1.010673401136991112e-01
3.468068172010178585e-01
5.770601412239320105e-01
1.508527243278970920e-01
-3.693647283460068653e-01
-2.303071312763654566e-01
3.378781500676691224e-02
5.086983940130548332e-01
2.114581613064717480e+00
-2.896154551846796821e-02
