-1.191889403952604232e+00
1.141059387953693882e+00
8.921716251809936882e-01
5.245592066395236008e-01
8.947056031035288681e-01
3.157207353344259726e+00
-1.530496064750020702e-01
-8.777368588481129219e-01
-2.337294911364882211e-01
-2.313233786182107288e-01
-8.253080787350708381e-01
-2.104159978134623632e+00
-4.701991519242518236e-01
-9.859010111831036927e-01
2.234327220845860329e-01
-1.256272834474849498e+00
4.770783413659554495e-01
3.545702623642366103e-02
8.018017329377842284e-01
1.391229843400230148e+00
3.961400271350342672e-01
5.161181978506944601e-01
-4.498330375110748403e-01
5.847595179191920067e-01
1.267922034399213027e+00
2.948816374258650397e-01
7.367892681204194494e-01
7.310896534962096904e-02
-1.366100091133078398e-01
6.259432071479176241e-02
-4.014974018207457251e-01
-5.005538721428008930e-01
-4.885905455800034769e-01
4.447458782473738825e-01
-7.476849539808962941e-01
1.382976779237415244e+00
-3.692643917046441460e-01
-1.721684159349508025e-01
-1.332847047322990530e+00
-1.096862039339981110e-01
-2.961781170417297493e-01
1.041100877505554578e+00
7.919957937358443334e-02
3.681675452740806355e-04
8.339020362256462926e-01
4.682678431801352015e-01
-2.600018148866888815e-03
-1.155133923127247497e+00
-5.032379779440454559e-02
3.109567365269171324e-01
7.844012058618489158e-01
1.030518953532799931e-01
5.293949453628356006e-01
-1.481103710933114881e+00
3.113823108074113555e-01
-4.552389978301358830e-01
-3.268444916533905231e-01
-1.503986901730510473e-01
-1.260975943028245894e+00
8.143725618934595234e-01
9.612690763768886315e-01
1.475203222379554702e-01
-8.154380860139118226e-02
-3.751620205048355333e-02
-6.862989185474049902e-01
2.557050387654503654e-01
-3.777684966216395268e-01
-1.194340506155700199e+00
-4.392292107844246174e-01
-9.971771351309032250e-01
-8.471563014432202943e-01
-4.920167633105567706e-01
-2.584497686980676279e-01
4.932962618416893430e-01
8.918669332281518036e-01
1.930946966928248187e+00
4.593326923581413368e-01
-7.151897393492754329e-01
2.053866830551102085e-01
4.820226491888539577e-01
-4.124717341325451203e-01
3.819519564957865598e-01
1.882655162309050390e-01
-1.683314496362345869e-01
-1.763068426581853032e+00
-6.479643201684872622e-01
1.004063261605484536e+00
2.796473484152253719e-01
-1.772315479354115153e-01
-2.332522377227393973e-01
-3.467949544612634050e-01
-1.672857888055481745e-01
-2.149148633073908687e+00
5.956715760553288330e-01
-2.608176625740523530e-02
-8.630940910281582890e-02
3.851221390552962420e-01
-1.784443512017691136e+00
-2.781049373720190676e+00
1.567032465241177119e-01
2.619662627912937025e-01
-2.283011070136888865e+00
3.244051048986020813e-01
9.282876176474658125e-01
3.311208373232315427e+00
1.824990652845676076e-02
5.226590123595089565e-01
3.176912491860574006e-01
2.909782014154690399e-01
-4.669785822785329499e-01
1.204477422340818338e+00
-6.499241839923386443e-01
3.918577407038877913e-01
1.185415410268628456e-01
-3.077492520352256844e-02
-3.601782268874749726e-01
1.071964394234665274e+00
4.807239274778374871e-01
-4.085925680329812737e-01
-2.366640589746301648e-01
-5.344005316484964907e-02
-1.016985953606058812e-01
-7.562931822520584102e-02
-1.468310002500470279e-01
1.172319299284898308e+00
-1.081564976184090365e-01
3.615164954428520261e-01
-2.758533823425618481e-01
1.691612480873182056e+00
3.142239756210284951e-01
-4.846895544035593195e-01
-6.307440432328728086e-01
7.023425734097448192e-01
-3.385309850766295980e-01
-4.036237340117425632e-01
-1.935682648636005976e-01
1.199550218395674245e-01
7.996987318342509976e-01
-2.236308322482813971e+00
5.840928257473390617e-02
-2.786641113359100141e-01
-3.043204625733375024e-01
-3.454901135335557150e-02
-8.892075562769433672e-01
4.291955859083108893e-02
-1.241022465281773346e-01
-1.650714197741754097e+00
-7.151795790852757406e-01
3.793588053835308949e-02
-6.649383776997372930e-01
-3.673771157017251543e-01
2.816355139060459090e-01
-2.863442533123325973e-01
-4.410890596923510709e-01
-2.287077121682692671e-01
-4.227464528544933042e-01
-8.857521937800080236e-01
-2.492747945101542739e-01
1.519274377254689612e-02
-1.092758637371147312e-01
-3.993984012961062646e-01
7.333051352279235102e-01
1.209098131255506858e-01
-1.664826279058984754e-02
-7.903059061355780512e-01
5.131435508721393646e-01
-2.978102750169611124e-01
-1.301535964043075477e+00
-6.407033768889034420e-01
-1.779487800436317102e-01
3.214299320180556419e-01
9.051196233541386471e-01
-9.203466943007566625e-01
1.360336915455549800e+00
-2.957622538196392759e-01
1.160142383759579232e+00
3.691316827813392321e-01
8.859753395075538052e-01
-4.612438997701316379e-01
1.006375436753421226e+00
-3.369990320087696833e-01
-1.120779099580572646e+00
4.614307916309641766e-01
1.749798587367388691e+00
6.759309228068819397e-01
-7.172111908511161760e-01
-2.153581547338124569e+00
