-1.010601696443661934e+00
-4.568609346995615716e-01
5.100088168030154634e-01
8.317108189783192218e-01
2.886497662514178608e-02
-7.565462686127579772e-01
3.401125541247738138e-01
4.777386338139292254e-01
-1.151687221223586244e-01
-2.419717992873197665e-01
-4.010276118784111277e-01
6.573521640293100710e-01
9.845993496976886139e-02
-1.052823485920381552e+00
-4.931997937402707310e-01
-1.106963781494323840e+00
6.980424907637691190e-01
-1.117722078929176827e-01
7.819922619737643688e-01
2.856021261050524229e-01
-1.451435602253352997e+00
8.754007347023590180e-01
3.097673255378315393e-01
2.922708182307416913e-01
9.101292592017171668e-01
-1.106448537991639114e+00
6.095964289891562249e-01
4.359689884204950294e-01
-9.001389476008780921e-01
-8.956505231220835972e-01
8.235512495259558197e-01
-8.182924846583132794e-01
8.933049019395680745e-02
7.396806438563304775e-01
2.304771992918939472e-01
-4.700404139950494220e-01
-1.242721942907786925e+00
8.732977221328963591e-01
1.874125205533983540e-01
1.409137603222520574e-01
7.707781143474189411e-01
-1.338866503714280842e+00
1.289709048543024039e+00
-1.254275819906382150e+00
-1.011779228568136180e+00
8.542476773037296356e-01
-1.123535483362530507e-01
8.821677983539244483e-01
7.013438467995604109e-01
-1.078507074038050018e+00
-9.607330113124745719e-01
-9.440667324006414285e-01
-2.036842176835290119e-01
-8.778314678189860221e-01
4.204834297437970436e-01
-5.361963319029680597e-02
-1.001404246493838024e-01
3.093027026063257523e-01
-4.049058074806328178e-01
-5.342330934907180140e-01
-2.471595004758571079e-01
4.557092423382311797e-01
-6.631426864987776115e-01
2.588258203402730162e-01
-3.821478095537744757e-01
8.465463497300339535e-01
2.698303533803213528e-01
-2.973113300789960722e-01
1.942172005948418767e-01
-1.195745249209049232e-01
-9.341406905007121342e-01
2.445145005898317625e-01
8.564633690117356979e-01
1.590045841956794215e-02
7.723560138132283537e-02
3.652657433177863289e-01
-4.434700391793072738e-02
3.262808540527764589e-01
-8.160554152820581608e-01
-1.298708037776487856e-01
-6.324259860919559939e-01
2.955937529623987869e-02
1.579895808468810559e-02
7.162234750290797924e-01
-8.750047217139299560e-01
-8.168621351925005047e-01
4.401120995304819705e-01
1.162782751067034326e+00
1.216541709526733239e+00
-9.407613645436460059e-01
4.292867400640828501e-01
-4.457953586210780528e-01
1.125516420938666329e+00
2.876592624986313435e-02
1.058934218360692459e+00
2.271979105849090685e-01
-1.502285184119848349e+00
-3.783437362235140267e-01
-5.989649657166470353e-01
-1.142425288081174273e+00
-9.251473863334849224e-01
-4.587472303368722581e-02
-1.226297989796153010e+00
2.028229431023842455e-01
4.444593649586484618e-01
-1.669168996901720936e-01
-2.039300298778545795e-01
1.556274207553628663e+00
4.238383126256049516e-01
9.114712759390813934e-02
-2.411727834187291086e-02
-1.052479176770037217e+00
1.087818600156964383e-01
2.181163019762766553e-01
5.841293777434730661e-01
6.441065920837318881e-02
4.883946892907897186e-01
-1.122820252068501112e+00
-7.113372294517907868e-01
5.712414474050306890e-01
-5.643618201300227843e-01
-1.394597426535483520e-01
6.859641314080489050e-02
1.480616638497753268e+00
-4.288512332411470451e-01
-4.964657190118933472e-01
-1.695007587467543819e-01
-6.023242543125120196e-01
-7.097155678196584994e-01
-2.076420581576480517e-01
3.946076158021924463e-01
-4.455344001974381740e-01
-3.124462313571925165e-01
1.213124880840608544e+00
-1.308662436475541924e+00
-4.398023100359625959e-01
7.809271124671564035e-01
7.652324411509938695e-01
-2.801568360458395190e-01
1.111315708390492984e+00
-1.343579234422340729e-01
-6.690338775857879172e-02
2.606525761408541864e-01
-9.444736187648941628e-02
-8.590096812967987772e-01
-1.978457013922458319e-01
4.050754805862351593e-01
-2.301632903216291326e-01
1.018036737667449509e+00
-5.235152010004632261e-01
4.619099128032625456e-01
1.261534043657138282e+00
2.728721759430082217e-01
8.367270981230092719e-01
-4.523449822107611928e-01
-1.745795215257903155e-01
-7.927715459939265186e-01
1.180054681373910314e-01
-5.415125763437224071e-01
-7.673866031241077801e-02
-3.495867072728620628e-01
2.840596776946882063e-01
-5.791443024826765651e-01
1.203181858198340004e-01
-1.108552480834202880e+00
1.381567891889753597e+00
2.427628098095157561e-01
-1.225181631721064202e+00
1.871898927484091091e-01
-6.114189810727238550e-01
8.397725277498365726e-01
8.133377947911070160e-01
1.399582334470788059e+00
3.130370179866522329e-01
3.859860258546588541e-01
-8.445187888080997463e-02
-3.063731296559116801e-01
7.325926119718484397e-02
8.256601893305172135e-01
-3.509599558717387269e-01
8.093387343680995549e-01
6.902660137258816997e-01
-1.382738725513551481e+00
-8.282076660870291152e-01
6.959878855613470527e-01
8.084236040799056555e-01
-2.661635344409953863e-01
-6.807296381190749979e-02
-1.657714089759458956e-02
8.657586955109127791e-01
6.007332461493676279e-01
7.438431211980587321e-01
1.616572634199914815e-01
9.130752040783511880e-01
-5.639009760730600007e-01
-8.642776784046124483e-01
-6.300016808871632401e-01
-6.230489462268880008e-01
2.182849350342423445e-01
3.506278000039383391e-01
4.839229248343833167e-01
-3.057719127247677249e-01
1.983794796359393542e-02
-1.466619576600675545e+00
3.950271216060576851e-01
-2.980260262948103978e-01
9.029167975037102334e-01
2.588935618924975701e-01
-7.215200042929842406e-01
2.138141893502409907e-01
6.535544735591668208e-02
-3.989104804609146515e-01
2.462800770746141343e-01
1.205262931552356642e-01
-8.447431331132395638e-01
2.381801615531077554e-02
-9.683163316095435569e-01
8.543977094367957159e-01
4.719314784170876020e-01
7.253341271968763992e-01
-6.794576865076967787e-01
-1.782594310839971941e-01
1.396107071717182402e+00
1.141782019799449266e+00
-2.521705000139290442e-01
9.213054909633442424e-01
8.894440109036837461e-01
-4.919354047370400052e-01
-7.794045149578180398e-01
3.801753631683721935e-01
-1.183848776898476229e-01
-8.744764632124565340e-01
-1.299307948212067076e+00
-1.685099406207959394e-01
-5.446891401140652178e-01
1.017667829520563449e+00
-2.549664255725417328e-01
-1.026488936142952113e+00
-3.349892541675910662e-01
-7.341127102597314602e-01
-5.576919017493512376e-01
4.303345042742959814e-01
-2.053500166568729690e-01
-9.481655499055603453e-01
6.389967813784478423e-01
-2.925668868436627212e-01
-1.624641186845435792e+00
8.959352779059142069e-01
3.898940940927330678e-01
-1.018820820507734926e+00
9.484666580975020800e-01
-7.946032732220477124e-01
-1.308310703560423560e-01
7.106277897115305109e-01
-1.187671380992055270e-01
-8.110871791391618402e-01
-9.575509380179665353e-01
7.896184546318485431e-01
8.199341483693063370e-01
4.686881469069342221e-01
9.566016589538255399e-01
-8.655879289978568591e-01
-5.956139246320679703e-01
-3.376565664413193613e-01
-5.505661556217443797e-01
-3.048891103676576453e-01
-8.159364911045029478e-01
-1.123780231730687473e-01
1.591177543476868794e-01
-8.517238828227993164e-01
5.626254245143549326e-01
-1.193573434673523836e+00
2.390716259978735159e-01
-9.215389955630359786e-01
-3.148562826372864332e-01
-4.519225762788596223e-01
-6.307117003180279236e-01
-1.175658421162651263e-01
-3.910801645525688319e-01
-6.567860161930199059e-01
-4.189943991641283949e-01
3.495720731872011822e-01
1.316199098571212978e-01
-5.149840922923484832e-02
-3.208851886144732657e-03
1.108134557940312570e+00
-3.235182488369684473e-01
2.110184169012250810e-01
8.638018805700024005e-01
-8.325706259927602160e-01
-7.279772259495387310e-01
1.374276705177178037e+00
2.214458946665633088e-01
1.308302392391206270e-01
-6.154937805747039414e-01
-6.033718074994884883e-01
3.071157516705063095e-01
-3.516912315827551705e-01
3.113813843407076121e-01
-1.107118924603376131e+00
1.774362888924675974e-01
-3.456222447801185482e-01
-7.480735089776120450e-01
-8.062339812836002428e-01
1.197944631801206583e+00
-2.303842248350071731e-01
-6.522507316606694916e-01
-1.389899359945794499e+00
-1.660139500429003434e-01
-7.032918905842286406e-02
1.247615799903339651e-01
1.471733428284922873e-01
9.082451146541615783e-01
4.019007978830265726e-01
-9.884925040788465900e-01
1.473587545177474700e+00
-2.462433900565211276e-01
9.930691335398054154e-01
4.214029629774346253e-02
-1.352690587920333032e+00
5.880451870040375173e-01
9.371446845737225750e-01
-2.891387928460578682e-01
4.498487623716496131e-01
3.731090348919736677e-01
6.888851914721695335e-01
9.017360381780139544e-01
1.078191991644469772e+00
-6.696223633156939137e-01
1.146653259137937031e+00
1.012475537003603432e-01
9.359287355816290344e-01
-7.555230113322567442e-01
-1.290695915498325297e+00
-8.145611453705426941e-01
-6.763891169061897468e-01
1.263546027553932860e-01
-5.873639085007369420e-01
2.282695548309722766e-01
-1.585569954936111303e-01
-4.376707968199088916e-01
1.051974769099919715e+00
-5.578984187397432182e-01
5.602158060843194509e-02
1.137683836165876539e+00
-3.169236453215355520e-01
-8.719953633548812588e-01
3.322603111254573971e-01
-4.204034793457314678e-02
-6.613009118487102045e-01
-7.349967691118181046e-01
7.900402624886793124e-01
7.146211590535885005e-02
-1.023312130258674069e+00
-1.463013155856458969e+00
-2.735354516245588896e-01
7.522639956165538822e-01
5.333626217281548509e-01
1.379716656756003745e-01
-6.746700634685723896e-01
-3.668147511316585119e-01
7.609978269756665359e-01
4.210679768462085026e-01
8.527260595972769863e-01
-2.901629600596310476e-01
-2.623520696738802505e-01
5.797432284893506704e-01
-3.735629431252917021e-01
1.110310293889437583e+00
