-3.644468475712142386e+00
1.912835399256889612e+00
-1.761824287015064661e-01
2.317056950329505760e+00
1.093396016750859262e-01
6.624311949271188826e-01
-2.635725986023004008e+00
5.050939379378367455e-01
-2.251952739727383079e-01
1.928073304595137316e-01
-5.328818542569082606e-01
7.874278230004272405e-02
-1.351333930728252142e+00
5.583184500805076222e-01
-5.951662477208718993e-01
-2.295941508888207638e-01
9.332771866572384667e-01
-1.042708710455544918e-02
-3.979395795855263929e-01
3.274428734837702137e-01
-6.130714381655049117e-01
7.149276564499639219e-01
-4.667867583367346085e-01
-7.933385964849827554e-02
-8.683550392720126299e-01
-3.338306094922305345e-01
-7.160976210451222013e-01
2.026381706741749444e-01
-1.119575016168234738e+00
8.866827780007630402e-03
2.632859004227058319e-01
2.871166622625425990e+00
-6.718664652196548737e-01
-2.013971977519675438e-01
5.000871143818613751e-01
2.636456963153779309e-01
2.260344705903569285e+00
-2.242203229640453266e+00
1.278137553088744438e+00
-8.120640560757899085e-01
-1.810159707413046826e-01
1.162857445587246463e+00
1.494976708090486328e+00
1.481594029235493659e+00
1.869273094908660671e+00
3.995574848250593725e-01
2.195561634074093771e+00
5.267233902571779591e-01
-1.712140648212229221e+00
-2.609937497738968659e+00
-6.117613350182475873e-01
-2.353393818581362151e-01
2.153468513424484365e-01
-8.348250652445199371e-02
8.803463496868852572e-03
-9.701509029386062855e-01
-2.174208238467379706e-01
5.783373915020468825e-01
2.012444545865919032e-01
1.766877371467319435e-01
2.167213424726476934e+00
-1.580306005153988280e-01
-2.569296223692635328e-01
1.346747816783196772e+00
5.450810315695391317e-01
-1.272869432105819820e+00
-8.386432340898501980e-01
3.839750410543386061e-01
-2.407816073428390158e-01
-7.814338862669611974e-02
-3.179461905234858277e-01
4.778690518640979490e-01
6.583320264945823341e-01
1.090301518974329920e+00
9.601171701385685653e-01
-3.686414124292750616e-01
-1.998635391514548554e-01
2.655702426179395115e+00
-1.544437492843915072e+00
3.959629083694556351e-01
1.049919137268036540e+00
8.465642113814068892e-02
1.086187502600212573e+00
-1.215170568996231659e-01
-7.469503941185522411e-01
-1.897190822726464443e+00
4.555488937991044596e-01
-8.700147873654486830e-01
-1.034413591689916201e+00
4.706734776121632158e-02
-9.619820261667612060e-01
-6.095523956620911843e-01
-1.919021110838792787e-01
-4.953290865677213439e-01
2.502392327121496507e-01
5.071410062983335854e-01
8.332899639748483356e-01
1.511414651820396776e-02
-1.597688737059335784e+00
3.188170741100220806e-01
-1.992596517332996531e-01
-1.974445381450332437e+00
-1.843240425613259514e+00
4.061772842896467783e-01
-1.804477575186642646e+00
1.101894421475002606e+00
1.710607539317791914e-01
4.156142701047571553e-01
-3.748035433179487175e+00
-2.441904833484063619e+00
-4.330959025596503587e-01
4.450234945233897954e-01
1.230556707044333953e+00
-1.914735376675226197e+00
-3.508511323046778485e-01
-1.995745346458677183e-01
8.047039793803354435e-01
-7.405359578385233288e-01
-9.770769362488462839e-01
7.380136874581867679e-04
-3.133891507498848261e-01
-1.044608622374382789e-01
-2.942225087494532154e-01
4.080647720546288770e-01
6.904185322952859083e-02
2.590291485930673598e-02
1.414209551812807053e+00
9.612856159940137424e-01
-1.111241988578248047e-01
9.057640380151303905e-01
-2.956363531257135691e-01
1.078900873143514350e+00
6.688508957438547009e-01
3.721616389552480364e-02
-3.273714464203649754e-01
-2.112573562839241248e+00
9.044833054020793295e-01
4.305293738354123989e-01
-1.729859906788041857e-01
-9.694032141439302697e-01
-3.515276578766493021e-01
3.932207483750441934e+00
9.351181887263360082e-02
-9.924013187261232494e-02
-1.792672514314786608e-02
-2.287821905205021100e-01
1.020153006405367213e+00
2.504054100357609447e-01
2.423327692431046787e-01
4.263228478209514227e-01
2.880259932335207940e-01
6.109820403893464480e-01
-1.168909218374561548e-01
-9.911276620181222463e-02
1.371857021312784530e+00
2.093739349309136910e-01
1.259242472359057563e-01
-1.264680484821610218e+00
-1.138748628217447045e+00
-5.355604604057926377e-01
-2.455853778341270388e-01
-1.461405141537969410e+00
-3.621048176992375800e-01
-6.257904772251866587e-01
1.163642491409091040e+00
-7.360329064384816267e-01
1.392050654682349231e+00
-6.562907185322501835e-01
7.084588662988418051e-01
1.140949962415226615e+00
1.338833891164469714e+00
-5.576417125917008111e-01
-2.658099125712481414e-01
4.567505675245414620e-01
-7.410490497982511471e-01
-6.416989689181962220e-02
1.380100461109777576e+00
8.455541731331585042e-01
-5.056486349084420018e-03
-4.615536950143340200e-01
1.491319336956808739e+00
-2.377659307561241775e-01
2.215285347414043482e+00
-2.586792216926820931e-01
2.974335420756896164e-01
-5.353234445047969636e-01
4.763784641917470086e-01
1.342874593337463285e+00
-8.976621441700625148e-01
-2.261851571552997986e-01
8.849975032951538090e-01
4.874050557901765113e-01
-1.050279047971165225e+00
-3.687130110232221814e+00
-1.454445307752003202e+00
3.254360732711522042e-01
-4.165963200983153758e-01
1.468582940573957663e+00
1.394852314021721995e-01
9.602213225648921213e-01
7.460298896334049967e-01
4.431338564666662538e-01
-7.970273629165672835e-01
1.201154761439128943e-01
-7.403264224633143709e-01
-6.161698687692538368e-01
1.645748788437989329e+00
1.440993110364333918e-01
2.492346625722818843e-02
-6.812505049123490641e-01
-1.609902158148593276e+00
-5.087113048080218469e-01
5.032169727368638323e-01
-2.669738249404937647e-01
-6.878529297722904001e-01
-1.213301702415927164e+00
1.496395058044542425e+00
4.247615310892857710e-01
1.274078554080058989e+00
-2.128422248788566784e-01
2.070141381931681623e-01
-3.881701790967584942e-01
1.026605455125611244e-01
-9.638953645658954704e-04
-2.187532864940631150e+00
3.943683374203610370e-01
-2.109828690833062959e-01
1.230839054880487282e+00
5.311776229880889322e-04
1.209345255712317879e+00
-1.120987545639696048e+00
-3.759921111258487381e-01
-4.245033178485718706e-01
-4.630096963169266777e-01
1.373254720363557446e+00
-3.889073174463267279e-02
7.429602851971053856e-02
-1.813194865530807706e-02
1.102150928417528153e+00
4.982856781176778216e-01
9.624768478704401331e-02
1.611921939211150567e+00
-1.037479468425288154e+00
-6.915684981221562611e-01
8.252832540775969505e-01
-9.214295610466265440e-01
-3.301321937458897571e-01
9.958905824675050589e-01
1.399042836593960448e+00
1.886806011942520955e+00
1.223921602585187340e+00
7.685978211944038962e-01
1.231986117671545339e-01
1.166924725037963295e+00
4.379005461985737702e-01
4.319762303360020761e-01
-7.368466124776904547e-01
5.235100713017498686e-01
-1.345764330470639591e-01
-4.676622993612004064e-01
-4.527760731898480828e-01
2.221943354711901075e-01
-1.076310766357691184e+00
1.141221310647789533e+00
-1.987321704231046482e+00
