-3.074631697774499739e-01
-8.955973365830433019e-02
-1.432896741956496411e+00
1.113034429160330019e+00
1.916447607376335904e-01
-7.120526915058449091e-02
2.947869356956041575e-01
7.242744099199991403e-01
2.446801087074788883e-01
7.968402595979441339e-01
1.966489866502490469e-01
-1.329636155944921572e-01
6.344603685706258211e-01
-6.242295022169849217e-01
-5.174421905970850999e-02
2.383513449045180366e-01
1.925629588689884431e-01
2.312568111320069120e-01
-5.947531561822858581e-01
-5.669214559338289217e-01
-1.571482819399795394e-01
1.946445006724888682e-01
1.299976856120805824e+00
2.971306689643877785e-01
-6.529349393665127010e-01
-1.155593810565058055e+00
-4.063377537444233800e-01
9.355674048300952617e-01
6.282230674886357669e-01
1.100453026464456724e-01
-1.393813522838070584e+00
-3.956654398077416035e-01
-2.468997904140094457e-01
-1.626522887443704990e+00
-2.610562128220476064e-01
1.648768767892890563e-01
5.122897344003408682e-01
-7.913880193433480148e-01
4.509462053126789272e-01
-6.386591578514939638e-01
6.000302504052198449e-01
1.329609322577360198e+00
-2.747835385065345859e-01
1.076718693061638144e+00
6.661660005211269553e-01
7.818547403194762158e-01
-1.135244024765873216e-01
1.475029431287512516e+00
7.740900939398486225e-01
-1.759426875125584377e+00
8.059163252588747994e-01
-6.543376045521146489e-01
-2.982392106147354061e-01
-2.228445447876737262e+00
-1.133777718731166617e+00
-5.116443059285860628e-02
-5.190659463533535689e-01
-1.138485070100953456e+00
-3.535125450560617222e-01
-7.067595522426937116e-01
-1.761356642377076120e+00
9.030612590206327228e-01
9.637129484231032883e-01
-2.385210248718062920e-01
-1.431556636333277677e-01
-2.955280487191147554e-01
7.820020987091750309e-01
-7.194987000656390963e-01
2.258945980457903069e+00
6.822444160104618183e-02
-1.751266088462741233e-02
8.823916711538511981e-01
-1.887870350303820499e-02
1.749855444988061670e+00
-4.895488202871255412e-01
-9.787717480493418609e-01
-3.606205127295767365e-01
1.708681923668417535e-01
1.438976959742543638e-01
-7.379874533463660624e-01
8.854381033295113390e-01
-4.893862317481877389e-01
-6.349241208076784604e-01
6.297446804186899172e-01
-1.739582901496356859e+00
1.807412306601842711e-01
-7.950531781622061089e-01
-1.540060292609103598e+00
6.708824363911820854e-02
-2.593318920403570038e-01
-2.088601347278529197e-01
-5.724383029612221119e-01
-6.563098006059652212e-01
5.296334507151007065e-01
2.650497227528289534e-02
2.492069040088374376e-01
1.586201304329581285e+00
7.634116105423116583e-01
1.519468702618603340e+00
-1.377402934330031192e-02
-1.607879012243710326e-01
-2.755992904652435072e-01
-1.128755802208586179e+00
5.315961078006186113e-01
-9.096128327332102526e-01
-6.985571355702304697e-01
9.635505755836240582e-02
-1.912605772511470237e+00
7.830785148102687998e-01
4.005715211753183569e-01
-1.721925799066687190e+00
3.565629574262576540e-01
1.393255657182525864e+00
-1.337603695418246419e+00
1.095333426788926978e+00
8.772461006303394759e-02
6.834082289265986931e-01
-1.148343000214777421e+00
1.298277539907896960e+00
-5.949940069835655265e-01
4.891372493982327763e-01
-5.234913969024687641e-02
5.790635366231209336e-01
-4.626696627190983735e-01
-2.635769265982819132e-01
-2.220885331998956325e+00
1.071121559542435264e+00
-3.720552853224646794e-01
-7.884260649614271976e-01
-7.166773370495583412e-03
-4.971928900570207754e-02
-1.141955261380816822e+00
1.041752375034948663e+00
1.270131807093288989e+00
1.379173474893791829e+00
-1.526410956136259323e-01
-9.389347229212881007e-01
-3.384024575783055322e-02
3.312470416504203485e-01
1.561434691856786738e-01
6.137405930532926490e-01
3.491580466209766587e-01
-1.592317977065328960e-01
-5.705023216066761327e-01
-1.086822936171531584e+00
-8.332536612367179574e-01
2.203421150612462132e+00
-7.852109460829470589e-02
-8.091784565480969471e-01
1.569084873187314155e+00
1.810833080662867189e+00
-5.955609446337803980e-01
-1.724760723017120800e-01
-7.536340147504831943e-01
9.989235141172014831e-01
7.207667455298680803e-01
7.831573521040258168e-01
1.568035652988850392e+00
-1.356532241442193476e-01
-4.361960974759431231e-01
-6.149090519611053463e-01
2.678168634990452102e-02
5.819633835560181767e-01
-5.862038796153257181e-02
-9.709603187233408761e-01
-1.013585954718562165e+00
7.909820834369604148e-01
-5.211610122518471888e-01
4.245193501509606504e-01
-8.393704490734416046e-01
-5.968104204884999708e-01
-1.824164371174050170e-01
1.023463977442295114e+00
1.790649678581699156e-01
-3.354922646989076385e-01
8.687603155496745333e-02
-5.600096376417462718e-02
1.083785840584745142e+00
1.118225470603966709e+00
-8.196951337273382654e-01
6.851095421982454914e-01
9.564436470307366989e-01
1.008676333981536777e+00
3.803726227804968829e-01
2.257695710779714648e+00
-1.627415725342267638e+00
-7.048572830224689723e-01
3.789927643838295057e-02
8.543962106043144766e-01
-4.273696446374337099e-01
6.807058728509056689e-01
-3.614821081775933531e-01
9.369928805868579791e-03
1.008246871426442093e+00
-3.549420350943969793e-01
-4.290770932641016500e-01
-1.296485692622849184e+00
8.769870027881963015e-01
-1.025765389217923262e+00
1.453931128642073356e-01
-1.825170140381899619e+00
1.883380784166142075e-01
-1.178069902209817776e+00
-6.431918037023521828e-01
1.435488293097215928e+00
6.017288303088132173e-02
3.908151836549622060e-01
4.204391666907987268e-01
2.333960236551569090e-01
7.823333313455778093e-01
-8.244467539538695711e-01
-1.069444818754425208e+00
-1.043224691563727546e+00
-3.364854522043828067e-01
-6.594406458013896133e-02
-4.244325325061047427e-01
5.632087648390521339e-01
-1.986509303406376548e+00
-4.312441998491079453e-01
-2.862744793127108833e-01
-1.891063983534691406e+00
7.520799844598540229e-01
-4.516992240104789058e-01
-1.208867832947360998e+00
-2.157581556370684162e+00
1.259317676562645913e-02
1.072371514017960381e+00
3.643385908874381685e-02
4.354180283118000983e-01
8.228304399802111035e-02
-6.232449461455140671e-01
6.430887173339950857e-01
-1.549687223417558213e-01
-2.853499020069112380e-01
2.584705932731310440e-01
9.344084161576806519e-03
9.089133597016054722e-01
-2.276797311057527640e-01
-1.774698578899104984e+00
1.591961425276040565e+00
6.650799574961123728e-01
1.712519808904946705e+00
5.157428233055183497e-01
1.265696039895614966e+00
7.805656513952400344e-01
-1.781829154934779336e+00
3.515813080560692416e-01
-7.397525863597829154e-01
1.561354908229128036e+00
1.900632655891561829e+00
9.818058078965544722e-01
-1.034873427242940069e+00
-4.006784766044360624e-01
-2.301538985215576538e-01
-1.386878492319178813e+00
-7.268567838248070068e-01
-9.272912718858208336e-01
1.609574130812868042e-01
1.008899158205083801e-01
3.058746925340267708e-01
-1.204750107193511166e+00
-7.912316633066638349e-01
-4.735848205326954607e-01
-1.243442663058995201e+00
-5.269849464644839054e-01
-4.762526152520265010e-01
2.438791920962011528e-01
-2.419245978127360919e-01
4.521318176048090276e-01
4.002601502740954498e-03
-1.117635759334936862e+00
3.047111067246868199e-01
-5.572778787675006784e-01
1.254387518564273662e+00
-7.776606669687762263e-01
-5.710525916973296923e-01
1.058233090851982805e+00
2.855542260510451902e-02
1.449435611604380503e-01
1.105328397703838617e+00
-7.383208215414970299e-01
7.183569248200869506e-01
1.291554989311745338e-01
-8.075003613218874055e-01
7.496178754281512813e-01
7.939481828935381902e-01
-8.990771906832631943e-01
2.037230174675994210e+00
1.394429835274569651e+00
1.667823489829157069e+00
-1.262835152312577813e+00
2.492601729276700262e-01
-9.498458727517298250e-01
-4.638155623708908326e-01
-1.412064288409105028e-01
-1.355433342848613165e+00
1.275181747361254558e+00
6.168146963382693526e-01
4.922528502828333319e-01
4.473932826410211006e-02
-9.918897895390925701e-01
4.122873397600866907e-01
1.891178336639658397e-01
1.609132801734173279e-01
-1.000765192136378878e-01
1.787293302700122766e+00
-3.351049232282579116e-01
-4.417146812250350441e-01
-1.046386109056315350e+00
-1.389704650179071077e-01
-1.049110594242478767e+00
-1.903951917356916657e-01
-2.971635471925637706e-03
5.104235714258213014e-02
1.198846907282157259e-01
-4.254957527731197398e-01
-3.097752179103016590e-01
3.477165857274183702e-01
-6.064202531843987387e-01
-6.966570999252637009e-01
-4.077755319725214211e-01
-5.282744151164643354e-01
-1.199810744978977883e+00
-1.611186739035653126e+00
1.477833305897914062e+00
-3.774158991689146592e-01
-5.587729337241006400e-01
-1.379218799402168738e+00
-1.194342365580985055e+00
7.624614967675252819e-01
1.746590109177918737e-01
6.003855174924589422e-01
6.743007479000552307e-01
-1.055417223773477353e+00
-2.925274278305953213e-01
-3.387200899632047957e-01
-3.070306796662093940e-01
-7.205046043607320483e-01
2.253605001613637082e+00
-7.457514118581086704e-01
2.074167732616190030e-01
-1.134394234366074672e+00
9.533480998581017607e-01
-1.709190978034978436e-01
3.648500677471067655e-01
-9.706865148167025392e-01
-5.163868339221420189e-01
1.850965220413696433e-01
-3.038904227207819275e-01
-3.958435782453720853e-01
1.664349692491231769e+00
3.640987115820643050e-03
1.173721624243245998e+00
5.006151555435862655e-01
5.817715855436365047e-01
4.468345048145586640e-01
-1.048994280293150005e+00
1.236860293782936493e+00
2.057862589366596662e-01
-4.975604591648373487e-02
1.641313739034412578e+00
-7.758430182656617102e-01
-4.229881447870067479e-01
-2.285844178458053544e-01
-1.529941303165093247e+00
9.328010417015611955e-01
2.231396144286930672e-01
4.436606288476667714e-01
-6.440207957276772310e-01
