-4.677139262771502493e-01
-8.814082568366752302e-01
-8.674353405635385483e-01
-7.077776345938600056e-01
3.664197581537577686e-01
9.984537055052419841e-02
-7.375485439087676731e-01
-8.942461258138152402e-01
6.577537722422641675e-01
4.246643843016410513e-01
6.265011760491495663e-01
-7.544295995367509278e-01
-4.363232337803953920e-01
-3.780180895284883102e-01
-7.350119622973402267e-01
8.262755152476000120e-01
2.056069284447443746e-01
-5.226694192970792185e-01
-2.353027642470750802e-01
-8.436539729998864257e-01
-4.617366882033074882e-01
1.066934336497728175e+00
2.132078094269900526e-01
-1.884556551945221758e-01
2.539593560141367723e-02
-7.039558898396582887e-01
-1.065157527850446151e+00
1.785340897553717443e-01
-5.123017693409935569e-02
-3.527247024207336157e-01
7.201124497464325147e-01
-5.672115733739350185e-01
-6.184558482604828322e-01
-6.755899672135579070e-01
4.093153298324500033e-01
-2.186156487501185741e-01
8.540532948899968169e-01
-7.159078404284043851e-01
3.234637079860788744e-01
4.996979425609013870e-01
9.168195328431860691e-01
-7.057524608965728419e-01
2.012919312794442528e-01
3.966595122793705741e-01
-3.346267239570184793e-01
-3.233162162449695343e-01
5.173106869036898647e-01
-8.199323664360156361e-01
2.107440302972867496e-01
-1.057244923728518915e-01
3.677327971939983731e-01
-6.480335887354085056e-01
7.192006068483598469e-01
-7.080217701649105244e-01
3.806761935839662603e-01
-5.516909280495498891e-01
-9.600742081541226991e-01
4.628959147803208829e-01
3.426254403821035743e-01
-4.265355048584595354e-01
3.619638264307931674e-01
-9.794456561588378296e-01
8.290788140121979621e-01
-1.043711684947276286e+00
2.384187120573618909e-02
-4.921315679249876340e-01
8.967229486641319358e-01
5.869792848409557950e-02
4.074978164872886666e-01
1.261803536675230875e-01
-9.718494164381561440e-01
-9.428778472702717961e-01
-6.723553442917482581e-01
-9.099885338308126848e-01
1.872027123711979268e-01
5.889531522061577373e-01
4.462227963180675494e-01
-7.859879508680935878e-01
4.167936424494791958e-02
-7.290077622114103928e-01
-3.488260658882895160e-01
1.235063535188151984e-01
-9.910408891435996681e-01
1.815469803690284434e-01
-2.887838285539517588e-02
6.779337151949438312e-01
-3.791321215041274506e-01
5.155486889634771641e-01
-1.780985977789464048e-01
1.594702910574951893e-01
1.034167096075694570e+00
9.105784133944239134e-01
-1.383073299373808185e-01
2.837937221245936392e-01
-4.836053750443355947e-01
-5.711584694958778963e-01
7.237824884206514042e-01
1.902345745051353676e-04
8.770687679702316997e-01
1.812652170202125324e-01
-7.416239236482369268e-01
-7.510753344385918684e-01
-1.510375120187330278e-01
-9.833324536662830795e-01
5.275172658584633689e-01
4.595920123113956812e-01
1.052767437132065900e-02
-3.330222351978415762e-01
1.317517122247305883e-01
-2.711908823788657941e-01
3.810221138687126113e-02
1.681529382674327999e-01
-5.555749264384537423e-01
-7.700878654710031634e-01
-3.342164431220265297e-01
-1.031200601422394669e+00
6.820595474264140590e-01
-2.141685669248265256e-01
-8.719449971036571378e-01
6.396749531460623750e-01
3.103857622257419902e-01
1.390682757734531538e-01
4.208325992088734480e-01
-3.891247834925352089e-01
-1.599029269151737709e-01
2.194715094091959917e-01
-2.794062757533666286e-01
5.159522840378185649e-01
-9.534946965987760592e-01
1.008070998978859212e+00
2.299338198881220041e-01
5.857775480888235409e-01
8.073546742681232402e-01
-1.313457102085221762e-01
6.538232957268532708e-01
1.783527113223732918e-01
7.374132923747128698e-01
1.224109574528859046e+00
-5.526354978866044876e-01
-2.520158961181909879e-03
8.758127043555454794e-01
-6.479239309175345296e-01
-3.303256543209634466e-01
4.107201546155048177e-01
-6.127650677502317622e-01
-4.948938538035508317e-01
-9.212995960995919997e-01
-4.230850945895039406e-01
8.612388714838434822e-01
1.529057739576925867e-01
6.789609357020570668e-01
-2.678721908461047518e-01
-6.483603732302632983e-01
-3.923702286677602236e-02
-5.820624566738756833e-01
2.971024873369643160e-01
1.179593005236787354e-02
-1.084913646894914568e-02
7.500103114216664091e-01
-6.261850658150931448e-01
5.489303742542915865e-01
1.260024174190612842e-02
4.008067891675056726e-01
2.869440320318506280e-02
-9.425337315150348338e-01
-8.634130885011079837e-01
8.239651687110759459e-01
-3.987076933552778646e-02
4.271154814664404054e-01
-5.434207635951753268e-01
5.825250378044902755e-01
6.892662677980627706e-01
-2.841169523076770842e-01
5.722370583930634913e-01
1.758910771968079101e-01
7.010124613273001071e-01
-6.570390000229759941e-01
6.091604741275440382e-01
2.622227829277138170e-02
-3.146902156740786216e-01
8.779178438407919671e-01
7.350296177037425327e-01
1.162943404632317490e+00
-7.527218713032366448e-01
9.589434447514442184e-01
1.391901026403660202e+00
-8.772291951109538743e-01
-7.089361243190465123e-01
-4.563580655721063417e-01
-7.378503263128771694e-01
1.052973848977127425e+00
-6.925840127116670297e-01
6.181334611216660058e-01
-8.673141964656736480e-01
1.888618640931913339e-03
-1.135576919793076067e+00
2.116050696417020871e-01
3.121474935936403572e-01
-5.275643701427844556e-01
-2.117306261515470300e-01
6.094594335177592193e-01
5.482375563901563664e-01
1.905428201148656742e-01
1.720115272954265279e-02
-7.872828070443556037e-01
9.491832040877437038e-01
-8.010733392332453073e-02
6.650215946241404552e-01
-6.757179239996539133e-01
-5.135692178138678843e-01
-5.658025444323444564e-01
-3.597413582961945799e-01
-8.811370607935485877e-01
1.286079500185147273e+00
-9.957947406434676518e-02
5.583060669288292255e-01
-6.005162628661352420e-01
4.926278727691935783e-02
-3.643897307854683243e-01
9.421851172669473140e-01
4.269573973004870404e-01
-7.867879972035147773e-01
5.798195696492259854e-01
-7.019972504315988293e-02
7.512261285323178495e-01
4.185285449251717749e-01
-5.780916882050423089e-01
6.496301836490969706e-01
7.717989927378711146e-01
-2.251054789432531955e-01
7.578980822361010006e-01
5.994919278731927204e-01
3.677493393676763977e-01
-7.306839420448172362e-01
-1.916180230244895755e-01
8.235396407649461237e-01
-1.966992617682911948e-01
-1.646640297536411945e-01
5.506575832922427916e-01
-9.545311040707210593e-01
4.917724587186129703e+00
-8.198781122541987099e-01
-6.676843318793589388e-01
1.666810433478614628e-01
8.908209020023192259e-01
-1.628840298691942162e-02
6.570316045383829684e-02
5.638298709954442378e-01
1.968318513684897686e-01
-2.349568010577243737e-01
1.186296379867413320e+00
-3.464518942205933039e-01
6.645772610172029360e-01
6.070599427323432051e-01
-2.019344946537679764e-01
2.645626906547733914e-01
1.491347578951477404e-01
3.523797587384314700e-01
-2.418921631740167943e-01
-1.402337363731637199e-02
6.217896536534479601e-01
-7.014255520548976497e-01
1.935996305636724368e-01
-3.165941949030067204e-01
2.483979280645565724e-01
-2.707546795766387349e-01
-4.099273005538600634e-01
9.693337990128396697e-01
2.907906546745255283e-01
2.657504081741666330e-02
1.096671201060440692e-01
-3.077784767888793738e-01
-7.382811668729938326e-01
4.569439726323613615e-01
-6.589167782784302041e-01
1.044289833399384637e+00
1.179145614061054781e+00
1.728289322616879120e-01
-3.195774912260755385e-01
7.768504897448361701e-01
6.079800039082444707e-01
7.412011090289276627e-01
2.430447443520776518e-01
-2.575917423403432660e-01
3.878319239426363252e-01
1.339689292308607338e-01
4.405212822953855079e-01
-6.562774760405468699e-01
-1.356065699269334290e-01
5.666047472877938640e-01
5.119864439686596658e-01
-5.258250582360328718e-01
1.409215746075550002e-01
-8.290901335993097199e-01
3.694393837312814344e-01
-2.772498373470882460e-01
-4.457053330468879748e-01
-6.316876740197959750e-01
4.503647164332258424e-01
5.488968343485495227e-01
-1.638158119305369032e-01
-8.901566422574477278e-01
4.449742973896678166e-02
-4.091714787155246169e-01
3.591406486720890578e-01
1.604432410733159231e-01
-5.173149486182219148e-01
2.848825720689934227e-01
9.510396581186105758e-01
4.691087241586064382e-01
-4.253699642502429268e-01
1.022108140478945382e+00
-4.594180335461586079e-02
-7.359234621184370662e-01
-2.859416491667171600e-02
-3.048394276162751937e-01
-6.225212836651797255e-02
1.012600387137600144e+00
1.091287173931099863e+00
8.011539895461400329e-01
2.291193391695255932e-01
5.898310762017606734e-01
-1.274717897608185879e+00
1.006742097013123782e+00
1.228082311451392572e+00
1.347466953878768692e-01
3.027259178807167883e-01
-2.458459579408948936e-02
8.624150669315805429e-02
-3.348140039843097160e-01
8.878576974579751591e-01
6.526363888051235351e-01
-5.758289381663670436e-01
6.202744452026844393e-03
7.164845131583603699e-01
-3.372302974385877894e-01
-9.328369106713195746e-01
-8.740539271338196858e-01
-8.878262523142252949e-01
7.451220494722690102e-01
8.382942078460098312e-01
-2.196307366660364413e-01
-9.182990496182805717e-01
