4.537203301433831437e-01
-7.739109622472967187e-01
-1.295434057266044992e+00
4.182562049912027513e-01
-9.426487870517918921e-02
-4.390562741326896612e-01
-8.726659311438722533e-01
-9.788378281401763914e-01
1.617455147868820609e+00
1.118484003704728474e-01
1.083782268985739039e+00
-5.248587030215815519e-01
-1.103592257736880355e-01
3.590679652785546683e-01
-1.067125953451427245e+00
-2.329717801322010381e-02
-3.554060694339817861e-01
1.839632312042422529e-02
-9.389575545834845105e-01
-4.854852464533709333e-01
5.291947779479465597e-01
-7.458123514864845038e-01
1.350483483986599342e+00
7.033062995922964022e-01
-1.056240286556574121e-01
2.789496683623104989e-01
6.063524890242786292e-01
-1.965553084722002075e-01
-4.223516253188344671e-02
-4.970603307394487747e-01
-1.685898165060724652e-01
5.186668951830135654e-01
8.212722895958173286e-01
8.020650076125475092e-01
1.318744058877742154e+00
1.717065455835041846e-02
-1.976749064281799195e-01
7.785888050556610818e-01
-7.478820122903077072e-01
5.002418980448866126e-01
-5.103526920407094325e-01
-1.806070399020758277e-01
-5.587738108359793232e-01
6.201122084525346745e-01
-1.577086960973456131e-01
-1.798140390720139592e-01
-3.359238745600119924e-01
-3.891744989378085884e-01
-1.295426575953002368e+00
2.492609302246855396e-01
4.204647388315129186e-01
4.991117721039345922e-01
-2.267941951553007762e-01
-1.920646617166363312e-02
-1.516928188023343449e-01
3.883322675714254157e-01
-4.615876170073059392e-01
2.670601419339469484e-01
-2.755244469189221251e-02
-1.348932384162981224e+00
-9.103024837646157552e-01
-8.285244082160156953e-01
-4.375232762258729480e-01
-2.016165097102565751e-01
-6.536126629378324893e-01
2.460098115205281710e-01
4.854641332708795609e-01
-5.711508898393725941e-02
5.364425474839594754e-01
-9.302825351197627213e-02
4.296922042331472458e-01
1.475468837694195179e-01
2.811656228706733707e-01
1.585813160489338569e-01
-6.396911484103819934e-01
-1.246665250709923400e+00
4.843837720748834785e-01
-4.056804086126710174e-01
-3.651217901317407311e-01
-1.285728730224216632e+00
-3.622321179338077179e-01
1.472661192881913994e+00
7.459868998144001395e-01
-3.672847781819339741e-02
4.388226961745958499e-01
3.692603402447767191e-01
-3.730424241278480491e-01
-1.590627739202223057e-01
-5.160762775092317955e-01
-4.941655407389610177e-01
-3.883708224032106915e-01
-1.625012334667851333e+00
-3.031981847527095431e-01
-7.095505372984556303e-01
-1.222771534128661353e+00
-3.479908023323573518e-01
-4.523502946704560101e-01
9.573483803984180751e-01
-3.121846723027638104e-01
-1.024743657248505579e+00
-7.738896861529631632e-01
-1.044349704922443056e+00
5.889640245620920700e-01
1.040287030464465551e-01
-5.428584177844230085e-01
7.288703584309788042e-01
8.526818228739118100e-01
9.040269685586200810e-01
-3.092790424237574221e-01
5.592632541435391680e-01
1.201066177685939929e+00
-4.543006750473105315e-01
1.728693184030607011e+00
9.221724201050821579e-01
-1.183788688225635294e-01
-9.419041515793969976e-01
-7.760045199513318503e-02
4.362832404559630062e-01
-8.172074113563539965e-01
8.318849532253180801e-01
-1.278346718354747447e+00
4.024003822868660873e-01
-5.200249488148044330e-01
-2.716709580697056481e-01
3.289440816444481608e-01
5.605940087508620717e-01
7.019575171533559699e-02
3.933205436347892991e-01
-5.174786940759400489e-01
6.499890693339955838e-01
9.024336348256203344e-01
4.331834686017471125e-01
-1.167789070459121170e+00
-1.063165186147803087e-01
1.220944057415730866e+00
-1.285001054760027683e+00
1.144877683336839480e+00
-7.894318895411983616e-01
-8.968362431952969782e-01
2.032957965178250892e-01
-4.288831446059492292e-01
-1.053318654042327163e+00
-3.704086733970918255e-01
-6.465092705858883626e-01
-7.292273036482455062e-01
-4.916125588279157688e-01
-1.889175643903921731e-02
3.801226882524413320e-01
1.390109540713147185e+00
-4.264237945744620006e-02
-1.318030378454405405e+00
-1.894037553407879049e-02
-4.255978387818654118e-01
6.461782010658559394e-02
-9.050521406633964538e-01
4.489991056954417137e-01
-9.171685132648543792e-01
9.958447593269825759e-01
-1.063916573288326894e+00
-3.441760889148148816e-01
2.291033777525963155e-01
-7.733958360615554861e-01
1.074120767338560822e-01
-9.019797159198583714e-02
6.646330192119354052e-01
5.268946590327189261e-01
1.071980855151636325e+00
1.575453836505767147e-01
-5.003550237749597729e-01
5.715846760266738436e-01
-1.743986786767953712e-02
-4.021839056790436212e-02
5.886046964438044204e-01
-1.572926683893903776e-01
2.669479830498897033e-01
1.425729956741377036e+00
8.261548154431801461e-01
1.315726652184981305e+00
1.264439780530083324e-01
7.185208072327016193e-01
-4.726704121360753019e-01
4.395298757164080028e-01
-5.665414321193263936e-01
-5.555696439201642800e-01
1.659038505885581660e-01
1.567537933671342421e-01
-5.357433158152928865e-01
-4.355331677403724289e-01
1.879704944170616510e-01
6.031884939400280476e-01
4.564948297673005473e-01
4.634078188446644209e-01
5.872569322247218615e-01
-7.638917130380357134e-01
5.925396034048883154e-01
-1.463764694693248547e+00
-9.580599858818004133e-01
7.510582167813103505e-01
-2.497119739821986595e-01
-6.970216805132296578e-01
7.585303691686184901e-01
-6.558531927166585396e-01
3.489553007017961450e-01
3.433898367124411655e-01
-1.138090671796081255e+00
1.599571761805328451e-01
-8.291708194686974176e-01
-9.352130114739271027e-02
3.105537657231596804e-01
5.148797736743271347e-01
2.497662989284329393e-01
6.622393175720355796e-01
6.946691129729161140e-01
6.135558347376068866e-01
4.481483792498737184e-01
-7.757073383117372156e-01
3.392969556718391511e-01
-7.328652465888854106e-01
-1.353697874155415093e+00
3.058879412173803880e-01
-4.301675797978218863e-02
1.717409453995436819e-01
6.153070445127631904e-01
-2.034324305185085113e-01
2.121316405877676503e-01
-3.721261782787083083e-01
7.142378181445224739e-01
-8.869113993591670742e-02
1.055789439635955729e+00
-6.415524996242316647e-01
-2.785904957876389476e-01
2.009959421723772899e-01
9.465317395639051279e-01
-2.884617974728058698e-01
-8.774503026086361013e-01
-1.068958229818843392e-01
-6.322491557109373439e-02
9.154488193195340351e-01
7.539445433183813439e-01
-1.030057350326347043e+00
3.597043112508706009e-01
-1.312658596650269516e+00
-5.195005736186607548e-01
-2.061272097547479087e-01
6.076983992983231442e-01
-1.715564255904428459e-01
-1.641414149315766069e-01
-7.151529587763977291e-01
-2.049447378312385382e-01
9.223143811807849035e-01
1.620247271247732046e+00
1.524667391037617836e+00
1.030650036801232350e+00
1.336890631571117649e-01
-3.642295885464963412e-01
-1.297625560982246240e+00
2.513470287991659835e-01
9.207996197768751889e-01
-2.883808968553652763e-01
4.140392620014618497e-01
2.412509802506288548e-01
-8.954962766170370125e-01
-4.035680665230233499e-01
2.876528488179231902e-01
1.857565172295008171e-01
1.324201873908029015e+00
-1.558406213720479494e+00
3.990321829184358959e-01
-5.469633814724473853e-01
1.212534727796866996e+00
3.476493843882572099e-02
-8.785460588619979916e-01
1.028421621537739528e+00
-1.015207211178649205e+00
-5.938537965369621030e-02
-1.403549252947028370e+00
1.492420172519706378e+00
1.100579453616655767e+00
4.758627746420945881e-01
1.203832759826362730e+00
-1.253963695420366342e+00
5.395383576786851043e-03
2.046558249463134582e-02
2.947543056428454933e-01
1.669257493736616138e-01
9.762616809297103293e-03
-1.125725535291261847e+00
-6.596651502802872713e-01
-4.812707216505162089e-01
-4.686201720961408745e-01
7.137899938953748413e-02
-6.641468302556693404e-01
-6.266704285911152139e-01
1.069764269290151670e+00
-9.350804639691769893e-01
3.593292237782417242e-01
-9.539470297948704491e-02
9.470113933131307782e-01
7.088427913893017296e-01
-1.054404583752258651e-01
-9.970753958660482086e-01
-2.164401616721582933e-01
-2.156054548264347420e-02
-1.306276251646838915e+00
4.398535328072135098e-01
-1.385111683366383240e+00
1.098894287365717037e+00
-4.559017457537983264e-01
-6.250222251958091890e-01
1.063702301909234205e+00
-9.337996536812690485e-01
1.103973599450720711e+00
3.659292202676642236e-01
6.514273077746187690e-01
-1.074407240767304650e+00
-3.937171778014619261e-01
2.468983950781878378e-01
-7.713443256040952711e-01
-4.180606400868344674e-01
1.922172037526345689e-02
-3.141748764845541664e-01
1.879303380908462051e+00
3.147891273367252607e-01
9.667227254821457727e-01
-4.804857195266603043e-01
-8.151505588591225759e-01
-6.197536345512818512e-01
6.079418280144075482e-01
-2.851310032457806676e-01
-1.934162676847149542e-01
-1.280487362209065783e+00
-2.999084989702955339e-01
6.747176909398236999e-01
-1.493972831177932781e+00
1.171960074879412755e-01
-4.857344283023536935e-01
1.388356998085859884e+00
-7.537089686021812840e-01
-2.282488910655798564e-01
-5.525742089392474687e-01
3.686187400851967944e-01
4.532584400955268489e-01
5.344033884373505794e-01
-1.110054783515295629e+00
-1.027227442914068867e+00
-5.860171565985519138e-01
1.073055557978546404e-01
-8.427684025623599640e-01
5.568369667201327200e-01
-3.385434898752665567e-01
-2.019182842214068518e+00
-1.144860494073894897e-01
2.546074607272912904e-01
-3.608626480825652960e-01
1.665170970404642015e+00
5.627196230630571172e-01
3.520941131883675856e-01
-2.599526922677009022e-01
3.071979704350809581e-01
-3.534957354070674684e-01
5.550541220504392470e-01
-5.632330810134911908e-02
9.981963402419370412e-01
-1.035421311735668926e-01
-7.841701990888283458e-01
-8.762492710864534518e-01
9.606895120164116175e-01
6.986846168426198433e-01
1.935066467146218105e-01
