-8.665908197503695565e-01
1.281686062032239559e-01
1.593052467024249630e+00
7.218422979376649673e-01
-1.371866565153031736e+00
9.985171189389631108e-01
-1.064589131508059783e+00
-7.389200677577727472e-01
-5.687463453526921953e-01
1.639369271126482341e-01
-1.848734514101169069e-03
-1.237518570479949176e+00
-3.385464389468745283e-01
8.663454164995307849e-01
3.073961078745831577e-01
-7.796215012774673769e-02
-5.983535831837444308e-01
-1.723148441031883693e-01
-1.601770814459672732e+00
8.580682056709010297e-01
-5.790732101369009399e-01
5.347111535059417831e-02
-1.493343068917115879e+00
-3.873631760448126848e-01
6.101992963240101542e-01
5.115035716585404346e-01
-7.482342176635088382e-01
-7.966319165940978220e-01
1.849016678164397409e-01
-4.129591242693645414e-01
3.903719956838390681e-01
3.508539203141082474e+00
5.019735685154722571e-01
1.101285964746727686e+00
1.021772385611556810e+00
5.674518085686862667e-01
-1.432573316005627095e+00
1.772657098323550395e-01
7.573032937542469867e-01
-7.122936001893063196e-01
-4.116200717150959587e-01
8.719134969147748215e-01
1.507394412995413546e+00
-4.894884169569622134e-01
-4.289645759836413497e-01
1.013010190331005145e-01
8.000563750751877867e-01
5.533727627963372919e-01
-1.198907502607459374e+00
1.502644620216971871e+00
5.373460343097158365e-01
-2.589284776093792484e+00
-1.383528766187070991e-01
4.129686982035996046e-01
4.191034741432525523e-01
-3.626883046819711076e-01
3.588353722261385936e-01
6.899774141866323873e-01
9.219668849622267848e-01
-4.365222903894597217e-01
1.391250776837994696e+00
-9.954493577382566016e-01
-6.007960753615022576e-01
-1.457829071211861560e+00
1.106312859340140009e-01
-1.335296017374364430e-01
1.073022116868365128e+00
-6.049354881290738284e-01
-2.522373292535329270e+00
-7.189213823323934438e-01
3.053586275386512838e-01
-8.500832443603284494e-02
-2.917962148334378725e+00
-1.028299093644898132e+00
-1.216676317262923579e+00
5.513132996979942524e-01
9.318131736068449023e-01
-4.293237929292554322e-01
-3.836388936818602713e-01
2.341793742504295617e-01
-1.951990679980474930e+00
-7.465735689335216696e-01
1.054646674518711524e+00
4.574313761543592483e-01
-3.067007982560395085e+00
4.092624579136970864e-01
2.099601626076365579e-01
7.452846017046128591e-01
1.357571758021894337e-01
6.231289181776391572e-01
6.265656548730815789e-01
1.076873636029251458e+00
-9.438602857019043890e-01
1.455086059558555078e+00
9.907104159751641825e-01
3.748618546974912258e-01
-1.822602580138497075e-01
-2.809613575131110208e-01
-5.091007953905597461e-01
9.026187296359697854e-01
-3.963956897229791165e-01
-4.815192473340134671e-01
2.686812363232612411e-01
-1.433459138583971226e+00
1.379465554616134071e+00
-6.762797611881403714e-01
6.007736194389867723e-02
-9.013702967638393959e-01
-5.359066617782990427e-01
4.784403958756428543e-01
-2.951178834858987354e-01
-7.631506663199685292e-01
2.206062014663050519e-01
5.326876427981175333e-02
1.399906097697267704e-02
1.676463305132587234e-01
1.620335927253703234e-01
4.783096380571705275e-01
-2.486754043214904009e+00
4.474882442382139836e-01
-6.180705725924988680e-01
3.592530809686852455e-01
1.340996782028065493e+00
-1.706081632266394643e-01
-3.241688564199639577e-01
2.364688460425682093e-01
4.829274575745761133e-01
-5.301445525090146826e-02
7.402355434929632771e-01
-2.028096064012960276e-01
-7.881336550293516208e-01
-5.459115651974104644e-01
-6.156907249085679101e-01
-1.487162393057695819e+00
1.071207560842066364e+00
-5.319469024419617442e-01
-7.516933025780021538e-01
3.141052718237571373e-01
-6.190463359196387572e-01
2.758865453514939281e-01
-1.164754990426228737e-01
-5.335849134906709423e-01
-6.674106438183120549e-01
-3.587626666412920273e-01
1.186840727181862842e+00
1.577862403391602886e+00
2.821861582487364406e-01
-6.608304762673077315e-01
1.134196334258698702e+00
-1.552613075180434565e-01
7.858513386254235566e-01
-1.820282951242924718e-01
-7.005708862841577567e-01
-8.465115951649571091e-01
-3.209702670194876095e-01
-7.987224141659559074e-01
-5.655322126961044304e-01
-6.100959791240814223e-01
-2.718496741753632095e-01
2.314376934354999138e-01
-2.011771861020435814e+00
2.864990270709306230e+00
1.427578739145884124e-01
1.111235052235802767e+00
1.322840396789336292e+00
8.454103219648101408e-01
6.728578112614187479e-01
-1.558000593248133780e+00
-3.695798997920126117e-01
-2.112442395211934221e-01
-1.724645401391468713e+00
-2.563323121504560986e-01
-5.388334527155504983e-01
1.216770230182466217e-01
-8.998004463098785433e-01
9.263789027853713831e-01
3.469292351598053659e-02
6.350304052735449289e-01
-5.493993815059544650e-02
5.838968880011945473e-01
-1.801124100775783443e+00
1.018612289594657272e-01
4.739801956392956234e-02
1.597824448032060474e+00
-3.423380386081682492e-01
5.807092172391886686e-02
3.366698966465166976e-01
2.188588189565000341e+00
1.658868019084256851e+00
-1.195226003128953440e+00
-9.217559939385392420e-01
4.417843933271599632e-01
3.941383996374327181e-02
-4.702659326914165328e-01
-1.661571352032015003e+00
-2.989126908677268712e-01
-8.158297475004385735e-01
-6.962967281518295248e-01
-1.130964432133277242e+00
-2.633875187417219710e+00
-3.379448583162036890e-01
1.559988366105608426e+00
-1.074491995731717164e+00
-5.837797865581533241e-01
-7.661468755676248410e-01
1.135490733046330192e+00
3.165094596328715815e-01
-1.060229004005803111e+00
3.986137260454532538e-01
1.095415313206228536e+00
-1.490378602649168105e+00
-4.358740987546023682e-01
-4.402627182768862890e-01
4.828325762013679912e-01
-1.079567742186625379e-01
-1.606277146397511180e-01
-5.872120391956456853e-01
-7.251501789962178091e-01
1.123856577834235093e+00
-1.696267505022254207e-01
-2.071197601423002133e-01
1.650769458635733766e+00
-5.086436380096885923e-01
-4.029221028231235735e-01
-3.564643885520580313e-01
-7.010777932629708165e-02
3.287330339601293172e-01
-2.334621171500224635e-01
-8.799920296664738295e-01
-5.805214431701279931e-01
2.977937833981446625e-01
3.249651327031619630e-01
1.463775169045325453e-01
-2.752942917918643762e-01
-5.339171057929423814e-01
-3.330465505012009331e+00
7.765020673370137683e-02
-8.432353459182244659e-01
1.913628349326129685e+00
-1.447715232937009655e-01
-5.446634260606457723e-01
1.062374182456162219e-01
8.773693041368869905e-02
3.662603834055759289e-01
6.060182883403486542e-01
-2.839649960153432851e+00
2.509796265250522351e-01
-1.847510683667153764e+00
-4.537401877494037228e-01
1.883564674830567887e-02
-9.460535700420693583e-01
-6.983805080829784684e-01
6.985652229499844657e-01
-2.450797658667390466e-01
9.736106789700513797e-01
1.190269445180177077e-01
-4.994688170642259673e-01
9.117624126423025110e-01
1.676183971938940975e-01
6.232560885476319257e-01
-1.114431277883483506e+00
-9.683113846098851951e-01
-5.505210712264541062e-02
4.864323998762679624e-01
9.248396253743167428e-01
