-1.583707545720369758e-02
-5.125528321949230914e-01
-1.645623520722518052e+00
-1.076331400489335954e-02
4.627401570217367643e-01
-1.971025381401510401e+00
-3.093720346932425702e+00
-3.571611557001802550e-01
-5.408987630868995478e-01
-9.161417480265920954e-02
-7.659069954307384798e-01
1.457784655829574838e-02
1.675788749319587490e-01
-2.785929129196376003e-02
2.990676207331504632e-01
2.424351290625434974e-01
2.198188211305204809e-01
-8.200161489759845157e-01
9.805072745272938040e-01
-6.780107212748176515e-01
1.048046361844662933e+00
-1.764465324374921096e+00
-7.860260562515648530e-01
8.049943597454176647e-01
-4.875277943082979570e-01
-1.303928626909760524e-01
-3.569881724813563362e-01
-7.081600303009174535e-01
5.617180965798509451e-01
-4.067471797654739762e-02
-2.613009668746494540e+00
-9.802660265803097017e-01
-2.359470850920139195e+00
-7.097862654822483242e-01
-1.042069452998791945e+00
-7.717750260027100850e-02
1.562015541274473174e+00
5.842980197133191833e-01
1.249774622578997185e+00
4.526839363216047518e-01
-2.922823735834986433e-02
2.643678282501124688e+00
-6.103623215767242094e-01
2.463099367744288060e+00
-5.987869406677840400e-01
1.292252292632761757e+00
-6.445407012904694755e-01
5.826797807144559194e-01
2.382164534655074384e+00
-8.204984363581357965e-01
-9.052487396119453245e-02
-1.083389744872507165e+00
2.693006301217610865e-01
-3.258822184154523960e-01
-5.467146056600580284e-01
2.222202833747692619e-01
9.632948830613663471e-02
8.810707886685626988e-01
-3.350160730293522127e-01
2.998204659188889454e-01
3.876918612297388655e+00
6.062422251400727546e-01
1.818595313679716163e-01
5.654469299063017429e-01
7.968682052279673078e-01
8.434151728978718232e-01
3.147268187788508698e+00
5.317913075768569975e-01
-8.205908900288477748e-01
-2.722515857415984675e-01
2.870288363029753209e-01
-7.338592673943922229e-01
-1.476098804779999440e+00
-5.728263288710471191e-01
8.598952881578159069e-01
5.360828010920309916e-01
2.517262026320473689e-01
-2.049653992480857112e-02
-7.614233605007123540e-01
-6.810594982260680386e-01
-7.279345905556586227e-02
-3.307003227034585047e-01
7.284722894313491182e-01
-1.208468554823308505e+00
-1.365946072122891097e-01
-2.068224391213088431e+00
5.162289908152055684e-01
1.141802215034587731e-01
3.711983933335949448e-01
1.020018960741541636e-01
-1.013113065832576432e+00
2.860072822577965912e-01
-8.512005918118084602e-02
-1.393378731378913660e-01
-1.718458345856058500e+00
-6.594885921374271653e-01
8.693047967023970202e-02
-6.787972395455482699e-01
1.485667879659029467e-01
-2.894649302639478172e-01
8.308808158969250846e-01
1.548157926160079523e+00
-2.736301156748586760e-01
-1.307300370223806851e+00
1.740739262237980700e+00
-5.674110386796531458e-01
-6.170605871053318481e-01
-6.681308125843037349e-01
2.267061249549236379e+00
1.204286467342929656e+00
-4.162339847616519650e-01
-1.234600484712581103e+00
-1.835441402535758826e+00
-1.071957672033079234e+00
-9.173778065845107632e-03
2.345508533883327862e-01
1.755322706404544464e+00
-2.645595648237150099e-01
-1.273972333503101240e+00
-1.403201564008161428e+00
-1.100208805340042950e+00
-1.229075485278714908e+00
-4.459812559028771828e-01
-6.657695168521992057e-01
-8.554518251584981581e-01
-3.681773397728098640e-01
2.088616549084144625e-01
-1.502072010791134282e+00
-9.536241332621407940e-01
1.402074200071860677e+00
3.032630033652210511e-01
-1.510254507795074641e-01
-1.601170975542480779e+00
-5.031801059172196222e-01
-1.098682110023804004e+00
1.853131433277643181e+00
-5.732256712813099675e-01
8.602366168183996908e-01
-8.995139799504068279e-01
-2.614324461990198967e-01
2.607685808178597520e-01
7.716945695004542305e-01
9.905643446633305427e-03
1.028913301615305365e+00
8.282361423694770686e-01
1.632467328071570134e-01
-5.362868112748548910e-01
-1.092901564958117744e+00
-2.050032664992902931e-01
3.845379801452617485e-01
6.637668332176224206e-01
-1.158828879759595254e-01
-2.492500174558870185e+00
-4.222056153756806318e-02
8.483537613171605596e-01
4.577665744217385146e-01
-1.286933949534943888e+00
5.934116364666360832e-01
9.522521362940876699e-01
3.078650614248006789e+00
-6.333859067080538363e-01
-4.220934776819659229e-01
-8.555197495518085393e-01
-1.511866036469600716e-01
3.478101626665869306e-01
-1.062578900372412871e+00
-9.202840789366988350e-01
-8.177963884316478971e-02
7.578034764693419856e-01
8.411527658047124323e-01
1.543491281966691830e-01
6.877307940582584322e-01
-2.300355587273344993e-01
7.412024852002816466e-01
-1.310232049167828539e+00
2.557420318570930995e-01
-1.298819481225503836e+00
5.700330578292932548e-01
-8.551223669712511022e-01
1.114304120729780578e+00
-5.146707888834274325e-01
-9.936314344604303406e-01
-3.454301763019690386e-01
-2.960335824097255486e-01
-5.443432547561268819e-01
-1.287507171070021883e+00
3.441413649866987834e-01
7.013251924798931114e-01
8.505445565556190024e-01
1.011904762619346254e+00
-2.031798236729124851e-01
2.324091087543317946e-01
8.125087292248991955e-02
-1.850635782020310094e-01
-9.582371998201940633e-01
-1.204197227987250374e+00
1.041424548157283914e+00
5.963899085620575358e-01
1.224374265721448696e+00
-6.612092006560164048e-01
7.025276392869865827e-01
-3.309127548031904342e-01
6.070217855559156828e-01
9.026616949671872892e-01
-2.478380838278379183e+00
8.726194460480173332e-01
-2.981586372828141651e-01
-5.398923432614882723e-01
-1.520824166746319039e-01
-1.372311496358327720e-01
-9.093188370061977555e-01
-4.239591276956311550e-02
-4.016234163526482548e-01
-8.517421711584373112e-01
-8.173474904908206717e-01
2.056551916836241722e-01
5.234015421700454612e-02
1.321714838957655846e+00
1.514018461245068448e+00
4.418755020335767836e-01
-7.085628181035813489e-01
-5.417542745238866919e-01
7.651114461778445452e-01
3.579631730390060440e-01
6.295102915804338117e-01
1.217178037587160144e+00
1.798859860625850571e+00
3.676182752341855542e-01
2.139952286037757556e+00
3.915074888949315324e-01
-6.819484402267663725e-01
5.521564358532267125e-01
-1.933940437952306191e+00
6.795588066917386261e-01
-4.386954558179763097e-01
-8.383254829232238414e-01
-2.489381641001254586e+00
-1.505589785074697429e-01
7.586491167700144533e-01
-1.727733702513624792e+00
2.760580760128359401e-01
-1.306717636331763410e-01
5.420225130337532615e-01
-9.959507431245777642e-01
6.934491307956200945e-01
5.133336784981491485e-01
3.028555726235280243e-01
-7.805580671362861711e-01
5.619125934054043370e-01
1.026349167063560941e+00
-1.115357735152194829e+00
5.238969278219318682e-01
-3.802391718290633049e-01
3.646563384672991681e-01
1.243379892461143221e+00
3.149378975090272315e-01
8.800373050449601386e-01
-1.743673261735822599e+00
1.245357553733962064e+00
-1.099168067934194637e+00
3.687289041938185408e-01
-2.176891822273567811e-01
1.281124778765627248e+00
8.232560805193886999e-01
6.087028221586614496e-01
