-6.033983824761824516e-02
-4.149954953637727817e-01
1.992052375008346532e+00
-1.748331917371137301e-01
1.266087343419721289e+00
8.069989621247884992e-01
1.053702810123337663e+00
-1.504072169053663144e+00
1.261569086160198694e+00
5.912963423863926149e-01
-6.831873267873616040e-01
-1.197008745280655040e+00
2.747371772677543511e+00
-9.964564382183547231e-01
1.182030989178307623e+00
9.283589018393374470e-01
5.938431402611588084e-01
-1.031451212367813897e+00
3.289378435286773872e-01
-4.377927060688951988e-02
2.005996795679944877e-01
-9.911594870146961389e-02
9.803876628967311824e-01
-1.003605757781871999e+00
-6.677241285942663307e-01
1.182293676505860591e-02
1.224573267040724334e+00
4.569717897784433269e-01
8.149350351397679493e-01
-1.560444529625738541e+00
3.522478622117771740e-01
2.115178339841872202e-01
7.380721256912223804e-01
-2.060542561128205774e-01
1.965272828938989802e+00
-7.529477037231679937e-01
-7.557304134896718484e-01
4.636296976759042288e-01
-1.552548402040838105e-01
-9.076607693564842094e-01
-1.637861268583480356e-01
9.773163360351355688e-01
-2.167155240048889819e+00
5.059548271802923880e-01
4.109801834233853812e-01
1.446681648426275446e+00
-1.506671154501141530e+00
-2.707849057852637631e-02
3.861106219390976202e-01
-9.853301310087773102e-01
1.222316678274389057e+00
-4.297726764500762187e-01
-1.329559576394499176e+00
-1.135802127060433486e+00
-4.305214933489678875e-02
-8.070998785904390238e-02
9.571851657965688709e-01
-4.966136786459512953e-01
5.133414289112816498e-01
6.424632098069295028e-01
1.975536841458789272e-01
4.820057693372334917e-01
2.150345044765322455e-01
2.720833546541827075e-01
-2.540643309720440057e-01
2.461352044279779827e-01
-1.301354880349592014e+00
-4.981699595131037217e-01
-4.027182896741698936e-01
-1.790067508261688756e-01
8.641457865535953631e-02
7.010023257934496765e-01
9.083171027102507900e-01
1.165690093701636648e-01
2.258718864473137355e-01
1.220046726254691238e+00
-9.567032531441430621e-01
-1.575800181486874285e+00
-1.920975185327033818e+00
1.737483991310513620e-01
2.858929955660222677e-01
-1.488504685330246380e+00
-2.296215917431388420e-01
3.575995261630269262e-01
-7.095950602924357975e-01
6.711131089371243919e-01
-6.754419946199018421e-01
3.006754666507444607e-01
1.692682342620874247e-01
3.434121736670675551e-02
6.170327595520700426e-01
7.219616708315814702e-01
-6.430014780247226280e-01
3.251341330080925740e-02
1.051141095304856776e+00
5.308755025388999238e-01
-6.582122783868817884e-01
-7.544131803813102222e-01
1.624328085105389397e+00
1.155292753366083502e+00
4.385952333313154483e-01
5.492576977709523467e-01
1.659285689701737176e-01
-7.069717423526261646e-02
-1.398640545733285112e+00
-8.085139810724110976e-02
1.759210607108577351e+00
-3.206135402226878428e-02
-3.799227616466243074e-01
-1.012792027980763843e+00
-7.253026070460555363e-01
4.985374341221222583e-01
-1.841819890677559024e-01
-6.443258635814959057e-01
1.254992905610141207e+00
-4.053560193348414997e-01
3.776197167909985941e-01
-1.086628662007969925e+00
-1.398016583161658444e+00
-1.152047021362632595e+00
1.050080582205232815e+00
1.227304314254814122e+00
-2.126348400147840323e+00
8.557586370887129146e-01
8.081112374639032314e-02
1.289060413661206050e+00
-8.026215320796816766e-01
7.046776500125903619e-02
-2.573541509617099932e-01
-4.652390977178692127e-02
8.645418507923900986e-01
4.262784075237044945e-01
4.543469185966738655e-01
-7.755994658130103137e-01
-8.380615320636608523e-01
-8.628486975267164460e-01
-2.702508569234471913e-01
7.658937989326263240e-01
-7.863175778987624431e-02
2.273048089709624797e+00
-1.296419798733748907e+00
8.428763476366160079e-01
-5.400179942703352554e-01
1.262562039011663750e-01
-1.741335684383574223e-01
1.773346196765018812e+00
8.305412397093333565e-01
3.904097447094135309e-01
9.547596782971962126e-01
-3.101005558009294338e-01
-5.564587905153173253e-01
3.561456490335386249e-01
-7.012391206682382083e-02
1.035690950609869931e-01
-1.063296485516036061e+00
1.056303076504709892e+00
-2.362973775952892375e-01
9.847631878437593800e-01
3.855316693440830056e-01
1.410967063286183487e+00
8.112927596981958089e-01
5.029512603208968757e-01
6.472019248333773511e-01
1.184377858400539552e+00
1.315882527690046322e+00
-3.018044806755898479e-02
7.294627111413850562e-01
4.945030210702930362e-01
-2.435523195577044553e-01
-2.676368661792433712e-01
-6.891471226571890263e-01
-1.001417965064007820e+00
1.131653603427206889e+00
9.146893376815843357e-01
-1.617792011708328315e-01
-1.058162652197063069e+00
-1.080465624977902550e+00
-4.122540868399161562e-01
4.111893495583130997e-01
-1.379558173896852369e-01
-2.167442614966277770e+00
1.000648475572095242e+00
-1.268596602691182129e+00
-2.677093596045192481e-01
-1.582979910977703741e-01
-1.829652205421209987e-01
2.343331921901850023e+00
5.023492037908182661e-01
-6.216574985881566651e-01
-2.394064753241796351e-01
1.546457263029133111e+00
-5.028225692857408724e-01
7.369419188715398139e-01
-2.742399060695816515e-01
-3.125607634953960212e-01
4.934582704817457866e-01
-9.305345585408733022e-01
-8.066141964179704971e-01
1.462077856254998309e+00
-1.234861423960531335e+00
-3.484882988831648487e-01
-3.518115301889364610e-01
1.338846496463667046e+00
-1.954565428088689272e-01
-6.798584988219427139e-01
-1.611902532996194015e+00
3.086955236383358003e-01
1.089533128314097432e+00
1.620976495512896909e+00
1.380901339107267312e+00
-4.983920066414837535e-01
-1.630525399493636618e+00
3.547281657173264047e-01
6.597184470894608133e-01
1.502502584618295556e+00
9.590385775387753053e-01
-1.673313092259405943e+00
1.457011632468084184e+00
1.183727441193044294e+00
6.370232091067823399e-01
-4.203908934321543001e-01
-7.324447288410211865e-01
-7.455494792911973034e-01
3.226921089082060989e-01
-6.403847823740238532e-01
-9.484371314755901672e-01
-9.302297283952547513e-01
8.194305073083752999e-01
2.788312602917957239e-01
-1.500249549363080748e-01
-1.087858978362304940e+00
-4.778867686557579653e-01
-9.180190576168393291e-01
1.936525506931439766e+00
-1.494164670949289730e+00
-1.118255276773271745e-01
1.182118984797562167e+00
-1.344378212797103567e+00
1.105057830611834158e+00
-1.884359549712198101e+00
8.704662193995132968e-02
6.648013236406420390e-01
-5.590230748369394709e-01
1.748451625786733299e-01
2.247946075946009037e-01
1.384449080642045082e-01
1.607850455456140359e+00
-8.459671310841940794e-01
6.800504263629043589e-01
1.770708941631973898e+00
-6.842622121273862490e-01
5.173177716233845480e-01
1.338869201220337590e+00
-1.573160604075381608e+00
5.660800252744793148e-01
-1.842369544507213297e-01
1.424737861694205243e+00
-2.584537726695065318e-01
1.282427166520350714e-01
-9.481715911171023636e-01
-1.701209685512833580e+00
-4.881916141300396417e-02
-1.329317283236192693e-01
1.744263885095737487e+00
6.005452346309645417e-01
-2.883151475942586361e-01
8.123735657999537896e-01
2.666600320417605863e-02
2.121094921722307625e+00
6.948913001466994199e-01
9.865067792238239042e-01
-8.005817544657590767e-01
-9.237607892805045351e-01
-6.477268500135889839e-01
-1.774542291588254439e-01
1.207341434078466058e+00
-2.024041943997033854e+00
-1.499514729207090669e-01
1.045619982764598443e-01
2.465874798843661897e-01
-3.330821589841038710e-01
-8.864155195670192500e-01
3.485436746309986816e-02
3.347097706534776784e-02
-1.217417270150719766e+00
2.336026218596979342e-01
-1.854225356745106801e+00
-3.021419149282178918e+00
1.316658548579273891e+00
-4.954310673769254936e-01
-5.860745949130674592e-02
-8.666108309096376416e-01
1.821069505788088516e-01
5.606659492764036745e-01
-4.361755431776048741e-02
2.012284488869753307e-01
1.192059407278922789e+00
3.881934667625204227e-01
-1.201343064662143689e+00
-1.271427805926144572e+00
-9.758830559525606407e-01
4.056880860802835054e-01
6.672350983569281802e-01
-8.193137356901090129e-01
-4.096982586478911115e-01
1.989972547884659715e+00
1.309283549128141599e+00
-9.107679001725528245e-01
-7.286886326702191052e-02
-1.707227479531907566e-01
-3.143556607455824103e-01
-3.872716589831107781e-01
-1.643619830956859207e-02
-7.899733227932279056e-02
-8.826292233263207665e-01
1.613418997168386826e-01
-7.981728466094273333e-01
-1.178827978687966849e-01
-1.544510301546320741e-01
-1.433591833313699437e+00
-1.712100166153612157e+00
6.966538685838755685e-01
1.583826740165132363e-01
-6.179502673059203977e-01
-1.567452843986087530e+00
1.411866666145479954e+00
8.241723491582879646e-01
-1.012839066653115294e+00
1.475370467613313918e-01
-9.953110888091942776e-01
-1.472482521687556556e+00
2.661331795761562313e-01
6.282637240893270691e-01
-1.527948876163075509e-01
-7.844346267741051371e-01
-4.555569303891734978e-02
-8.555674577102894141e-01
2.390333778475160209e-01
1.660205792326483021e+00
1.386834308033623397e+00
8.217225871915329050e-01
-3.504861846295891370e-01
1.782400694482618064e+00
1.160096044536884197e+00
1.673420362608601941e-02
-1.769304718972944390e-02
1.645610317294522451e+00
1.333872589163352274e+00
1.537193835675014220e-01
-6.136211319188423774e-01
-1.339943169602685780e+00
1.051437916631583480e+00
2.388941516992249436e+00
-1.760883022219812633e+00
4.742896130165050184e-01
2.155332204994369477e-02
-3.272890612477928340e-01
-1.554087927085600063e-01
-2.013817869752972944e-01
-2.044625346612360950e+00
-2.066536785152428113e+00
-1.099627761894859113e+00
-6.759276200747567076e-01
1.069529230909535278e-01
-1.461300057737468627e+00
-1.382753858432369753e+00
7.822489674848334129e-01
-3.491267113484284867e-01
7.357882980398231521e-01
