-4.723905204297608185e-01
4.452520068161547329e-01
4.145825973360248717e-01
9.037903067634812659e-01
4.872876564258765142e-01
1.512589856127334043e-01
-4.037007832143066910e-01
-1.639224232218478572e-01
9.406839996355844669e-01
-2.163962375862695242e-01
3.354596945992184831e-01
2.792692031482563730e-01
-2.338900345099165223e-01
-6.497699093871975862e-01
8.295551814993000761e-01
6.840155709812055507e-02
4.686601181259121285e-01
-5.742815222899889591e-03
-1.638763453486524746e-01
-3.142178418140965102e-01
3.009637079275699345e-01
-2.922628581381966906e-01
1.143885421504398509e-01
-4.749776259004575563e-01
2.254203722921843678e-03
6.841798308203520529e-01
-1.472785152131689534e-01
2.645382113505798105e-01
-6.781600364181179508e-01
3.628196177923002086e-01
1.310354701889657747e-01
1.029080755009726733e+00
7.767444072560014678e-01
-2.755833429809763091e-01
-8.531446937724035395e-01
-8.709785624952339766e-01
-4.703247543657554930e-01
-1.071297234461237036e-01
4.252066200304479016e-01
-2.244763693944133165e-01
1.092575194995284216e+00
2.637636965985872828e-01
-4.740183070691567080e-01
6.928316774550020707e-01
-2.679217364743690100e-01
6.486430569753749431e-01
-4.678364866658138999e-01
-7.651796705319034997e-01
-5.562877926218932068e-01
-1.143870706344348065e+00
4.317950539678518385e-01
-6.523354955447989711e-01
-4.267444148616041377e-01
5.390296612107139951e-02
2.598200490714554500e-01
-1.743323459953835530e-02
2.804185787181153189e-01
-8.384014475084347606e-02
-9.404251698489659583e-01
-3.425976089220104104e-01
-9.537868226673481553e-01
-7.731598972258071356e-01
3.437016053952912653e-01
-8.220442293018576096e-01
-1.765289952948935870e+00
-8.931046491577788737e-01
-1.121958360934832977e-01
-7.420508534476436546e-01
-1.387072223073047894e+00
-4.752922534555730216e-01
-2.111915576358533719e-01
6.775872928160906472e-01
1.751264530779380046e-01
-3.006698976688052527e-01
-4.962158999293073136e-01
-8.817289863065951305e-01
1.235606106540070581e-01
8.335122725355679218e-01
-5.122476720514633763e-01
1.259779099819772430e+00
3.071710353551269923e-02
-1.802970676146652962e-01
-3.547804046620826046e-01
2.622129812828691287e-02
-9.952426373137350790e-01
1.427577868634176406e-01
1.961096073841557819e-01
-7.238064407781288345e-01
5.113807138681577547e-01
1.012345382917112291e+00
-6.617995654032277075e-01
-3.627063241833181073e-01
-2.147908061885490660e-01
-7.675788476065720234e-01
-7.951768978218110018e-01
1.502234666435269539e-01
-8.631540391287291225e-01
-2.451589181562862652e-01
5.989408542969630878e-01
8.379469809982923456e-01
-7.607865457520635033e-01
2.760747227957069949e-01
-6.433342160972956858e-01
-1.717154670716948550e-02
-5.000910082296982501e-02
1.210645149501992313e+00
-9.261984673798135947e-01
6.929614554595265874e-01
-5.911850933048568013e-01
7.304169356198150220e-01
-5.355868739812198465e-01
-8.715367981151078691e-01
1.593914169325100216e-01
-8.148472542318220199e-03
4.914483815791026999e-01
9.095821838645066215e-01
1.324612409770606458e+00
-3.131945472468657815e-02
-5.902448784076441690e-01
3.775088618384614403e-01
-5.830727539291327144e-01
-5.805830916640845052e-01
-7.063850487775440445e-01
7.439796400186606817e-01
5.696173478949005942e-01
-2.028348839839163587e-01
-6.407103515611749511e-01
3.305139921714721485e-01
2.566832105491162475e-02
-8.907271371863456633e-01
1.001649737532640749e+00
7.525612063677418195e-01
1.862597465379315087e-01
1.488655991905258325e-01
-3.120577556289594323e-01
-9.666035993775604629e-01
5.797497638230830752e-01
-9.467047307423201441e-02
-9.478244457436517667e-01
7.448699091699354513e-01
-1.267070461015587512e-01
3.272349493966765777e-01
1.793332482128683347e-01
2.829118190661777388e-01
8.036841875863434126e-01
-2.862773431248912259e-01
4.387822806700384520e-02
-6.232498699195234693e-01
6.154324204958581124e-01
4.412110414488995547e-01
3.416073606320452760e-01
4.018413986997464438e-01
5.884788751907491511e-01
-3.374823974278580163e-01
1.684720864524340556e+00
1.366301678217143323e+00
9.905415952601607232e-01
1.891717672320800403e-01
-6.277166320747500361e-01
1.750118336928053742e-01
-7.557466504900229864e-01
7.174597773869874351e-02
-3.179395626700789457e-01
-4.376789624002651313e-02
5.961003688324122418e-01
-5.198851873765923948e-01
1.154695303841816401e+00
1.114966187442116285e-01
4.923864611649798051e-01
1.321905262268021186e+00
-2.810826413714701544e-01
4.519784340199413664e-01
7.016830499518843522e-01
7.262848605136505986e-01
-6.252237032416455564e-01
-7.341015337052110290e-01
-5.198635547713078564e-01
-7.821928668885318459e-01
-9.841822599355883050e-02
8.635183670096898689e-01
3.383705863841157679e-01
6.336912999773740562e-01
-6.036304156918624875e-01
1.102703017741928082e-01
1.671815963495257573e-01
1.154070943787550707e+00
2.047153991330133704e-01
1.122590281209479235e+00
4.357366451984281963e-02
1.606525928098452294e+00
9.902995121553375135e-01
-9.266705396736993894e-01
-2.475878558943540586e-01
7.093603004433867154e-01
-3.632749627711245877e-01
8.447846078664656977e-01
3.294035206804448723e-01
-9.039428880142714728e-01
-1.996751770845744400e-01
4.163179444106779870e-01
-6.903173335840875335e-01
1.060381191702777892e+00
1.829620942779750237e-01
-5.631204213858569396e-01
1.502809159676798068e+00
-8.463798846005317067e-01
4.167470447089675067e-01
9.305143241045602531e-01
-7.852082455800974969e-01
1.262876915167289393e+00
6.139653404053819763e-01
-4.040531351064670651e-01
-5.247622491611554363e-01
7.004020275784195171e-01
1.619259433408517301e+00
1.093951218043972329e+00
-7.638170510479060926e-01
-4.419664391201371112e-01
-5.068468444750997559e-01
8.212167055898615953e-01
-6.260529636611387172e-01
4.692061921353820053e-01
6.434703801192100947e-01
4.663906608726656744e-01
5.048815680642451120e-01
-1.104212593584885882e+00
-7.400682788191149664e-01
1.615162091055280524e-01
1.524949301581527861e+00
-4.256613246294903563e-01
-3.002527068953079747e-01
6.014497357657111465e-01
1.272172121205338569e-01
-1.684297517341669659e+00
2.886180324320271051e-01
-5.196640422809630788e-01
4.059595056667354707e-02
4.418143674828162726e-01
-2.318682530719031187e-01
-1.385549688165729654e+00
-1.843928677112060821e-01
1.191043085270465651e-01
1.072807523448983780e+00
5.114558609684468626e-01
5.334705382454816291e-01
-3.288756937131082081e-01
-5.964361102712408824e-01
-9.040299300536820404e-01
-4.935836391404141987e-01
1.150701621235179051e+00
-9.111017913224783715e-02
1.117639532678286196e+00
5.494925618985760929e-01
1.510329180151823991e-01
7.459237718854261345e-01
-5.055914551070708196e-01
2.532256059097964251e-01
3.453530038622610321e-01
-1.542322121631121368e+00
-7.928181828940967790e-01
-1.531808620633168250e-01
-5.453766359701808786e-02
2.125316968199908452e-02
3.384199814892133173e-01
-8.857451024678411056e-01
