-1.257998322406484182e-01
3.376363038871606492e-01
-4.358273170097598515e-01
4.100957054283232428e-01
-2.510918531171701940e-02
-5.992132948413756433e-01
-3.644737265031686713e-01
8.526783421701658039e-01
3.497649827758859131e-01
-8.390702626079463711e-01
-8.902235408259979721e-01
-4.340622274076595399e-01
-1.314016668916548891e+00
4.427783048567472401e-01
-1.971127401519474409e+00
-4.382526516254595106e-01
-2.841878038545724294e-01
5.820490832687805760e-01
-2.786026596257619725e-01
5.031671948979450359e-01
1.783272096240300364e-01
1.752750581352951753e-01
-9.573225989565332661e-01
1.348221168047350371e+00
3.656287880429438530e-01
8.964770735460916296e-01
-3.787836450811891131e-01
-1.112771390783199310e+00
7.561065521621096464e-01
-5.719527566111635153e-01
-4.922928972747787069e-01
2.272353406606632958e-02
-4.483997392598707554e-01
3.292047829770528566e-01
5.108894671471333471e-01
-1.615633658621304258e+00
6.278197431979565257e-02
-2.944926346427241826e-01
-3.459135098142799958e+00
-4.889504412598865701e-01
8.490020644603729627e-02
-9.120383374874535543e-02
7.023747669874205179e-01
5.778068244069092252e-01
5.967692425984113536e-01
-1.597887290482514766e-01
-1.121572528930020018e+00
-4.444633586804237757e-02
-9.149859694825644985e-01
-2.383826441710025779e-01
6.277208266684978222e-01
-6.800417952187723380e-02
6.017491529483809387e-01
-7.931246251789736412e-01
-7.298993630630883356e-01
4.062825126017788335e-01
2.209934528936905451e-01
1.521741399982204479e+00
-1.610518076374919616e+00
-1.789950519808561014e+00
-8.769291839929223287e-02
-3.723263408197680091e-01
-1.923963920731483812e+00
-6.520626605841077783e-01
-3.977563159125096504e-01
1.121640859662723644e+00
-2.906116211909154923e-01
5.621369021861458704e-01
-1.839699614623793444e-01
-1.539634885597643388e+00
-6.170497472527235461e-01
8.615259212582117021e-01
-3.689188295649983851e-02
-1.100889199918687056e-01
4.907549223787168180e-01
7.542137567424433975e-01
-2.920701638027298208e-02
1.056568162412247602e+00
7.292736343956163214e-03
-1.317457623594500582e+00
-6.194826284358396773e-01
9.219726348561572971e-02
4.062183665078704098e-01
-5.117090460619890813e-01
-1.434624519132853493e+00
2.049343279120202088e-01
-9.615036148337537947e-01
-1.768144679727939872e+00
3.682105388912383370e-01
-3.073547717337555413e-02
-2.334135416887379855e-02
-1.043722955613826109e-01
1.102438672223593485e+00
2.976326410920374088e-01
1.977017871040693375e+00
3.763078094142061625e-01
2.257928918204124003e+00
-1.423259764430329088e+00
-7.987526922484287084e-01
3.665410412263490070e-01
2.823226694596701503e+00
9.969402216319911414e-01
-2.077350587483644428e+00
1.174899447346519632e-01
-1.293487950873015435e-01
-1.846050697377634442e-01
8.582857535688193096e-01
-6.292363751534920668e-01
3.169670862614882290e-01
-3.882928103774474504e-01
7.168368177856594414e-01
-5.078624300801100333e-02
1.490327587092239725e-02
1.360269913949577303e+00
1.550131025801914642e-01
8.395930973826842836e-01
4.258959845271400035e-01
5.956244476482437378e-01
-2.438385987106072017e-01
5.543434514275247249e-01
1.450584358066414614e+00
-2.544839110819053785e-01
1.141861172624975662e+00
-6.242897004016211282e-01
7.402074083574505803e-01
1.199149971112000723e-01
-1.797364115065238910e-01
-1.905204959923504360e-01
-5.432452080323409982e-01
7.801543581434546848e-01
-1.171010197306045608e+00
8.941589186204272899e-01
-2.996872854943645470e-02
1.393843659397828172e-01
3.809877076266351414e-01
9.295106427048710485e-02
3.943161590045302090e-02
5.577697039493749731e-01
5.156571840077291968e-01
-6.275055718954065664e-01
5.779399706062212649e-01
-1.300600122641133005e+00
1.712945393844895470e-01
-1.193159891114831339e+00
6.284722392215679188e-01
-7.033645544882569656e-01
-8.567013123834963384e-01
8.503522839408701461e-01
1.989790680210066498e-01
7.798883669378215977e-01
8.833687818541725578e-01
-8.600359898835463479e-01
3.156145041838434584e-02
-6.976260724528148272e-01
-6.986506212976584251e-01
-1.556751270906142626e+00
-2.660055503392161902e-01
-1.329449125111273000e+00
3.375318306158276993e-01
-1.473891023386756927e-01
-3.238650925608193010e-01
-5.911614093091015487e-01
-1.747659393139141260e-01
-2.311696668782732556e-01
-1.004812498533562026e+00
1.225731550598589292e+00
-1.332592875468701643e-01
-2.892496664357363523e-02
9.479503913037081730e-01
-2.287398879776542771e+00
4.663590797262831544e-01
-7.816748536439942496e-01
-3.421610762539314399e-01
2.510995074588555642e-01
-3.183510984589125736e-01
7.988104631152375124e-01
1.461286195100873764e-01
-1.868774589072630388e-02
1.624467523001165370e+00
5.332764249349308816e-01
-1.054195554204086227e-01
-6.683693168747661950e-02
1.883688097433214637e+00
4.946653715293085618e-01
2.648867408493590370e-01
2.875017232020002367e-02
5.578130571607768928e-01
