5.121837034542411349e-01
-5.059454694479161851e-01
8.572462705882688550e-01
-7.129220024666584887e-01
-9.507297254828771527e-01
-7.897749076384133482e-02
2.370163404207048241e-01
-3.347199571933632267e-01
-6.170609641428435044e-01
-4.538609467638644035e-01
7.456442942591519074e-01
-1.407421456786287273e+00
2.279719267123071491e-01
-4.386721860762882175e-01
3.616904199914512397e-01
3.661728815352927047e-01
-4.523957975288662725e-01
-1.735405713118929327e-01
-1.951813031703630574e-01
6.217898355334058880e-02
8.070027695820762847e-01
-6.612579630429262778e-01
-5.803564766699147448e-01
-5.767311592534485332e-01
9.680815359769481820e-02
1.138893296978747527e+00
-7.859203167975072901e-01
9.672896818238427841e-01
1.625539310862910980e-01
-2.140586806198692571e+00
-3.843809954003681861e-01
-2.931380146818598487e-01
4.609091638009238379e-02
4.728232633137317009e-01
-2.859073267433607235e-01
-4.381657464688259451e-01
-1.055017592657228054e+00
-4.934387176485434123e-01
-6.156432995459055757e-01
1.219927719032716684e+00
7.518943731814762277e-01
1.460659315164308247e-01
-1.658391395109215960e+00
-4.865295191542564068e-01
-3.989661065842504684e-01
1.150811085990333993e+00
8.747973111152169690e-01
-1.913420284138715455e-01
4.300492750920033580e-01
1.421557981411010196e+00
-1.053712334487666158e-01
1.051121449209252434e+00
-3.171767602897607174e-01
-6.386480080254586245e-01
2.879782043858876150e-01
-7.556976285501443291e-02
-5.300117386503535588e-01
7.481804421021551743e-01
1.040380233127439880e+00
-9.125040603115393001e-01
5.147601935301614473e-01
-5.047023800011639638e-01
-8.916444416869429013e-01
2.695163830849375275e-01
1.156793620243264931e-01
3.899401037115071689e-01
6.942495355061029105e-01
-9.717549840003918415e-01
-8.188540437980873499e-01
-5.138825223952634413e-01
-5.930051659774790984e-01
-3.956661963905141466e-01
6.689706207521977088e-01
-1.283372049890801336e-01
1.283129849430820535e+00
3.925464862825946977e-01
5.091691936843492639e-02
2.315038797612197219e-01
2.065915731715123327e-01
9.959310139747425961e-01
3.627791028266823536e-01
8.337316747128965533e-01
-5.720222673603061470e-01
-1.033440684519901342e+00
1.530672753383832130e-01
-2.783471775075843091e-01
-2.528076148340644980e-01
9.915546298897934818e-01
1.000527241252176625e+00
-4.724188463398350524e-01
5.591488906540785786e-01
-5.207569732002349516e-01
2.883674283437714925e-01
8.503763261709784693e-01
-5.986701618896728139e-01
9.253442415185775261e-01
-2.319398491041568811e-01
-4.464083263908968369e-01
-8.984673121680318841e-01
3.305450100160385318e-01
-1.298316624080670945e+00
-5.245530078673912300e-01
-1.244365377288088492e+00
-3.284529628641595922e-01
6.761251495440010473e-01
-1.264202748228264728e-01
1.589116035762341950e+00
-1.474683566092932496e-01
1.405705863422949675e-01
-5.812527091744108532e-01
-5.885515940100589649e-01
-5.232680910957585585e-01
4.047677641594564779e-01
-2.194883541395986071e-01
5.803200765719687126e-01
6.308869410263664435e-01
3.430921262112224257e-02
3.221871385600517668e-01
-5.569056367330031954e-01
5.337223704112797895e-01
-3.694610224846393010e-01
8.716527849308564058e-01
-4.243992076480412878e-01
-5.529410502028304641e-01
4.070530618965169101e-01
-1.029665136603169939e+00
8.050440142167163415e-01
-3.704771328613006842e-01
4.574716484290498597e-01
9.807751091227491225e-01
-6.548289702098419873e-01
-2.851121397503035837e-01
-3.444711608175443640e-01
-8.479735295558759045e-01
3.923378038333942275e-01
2.340493623603797646e-01
-7.869327833787731485e-01
8.497811984837357890e-01
-9.914976344593723345e-01
8.422352037194918983e-02
4.102345986026316449e-03
-2.670484959044072681e-01
8.900569326893128519e-01
7.701010646865620313e-01
1.021025196172530514e+00
-6.302067179085304449e-01
-8.371188436865035776e-01
-3.849668849460800013e-01
-1.317747106347141872e-01
-1.069189216335840076e+00
-2.749894355392104583e-01
2.357958786126096717e-01
-8.958224345064590421e-01
-3.090316494821730986e-01
-5.075120663179215619e-01
5.495675391329431919e-02
-8.703121420697164101e-01
6.072689451979586955e-02
-8.306782965603298763e-01
6.890593501309173474e-01
2.351889908371218862e-01
-2.875393808684933994e-01
-6.489128525980838447e-01
6.511716763830970311e-01
1.579579855517743381e+00
-7.659844024101143400e-01
3.494222600320041616e-01
-6.119202817455834248e-02
-8.075679519884703117e-01
-4.521954527630930865e-01
3.161868793629006857e-01
9.804286511292105433e-02
9.426322979542495206e-02
5.270833684328056490e-02
-5.201829276898839449e-01
-8.990510375607335680e-02
-3.128305849462009736e-01
-4.455504720016962850e-01
-4.656504275546637928e-01
2.763805392777651804e-01
1.188858437454530570e+00
-5.991209036751230510e-01
-2.612233135385766958e-01
-2.595872966652935654e-01
-1.355610105486655836e+00
-2.106897556512606684e+00
-1.577295965519756926e+00
-1.335585691220453342e-01
9.703451015682453829e-01
9.635478788871431055e-01
-6.350759057881678604e-01
1.046452804306469420e-01
1.006917786606124771e-01
1.486380272749358245e+00
-1.766435763011085514e-01
-2.686291465561330138e-01
-9.673301630602901824e-01
4.442650811391010146e-01
6.184796401034623470e-01
-2.206508927465818393e-01
-3.051799229005262570e-01
-6.523701185909331901e-01
5.730618112732041025e-01
-2.172604836109231385e+00
6.778218804666031883e-01
3.610179565648224953e-02
-1.502403581620553319e-01
2.892900956991689698e-01
3.774168046022076117e-01
-9.390072216570963803e-01
-7.914999778086451165e-01
-3.235366386362926172e-01
-3.249161705957165913e-01
8.243279799251806983e-01
-7.266571270471793298e-01
1.250889777535276082e+00
5.005990017913641843e-01
-3.366464132066175896e-01
6.356729975520131193e-02
-6.463616709292692164e-01
3.322837057030759711e-01
-5.854945279274990089e-01
5.117911200691320772e-01
-9.029441102501316596e-01
-5.459458538277762729e-01
3.795806656110967126e-01
-1.481255408800051354e+00
2.973522351259499930e-01
-1.939153542077330372e-01
8.748503180817002178e-02
5.549008686112764099e-01
7.575828989902704258e-01
-5.711032175349648465e-01
-5.848443469987019139e-01
1.887747662024595041e-01
-6.546205217905232132e-01
5.036626807854507337e-01
8.297595718246633667e-02
2.385769175646554885e-01
5.479305196589842053e-01
-6.422589241096017254e-01
4.103124872456415662e-01
5.659418828167928073e-01
9.164410414554688966e-01
6.189468909703641497e-01
-3.532645548792705537e-01
-4.181726913066760032e-01
6.050543251932862798e-01
-2.246141572099767669e-02
-2.645214588628236885e-01
-4.873003933534069132e-01
8.553808765377818313e-02
-1.777643841950239390e-01
-3.510050207659742849e-02
-1.499757327125546547e-01
1.701618038585104090e-02
6.197172705067144349e-01
-5.376551229824133582e-01
5.998092551375710374e-02
6.945927280642818502e-01
-5.634706998888039386e-01
-1.059581532883625554e-01
-6.956314941965580090e-02
-6.176816789514860684e-01
8.463556978009928455e-01
