-9.821226275103256409e-01
-1.492403936223083871e+00
-2.471446379838782847e-01
-3.134677994440908666e-01
9.387445060555572596e-01
-9.861055598316773585e-01
9.144530944713238352e-01
9.556515868581114681e-01
-1.660877518048570645e+00
-9.230617327898746338e-02
2.512128025199942827e-01
-1.587231410867719239e+00
2.648401973355072325e+00
-8.794807131460278260e-01
6.761657697722736060e-01
1.425472557236175941e-01
-3.664192448762882970e-01
6.829706489809200809e-01
-2.360640563545810255e-01
-6.982886515348827317e-01
5.713304425853091839e-01
-2.770456702726152298e-01
1.254525188273314662e-01
-7.687201753457956199e-01
5.440082604472439298e-01
-3.726863417316873539e-01
9.511740033603222066e-02
-2.158374964809487428e-01
4.621598091276668541e-02
-2.391507671637550736e+00
-7.906582757847663290e-02
-7.773678126821483847e-01
1.273394209892781959e+00
-9.819268408276713433e-01
3.430054217400950733e-01
6.153323087510136347e-01
1.078309917174742782e+00
4.318698760253624203e-01
1.605827650472732016e-01
5.959497943696522304e-01
-9.012717020624515518e-01
-4.653052940291152462e-01
-8.801490383247845273e-01
-9.994195663298727217e-02
1.175780138415432607e-01
-6.687955160374918773e-01
5.320089535226103505e-01
6.624367921003084803e-01
-8.793172557518079691e-01
-8.609411370071217151e-01
-1.152448794719644343e-01
-3.122779272892525770e-01
1.147155365960347950e+00
-6.471576786967875305e-01
-3.189072670568422474e-01
-9.771942935375834693e-01
-1.970480901055628786e+00
6.894535078590918742e-01
-1.790715991982886779e+00
-1.087750558559110958e+00
-4.491671865319653012e-01
1.303891514760194270e-02
2.482956548359105120e-01
-3.520120589306161007e-02
6.297662162938091335e-01
1.453998832600683189e+00
8.746381706892455421e-01
4.733328644850718914e-01
-6.014672266371402509e-01
-8.491346331566521632e-01
9.086625741858352923e-01
-9.905542216128265798e-01
-5.044369659761993585e-01
9.055944861978689753e-01
-8.178197708445609226e-01
-1.028349862213591592e+00
-3.662374023091825581e-01
-4.899821380403960314e-01
8.418174902938646564e-02
4.073692227752722661e-01
7.158536812765097235e-01
-5.705605793862740249e-01
-1.194968042422808630e+00
-7.931441854239111855e-01
-4.411759729307981326e-01
-7.228282766391715963e-01
6.308098745274682839e-01
3.154690220192765127e-01
1.440490753403267654e-01
5.310774325391308670e-01
7.450235994994929278e-01
-7.156373682713939033e-01
8.952178678401578882e-01
-1.196883229254467107e+00
-7.663027371776887087e-01
1.876263571307398570e-01
-1.503699787025135903e-01
4.932939959828548382e-01
-1.516033541433385867e-01
4.909227429621784156e-01
-1.263406662974986272e+00
-7.030788544407942098e-01
-5.487491423779377042e-01
-1.640171241306009886e+00
-9.914907965863412054e-01
5.750545922259788778e-01
1.018348008711876140e+00
1.221113203624273780e+00
3.931909155660189281e-01
-6.951421976031505467e-01
-7.758376949619816276e-01
-7.917186477009587886e-01
-1.195703080813661501e+00
-7.661414167895221894e-01
5.145026275413373540e-01
3.625835954391094518e-01
-8.563567908239229087e-01
-1.900877175602278535e-01
5.489691555833802195e-01
-9.415431219886962744e-01
-1.061285888352589746e+00
2.160079145485282459e-01
1.268009461042585995e-01
1.524327441663528848e+00
-1.232518274174322803e+00
3.405551664157174252e-01
8.688107001339038238e-01
8.468424196004492588e-01
3.945322571847265092e-01
1.505312434283532452e+00
-3.574615024348098968e-01
1.216394253779264495e-01
-3.482098353894678144e-01
6.480634687489650325e-01
-4.962248755712174164e-01
1.905435632891122610e+00
1.846854403997325589e-01
-1.156713287303059445e+00
2.714639684963248145e-01
2.511955421488267781e-01
7.324163335286700827e-01
9.590589661505444230e-01
6.458823972060157015e-02
1.757481116278195588e+00
7.313461206175638774e-01
9.435160311804677846e-01
-4.370312462755417959e-01
-7.289649989914269712e-01
1.543946614066955103e+00
3.523196630897608150e-01
-1.157034335211496012e+00
6.544402476989347184e-02
6.709901455416736327e-03
-1.163047383832651160e+00
-2.092101433033438096e-01
-2.159860493043148366e-01
-1.086996853017125453e+00
-8.167782711606532686e-01
2.053535335963341535e-01
1.102111030458084118e+00
1.442237849679941064e+00
-8.849186064276066688e-01
-8.498387153035315000e-01
-2.986323877302480279e-01
1.162738537385914206e-01
1.143859799667475419e-01
-8.831990134436747131e-02
1.070858018957956626e+00
4.522168071393614097e-01
-1.019889547563431975e+00
-2.223981709707381349e-01
7.813487550487933087e-01
2.345143610245176702e-01
-1.436609086990325856e-02
1.142648610290111222e+00
7.505871354739875878e-01
-1.918206861686778675e-01
-3.296986200259928168e-01
4.475607120781081028e-01
1.992464429688766414e-01
2.477205508195695072e-01
7.460124386010655861e-01
7.611890355840877920e-01
-1.240096978527930105e+00
-1.198992747446579576e+00
-1.510447417811605353e-01
1.285757397516114287e+00
6.851734534298038470e-01
1.360543919106817212e-02
-1.597554496458320816e+00
7.148304774563833952e-01
7.364173520489669666e-01
-9.730251857686573747e-01
1.351805551724583054e+00
6.227184999003609889e-02
-3.006232484491596635e-01
-6.766127326954106680e-01
-1.668839877568547347e+00
4.938197678822381365e-01
1.495549308776045194e-01
6.294269276302585370e-01
-9.584987598039967915e-02
7.440982528797335238e-02
4.520642654784595149e-01
8.216554427010207551e-01
8.813273243508322752e-01
6.024208874625155419e-01
2.391521482421573586e-01
-1.713793844782730780e+00
2.778840574456792889e-01
4.859093952194996069e-01
-9.191007772640243934e-01
9.957703190017401784e-01
3.358175199312649073e-01
1.347796638718218754e+00
-2.328372669768880299e-01
-1.119651048472709853e-01
-4.286114934700333001e-01
-8.585931692194916920e-01
6.530090899222998901e-01
-8.721240001267070996e-01
-3.053681895771478416e-01
-1.930476584945879148e+00
8.523057376721903111e-01
5.689659899010641730e-01
-5.988579342033578667e-01
-8.784779934829978210e-01
6.304370951957473102e-01
-1.550346253365900151e-01
1.021307046211657132e+00
-3.764156383970324593e-01
9.958903041710782666e-01
-1.140216066170447240e+00
-5.809419470087014981e-01
5.387997823019149424e-01
-6.577734589677572963e-01
-1.808500987618699707e-03
-2.390101872238518943e-01
1.509099516279364783e+00
7.325562654178879862e-01
-8.563930281687037738e-02
1.183841978070997891e+00
1.309215729957567298e+00
1.473203470715181318e+00
-8.622586669368930146e-01
1.868635793134196144e+00
8.007306715792081864e-01
-3.781785081283721150e-01
-7.180593944956937813e-01
-6.939140022635581495e-01
5.944661942382268860e-01
1.073897331478642192e+00
3.110023078644582051e-01
-6.731358799167390383e-02
4.427514920426871559e-01
8.446165438016290938e-01
-2.053071999357710398e-01
7.934159647286254113e-01
1.248714373715502424e+00
-5.096675257244869250e-01
1.709920074577456761e+00
2.081977590913477449e+00
-4.403013466669490894e-01
1.191862332862481999e+00
-7.451698336005362355e-01
-1.071920989287716175e+00
-1.035527698964290449e-01
7.551987188108509885e-01
8.272772835104316713e-02
-9.086954932644198957e-01
1.522806224977499623e+00
7.439626515611559299e-01
1.097508970516024807e+00
9.141621043008435477e-01
-8.556058028966736506e-01
2.122962393733158204e-01
2.686530983726796440e-01
9.667860065723919982e-01
-3.805779715117937334e-01
9.499554969855309450e-01
-2.623345895216157020e-01
-3.272459195559296319e-02
-8.148299397264910371e-02
-5.317541122277852361e-01
-1.587417925137283303e-01
-7.117297925901885369e-01
-5.536273562135044513e-01
-1.283982042937751311e+00
-4.380651280302394479e-01
-8.758003518840563606e-01
-5.883611063324167834e-01
-3.683493950436274034e-01
-7.506618158947793162e-01
1.350547218278413952e+00
-7.225208536051099806e-01
3.370015452588376870e-01
-2.315105789244979451e-01
1.241312979843016473e+00
1.408604612360168318e+00
-6.187361442777252751e-01
7.059563226584502083e-01
3.929151880518139683e-01
-9.027699642203124153e-01
2.100511617276798193e-01
-3.515565515844333855e-01
5.822842685167113341e-01
-1.496442572036044361e+00
-5.884153144662573887e-01
5.616663228849527734e-01
7.306075149699052806e-01
3.639663931362733251e-01
-1.081848323338494566e+00
-8.171226073002717527e-01
5.011476873025541567e-02
-4.964089137860049350e-01
2.875211232301350117e-01
1.521705666918235389e+00
-7.303079277715443518e-02
-3.380408772776666293e-01
-1.217746449279531795e+00
1.179238111504455455e+00
1.003106128000881281e+00
2.384284635643666661e+00
1.349237127061096331e+00
3.163770110455973311e-02
2.330025327156333148e-01
6.330559805008550978e-01
2.482378718663048600e-01
5.712304867707405087e-01
3.519654806665449831e-01
-8.761475937602205555e-01
-8.598499123276652778e-01
1.565117645536663327e+00
1.209314471641753652e+00
-2.591857827707942930e-01
-1.145024681752059514e+00
8.030390467891603823e-01
7.422958927521875472e-01
-1.821766467581837690e+00
-1.446362315875076243e+00
1.408455016680500993e+00
-4.375550222181983501e-02
-5.642868529311845238e-02
-1.391361415317736716e-01
2.206572209091937964e+00
1.136256473470178691e-01
1.620441487437765948e+00
-2.547568952168302037e-01
-1.597970865499874771e+00
1.010786726562741711e+00
-8.024380216753319583e-01
2.662899849424313903e-01
3.469122373326955500e-01
-3.216368826169653250e-01
-6.208095362091554659e-01
-1.305207866527112737e+00
-6.664733477036890452e-01
4.490344556012912935e-01
-4.905405885851631398e-01
1.443242000175932738e+00
7.473329921398264020e-01
9.667608083778091999e-01
-1.175950076676707923e+00
7.529357286949740491e-01
-9.922802090000543140e-01
-5.144150913109153400e-01
-6.876714875693555884e-01
1.190933167377656199e+00
1.770375268690857373e+00
