6.213350683987083345e-01
9.067030992541722512e-01
-1.054263713193425156e+00
-4.335214710571297370e-02
-4.006323187083284942e-01
4.537720685823987687e-01
-6.075429577174458196e-01
3.367498235362017533e-01
8.940649030518791340e-01
5.450413501174905528e-01
1.144850861718925472e+00
4.818214530904834647e-01
-3.078883298087939924e-01
-8.719556564486248273e-01
-4.405025066243181686e-01
2.531106626410105087e-01
-4.102332513115362067e-01
-7.184276165468661546e-01
1.306745684891129189e+00
-9.030149820384276715e-01
-5.405069457350784035e-01
-2.361055479507562227e-01
4.257658909514471790e-01
9.726158290944683649e-02
-1.302026314102127325e+00
-2.180743282712535036e-01
2.193812988143123074e-02
6.209168026722778899e-01
4.669301845074603774e-01
-2.199524674693176252e-01
1.652637493258451440e-01
-9.128713547918785309e-01
3.000188071113544797e-01
3.744229547270381819e-01
-9.096095902208930495e-01
5.390217181340326569e-01
8.480322481395756729e-01
-3.771681378545990726e-01
4.641520870930287979e-01
-3.756160225044568590e-01
4.482539937581513367e-01
-7.982676056110127316e-02
9.423409361335016721e-01
2.915556982594538216e-01
7.341521702289307560e-01
-1.511637170916235173e-01
5.939798701997610619e-01
9.931328736406335178e-01
4.877084021499610844e-01
7.195863863453549891e-01
-6.382017949121838729e-01
-5.357524891667767575e-01
2.223388560263470648e-01
1.661087470835681090e+00
-9.020939339680402250e-03
1.257301647170482872e-01
-5.453993102463228215e-01
-7.547079302452248672e-01
-2.721562944893472502e-01
-6.950890332306483010e-01
-6.191123852832722818e-01
1.046216743689993844e+00
-1.130122132766596010e+00
-5.445095795782730619e-01
1.912854651569253772e-01
-3.668130946556568128e-01
1.109290991202495746e+00
1.074187449230833868e+00
2.504250994032025113e-01
5.811373545441842481e-01
-1.373985957252640278e+00
-1.797135350355433259e-02
4.934097920258449510e-01
8.297790512399738638e-01
-5.252871118012304441e-01
-8.418839727493587777e-02
1.055213548415766978e+00
-3.973078597818535118e-01
-1.139347320206913483e-01
5.087255846500866596e-01
-1.872910893842951591e-02
-1.147796354063427726e+00
-1.586951325212307695e-01
-2.819424287972963072e-01
-3.765855167057851616e-01
9.942678564070480673e-01
-3.197789502919435867e-01
1.049858032193494939e+00
-1.115206674005005727e+00
-8.868207709000308636e-02
4.834210522613423544e-01
1.072621459596541094e-01
5.391368157206018197e-02
8.593954875225858769e-01
7.643996802400244706e-01
-7.074017216960819254e-02
7.059030023961653244e-01
-1.509766952623886604e-01
3.608212890475223644e-01
3.616182751728708178e-01
-8.510575800803179547e-01
-4.002804070771341927e-01
-3.487953873897641777e-01
1.034693980545234426e+00
-2.658290703700727509e-01
-1.069730505347934901e+00
-6.010263863819379493e-01
-4.386057473832021825e-01
-6.252319725242351245e-01
-5.561415502887623319e-01
2.842542357876655656e-01
2.442400538400094634e-01
4.598937640410816208e-02
-7.659532155462852598e-01
4.284322341640768861e-01
8.533644070934806036e-01
4.533069157097175395e-01
1.300789410137026814e-01
-5.299902787101329338e-01
-7.094084900417610418e-02
-1.833467446410628754e-01
3.370012965377623682e-03
-4.729114094461838724e-01
5.728539627987990768e-01
9.491294453568244194e-02
-1.405851199155451203e-01
-2.928491825782455482e-01
1.693356103545264890e+00
-4.882340889045199139e-01
3.302646540878759751e-01
2.480073012209886574e-02
-1.336294884177876785e+00
1.036684484119966720e+00
-1.031838362687574007e+00
-1.726141566767712243e+00
-4.320300980359745857e-01
2.726526588647671945e-01
-3.760568589899228042e-01
1.133986392064219473e+00
3.701665329851653863e-01
-6.494016839075325009e-01
-2.009687654851941840e-01
5.904836523749179555e-01
6.718045539640715713e-01
1.519663900665492617e+00
8.285576978228352818e-01
-1.338389635261371335e+00
-6.547275096721141274e-01
-2.187646068327414595e-01
4.274538312118665861e-01
4.826137744638452909e-01
1.418459423550526788e+00
3.045171114264630940e-01
1.614789832484894161e-01
-3.821466084391537121e-01
-1.804459764382332909e-01
2.652223274435948630e-01
3.415360499733094413e-01
-1.494686488693090620e+00
-4.480493908369128642e-01
3.589262006186684228e-01
7.060008911488733219e-01
-7.142249597566427410e-02
1.004275257018076184e+00
5.633602710361469423e-01
4.644482545284661090e-01
-9.418058352615772399e-01
-7.188776911268507375e-01
5.863433016044266033e-01
-4.051056519924409183e-01
-9.960879122570250876e-01
4.881045027241351919e-01
6.512701960334401630e-01
-1.644802379451182350e-01
-8.812150997423964238e-01
-3.805008713794366670e-01
-6.441370899746146073e-01
-5.830992848562521758e-01
9.569975456116025514e-02
-1.008777476493741831e+00
1.451868707296514627e+00
1.681954890690683824e+00
1.388561896360521519e+00
-5.411448088101896703e-01
5.263693665300848978e-02
-8.399143256652203959e-01
5.328532088975286296e-01
-1.771273803301642191e+00
3.870435026058405836e-01
1.232231124039526726e-01
5.256773962702885328e-01
-7.455634425977146762e-01
5.872911546227269630e-01
-7.568119071381493868e-01
-3.691264716396694401e-01
2.600919258647088061e-01
-7.639448800189657662e-02
8.436436136911911188e-01
6.458342044051275099e-01
3.224775943338588080e-01
-9.966684733467617852e-01
8.630481753541282552e-01
1.337244010227992330e+00
2.034257560474158344e-01
7.272692929524442462e-01
5.079346388720696881e-01
2.330622024285233795e-01
-2.662141691346377459e-01
8.043329746091218979e-01
5.028988728019988530e-01
-4.233994583405776835e-01
-1.094991449261824457e+00
-1.320153247635414140e-01
-5.023004580923315920e-01
2.144462061140724463e-01
1.155885816432159763e-01
-3.782828636407038758e-02
3.216884699037046991e-01
-7.545706770686197995e-01
-6.587551746628600435e-02
-3.782854996545698123e-01
6.549917040097750220e-01
-8.413494577223122883e-01
8.416028611284186445e-01
-4.556941825233397081e-01
5.083945292280150907e-01
1.410373991755636602e+00
-3.138260227369268907e-02
9.269180516915860313e-01
-9.308481901686553872e-01
3.310547505729700690e-01
-8.270312117286727771e-01
8.824636395671009437e-01
-6.103610315301869482e-01
7.483214517495310192e-01
-8.292581483126634789e-02
5.368465819387355786e-01
1.292874785393136605e+00
2.516122695135600829e-01
1.851069069536015466e-02
-7.523628645882750599e-01
3.749747994555030495e-01
-2.654375858689753676e-01
7.212322726829718533e-01
1.573633623616291777e-01
-2.122971040718048819e-01
-7.723120908592308043e-01
-5.134230444102599877e-01
-1.152899449601050286e-01
1.715095775704318815e+00
-9.982632890247618018e-01
-1.693440170139665080e-01
5.277114705805228123e-01
1.084599652386126101e+00
-6.943255969937733862e-01
7.974787557119679404e-02
-6.512962606311104019e-02
1.348229057924067997e-01
3.022473572741435355e-01
4.971627972679880658e-01
-4.827195136797951536e-01
1.265399053617718428e-01
6.371213278815313075e-01
4.897544374216000751e-01
-1.790224184625279491e-01
