1.794006577336880959e+00
7.252886313689043130e-01
1.091223360473955406e+00
1.901738361915339848e+00
5.480823963495315421e-02
2.869819108257024576e-01
1.301397204825320841e-01
1.016528855521600327e+00
-1.909444068199202871e+00
-3.122304684014637344e-01
-1.232831163429959354e-02
2.646397652992889427e+00
5.166548094754022102e-01
-1.123097664240624294e+00
-9.669958637646258737e-02
-2.090219269981711925e+00
3.296939699171778093e-01
-9.637376602867870901e-01
-2.012034354326486252e+00
7.223708878954144819e-01
-6.484050196295523261e-01
8.823910257260481060e-02
-1.687511109584601543e-01
-8.144294494717232435e-01
-1.516622286469488934e+00
-3.538125224211742248e-01
1.002585049575923648e+00
2.477755784529795058e+00
-2.010186439989871232e+00
2.763738468631948830e-01
5.746332732920858000e-01
-2.863465571103739560e+00
-1.784176240710493744e+00
-1.838166509760210954e-01
1.379790966803358554e+00
2.710394333578825421e+00
-1.270156952435255393e+00
-2.520318095620539545e+00
8.101641552528876522e-02
1.756072152543109777e+00
1.505272312812077296e+00
9.057586409947060435e-01
-7.294313212415791670e-01
2.023356071531573486e-01
3.696184982808160824e-02
-1.407964891098156812e+00
8.118737677410294840e-01
1.190822512968106039e+00
-2.729355058021069036e-01
1.757666759537436452e+00
-2.595960565122735542e+00
-3.992341342272593407e-01
-9.937627646972405637e-01
-1.238268681131454940e+00
-1.560125848194928277e+00
-1.479872648456569850e+00
9.508048331143743592e-01
-1.403841410134551160e-01
3.703187428593843755e-01
-1.252005544258044001e+00
-9.729598211939934904e-01
5.164282838142553178e-01
1.034790252949179923e+00
3.380315942541587404e-01
4.356119935625610284e-01
-2.294429284693406679e+00
-1.009808560241217457e+00
-6.623815691666923300e-01
-1.321147103742768003e+00
-8.151317672651844370e-01
2.331140243694117542e-01
2.517137423367585281e-01
-1.760131655292175745e+00
1.232536487024456784e-01
9.591519744073834230e-02
4.208331195155022852e-01
-6.829434745055431577e-01
-2.561653074724981050e-01
-5.755473016588277813e-02
1.378896008196988099e-01
6.716940395440160749e-01
-9.815321515950485576e-03
-1.716820706872654867e-01
-3.276503703465646344e-01
-6.848602990449201844e-01
-1.181696432913748929e+00
1.386110885095963141e+00
-1.904612072705063497e+00
-9.250833218058834850e-02
1.746955675441315692e-01
-7.997296633818113953e-01
-1.097206996466686402e-01
4.934701043654861063e-01
1.656876160131112607e+00
2.919913879183499983e-02
6.508373459722400778e-01
5.825005749360083751e-01
-2.139784704809659655e-01
8.340141286700317735e-01
3.207190245068037848e-01
1.473170997934245108e+00
-4.234320871849349688e-01
-5.897784340945211312e-02
-7.976618497877265845e-01
-2.288352219850803837e-01
4.620367779995900870e-01
-7.526961182174360943e-01
3.594548916194180710e-01
6.626190187605058846e-01
2.933775888050037750e+00
6.808450094757484417e-02
-9.713900476586165844e-01
-1.458769041919041332e+00
8.671856841700033014e-01
-9.059727627148157492e-01
-2.305392820807952603e+00
2.305306098543968396e+00
-2.753025062028976455e-01
2.107624958408662111e-02
-9.352375891644004735e-03
-4.649831379484002936e-01
1.342639613972542723e+00
-1.290632383549263462e+00
1.360431459140943655e+00
4.906774202921243555e-02
5.968899481827831810e-01
-4.524406836485328043e+00
2.557006313706358114e-01
1.161623895866306100e+00
-3.455677456142121073e-01
-4.829575572068538492e+00
5.525549709360522144e-01
1.652034744222284024e+00
-1.142676308027452237e+00
-1.979025789289264314e-01
-5.961713330649294207e-01
5.364391198516986758e-01
-1.091414995644874431e+00
1.023326934431562640e-01
4.486456670156325766e-01
-1.245668184635741804e+00
4.324112878991422382e-01
-3.247150745546540374e-01
-2.362236349627967691e+00
-1.011283588721055171e+00
-1.440494202611503294e+00
2.696953763353356071e-02
-5.327470451653930628e-01
2.835243248872624022e+00
1.016750236869813140e+00
2.769656119369787728e-01
1.792164372643576087e+00
-4.445480184596216633e-01
-2.044495244846211701e-01
3.263011789603174506e+00
4.157459191354627714e-01
6.623579642378571997e-01
3.325999986481577686e+00
-6.691965087298286097e-01
5.249023561419883244e-01
7.469781499595107288e-01
-6.604038473999164438e+00
7.823422483031903241e-01
2.276668448579385329e-01
1.775821447210290893e+00
7.845714405540267222e-01
1.776001498321607253e+00
-1.841438197537112131e+00
3.159363274631890484e+00
-1.296200370221297860e+00
2.592276524080317501e-01
1.045903393665927217e+00
3.896288957036453393e-01
-1.724467573489560479e+00
2.205683208619879654e-02
2.306620747903471991e-01
-2.159742801834333648e+00
-8.058337772639817542e-01
7.468904888406252551e-02
1.341576474693507048e+00
-1.448969451061631886e-01
-3.971466801360401533e-01
-5.728501360388238428e-01
-7.085060494361294925e-01
-8.404615890647193499e-02
1.317345425256053471e+00
4.316449771835578764e-01
