-8.663520759702698637e-01
-1.019728099455478487e+00
7.475173098554666051e-02
4.236511893625968028e+00
-7.070727009486493797e-01
-4.331449218077962904e-01
-5.818132118115468820e-01
6.484260765900085044e-02
2.561303851136209175e+00
1.700390359918201533e+00
-1.153303771111734877e+00
-8.732956907821872727e-01
2.295628665638310917e+00
4.743217587082522169e-01
-4.868142187522677689e-01
2.198834310360084365e-01
1.062643568700895269e+00
-9.741887461730515119e-01
2.682925832207602390e+00
8.563920190695574197e-01
-5.133823370635306915e+00
4.185756626368274946e-01
-1.546748065093627167e+00
-3.487972733145499937e+00
1.025231777482194628e+00
2.543166988123687355e-01
-7.247659668918264853e-01
8.894506702040754220e-01
-1.798350712512595706e+00
-6.434035690224940929e+00
3.037836181176579942e+00
-1.393357943322280468e+00
6.037590136234648464e-01
1.632600735878191600e-01
-3.802964355335713975e-01
2.019353338344198334e-01
2.365388437001570698e-01
-2.833648272571154259e+00
3.651355495725426836e-01
-4.120354346586644345e-01
2.168452716458848073e+00
-3.477409597918333928e-01
-7.163968027824278995e-01
-2.744685822572431988e+00
8.748086733387288039e-01
-3.876227088020888223e-01
6.474031105044059098e-01
-4.073539695074634537e+00
-9.336465501498294461e-01
-1.066502279045736579e+00
1.137984806734900767e+00
-8.295907633517045632e-01
-8.699896354678874344e-01
3.017500182407497622e-01
1.820276047854329393e+00
1.925005083452835386e+00
-3.514280386460383876e-01
1.665762938235265667e-01
-3.154157275278404171e-01
-9.278368857890045840e-01
-8.350831920372291384e-01
2.684264961340471212e-01
-1.873400864492379414e+00
-5.658966318340264756e+00
-4.426918029286917466e+00
5.667421424446221767e-01
6.164527223378832299e-02
-1.777554445224138746e+00
1.467467542001270164e+00
6.464013527313368090e-01
2.057308297045039591e-01
7.980190391847099551e-01
-1.782016360979975789e-01
-9.053506315408614835e-01
-7.386062806813894488e-01
-8.787003952190814982e-01
-1.396850957666857518e+00
-5.376994976384015246e-01
-1.484421054555970176e+00
-2.232044409257252088e-02
3.179429291129961532e-01
9.189707892042764392e-03
-2.534141194904903083e-01
-4.053357921782618778e-01
1.146679943955037251e+00
-1.266213115113002718e+00
1.734454716528995188e+00
9.210906637711201439e-01
-5.291391782186242176e-01
2.250155826438777762e+00
-2.460877879555074532e+00
1.984290967887900159e+00
-1.027477616804068683e+00
2.748031248315885300e-01
-1.282243765287500059e+00
-4.380932823124811248e-01
-1.436944211386830331e-02
-8.056187387388951127e-01
1.011326806573122017e+00
-3.650779158728698626e-01
-1.871979398516483206e+00
2.329853544536126808e-01
1.829757279494754973e+00
-2.331348521146321406e-01
-3.874045986380033613e-01
-7.098805109434296323e-01
-1.714284514508003898e+00
5.573788368214884770e-01
8.177141431629870727e-01
-7.795154330841174151e-01
3.103464769976600479e-01
1.452801190833685752e-03
1.095280036637750198e+00
-8.814671364477667526e-01
1.169994692997958108e+00
3.783532004807987903e-02
-1.517456902487485992e+00
8.455899464949861999e-01
1.697164627648680035e+00
-1.781236687434295529e-03
1.596966932118300209e+00
-1.668318115966624493e+00
1.712663270666460624e+00
1.491947543920720820e+00
-2.533983143636419633e-01
-5.442528535352237906e-01
1.912306431509204874e+00
-1.588111974575082019e+00
-1.930414158005246517e+00
3.030958659682962408e-01
6.284411193106967386e-02
2.928905939539567793e-01
-1.509127925684126126e+00
-1.909543113952147708e+00
4.434181904746580249e-01
-6.230625751568777737e+00
-1.243985634868061130e+00
-2.517213556834727584e+00
-6.386623467891044958e-01
7.082867839732056581e-01
-8.694161388457535278e-01
6.271855429490920120e-01
6.503803916927720641e-01
-2.152545725142006316e-01
-1.129733838165200455e+00
3.852479340637949834e-01
-4.186818357027375370e-01
-2.118611108467061577e+00
-1.275001635089191843e-01
-8.320862841629077522e-01
1.788195248007568905e+00
-4.500106395198130715e-01
-3.566358109461146064e+00
-3.731740744081297745e-01
9.917362628455603790e-01
-6.472705580898530098e-01
-1.997815649716485398e+00
-9.144006225274644573e-01
-2.078732147364792837e+00
6.443382228450023064e-01
-5.747401634740674226e-01
2.404408834340976409e-01
-4.729835282353497483e+00
-5.292505611875170102e-01
6.867289643761416151e-01
-3.874039210707213576e-01
-4.453344405867191158e-01
-7.936354104856335745e-01
1.308626617105117296e+00
6.143099310518748135e-01
7.765339987240886810e-01
-8.163898355028544052e-02
1.034376452182624306e-01
3.283585242547318317e-01
2.398006526609748779e+00
1.191669754336080578e+00
4.676626523738385832e-01
-3.656689619576546368e-01
-4.931561799725649453e-01
-1.010489902806981366e+00
6.809176214360408430e+00
1.896150066513173638e-01
1.114289800449429269e+00
-1.611937457983209310e+00
1.549441447447814424e+00
2.801156306438662980e-01
-1.842503548754583553e+00
