7.690468752380557049e-01
-9.605492729138542796e-02
-1.025827704663753170e+00
-6.422512621748850403e-01
5.490754735651385277e-01
-9.873900692794088663e-01
-1.777916708854132277e-01
-1.059774224023479539e+00
2.313410006238380223e+00
-8.123102027250705959e-01
7.191620343589451014e-01
3.779592901873344291e-01
-1.871636847377100343e+00
9.052223295124528502e-02
2.630550085886635969e-01
-4.390809909647201970e-01
-7.840444705998832475e-01
6.132220434865820469e-01
-2.966184891024996606e-01
9.844742646404400221e-02
-1.135581852024434429e-01
-2.126957575036020343e-02
9.903576074141412500e-02
-6.511943933325852196e-01
1.479918630550172587e+00
-1.345407199164870615e+00
-8.440287250086210280e-01
1.496315245086353940e+00
1.318627574490852439e+00
1.423373833600872773e-01
-4.914741586751975033e-01
4.244700644650903354e-01
-6.665468509015481935e-01
-1.507914615858831908e+00
-5.599646344865698566e-01
-8.992833002355159477e-01
-9.139890793561395999e-01
-3.191618418863739759e-01
8.520314580173153907e-01
-1.300782603525608039e+00
2.467673580296992242e+00
-1.144862110916339271e+00
-8.163272917565945752e-01
-1.303313354893581355e+00
-5.054482733652454485e-01
-3.596771500231782381e-01
-1.365084270505404707e+00
-2.605351865815008772e-01
-7.167352188293035775e-02
2.867077421759582911e-01
6.138333826994415432e-01
1.890263069700268028e+00
-9.196853733753124205e-02
3.195449474727884986e-02
-5.327671075740796347e-01
1.154802959159564324e+00
-5.483603469674915853e-01
1.391509116418392367e-01
-1.655145619272722080e-01
-2.057776086928978510e-01
6.901311674614007963e-01
8.321548256306885438e-01
-1.040505563385844212e+00
-7.131436255741192554e-01
1.244914792599360220e+00
-6.331032182168150335e-02
-5.615772533972093750e-03
1.952415214877773586e+00
-1.259867856887203041e+00
-4.973336352238239555e-01
6.599674198210013776e-01
4.421335247794992984e-01
9.698161914095790870e-01
2.304066140119558348e+00
6.627387502069427283e-01
-9.387595577379648226e-02
-8.618608945920840370e-01
-9.064831452059616268e-01
3.698260716574423013e-01
3.272073831228194951e-02
-5.500996545398777471e-01
-1.797104097948336587e-01
7.603185701838490740e-01
-1.033740616163566717e+00
1.073751693421305609e+00
-7.533984867741372327e-01
6.814262649284190676e-01
-1.576519708570323530e+00
-1.328833745176943193e+00
-1.420206423795312700e+00
9.714139455644736909e-01
-6.842750938992270271e-01
2.040415287279999657e-01
9.740071465163723241e-01
1.863748684143986534e-01
7.194841539529084340e-01
2.883097683038638934e-02
2.330382134895703505e-01
4.993069895966741334e-01
-2.999104763195056811e-01
-6.957806303530994496e-01
-5.071238791431073034e-01
8.048440312036388988e-01
-1.003144410138633535e+00
-6.602171602665196648e-01
1.696286767419961317e+00
-6.606897483528226811e-01
-1.063960387573656519e+00
-1.239617923226992158e+00
4.101000878656644311e-01
7.969200791433306286e-02
-3.141997443144376678e+00
6.350489485492547548e-01
8.394429342986158282e-01
-1.560095989576022468e+00
4.070205478177202352e-01
8.849212003925885361e-02
8.448474020716465471e-01
-4.629806968617302676e-01
-3.045807755380831039e-01
-7.812031076369629901e-02
-9.771880896198760214e-01
3.855781411272239945e-01
1.842500921395022750e-01
2.551752405753806574e-01
9.282923047229354463e-01
-8.617208844319055316e-01
-1.874416788232470543e-01
-5.581019763282142332e-01
-1.263265731463653285e+00
-4.695071643523128779e-01
-5.614124674917566615e-01
9.151543612041129760e-02
1.388185217826632956e-01
1.367800610162511754e-01
-1.473427603379161566e-01
7.111128131689290477e-01
-8.068257229914952422e-01
-3.020204120059168496e+00
2.075626336129561267e-01
2.343294328335907006e-02
-5.285396973527352049e-01
2.881175068499995939e-01
2.364048693935994372e+00
3.143700260117986645e+00
-1.485759388858217900e+00
1.284537170258847727e+00
-1.787370571837433753e+00
-1.207407373081907098e-01
-1.458058703035862269e+00
1.331488014565105349e+00
1.531500958631233145e+00
-6.616380136997576100e-01
9.288348910083601417e-01
-2.650781196195401979e-01
4.020586432489414719e-01
-1.447568950992433601e-01
9.399739590893815278e-01
1.256228327238873677e+00
-4.661866134106742443e-01
-5.378361044814718994e-01
5.711114279839727415e-01
8.273685760680756784e-01
-8.970925834944674104e-01
6.242984091208762798e-02
-1.201280859247335853e+00
-5.966849605028621273e-01
-6.952893545548628484e-01
1.159355618566279222e+00
5.555464640558409606e-01
8.517604728534046155e-01
-2.115256215064744705e+00
2.564480880086073555e-01
-1.528109430775300037e+00
1.034056767363924934e+00
1.972253916282417974e+00
-1.341614867826623758e+00
7.640908336720160232e-01
-2.880848424817797238e+00
-1.544516447319032038e+00
-1.332729749843526212e+00
-1.198059768749138332e+00
1.224211436453279678e+00
-2.823933404904751532e-01
9.565435432199028698e-01
5.257897147118448800e-01
1.784633826467549311e-01
