2.157071855033210195e-02
-1.139247640561994901e+00
9.285845124872956768e-01
-1.212179177570818833e+00
5.327634448456881888e-02
-1.376949307916878751e-01
-3.497158346072225532e-01
3.259248059262352948e-01
3.265219678204513976e-01
-9.673129135109018728e-01
5.003723349731885595e-01
2.817921041156309925e-01
-1.187777901240807177e+00
1.255047762915827647e+00
-4.536116175675075635e-01
-4.388471549012972206e-01
-1.251425398666189404e-01
-4.773530562763348972e-01
-9.621376078097698681e-02
8.180609130558088582e-01
3.455940136574671695e-01
1.015178794497921810e+00
2.938047645633962146e-02
-3.255712615513999819e-01
8.508097843584675468e-01
-4.227176256277697108e-01
-9.734972398385409731e-01
3.046342015748223497e-01
1.101472996027095530e-01
-1.817209376860441372e-01
9.953336956842878669e-01
-1.967561726342006989e-03
1.909846688640800261e-01
1.207679627693485358e+00
1.249276819215986156e-01
-2.903797282028666715e-01
-1.213636399914396868e+00
-9.483656367672099741e-01
-1.166660797558306317e+00
3.052266575536233262e-01
-6.476517539698403714e-02
7.024060498158570809e-01
-7.309808149760146367e-01
1.983593396063901837e-01
6.465639816606867374e-01
-4.546436958561039798e-02
-8.569722510714193886e-01
-9.621373748861264397e-02
-3.716094257211573493e-01
-2.993412021777902554e-02
9.820352816775875793e-01
1.660849754467913775e-01
1.058230419506583919e+00
-8.117329784368282342e-02
2.770806380669790236e-01
3.171547415827427607e-01
-9.577931882742056757e-01
-4.634998609849637630e-01
1.446383498376181964e-01
6.377802127622966832e-02
9.911301241019663255e-01
-1.256418436987608300e-01
7.876194726356769982e-01
8.184870427257874281e-01
-3.888740938097002831e-01
-8.579205861441783210e-01
2.478999218320371289e-02
-3.329145723059023787e-02
-5.594460394547970949e-01
1.356552013416201019e+00
8.975616842721819699e-01
-4.302933995124508249e-01
4.592526089167572878e-01
1.289466427737634147e-01
-4.301708788003408279e-01
1.219451817750472344e-01
-6.276855058664960740e-01
-1.526275370459733993e-01
1.008512266710268890e-01
4.588679147399990499e-01
1.712736630908578417e-01
2.240758298541640769e-01
3.711320804863716960e-01
-6.163409215491471027e-01
-4.172509328865104949e-01
-3.702227291212071836e-01
6.557449747366219661e-01
1.032479542372806813e+00
1.014527245824801804e+00
1.814106989341621179e-01
-6.618032746675608369e-01
-6.024109699511077665e-01
-9.001031966415770080e-01
-1.608666551102371223e-01
7.123984084005834383e-01
7.576902134332134109e-01
7.914704791513940130e-01
5.818801385094711509e-02
-2.952944425250467742e-01
-8.890798493332287000e-01
1.254524895583698951e+00
6.526952717557533701e-01
9.071065531549749039e-01
-6.787188144148369462e-01
-6.242161085965240996e-01
1.131229403873298400e-01
1.205878110620095811e-01
1.018325280523601828e+00
-1.280134422020596796e+00
-1.963922822168340798e-01
-7.383853257954501315e-01
-6.668660598952154128e-01
5.412652635465348139e-01
9.240288423611781043e-01
6.357900740802804318e-01
-4.433411498443339815e-01
1.760743112328843618e-01
-6.596018478977443422e-01
2.766456030949221434e-01
-4.394525822577443064e-01
-1.157593906264095418e+00
1.426809112268011548e-01
-7.066868786002867830e-01
-7.979189960127670567e-01
-5.817990580784745402e-01
7.769712990781147965e-01
1.798232042851837797e-01
7.885157521134685821e-01
-5.037249293637907632e-01
7.857288205884736809e-02
-1.174670046756651542e+00
8.442939661312555133e-01
7.710978732611136754e-01
-7.870004096319903608e-01
8.248081132185007824e-01
-5.754025881794690989e-01
-6.889507534773263719e-01
4.992380900600926763e-01
1.232356145613715953e-01
-1.475456121638490103e-01
-4.563962678935724049e-01
5.101055527801365841e-01
-7.044821447621413268e-01
3.241239044320241569e-01
1.201546617757894564e-01
-9.984460913562254181e-01
2.010021427689702711e-01
1.450396907301352845e-01
-1.466589208822873247e-01
2.101396905208843258e-01
-2.743222234998035636e-01
4.416041412961084767e-01
-3.618918605714865344e-01
-7.821781233248360499e-01
-2.359536677777780353e-02
-2.748718937820220365e-01
-8.614971527349140068e-01
-1.333758993508299129e-01
-3.423066138861495800e-01
-3.687363672479899157e-01
-1.087466422633080798e+00
-7.034560660948763200e-01
7.536081025673732059e-01
1.215699062079823145e+00
-9.517876237241237325e-01
7.225078996842664303e-01
8.228554472093791983e-01
1.329584459805990493e+00
4.150718411246026585e-01
-3.095697239825367375e-01
-3.142865774469085771e-01
5.308500359715464523e-01
-9.261740029512270933e-01
-6.461111447683502984e-01
8.626389069015572009e-01
-7.013573268716616349e-02
8.414667458719375936e-01
-5.820930747880648237e-01
3.253454804214563345e-01
1.341605716156173134e-01
1.898663607195544278e-02
1.773728329093341993e-01
-5.006801851247677515e-01
-6.347029443111991132e-01
-1.161475190807135904e+00
5.683818007052888754e-01
6.840940171175262652e-01
2.351824016255988081e-01
-1.070981249221718334e+00
-3.034227678449676335e-01
-5.626874976214862878e-02
3.114087033343959088e-01
-6.957295041636993860e-01
2.480966494146201740e-01
-1.651373196611343463e-01
8.025073571212900658e-01
-2.806641950760626059e-01
-6.881252415331092775e-01
-1.098320516974133021e+00
6.139456168887945653e-01
-9.694464992839350037e-01
-1.406903581693247363e+00
-5.996597110303305556e-01
-7.519299651803024176e-01
1.238381119887752124e+00
-4.794983680988961217e-01
5.179110820809926796e-01
-4.128505070557116352e-01
-4.766336202440635827e-01
-8.734040848150952108e-02
2.586639871681835068e-01
-3.666488529007761454e-01
-6.441119062392003380e-01
7.451621440593122481e-01
4.162897058599437372e-01
2.306966648110283513e-01
3.943400901561354699e-01
-8.494985787994024928e-02
-7.181211865423873242e-01
-9.057994785917400371e-02
-2.956369644641036465e-01
7.530818886131850354e-01
-5.095794896376527605e-01
7.566927122924954618e-01
-6.864500269005946453e-02
-5.626023628280225619e-01
1.679381620041250078e-01
-7.142419333424762096e-01
-7.302380927231667540e-01
-5.087624049863890274e-01
4.952385711958738890e-01
-2.379414129756682594e-01
-4.038448515723132015e-01
-3.884241336993664584e-01
7.406554303338526157e-01
-1.267440901423176614e-02
-7.336813603347925872e-01
-3.406571616531103852e-01
-3.760732579650027385e-01
9.200890044642029419e-01
-5.016770239095524886e-03
5.814973482015981521e-01
-5.201962076392657730e-01
-6.679648660066928034e-01
-5.919457138076695824e-01
1.213165341966551958e-01
-6.897251390018239725e-01
7.620474469616695945e-01
-3.279776409216620947e-01
-2.871000892678116645e-01
1.138931628463619061e+00
5.162219457894339225e-01
9.180376608646449998e-01
-8.709532504818732201e-01
-2.330211985649150996e-01
-1.857231927051157250e-01
-4.000943560191857484e-01
-3.380266267878641595e-01
-7.676532092711344513e-01
4.904921371362380711e-02
7.135292335264521446e-01
7.318715588270954808e-02
6.699862965658300862e-01
-9.643341618023515416e-01
-9.898334540907218759e-01
-1.281179400114969669e+00
-8.383941234214420390e-02
2.687178907795598204e-01
8.648112531356301202e-01
1.436087072898390160e-01
1.895308497148509574e-01
-1.106131325429981160e+00
5.981038662003027584e-01
7.166285749488819912e-01
5.368907500768911323e-01
-4.456243948701951174e-01
1.888461751392353227e-01
-5.686317092647662497e-01
-8.633635112700598357e-01
7.566737504869734954e-01
1.726315466219876249e-01
-1.639563736425750651e-01
4.829316416376681076e-01
2.241463334971988131e-02
-4.654190669230410388e-02
7.582411331969025614e-01
3.953766160849884193e-01
-5.684116561090329922e-02
-6.347135334968616593e-01
-9.192976583300520588e-01
8.257211822397444445e-01
6.091599717551664933e-02
4.196453881152376053e-02
6.430483306315936121e-01
-3.920424749079280957e-01
-6.498909382280863012e-01
-1.819025969290262446e-01
9.917373810429372938e-01
-2.717818165366902017e-01
-3.627723880821412950e-01
-3.005592175613689965e-01
-1.690537692693046268e-01
3.857673633211543551e-01
-6.252096681900072284e-01
2.084234083106886737e-01
-5.018939564479407700e-01
4.452318163735972667e-01
5.647033973971106180e-01
-3.782834490246836934e-01
-4.840334158259398945e-01
1.035424718986772685e+00
2.779891429067629094e-01
2.778116283834979328e-01
1.027558767003321050e+00
2.538210759864079069e-02
-3.460745831719814758e-01
-6.787337303117748633e-01
6.656396528938305357e-01
8.938563146533791137e-01
9.781166384162838234e-01
1.039650018334521558e-01
-6.036134912306864164e-01
-6.919880482378095721e-01
-5.764169766049490606e-01
7.850505460044131523e-01
-5.076134114293529009e-01
5.293006380955725398e-02
3.980502118900912656e-01
-1.240473150314403972e+00
2.718557892292941536e-01
1.327287255133261512e-01
9.629198995645755765e-01
2.535100325249204367e-01
6.589088356038163008e-01
9.569806595714560604e-01
4.738317081893055338e-01
-4.462186401425796700e-01
-3.964688811569342386e-01
8.013015255963653605e-01
3.020686940709346735e-01
-8.557653294469372840e-01
4.412275163458721505e-01
2.504547832651835559e-01
1.030685435808402328e+00
-5.034740708260484476e-01
1.977747504039644999e-01
-4.793175570775435324e-01
3.451027812285043517e-01
-2.653814651164896343e-01
-4.195132678203675192e-01
-3.328955353191271338e-01
-5.763256193764184632e-01
6.204661918208217303e-02
1.043711411324355298e+00
-8.527992868102679536e-01
2.363483440947267700e-01
8.157036585500749837e-01
-6.957705768373042554e-01
2.844018871105427060e-01
-5.309105625001943052e-01
2.882551760414793218e-01
-4.414468731185940964e-01
2.911626683659250814e-01
-4.096155398012802373e-01
6.361076313681905958e-01
1.015544758339395282e+00
2.705372842538643630e-01
-3.080484357255785510e-01
-4.652313961505837314e-01
