-4.852506667032652210e-01
1.321948288897786039e+00
-1.612047119324201694e-01
-2.397875514229085847e-01
1.198149711000592088e+00
4.677140497244234862e-01
2.740255543072100397e-01
-5.754197106732804601e-01
4.555490610351119463e-01
-4.159535920738511861e-01
-1.224212302888233461e-02
-2.049153137144623660e+00
3.498275863782888129e-01
3.866151425252749574e-01
-5.399552191030068116e-01
1.108215687209384848e-01
-1.796542335936157420e+00
1.179992528811788288e+00
2.295456082633639261e-01
1.454791381104560077e+00
5.942865195739817086e-01
1.494892494605895461e+00
2.744316950952307987e-01
8.738654212557578349e-02
-6.876007726981983037e-01
-6.365811739273732894e-02
-4.310085352014653148e-02
-7.127283853372723410e-01
-4.030700749080650125e-01
-8.173710157901625806e-01
-1.102948376770034544e+00
-8.487313874754944809e-01
-2.317418575630400268e-01
-1.538282979449832055e+00
-9.667794126086775020e-01
1.681756216700137085e-01
-6.258398894090195785e-01
5.880242562400802564e-01
-7.156281848213259800e-02
-2.676698687925284648e-01
1.147914631594224577e+00
-7.056555863343503265e-01
-6.807918985499454845e-01
-2.312788687085393313e+00
-5.123762461895786657e-01
2.042361690965546206e-01
3.491242626754296752e-01
-9.407307169286275306e-01
6.994705942745109706e-01
-1.217639384858113794e-01
-5.873854499021502473e-01
-4.260207567788662497e-01
1.136406865555132484e+00
-7.869995350085788877e-01
2.163633478428078905e-01
-1.219851492860684949e+00
1.269875642207708655e+00
-4.643895014091659057e-02
3.252351588458580522e+00
7.089858151911214712e-01
1.618841314496062944e+00
-3.584585312573097815e-02
-1.486960777496875830e+00
-1.022158962607626842e+00
-8.317766162673770891e-01
-7.920128425395527305e-01
1.130953276015306708e+00
-1.312201473329172474e+00
4.273416560886755255e-01
1.352221990031342802e+00
-2.042972608018910341e-01
2.671793520687558154e-01
3.323047276192153121e-01
-1.802403677580768915e-01
-3.190389111596733107e-01
-3.009349533089114570e-01
3.200656847567786567e-01
1.595087864324448157e+00
-1.623826182236883353e+00
-1.583144695713758210e-01
1.242768678335617327e+00
-1.555046033084614310e+00
3.047940646379103669e-01
-7.963749307761855967e-01
-1.713093941460452907e+00
6.763779031189563751e-02
-9.374860196941491308e-01
1.960575750878492673e+00
-2.162131951845361666e+00
-2.931742400488705491e-01
-6.498768486326600424e-01
4.940982407236524931e-01
8.852104090242035594e-02
-1.276916157901951010e+00
-5.460649492833884178e-02
-5.646127009148296239e-01
-1.184804891441088692e+00
-3.046137833994486677e-01
-9.121537853680161678e-02
1.552231459589583917e-01
-1.205676905309167379e+00
-1.327014862078258917e+00
-1.281399304819363094e-01
3.860100668272249957e-01
9.642987862079607786e-02
-2.303598122681106641e+00
5.597791563699302531e-01
1.861087746646544194e-01
-7.278689204197086315e-02
1.378495315116404107e+00
-2.354207523250670397e-02
-1.132024068019402030e+00
-9.905158577987317470e-01
1.775571591314796693e+00
-6.463069259478815276e-01
-5.374197261558344429e-01
1.239040886032263700e+00
-8.216899129175559979e-01
-3.624950256128751935e-02
-6.867075758051148782e-01
-1.643397987745808253e-01
1.025300827341910193e+00
4.161896805236856567e-01
-6.179926401250366297e-01
6.348854092177719233e-01
-2.588520995238088873e-01
-6.935243278096205888e-01
9.506935571759107528e-01
8.036255982765636574e-01
-5.058812785937577550e-01
8.370473135621674388e-01
1.141504816563597036e+00
2.655569407593168507e-01
-1.408098283179334054e+00
2.422874922802942810e-01
8.147383901914240223e-01
2.119529022561465470e-01
5.623361559855961644e-01
-8.829600540227252603e-01
-6.102715959353396391e-01
-7.680646712395216014e-01
6.240253448090393729e-01
-1.379556076807604559e-02
-1.035474764036538264e+00
2.632484667020395186e+00
-8.338652555975630820e-01
-7.182698732897510041e-01
-8.938522837863366322e-01
-1.126081109169067229e+00
7.052434379482691584e-01
8.894197727086808891e-01
-8.380563051849830858e-01
-5.217682764781554905e-01
9.982330678448960715e-01
7.476378803190181221e-01
1.968572684095885927e+00
-3.446838805238751080e-01
1.040683002535831847e-01
-6.119316380770349895e-01
9.976789388460205465e-01
-1.097908033229084701e+00
1.193065449936681510e+00
-5.869213216472332073e-01
-4.391283522310582277e-01
6.160471241505168782e-01
-4.532345371390738009e-01
8.224739061534799278e-01
-1.684517752066233554e-01
3.439445867023132042e-01
-8.312572863460633565e-02
8.364087022763816437e-01
-3.500404416975706479e-01
-6.697992605720854975e-01
-8.399562029368705662e-01
1.319242244401471975e+00
4.315321137618805536e-01
6.747761653918309122e-02
-4.216216497119806284e-01
-5.348831443688006893e-01
5.595541019164528285e-01
8.593428839978977107e-01
-2.563403354824603242e-01
-1.540467179035494905e+00
1.320010659545266529e+00
8.735454680550305273e-01
5.095578962056586114e-01
-5.134775794557847606e-01
