6.144726421547832551e-01
3.593059704591122228e-01
3.981063530581024912e-01
-9.550944211556784413e-01
-8.678393085148790043e-01
7.367726377811987248e-01
-2.445187361079850685e+00
9.347293872722444164e-01
-3.897843702208013406e-02
-5.290827668989741550e-01
3.583103381576658308e-01
9.813029232139600655e-01
-4.355487455201867419e-01
9.627974054534303994e-01
1.360106712968154330e-01
-3.136439450473602175e+00
4.462381514968991603e-01
-2.430710220010946498e-01
4.801656019838319023e-01
-5.480619484283153625e-02
-8.169056575183055724e-01
-8.265369509889246569e-01
1.149061576384045935e+00
-1.170351081399537474e+00
-5.809160919583756799e-01
-4.325660906896604263e-02
3.725639180113735627e-01
-2.753240968182060211e-01
1.291845812909768965e+00
-2.248753847137648088e-02
7.454047051071328589e-01
6.728286788755944992e-01
6.778729294882275269e-01
-5.803335031444040171e-01
3.019163670522856391e-01
-6.599483499593068458e-01
2.556131439491761137e-01
8.484185696719268588e-01
9.514783034968901099e-01
-2.909427410730228702e-01
8.568786400544508020e-01
4.772679579151059004e-01
6.899507568320630835e-01
-9.299796492553249472e-01
1.966605305783331037e-02
-1.195751391597640767e+00
7.841621685806408060e-01
-4.517643441500009405e-01
5.102127943068487381e-01
-1.174706322451443685e-01
1.080598281302821206e+00
-5.343948349045830604e-01
-1.465116420972617517e-02
8.796414014195268471e-01
6.591970663558199828e-02
-1.020683784308443531e+00
-5.779290716882734547e-01
1.595790114967906848e-01
4.096901815044513007e-01
7.379382797068680944e-01
-4.129358642011757285e-01
6.249112518715932429e-01
2.045410168468797529e+00
-4.135484628330078349e-01
2.454940473159144543e-01
-7.844766756676022634e-01
-5.144136013985894929e-01
-1.127337383782165414e+00
-5.989996013651550655e-01
1.861352389996769330e-01
-3.464530858652973278e-01
-1.169051938261172624e-01
1.812843851610423496e+00
-1.146261460892326889e-01
-2.182997356853169091e-01
-1.442063775784071800e-01
2.993842942739551871e-01
-1.523928451180524224e+00
2.524693825025945970e-01
9.423124026606777282e-01
-9.402272105283777659e-01
-2.565666746687827349e+00
4.667954627088769515e-01
2.410034768473398592e-01
8.038589942407088351e-01
-5.453967091544682511e-01
6.374837968476336769e-01
6.469361735729943774e-01
1.721701604540771369e+00
4.826401383836118053e-02
1.208207592875138597e-01
1.639127999342634423e-01
6.820078839569070350e-01
1.207107577302492935e-01
3.189411841643597922e-01
4.896547860307647326e-01
-5.266403659010955585e-02
8.063618084387713658e-01
-2.087291516564129257e-01
4.586362172402823068e-01
-4.026532519604415494e-01
-1.250241274102520173e+00
-7.552753768355636721e-01
7.493432716181096520e-01
-3.862771610126720656e-01
-1.156065573515742795e+00
2.254246084991017085e+00
-1.921644706504174183e+00
1.874972439077051967e-01
-3.689029243468907593e-01
4.332626666617048206e-01
-5.605760386122521366e-01
-5.751754847908734369e-01
8.687060218439820458e-01
-5.816524646716392938e-02
-2.806345505250962269e-01
-2.184382291152911826e+00
-5.181760126543470957e-01
-3.881072473834726866e-01
-1.129787474539956316e+00
5.187214349351620957e-01
1.779955760898468686e-01
3.942020499975388836e-01
-8.523325945766759837e-01
1.177989407296549107e-01
9.977576671839064049e-02
1.746619049068321994e+00
-4.927712567832396306e-01
-3.168330195172898156e-01
9.033818593380529283e-01
-4.925946002551598313e-02
5.621617158048555218e-01
2.772612362469091818e-01
-6.621252856269441711e-01
9.594405239068263258e-01
-8.112910243172328784e-01
1.016177402231487559e+00
-1.560028774071114677e-01
1.956005687606142407e-01
-7.243517264678236423e-01
1.948985305663054890e-01
8.643822425147575927e-01
-4.328013815744340409e-01
-7.834092445854767134e-03
9.986157472713168559e-01
9.585300518393255476e-02
-1.077894880992461141e-01
-6.902499290420133216e-02
-2.502988303080803667e-01
5.301606170733548229e-01
1.297524908365101926e-01
-6.028432831599453978e-01
1.001566821451546740e+00
4.208325211691819612e-01
-2.588087910690655691e-01
-6.318931961568822198e-01
-5.247366480080539741e-01
-2.923108447213248473e-01
1.184955672535066062e+00
5.688317558314819333e-01
-3.294696472868188231e-01
5.811015069897671470e-01
-6.686709526836198680e-01
-6.025048315653910302e-01
-1.673478650046019922e+00
2.180093655431119271e-01
4.771720356934183033e-02
-7.741469517282684176e-01
-2.955782963812365605e-01
-2.761522071769877407e-01
-1.761206518881454075e+00
-2.028359905189881518e-01
4.814791318175054569e-01
-1.269084406115943420e-01
-9.982085243207364234e-02
-2.480933789210584134e-02
7.023358352170463448e-01
-2.012429105055487527e-02
-2.158378423723860129e-01
1.096379028555704016e+00
9.869930271522165954e-01
8.571408836812297594e-01
1.404500187190006910e+00
-2.795172863744363120e-02
-1.439618282161914120e-01
1.958669355125005618e+00
1.081041652968317113e+00
4.453257122417402236e-01
-1.845026281920993494e+00
1.081199012041527685e-01
6.334615233493643416e-01
7.356288513027642306e-01
-1.067828522360299459e+00
-8.498351326613495793e-01
1.864505422647605215e+00
-3.233158046832635413e-01
-1.734996116518837672e-01
-2.522102639454726902e-01
7.160211380511981305e-02
-6.376139414226005275e-01
6.298706952470736198e-01
2.674164682759581080e+00
9.033861282264945558e-01
-2.334630450450749795e+00
1.278109726775556787e+00
-5.166507929448330705e-01
2.585843804310827831e-02
7.476968168011111082e-02
6.994013279072172073e-01
-8.924118700257976933e-01
-1.993018275124054939e-01
6.895700572043944598e-03
1.867633785689060133e+00
-3.209771174900414303e-01
-5.746458966844576466e-01
1.224819315117800234e-01
-3.511307935302046546e-01
1.852946437945217628e-01
7.785120138971218795e-01
1.822552639819864817e+00
1.859744593545040736e-01
1.085526565223915579e-01
5.496851902592153616e-01
-7.282867221720624729e-01
2.216974791489725316e-01
-3.720059544358397807e-01
1.682320724008907309e+00
-8.776804766842182665e-03
5.967842123553643852e-01
3.012476356328283034e-01
1.265327648278332939e-01
-5.296818562831526744e-01
4.414489746443666096e-01
-1.275048422121692226e+00
1.101348958321272248e-01
-5.076686287126903618e-01
-6.018675081254277748e-01
5.049494147560738000e-01
3.909935329664634973e-02
3.938225108457512613e-01
7.869512630752930615e-01
1.106892953619320330e-01
5.052175960791066567e-02
9.011383909938162073e-01
-4.897304359645034966e-01
2.692156688646206719e-01
-1.053200057115613042e-01
9.067138025520180555e-01
-1.084355557384307334e+00
-1.528964003636891000e+00
1.294760876830136631e+00
3.671072467595988820e-01
-6.078072939356320425e-01
1.055532279996310052e+00
4.797542757241730627e-01
-6.339612182240352833e-01
1.162058980450566992e+00
-8.221892815739235694e-01
1.037084946551316333e+00
-8.466984995071915598e-01
2.476037853348888595e-01
2.301781165517632899e-01
-4.816069521166792544e-01
-3.006478719033449654e-01
-9.500676728130088566e-01
