-2.808288272991689150e-01
1.573063455866387184e+00
-5.242844313626515707e-01
1.216600122803868089e-02
5.517134569181912918e-01
2.471534413551401133e-01
6.057844199335009616e-01
-1.311013254278673434e+00
2.935103625230410351e+00
3.908891872613201035e-01
5.121836043074253775e-01
7.849783839218814618e-01
-6.557815788405357837e-02
-6.259935497794240078e-01
3.331427885591027316e-01
-1.456959127680270139e-01
1.054146769764841562e-01
-3.317400916273507416e-01
-1.176774188092323037e+00
-6.888545794366324193e-01
3.671726559700967396e-01
-4.185398305907697680e-01
5.061855094332907701e-01
-2.164919922521983675e-01
2.907088796039527523e-01
-2.329244358762289427e-02
1.923976894028427420e+00
-1.179641377079654330e+00
-1.290478802402673875e+00
-1.262511792187828719e-01
-1.200986054957039251e+00
3.901795722322722315e-01
-6.802421052590987838e-01
-9.177314094007604783e-02
3.729457836026309203e-02
-1.701126487732321113e+00
2.725957782664462092e-01
3.966429448298113836e-01
-1.050033894572703352e-01
7.300475720199527396e-01
6.477401776073646866e-01
8.152288841518744444e-01
-1.119072219794339462e+00
1.017839621034887010e+00
9.682438124283808401e-02
8.660742877725129407e-01
7.460282713235401320e-02
-5.823904179040574336e-01
-8.289720192954362632e-02
-6.944520420781247205e-01
4.452868208988826071e-01
7.422047131190991909e-01
-8.991967871861368256e-01
-2.044205689196089359e+00
-2.458098466613121702e-01
-2.067793209470318860e+00
5.093185520281600098e-01
-2.535918621280452978e-02
-1.477954641516926904e+00
5.889664846883437832e-01
-7.927643555278424126e-01
4.622037446503574065e-01
-2.834252368203198369e+00
-8.907446450622549250e-01
2.272088508629439563e-01
7.477597054813156507e-01
-3.809305522877648453e-01
4.544983304350844744e-01
6.772043290924661951e-01
9.598862962953096378e-01
-3.305039329625606426e-01
-5.562804401208512051e-01
1.459610202389360900e+00
-1.497017252494451611e+00
7.089680900078070280e-01
-5.052577710079839690e-01
2.467917128334173427e+00
1.571598280710150952e+00
3.792721350593619700e-01
-8.350950611704063484e-03
4.136168440338627295e-01
1.441307288816229826e-01
-1.106642460074880985e+00
-2.572665916056880442e-01
5.707045025581647391e-01
1.978289706008315163e-01
4.367280677584062798e-01
-8.319072695026931141e-01
-8.653291639651428113e-02
-3.990714002038368569e-01
-5.105019800832958504e-02
6.350736652375011948e-01
-9.283870326647103433e-02
-1.682218321610551959e+00
-6.226563308307333511e-01
-1.027701221833509510e-01
-4.583231867968451945e-01
-3.852711354414092848e-01
8.238619769523219949e-01
-2.766058409784059702e+00
1.314424061886552142e-01
3.038477907914756693e-01
3.763104520291926103e-01
-4.109895141674501096e-01
-1.272168361868952768e+00
-1.123955614856849694e+00
-6.705574465219638070e-01
6.710291028938155655e-01
6.077282990586101441e-01
-1.808364477584536667e+00
-8.450187574794050249e-01
-5.343194118895592259e-01
3.446317177564925949e-01
4.335185228006259717e-01
1.611560385639060122e+00
7.184490104305705227e-01
-1.486032951365928056e+00
5.148640390222211649e-02
-1.013867046987471765e+00
-5.211194819962404745e-01
6.581488041120860943e-01
2.367207822324438382e+00
-4.348078422535264220e-01
-2.396589244615442649e+00
9.029739037208268648e-01
2.664097334680858853e-01
-3.423119045081344791e-01
1.620813545485962015e+00
-8.194640428102342167e-01
-2.740505197962773698e-01
-6.386782544639280079e-01
7.894182010136002736e-02
-9.969529180560854353e-01
-1.395024739382301870e+00
4.111139727619829154e-01
2.281072658262905506e+00
-2.312293382898341632e-01
-8.492896923590357305e-01
-8.533658704376563264e-01
-3.860916193334067437e-01
1.758233614394949518e+00
-1.716267648353866360e-01
3.803009919594891874e-01
6.944508397961932644e-01
5.848005522310204540e-01
-7.201236948358487044e-01
9.861613478651716225e-01
3.244280627885535173e-01
1.118602844928053397e+00
5.776791079541132579e-01
-9.684283704654589320e-01
4.158605422963360665e-01
-4.483224153970977177e-01
-1.006896610737132658e+00
4.498741811178278982e-01
-7.463097928260448155e-01
4.818829682231142719e-01
-5.304496423099054336e-01
-8.264661527891611348e-01
3.729512005837458677e-01
-7.740769843397585226e-02
-1.837610233544284100e+00
-4.739249773555749279e-01
7.139819117547354654e-01
-7.732119164711277470e-01
5.167675617750419059e-01
-9.985699336072284549e-01
8.233343793192873239e-01
5.677197557599454880e-01
-1.175366995696434991e+00
-4.922890443644206693e-02
-3.505484908309037806e-01
-2.220668923191742028e-01
-1.119935994772893600e-01
6.045324300614005608e-01
-1.577575902645904637e-01
-1.235701214358722488e+00
8.877185353195312656e-01
-1.997114859995452463e-01
3.230577214608393311e-01
8.464645242701414052e-01
-3.298154327573598055e-01
-1.750306911360639095e+00
-4.585692545042930890e-01
1.188226105910651142e+00
5.966121622443347761e-01
-9.409289858475503587e-01
1.677738131227561325e-01
9.080944059790103662e-01
1.054551682910525479e+00
1.090700393511376598e+00
-1.598292246176494569e+00
9.082026988148723667e-01
2.834106702068078798e-02
-1.466055252356718741e+00
1.318599882713760385e+00
-1.811995427237668377e+00
5.132173459143257732e-01
6.765508453645392439e-01
-7.664905145949931775e-01
6.863926645643577684e-01
-3.542374970398088907e-01
-2.930457729505437037e+00
-1.870056246135340661e-01
8.071712586149449864e-01
3.889104920441125990e-01
5.912896463255548629e-02
-7.430529213148111545e-01
-4.760960682348519546e-03
9.881122008451196370e-01
-6.232542057661420998e-01
-1.467481643804967373e+00
4.393578237614396698e-01
2.106256257243010743e-01
1.662361966576967887e-01
-5.982673368846496142e-01
4.992222447484191417e-01
5.461355658419140280e-01
1.066786937386394962e+00
9.007182210446600390e-01
8.996587712964623229e-01
1.229323509062326680e+00
-8.570295671270246052e-01
9.260975306244256799e-01
3.075492403136567132e-01
-1.128563697608130079e-01
2.414021028425029358e-01
-8.673211274254087888e-01
7.805219396267906173e-01
-1.418700696447386500e+00
1.289353420338274159e+00
1.748580429619337240e+00
1.330582078957437853e+00
-1.310266511359043928e+00
-2.622597831541362279e-01
-1.279395171399452469e+00
8.670826808328464530e-01
2.006924477978308197e+00
8.340451735687566259e-01
5.796197923942958408e-01
1.489368909538405727e+00
1.004711359010673100e+00
2.588635199269508469e+00
2.138478493643599654e-01
9.717136412828178971e-01
5.844180931523674793e-01
-1.066259688798246064e+00
-6.559686979433708709e-01
4.099003498293689596e-01
3.282937748453038207e+00
-4.443136660122746218e-01
-4.141355525308529906e-01
-7.543965483432506502e-01
1.486809683404320959e+00
3.716351337974641567e-01
2.209286651237598875e-01
1.260765488464301309e-01
8.305091102803090486e-01
-1.319554411699706553e-01
-2.956521779264396077e-01
-1.274067540092895356e+00
3.833953850412374215e-02
5.927074824992492608e-02
2.020965146507834653e+00
-1.963691000459393932e+00
