1.011270560770929805e+00
7.563612868381078824e-01
-8.124293843912274715e-01
-3.379416801704630546e-01
2.566884509768301847e-01
-1.538521553995253754e-01
-9.851445384732397947e-01
-8.059042556483595465e-01
5.646214233861920340e-01
8.454835412764096780e-01
-1.055359634957731441e+00
-5.879580654226057579e-01
-6.267701197239132771e-01
9.196931523373420569e-01
-4.968776707363971590e-01
7.757668771908786398e-02
1.627701769330955339e-01
1.817123577987698330e-02
-1.019549769106461445e+00
-8.452265951617642381e-01
-6.019775179289035272e-01
5.243226964306091364e-01
-1.090501569018878181e+00
6.010631639554655514e-01
-1.092614198349240173e-01
-1.283195019507747947e+00
8.859840665631124601e-01
6.840738717709018424e-01
-1.436511259487933401e-01
-7.810482927145785403e-01
-6.693557665081413255e-01
5.359610527011161585e-01
-8.236079180895262697e-01
2.989504060095762306e-01
-1.992172734199843254e-01
1.381097531964096126e-01
3.365776172263911792e-01
-4.116879608391962875e-01
-7.109960701741222522e-01
-4.149012556362647874e-01
3.673282275172617961e-01
-6.445196771090776489e-01
1.889015350425367334e-01
5.239517684937715636e-01
-4.352185499596398222e-01
-1.268645066141721456e+00
-3.812014723782876091e-01
-4.279035913699348881e-01
-2.802619041048166615e-01
-1.107494070837675926e+00
7.946479994855842888e-01
3.157441463674514615e-01
-2.022869627112659219e-01
-4.223483657793464241e-01
2.216189057962710540e-01
-1.050905812488027724e+00
7.654060645983964406e-01
-5.077448989042461225e-01
-5.182005973037744073e-02
6.709930687451837183e-01
4.991084043229664369e-01
4.639433437550675166e-01
4.862884942505216745e-01
1.162015770062312825e+00
-1.026843678786258929e+00
5.938811767189131618e-01
4.820293161481328248e-01
-4.139360444349057255e-01
9.575877089735058689e-01
2.866921290272772538e-01
6.226301674550125398e-01
4.996491014622346238e-01
-8.304989639740145702e-01
2.264301372661727679e-02
8.349556411864039740e-01
1.028310708942783869e+00
5.288744973705462593e-01
1.265772987585897624e+00
8.229160046528960493e-01
1.253965058056468740e-01
-1.466224404656933933e-01
8.074878907383207238e-01
5.312963159264697532e-01
-4.220159963628348221e-01
4.013014360297080252e-01
-5.807634985069006633e-02
2.388589293548399328e-01
1.718938286825144046e-01
9.343682172933769348e-01
-1.753383363004546447e-01
1.036842414929299405e+00
2.333421133209355458e-02
-2.573282280266803168e-01
7.125639280248111107e-02
-2.426641820122278914e-01
7.187711376125963669e-01
9.479877388996887921e-01
-9.183159375187532891e-01
-1.407772110170291135e-03
-6.006611750403639816e-01
3.405908079713576564e-01
7.712950488818042238e-01
-1.122104766014841548e+00
6.592133031499147755e-01
-1.019751123816220462e+00
5.478271758184265483e-01
1.245262039611251925e+00
-3.852626328839758862e-02
-8.802424260790742139e-02
-9.719954231899070596e-01
-9.652334564770306269e-01
2.961038881074203877e-01
-2.234470349831608194e-01
1.628508605777805596e-01
-4.190947931758173262e-01
-1.943377416304866434e-01
9.446467889783426164e-02
9.532296743204362599e-01
1.118721782782739343e-01
1.459248593452701082e-01
9.493587205542128871e-01
7.998344316526759812e-01
-6.498328699421030974e-01
-1.327936758006360851e-01
1.042777742015107423e-01
-7.856608319376404692e-01
-7.475453290646649762e-02
5.604850872037402398e-01
-2.195196838325209066e-01
-4.563002179734926278e-01
3.783468703762252194e-01
-8.650337808875989687e-01
-7.107245676876384755e-01
7.004219755162528482e-01
-1.524826363557191256e-03
5.125896006660191073e-01
-2.152702337073669758e-01
-1.200114835181523010e-01
1.579619498204351546e-01
-8.728116668147439805e-02
4.943911654879621920e-01
2.486523195072291026e-01
4.404692248932321474e-01
-2.506571650868749113e-01
4.729280921951802275e-01
-6.661863356566790628e-01
4.468019211737142005e-01
8.222226709067932404e-01
-2.451524686582906842e-01
-2.277084132289812768e-01
-1.339098116832815322e-02
1.841896797622538662e-02
-4.464499014222567119e-01
7.477840289777788474e-01
-7.648613626668920862e-02
-1.806666375810810354e-01
-3.826558640494526209e-03
8.192869168766625521e-01
9.087651256073183692e-01
4.765683394480814405e-02
7.912173400854072280e-01
1.207817482331756120e-01
1.294355562152110783e-01
1.304935938152213259e-01
-5.047510820924677732e-02
-4.123267511148969167e-01
1.326991994216703663e+00
-4.126534791747102915e-01
-3.820754699715483982e-01
-5.329642050973846246e-01
-7.246482906339777319e-01
-8.199155597530976003e-01
-2.076998673538011098e-01
-4.110601989875597440e-01
-9.849651937596159978e-01
-4.105348599905268570e-01
-4.705622543590973761e-01
-6.517597484550889941e-01
-1.046599510871316863e+00
7.154574605847411339e-01
-1.656667528520417987e-01
1.798533426760896836e-01
-9.387637609849175391e-01
2.826882324211903441e-01
-1.024193489803615076e-01
-6.082743371136756227e-01
6.264102978676311384e-01
9.483185988904639929e-01
-3.856315353873261964e-01
7.724970338450567464e-01
-1.909293969930570822e-01
4.302220684629298186e-01
1.001110732643679668e+00
8.588425792497309530e-01
-2.249547211202184427e-01
3.635321129014287278e-01
9.411932360781364304e-01
-3.273335785097807316e-01
8.628042506009746537e-01
-1.125043538552488176e+00
3.688194040904902993e-01
9.360167019929229726e-01
2.504394881486817631e-02
-1.673690653044417331e-01
1.193916982603742127e-01
-1.690096866559413491e-01
-6.001964296119969289e-01
-6.530674086701556691e-01
-4.676410302619783410e-01
-3.783006234472719442e-01
-2.003527752980015231e-02
-5.497997737057034318e-01
9.897668888229427253e-02
-4.411749142488328168e-01
6.173413719814472289e-01
-9.217146227304651163e-01
1.243381885129173581e+00
-7.332665578594537159e-01
5.998520091040863145e-01
-2.573227384299884291e-01
1.100918407204406757e-01
4.113092232403388060e-01
-5.041903478093187063e-01
1.991552790888800606e-01
7.037766801288739549e-01
-9.014133653845338157e-02
2.520385082290663714e-01
-2.499038269405068902e-01
6.613808423885467747e-01
5.067205356530871674e-01
1.129660003803587776e+00
-5.150822783259667581e-01
4.279051218408340684e-01
3.443976549196037240e-01
3.890904473978806788e-01
9.649202137108064958e-01
5.750215624342304432e-02
2.032371267136115767e-01
-3.258350515916144108e-01
-6.608911037648791398e-01
1.044112551840973291e+00
7.979868026929617386e-01
-6.445440659607936107e-01
-8.132112131662755372e-01
7.143977871063205143e-01
-2.831288862170260878e-01
4.812842026347394775e-01
5.197209619885050369e-01
6.178073311166240034e-01
9.831490667306214126e-01
-8.811343683882759681e-01
2.653627314074681331e-01
-8.080267349810420219e-02
7.421192331883427196e-01
9.308675625732650838e-01
4.148714148844652172e-01
-5.412801141438214891e-01
5.548361954725045120e-01
-2.974582236796391999e-01
2.707164307963024208e-01
2.460550628389382988e-01
-3.743899357996424149e-01
3.933765016103272227e-01
-2.906009438269193113e-01
-5.020287542632131395e-01
