6.793963079025394869e+00
-1.306281143493937646e+00
-1.050078065519297166e+00
-3.405742540058415369e+00
2.111702742745940498e+00
-1.298658084408109703e-01
-1.564277204902287499e+00
-1.262081309994755318e-01
-9.617392471643273488e-01
2.644408744435348679e-01
2.712723196348713062e-01
-1.468983069681447429e+00
-3.840174562664110391e-01
-5.247795771437003154e+00
5.012184343680439746e-02
1.520270356293099034e+00
-2.189279700702679854e-01
-3.331219387976802615e+00
3.169693065326338322e-01
1.091279727059204951e+00
1.210080931218182831e+00
-2.134768087576533746e-01
1.397301335205296313e+00
-5.494892629401676443e-02
-2.874764145927972692e-01
-2.965424036406117736e+00
-2.020124735516490855e+00
-3.433691696081741518e-01
-1.592338516411696547e-01
1.177531095877376366e+00
-1.236450384225296073e+00
-5.607292123622997781e-01
-1.889507889029497623e+00
-1.963496495655608909e+00
-7.176741739861082214e-01
4.315027191852854882e-01
-4.971928031010973692e-01
-1.092473334138136520e+00
3.302594162889374907e+00
-7.272858376219060172e-01
1.767254732805448869e-01
5.497189099963442516e+00
1.527446373597939555e+00
-1.006654357214567197e+00
-1.652056683161997164e+00
-2.219957860390512572e+00
-5.525513878783449018e-01
-7.939368222562781519e-02
-3.571944480085796902e-01
1.498067528993779041e+00
1.465632892412330524e+00
-1.150435582718058458e-01
4.367898495739129250e-01
-7.655773124579023481e+00
-5.237494200984702530e-01
-4.295599742586440062e-01
-1.567799584519843636e-01
1.966535067091478295e+00
2.388248477161209471e-01
-4.396395232090832828e-02
-1.848503698556368258e-01
6.796390446747957448e-01
3.024625602037831484e+00
-9.303185421249610121e-01
2.996217062106670270e-01
-9.407576800214226820e-01
2.297907179982160653e+00
1.180642218036030089e+00
-4.702944960390381679e-02
2.969887369402889554e+00
2.749632068613478975e-01
7.329115479402910083e-01
1.122347087493983375e+00
-4.951592781491376272e+00
-4.680521756826493962e-01
-3.555901380802496403e-01
1.365994656269513552e+00
-1.471179767837545116e+00
-2.257263909086820064e+00
1.328585784712280837e+00
3.611526900888204494e-01
2.444754182737681525e+00
-1.007626939725864812e+00
-1.178770712546884480e+00
-7.085341320782090335e-02
1.577952958827531393e+00
-1.151121254725215426e+00
1.163526709519007607e+00
-1.628029784505264033e+00
-1.697791910146655203e+00
-3.736826251845887459e+00
1.190487377938143299e+00
-4.493041518227473552e-01
-3.904787067485169794e-01
2.970805096053836358e+00
2.548557870427877958e+00
-1.919147407989297283e-01
-3.649629057978490132e-02
5.913767771800538808e-01
2.001914283292743235e+00
2.492836546235551176e-01
-4.541040321546444325e+00
1.632566202809885958e+00
1.716104589125768243e+00
3.382490841405696447e-01
2.582188254398589233e+00
-5.211803424020469144e-01
-3.550117278520972253e-01
-9.353070455174254949e-01
9.688405129574645391e-01
1.376740394325180361e+00
-2.289526267904442580e+00
-2.298479516505325559e+00
1.167270680270248162e-01
6.370232053483733115e-01
1.078143629669384929e+00
-1.194923898005445295e+00
1.508320806497724931e-01
3.847810987465580812e+00
-2.142624768525394907e-01
3.309103102212663794e-01
5.055315862096868562e-01
4.598687470069109384e-01
1.216862934158210036e-01
-6.350310352333555786e-01
2.001580772786086815e+00
-1.004365708657379175e+00
-1.316318699203660847e+00
8.168840809187186136e-02
-2.271254927237694066e+00
1.391843616984276721e+00
-1.835271124512589447e+00
-1.051004928956403850e-01
1.310911279489670012e+00
1.082678559903096360e-01
1.031175881160857566e+00
-3.519734893981972812e-01
2.380596070310041945e+00
-4.207623629718841407e+00
-2.857440226808266592e-01
-6.194505009319528632e-01
1.855464352942427508e-01
3.190414449052401125e-01
1.496495869543994051e+00
-4.852688687206120899e-01
-2.009851115963509072e-01
-4.550441084093062583e-01
-1.734045536561594214e-01
-1.636305085695911821e+00
4.525357989114158763e-01
3.577035584201060936e-01
-1.122422484743831994e+00
-2.399737580868806786e-01
-2.136162852027489456e-01
1.191434186275145635e+00
1.513387445641677376e-01
-3.541210983383311084e-01
-5.556513242446176726e+00
-3.966202404308341034e-01
2.905915117026449224e+00
1.532819065173679496e-01
-1.911311400731762644e+00
9.088750037758234201e-01
-1.929841551056534765e+00
-2.850278935365039956e+00
-7.020518878514913075e-01
-1.481962925465202474e+00
-1.073227948939029952e+00
-1.259417427761772235e+00
1.364461448328556425e+00
-1.284766126001255504e+00
1.893690931620503060e-01
-9.755461710684382171e-01
-1.353189633925278912e+00
-5.306973129981944481e-01
-1.504900614764967948e+00
-1.281763219578404112e+00
4.421394018183966157e-01
-4.155502483633628508e+00
-5.280786515676767490e-01
2.582225649953817204e+00
-1.262661541081827321e-01
-1.012835715364905464e+00
6.697975942487923717e-01
-1.097804457172096626e+00
5.264586567924678384e-01
4.154665772896703579e+00
