-2.108551967586776321e+00
-2.313463221857967045e-01
-1.765241599705121400e+00
1.437860063685431955e+00
-1.667282016516298704e+00
8.997039259466842465e-01
-4.680509771814596043e-01
6.112173915378041889e-01
-3.284980194171998047e-01
2.328451463035295266e+00
-2.087877150161090434e+00
1.234673866077185878e+00
-1.202973334666239458e+00
-4.799740197808828879e-01
6.839188895936911816e-01
6.326268318485073205e-01
7.356307337385682432e-01
4.606813336104928491e-01
2.924112717367255976e-01
-4.563972758221118697e-01
-5.586199453906808277e-01
-1.689732891827465888e+00
-5.139788104437293947e-01
-1.891816803127708280e+00
-2.180094854757803624e+00
-1.542198049374299829e-01
-1.472341162871135256e-01
2.115076056081190425e-01
6.686154314547657629e-01
-5.193359500735583723e-01
8.341811164074188767e-01
2.111090843421537855e+00
3.601048698459266562e-01
-9.047897590270163048e-01
9.546761405426316127e-01
7.206502074233799293e-01
-1.491119441548413249e+00
-3.025783024756942829e-01
1.321092386889297421e+00
-1.213058678112234334e+00
8.877527900448686227e-01
-8.146017508742520175e-01
1.840099555224054662e+00
-6.630826510573003540e-01
6.570941671193815115e-01
3.106935310661702587e-01
-2.639169836752529030e-01
-1.050165862135893136e+00
-1.436893437551617081e-01
-4.924503697837050442e-01
-8.956038559306633839e-01
1.073338919546804604e-01
-2.740971004015288481e-01
4.138275420250578374e-01
5.329049257341805790e-01
4.631222337271579947e-01
1.432073978358121114e+00
4.633812186469724592e-01
1.262118326543521851e+00
8.561569981175485289e-01
3.123136813352775931e-01
-8.409689614873245844e-01
-1.729683594487895215e+00
-9.052985630712140352e-01
-5.959716906105892997e-01
1.157697698161713751e+00
-2.732563994468881763e-01
1.325542005687811553e+00
1.826007781918113637e-01
1.309549628360636486e+00
-1.142627102860239496e+00
-1.942208567454575541e-01
-3.285810469197881778e-01
1.701318135302526624e+00
-1.159192954695846600e+00
-1.042901797336199365e+00
8.133944150305537635e-01
2.047083974753221569e-01
-1.614927134219626526e+00
-7.237517278286800804e-02
1.011063019105131744e+00
-1.291436524037322453e+00
-2.116016739756669263e-01
-1.347840566793326200e+00
1.422167021471370418e+00
2.847262198481704254e-01
1.054842603892408803e+00
-1.373625545526701242e+00
1.077581059168551070e+00
-6.414041306078182014e-01
2.001646716960524763e+00
1.128731440755294635e+00
1.616747351282531220e+00
-4.380647758027262917e-01
-1.195453162954058124e+00
1.871033185156482759e+00
5.552568262053265702e-01
-2.857744374884855776e-01
-5.432848763656258351e-01
5.841146607461336071e-01
3.227755431573091638e-01
5.473108288710962777e-01
2.544346729833211196e-01
6.788888732065747611e-01
-1.234913914548326552e+00
-1.752001389639579187e-01
3.748232072273391946e-01
1.592308326269255281e-02
-2.778779704628564495e-02
-1.143034287691109929e+00
2.264690250571397279e+00
1.123742978058627773e-01
-5.954805958219165918e-01
-2.448339973426614691e+00
-5.304151487834050105e-01
-1.324219841624774685e-01
-3.876810199696292258e-01
9.138659755179625588e-01
3.300830653231030531e-01
-9.741487665274353724e-02
1.136151811727687810e-01
-6.425515478207373121e-01
-6.944717698573171782e-01
-4.581878203603969579e-01
-2.819951122094942253e+00
-1.026193130275540599e-01
1.405207835298072583e+00
2.443520105322056768e-01
-3.784124435195768688e-01
-1.280483907196821036e+00
-1.506204036420272896e+00
5.738559052858726028e-01
7.644807799242856472e-01
5.929978000786935155e-01
-1.712057118975188752e-01
-2.959022587693661555e-01
5.855307991248877020e-01
-2.094029119412839979e+00
6.402324163863442053e-01
2.661247768863920449e+00
5.466297692649321194e-01
-1.564762224555131365e+00
-1.399359931451416683e+00
4.482503914085306240e-02
-1.183956603545855302e+00
1.030046697320295301e+00
9.483101562886591118e-01
-8.389821604640617103e-01
-6.972557902669032082e-01
-6.325780444485504805e-01
-1.494876349012346228e-01
3.459002941326663749e-01
3.756828657820948103e-01
1.972349130666283479e+00
2.201636385263703310e-01
-8.656455383987555763e-01
3.195751357934937809e-01
-1.713348549974971879e+00
-4.409573977993980765e-01
6.594183007346532399e-01
-2.182874937994245812e+00
1.506772571493394663e-01
-6.462043339351677407e-01
-1.848658449355128353e+00
-5.300640032206358487e-01
-1.646383331623638147e-01
1.417107936708256410e+00
2.526671485577683951e-01
-2.486805667924903762e+00
-1.441626029517996566e+00
-7.222828841426561786e-01
-9.319218084397766777e-01
-1.089148645241030611e+00
-5.890746043699863765e-01
-1.335231547645896466e+00
-4.535822031190327175e-02
-9.674720874692408490e-01
1.081345425141794214e-02
-7.950330638462599353e-01
-2.690274244516678959e+00
9.114353700933474078e-01
1.548908044101615644e+00
-1.442110903700111635e+00
-7.843185626231501395e-01
4.910809863954772592e-01
1.386016498069091218e+00
-1.926599022196548106e+00
-1.685818138192423099e+00
-1.504089436267899149e+00
-4.509839530460454937e-01
-6.481679172976479997e-01
2.972296288884770377e-01
2.182783693576372530e-01
8.912505563945040399e-02
-8.432722814187219029e-01
6.392790545349549269e-01
-1.479007572750787314e-01
-1.741983219503099589e-01
1.087206853139651708e+00
6.566373465623314143e-01
2.048020528048924149e-01
-9.174660925756541463e-01
-5.837790909726652266e-01
-8.507183078855260483e-01
-6.692532914009464706e-01
-1.333052235358319626e+00
1.014395640976641699e+00
-5.285580188585226047e-01
7.074366483462420918e-01
-1.320001178661209251e-01
4.932814017317081745e-02
6.779661374549351693e-01
1.247506293724608195e+00
-7.517217789366773539e-01
-7.697815278748851853e-01
2.786147812693614556e-01
8.816317041958705580e-01
7.120973529676588587e-01
9.362605321521603186e-01
-1.705352528751662711e-01
1.517745534838742527e+00
-1.911618666459151683e+00
1.218703966911034581e-01
1.668222649021068316e-01
1.538155392772753594e+00
-1.977911124047644797e+00
9.213969512741997381e-01
9.700113695398262514e-01
2.512905337396555312e-03
-9.778849101567060886e-02
-1.861798724715985065e-01
2.037633986776629769e+00
-1.574884928139753004e+00
9.021803427760292093e-01
5.454358083861674533e-01
1.368267393389867692e+00
-7.805991112036121393e-01
1.339846322023831693e+00
-1.601501969746331466e-01
-2.349284208778031235e+00
-1.705973644032333647e+00
-7.005312225460740283e-01
-1.198255585779456567e+00
-7.214853147131359279e-01
3.934335286021688471e-01
-1.123369711156718020e+00
9.919935787693663354e-01
-1.609474562620626381e+00
2.173807391984501791e+00
-3.271502104419905799e-02
-1.271956571465369779e+00
-5.669675165555320140e-01
-5.859768138509586777e-01
-2.807058538554622062e-01
9.488233615669113830e-01
9.623940238200479058e-01
7.216198642938084218e-01
3.540810985839495939e-01
1.044966973619618988e+00
-5.118476117500792011e-02
-1.647095367782620556e-01
-7.544059051741944244e-02
-2.198184962082764482e+00
7.891876918268704300e-01
1.673934537345678208e+00
-6.755039118294853262e-01
2.463110256201061221e-01
5.187521139880906657e-02
4.359594931686761599e-01
6.071929627494269122e-01
2.559244358185071455e+00
-7.800272148165721120e-01
5.624063980138881425e-01
-6.811863864947269587e-01
9.972871302323041975e-01
-3.165899206404176880e+00
-5.821697841319228850e-01
1.316457646831785455e+00
1.658036480573117588e+00
-1.683394653828844900e+00
-2.308681529541115884e-01
-8.018655633818168038e-01
3.762474053954086295e-01
-1.128255532727446830e+00
5.044436543807302442e-01
1.268956911882591188e+00
-7.852526259626359251e-02
1.094645983360157171e+00
-3.743712743974624835e-01
1.367533734682809810e+00
4.098448025528806937e-01
1.528792608374593409e-01
-1.177392182535102361e+00
-2.625137664395631010e+00
-4.372426731830395541e-01
8.078886159490119567e-01
-2.794676825658878871e-01
1.378848814094663533e+00
-2.814872686709830596e-01
-1.543005154664865319e+00
-1.210796427381394036e+00
4.459448604175211828e-01
5.134592767617649489e-01
8.228577184792225108e-01
1.804737598656061204e+00
6.543558994991482969e-01
1.849120445805819690e+00
1.301007456959191178e+00
1.404405055923912071e+00
-6.216025093022983228e-01
3.434815673842101513e-01
1.719557044203192886e+00
-3.527532918106407456e-01
8.045608765155769504e-01
7.034650320334441265e-01
3.321244764268406202e-01
-4.730924560758516528e-01
-6.110733558322783976e-01
1.361078395019630349e-01
-3.226196623926644858e-01
1.573939952829295885e+00
3.257521773393899922e-01
-1.538337008973229114e+00
-7.364916147547719838e-01
-2.332947266185122270e+00
-7.998909344602000981e-02
1.989162150748745583e-01
-1.400427852437132525e+00
-1.208761111553429357e+00
4.989430483609536005e-02
-8.974915138956640615e-02
-1.500512006258064301e-01
-4.595946718687903831e-01
1.722033305697758365e+00
-8.470971097182533605e-01
-9.489187357135360212e-01
4.357328650283576743e-01
-6.793933943128738218e-01
8.566767229431365704e-01
-9.447359666487561425e-01
-1.442600288192725566e+00
-1.243988830464352269e+00
-1.346132561519449267e+00
-8.585769384709526220e-01
8.286624493530214686e-01
-9.444595357417180370e-01
1.456399573785252199e+00
2.026363275148512333e+00
6.146709056533681270e-01
-1.985991243357025926e+00
-1.401000399523888995e-01
-1.818492836611164787e+00
-7.190795048821283508e-01
-5.091655405003464585e-01
-1.108001429638099777e+00
-3.508429913327139049e-01
2.630100658218672560e+00
-2.709212148232514328e-01
5.740530492337415913e-02
-5.644487226141309266e-01
-6.413437864817067569e-02
-1.550181443689244043e+00
1.290642725653641021e+00
-7.745930468619213194e-01
-2.688054603829485245e+00
4.588542296085548200e-01
-3.512623950567553277e-01
9.337451877867528616e-01
8.323486566357914951e-01
