-2.789515050531815032e-01
4.790629114749072048e-01
-2.034522681156641366e-01
-1.080185271168100369e+00
8.850580163210950424e-01
-6.427541576831491410e-01
-7.694960219732868145e-01
-2.139339898469101442e-01
4.174356613451212783e-01
7.207973768161771710e-01
1.315498287955541301e-01
-1.026616534917546897e+00
1.022245881470722928e+00
-4.151286130527538365e-01
8.462256032258594352e-02
3.800351106280392965e-01
-1.804772076684136028e-01
1.650078951891455814e+00
4.265897116398936206e-01
3.942007921059711428e-01
1.656649583126124092e-01
9.901355937319555878e-02
-5.229046029827851827e-01
2.087862118496396913e-01
7.603099673272096792e-01
2.620835947636890317e-01
-1.354102585502606315e+00
7.832491387326731003e-01
1.093618421607656099e+00
8.419571150236495605e-01
1.224450132286450499e+00
1.382863231295661688e+00
6.525262287899383784e-01
-8.841205760217787923e-02
-3.514484840029101220e-01
4.518644265474159871e-01
-5.842785681680919829e-01
6.341622429874602673e-01
1.451557711231063752e-01
1.905476531365709603e-01
-3.113814245933836933e-01
1.386304301259856819e+00
-8.766640594667891861e-02
5.992613691563569711e-01
6.299342925801225679e-01
6.243063589823039106e-01
-1.375227355988551947e+00
-4.359017247085593683e-01
-5.653016816722920834e-02
3.591363351363340839e-01
-3.863568592107170518e-01
-1.189003530884171100e+00
-3.863394732608554927e-02
-1.287283361492604694e+00
6.473096742139260451e-01
7.552868217475797730e-01
-1.352490124140563577e+00
5.883612690694974834e-01
-9.774521636411577230e-01
-3.018248053835130840e-01
-5.202242579858318283e-01
1.871877745056088616e-01
-7.428646349599880017e-01
1.117899295681674676e+00
9.306662616756408157e-01
2.405995490546094240e-01
2.349113447983350034e-01
9.113373323216522603e-01
3.008776094793118305e-02
1.563834729927571221e+00
-1.472221578494336408e-02
-6.041533639956544466e-01
4.629464396669245030e-01
4.024456325100649323e-01
8.359350561801155433e-01
-6.256177830440199372e-01
-4.539555608583500934e-01
-7.082546823182163109e-01
1.784037798010576825e+00
-1.735326969594385427e-01
-3.367396943716128438e-02
-1.698025552512585357e-01
-5.275354529638558165e-02
1.156777218398560292e+00
4.026403418298255543e-01
9.102120152808146347e-01
1.640907171224783023e-01
1.895360571664100324e-01
-4.683017146192529068e-01
2.572042113169805688e-01
-1.502559203734791793e-01
-3.893257403394863037e-01
6.983430082980454645e-02
5.430303782603348450e-01
6.808336429915152754e-01
-6.275915694055618221e-01
8.976583541943523592e-01
1.871501198765591623e-01
8.949690329629964580e-01
1.795765002473643346e+00
3.658751279433203329e-02
8.613808251425898455e-01
7.365379821192936660e-01
-5.644019418127661503e-01
9.761649528194376035e-01
2.482787075199601179e-01
-8.687329026441026336e-01
-9.577143714470126579e-02
1.840859673055979251e-01
-8.849200185976292543e-01
6.127570741619278172e-01
7.149242333074297129e-01
-5.096179241409612981e-01
2.703750001465949904e-01
1.762251648258652548e-01
7.258757298626821175e-01
-4.815985302052598893e-01
-7.617819008247552759e-01
1.729268652841691178e-01
-2.358460105411601671e-01
1.087320716774109686e+00
-5.195393397921242995e-01
2.642911852032575060e-01
-5.643931441822901407e-01
-1.966218442660391696e+00
5.929928847494754240e-01
5.225679885383485157e-01
9.805914209120066838e-01
-7.249684446746064159e-01
-1.004187554841294849e-01
-3.967767148097164354e-01
5.119506434632155323e-02
9.175755670844061296e-01
1.013347151697069126e+00
1.201446849341933021e+00
8.804225231759758019e-01
-5.684748856067446399e-01
4.871226140861237841e-01
7.584087058063507802e-01
-5.279412505513767506e-01
8.488748937304699815e-01
-6.724159993978948702e-01
6.471928868364215104e-01
8.513603051230180796e-01
-7.525413436205539153e-01
-1.025844308330946530e+00
6.735149634372260552e-01
-8.268249408736019213e-01
-9.143139236746513632e-01
4.891489287697040056e-02
-3.018612816345900840e-01
1.300634856506872383e+00
2.041453582283269674e-01
1.411793594278965003e-01
5.366140486533113041e-01
4.666016924117604714e-01
-2.386928532933020042e-01
-5.554808254174554705e-01
4.193925541073897922e-01
-1.276396986261805644e+00
6.005787494439671637e-01
-4.314610317960925756e-01
4.639418824356231763e-01
-9.213988186893881660e-02
6.183817881458518739e-01
9.327552820136388867e-01
1.458826114548643360e-01
3.443778669523993030e-01
-5.389416706047861494e-01
-1.022017884293096479e+00
7.413706965933841708e-01
-9.462899352721304558e-01
-9.735399108206547192e-01
-2.600625061192921583e-01
9.454529911503345430e-01
7.505813090221959971e-01
3.523467365233969861e-01
-7.222113237318690260e-01
-4.709260131111280279e-01
1.526600683972613171e+00
4.695703021199807425e-01
7.221652627620704923e-01
2.399299948631251067e-01
6.791556900135391484e-01
1.962374955771332974e-01
-4.675530694996910541e-01
7.020698746418148062e-01
-9.793842355416477741e-01
3.533066697239825027e-01
-1.460249855693687981e-01
-6.790725581160738100e-01
2.755875064288524912e-01
9.230764722548403522e-01
-3.534740967267180345e-01
-6.392267373437741096e-01
2.516967468009810860e-01
-5.605374778641992739e-01
-8.104486368420926734e-01
-1.520627205965621453e-01
-5.537737189264821946e-01
4.616392099438875185e-01
-6.819153987508705939e-01
6.802142083721461896e-01
-4.591533672277336997e-01
-4.902895216395464772e-01
9.726819348370683294e-01
2.899213478545626388e-01
-4.781988686088650686e-01
6.830902732000754263e-01
7.682817219840381018e-01
-3.249922188498147735e-01
5.300949576039517552e-01
-1.057055945308902567e+00
-1.411924377849351542e+00
-6.656734797831871386e-01
-1.037010296665780373e+00
1.921205194914420433e-01
-7.842286385202572596e-01
-4.067764554055325332e-01
3.879471777291999546e-01
-3.363886339544142068e-01
-8.257888519972697572e-02
-1.173234620444254750e+00
-4.042610288148547060e-01
7.864455495402393748e-01
7.867166090868783490e-01
-3.606843438747771580e-01
3.441177829702685154e-03
9.215254489420103834e-01
-7.903401529099628453e-01
6.054741160925458665e-01
3.447706572981433792e-01
-8.557546407801958077e-01
-8.494521736427659286e-01
-2.162447313252871817e-01
-2.670013915664157800e-01
1.318748669127540296e+00
-3.237547322224304525e-01
1.931249045240883977e-01
-4.357175737503771185e-01
8.452500336612636112e-01
8.300800981637990184e-01
-6.758014724857812627e-01
8.905593875873378806e-01
3.843929408934968484e-01
-2.953843045324022754e-01
1.019453796699002490e+00
-5.644782271329547019e-01
-5.499905573802250647e-01
2.246393220382382205e-01
-1.295818781752754889e+00
4.187710107791872693e-02
1.082031767089817187e+00
1.842819006923758773e-01
-1.120125309978594386e+00
-3.214084740591128808e-01
-1.163616507376094011e+00
4.969248934876998591e-01
-5.821048183128956222e-01
1.264538561295323937e+00
1.418405710602668179e-01
-2.078554306582148237e-01
-1.804004818734710747e-01
2.979753907990090322e-02
1.287939106107532261e+00
-1.177947936719594413e+00
-6.036754390181614527e-02
-7.458550938825714294e-01
-8.916477803838216420e-01
-1.000827605173067125e+00
6.020567115430649485e-01
6.236883042195421334e-01
1.007770666947666260e+00
3.673321256275007274e-01
9.049360812320457192e-01
2.644650375206214488e-01
-7.799433879080159837e-01
1.082569575282014140e+00
-7.327143561307168929e-01
-7.871447820780202997e-01
-1.598664385506235464e-01
-9.517858929182277938e-01
1.074788644986945096e-01
6.658875532130513752e-01
-6.833042797623749554e-01
6.348281133358204542e-01
-2.769057440216616817e-01
8.882032605288147087e-01
-1.606749123609144014e+00
1.058984255254150408e+00
3.324021434521431395e-01
9.498457564791322749e-01
6.452405314677849280e-01
8.389693562953292050e-01
-1.383608410602272798e+00
1.576771795796627074e-01
-7.048623330528723807e-01
1.006873094075995789e+00
1.012967377416073900e+00
-1.439787578946858382e+00
-1.457273096898042075e+00
-2.704086670311668383e-01
-2.795312201977994127e-01
-1.105908653038719103e-01
4.467104162242427901e-01
-5.719339759082738839e-01
9.117128080988204930e-01
-2.308335556680548850e-01
-4.185265758623393784e-02
-3.781139467941915799e-01
-2.339113137602045756e-01
5.987414334316759623e-01
7.397230557813297969e-01
-3.090437246800415427e-01
-9.623034367066261030e-01
-1.036323295843330605e+00
1.491471027822388828e+00
4.795466102311530254e-01
1.007051623790084838e+00
-4.994571813651937919e-02
-8.818943154032844456e-01
-4.205351587436349514e-01
7.248441335273203556e-01
-3.378054966176616269e-01
-1.930445400410525369e-01
4.786385938971957632e-01
-3.591444809660535586e-01
2.800034821113447925e-01
1.711185946042141914e-01
6.440514914557915471e-02
6.441543388577386509e-02
8.141534727653731984e-01
-3.887735198681911419e-01
-9.995720481279314340e-01
1.115435268548029990e+00
-8.322026539800202460e-01
1.207249856900687590e-01
-2.170961168387174900e-01
-5.145965903642413242e-01
-4.443755880741705466e-01
6.970660041505212234e-01
8.799251229318193479e-01
9.364468927045026536e-01
8.044309794722239726e-01
-1.138342831101514463e+00
-2.640680919419716721e-01
9.051577359499551889e-02
-1.586191085211453855e-02
-1.281188885519947140e+00
-8.682457807093499347e-02
6.190546614689201865e-01
1.664163236434860194e-01
1.401162216273069971e-01
-2.599465568098197066e-01
4.068832281219333935e-01
-7.663647430409845640e-01
-3.475302307488785658e-01
-3.787533687803947835e-01
6.375383595701605843e-01
1.285622221661332443e+00
5.719209535999426608e-01
-4.907983630500580285e-01
2.805164463189646629e-02
1.934446412361418566e-01
-1.372599562775677740e+00
-1.311274611150053726e+00
6.649188498366125077e-02
-3.281894963081597449e-01
1.148071584150736901e-01
