-1.881722900368835605e+00
-9.132540832327262770e-02
7.325587080944899743e-01
-1.353866814139408348e+00
3.457953795188783985e-02
1.541688605994958328e-01
-3.996227256654188986e-01
-1.430355140394674596e+00
-7.970070465901835099e-01
-1.169164728219415306e+00
-1.047356958944805960e+00
-6.346993564987316039e-02
-3.405485326374764199e-01
-6.317338397905667424e-01
2.315311069393176657e-01
-5.889869113324941452e-01
-1.456718015743251549e+00
-7.600377271240850163e-01
1.977145904202276538e-02
-1.234063795116749351e-01
-1.267427921946989944e+00
8.924371340632991645e-01
-8.416662555440874716e-01
3.769933461143993858e-01
-1.436535146008368347e-01
-6.016302026359492405e-01
5.447750899927252810e-01
-8.853509300366545487e-01
-2.183340203840018923e+00
-1.707705465321328608e+00
6.153938869413637658e-01
-3.144953101849002897e-01
-8.714103504188661087e-02
-7.495552039296257685e-02
-1.029566728733996683e+00
1.625053364615928198e+00
1.526208351816022990e+00
-2.960209239699244099e-01
-6.396199282740536174e-02
-1.765564031004757783e+00
2.529521601144110177e-01
3.700348180565672385e-01
-8.589421654895209590e-01
9.952088656132195010e-02
4.859247932279696869e+00
-2.540484354069085793e-01
1.510022989495551471e+00
2.833346244998771191e-01
1.008932783326522498e-03
5.351619224778454420e-01
-5.239355255069954032e-01
7.735209348705324173e-02
4.222889393340833325e-02
1.300034188944560576e+00
1.173120358240166583e+00
8.395436062170635871e-01
2.006372670125851077e-01
-1.348031027976394625e-01
1.061381047141654488e+00
1.299152359843178672e+00
-1.233716935905953216e+00
-1.680799494519690684e+00
5.978544013375247657e-02
-3.348981224885233532e-02
-1.983227212062643185e-01
-9.326583414020819807e-02
-1.099585420820868631e+00
1.263576364645408123e+00
-1.082657221691268434e+00
1.958610517210142454e+00
6.443861879774446244e-01
9.418457483002087849e-02
9.533777900461104515e-01
-3.179407919831095386e-01
-7.622685023378399372e-01
2.496706098961662679e-01
2.353511142587275118e-01
1.203141305045460463e+00
-1.134501058592489287e+00
7.573502983204731809e-01
3.282763939707517009e-01
2.799803603578701616e-01
-1.290334549786196883e+00
1.815298706289134034e-02
6.465750247800531314e-01
-9.938646672164981322e-01
-7.275352166481250382e-01
1.651487694174454735e+00
-3.205690628439520351e-01
1.881430956549652755e+00
-3.122682277915331817e-01
3.886469256731198474e+00
-3.516800815785585677e-01
7.040598813178014503e-02
-1.236091843166917670e+00
-9.085517389082498063e-01
2.327520938159854252e-02
-1.665716252694509902e-01
-4.728616123332443077e-01
-5.178141814419032762e-01
-5.319608884759107204e-01
1.566766263548910465e-01
3.420099240599554502e-01
5.415910361595117628e-01
-2.936811414143357668e-01
2.445171088226784639e-01
-1.108889726553290433e-01
1.045899846929081445e+00
1.109542924218416715e+00
1.764001609339576504e+00
-3.819056271118937973e-01
-1.754967645666419607e+00
-3.667725802413830394e-01
2.568057991165730858e-01
1.222265114427227573e-01
-9.776553518090146389e-01
-1.162744852678668367e-01
-4.099893567962233365e-01
9.898303284413589864e-01
1.884693698489316172e-01
-3.339880802453195630e-01
5.865211071801021969e-01
5.246693226585456005e-01
-3.312621543274124614e-01
4.539483888413857748e-01
7.807844332967007750e-01
-4.907947199915049241e-01
5.845687278368296713e-01
-9.088154664599599197e-01
4.299456267216290040e-01
2.101158449888647917e-01
3.615207008279314738e-01
-6.406327213902991424e-01
-1.087133078234088918e-01
3.818341412890929876e-01
-8.092103099136574440e-02
8.185990490729483371e-01
3.111051099150426991e-01
-7.856058785631216956e-01
-5.078886597640972500e-01
2.754584333868514978e-01
1.092482656856333278e+00
9.901301210170683209e-01
2.586152986719650847e-03
-1.226030203138219754e+00
-7.493699902437891414e-01
-2.589455192187174459e-01
3.979703517528986878e-01
2.374587125472086946e+00
-1.798907448305350876e+00
-8.053516534107804103e-01
-1.030616254366303608e-01
-1.660052890973442219e+00
-5.347396217770641336e-01
8.585045812112248598e-01
2.578369643423473079e+00
-1.784593877423283348e-01
-8.718232842567347207e-02
3.827055817186426623e-01
-1.055592586160053692e+00
1.199864099492195385e-01
-6.749652728374028188e-02
-3.801814946652946614e-01
-1.961534828154261889e-01
3.482800713478042098e+00
7.030266101116420252e-01
-7.812973814632409031e-01
-2.595608924328232092e-01
1.222784480206721702e-01
9.971064604348742755e-01
2.658666939972847976e-01
7.496223859379841370e-01
1.476695767297561357e+00
1.896667529062365520e-01
7.733376031008118989e-01
9.204071239043113417e-01
-1.016116148883199344e-01
2.014464662868409306e-02
-2.743663170892697067e+00
1.248911582906225837e-02
1.551829601449930429e+00
-3.322706138993631875e-01
7.470989896564442234e-02
4.918846766381460567e-01
4.538485977070882971e-01
6.226151337970985411e-01
-4.402358199144565942e-01
