2.557953408475754919e-02
5.253978892059317785e-01
-1.058388456913079700e-01
-7.455801849302637896e-01
-3.487161921244798513e-01
6.570895432805522463e-01
1.684429778362054875e-01
9.519960381414341866e-01
-2.532615674716154341e-01
-8.404962674554088409e-01
2.730039007282856200e-01
1.738476106790061981e-01
1.251052002032230215e-01
1.589031417584541028e-01
3.739032026976809586e-01
-2.144694648976722129e-01
3.004755523313754062e-01
1.799142813119347373e-01
-8.616764429255256985e-01
2.376356572687313151e-02
-9.647306741979615186e-02
-9.476787928159593477e-01
3.767367550233517437e-01
-9.946969713752795705e-01
-3.316033265381486128e-01
2.412553423361003535e-01
9.528876715551384269e-01
-3.003670468411771127e-03
7.254304973921739119e-01
-7.955296442832480164e-01
-1.386285714344157594e-01
-2.489413340996029511e-01
-6.957228103556418741e-01
3.968369272677393922e-01
-1.061299780951718841e-01
-8.257665737231677516e-01
8.122704370396001128e-01
7.613377265251538573e-01
1.293581772187041290e-01
-8.029943664927197133e-02
8.408483178106244127e-01
-6.625674509667051071e-02
-6.963688550374511621e-01
9.741865138797966006e-01
6.530943919946252674e-01
5.982919066483889381e-01
1.294686304787187048e-01
3.915342484269043188e-01
-9.129864604552266893e-01
6.436801540778205322e-01
-8.839769433621771366e-01
-3.482125688377213368e-01
2.548516732142461216e-01
-3.133283585276370187e-01
-1.318755584969029671e-01
8.557374940843328615e-01
-2.256209205074410917e-02
-6.363200958924537798e-02
4.009991125023177894e-01
8.428192165970225247e-01
8.038556717609913749e-01
9.762171203085332483e-01
-5.204008010615235325e-01
-8.448538647402246138e-01
7.566305123230996355e-01
1.542698054701215071e-01
6.346773204604108098e-01
-3.916629714758164127e-01
-8.596204009061046980e-01
8.021640265280262083e-01
1.088770965587524397e-01
4.355411702944684826e-01
-6.811857968749893688e-01
1.218409988485495005e-01
-6.557309253755545519e-01
3.011790394663562687e-01
8.917585069500051365e-01
-8.747991869815314736e-01
7.779309661342892479e-01
-5.802749856291478103e-01
6.909341919684315325e-01
-5.316822780215267885e-01
6.202030491152457081e-01
-5.176203373565657628e-02
-8.370795990732811109e-01
-9.265269777938899276e-01
-1.073376211289007731e-01
-6.829219106679562667e-01
-9.999143965687617985e-01
3.260842416955107570e-01
3.698602463910847238e-01
4.442295346676209955e-01
6.026742246940072212e-01
9.488631489433169142e-02
5.414508224874206022e-01
-1.017621452040923913e+00
5.068256621680100604e-01
-3.316211835250799100e-01
-8.544301559206480823e-01
-1.192739766013802861e-02
5.835790873857887862e-01
6.683457226077388347e-01
-3.241585147443608594e-01
-6.688775335791999899e-01
3.922173299158000503e-01
4.368564190119190727e-01
5.086222427838962279e-01
8.252918258334430712e-01
-8.912790528848713034e-01
-7.790487974524494819e-01
-1.506968631080676246e-01
-8.486718304981084593e-01
-7.958069830496410368e-01
1.795155436206961053e-01
-8.673506426932738045e-02
-8.474963342371484298e-01
5.854513844420279334e-01
8.150682735570021764e-01
-5.164673427090995528e-01
8.745546153859482530e-01
-4.773541456800045601e-01
9.175406129526703092e-01
8.648024037912173112e-01
-3.300323039677284798e-01
4.112765716792269877e-01
-6.491149660556683187e-02
6.173545911711887380e-01
6.558367622813113251e-02
3.937305593902459266e-01
-8.495618952003604063e-01
-5.987668275050180844e-01
5.253932488060918393e-01
-2.859418239098014958e-01
-7.384487807590213171e-01
-4.765726673885805065e-01
5.930843019789859838e-01
1.596742112871296637e-01
1.027966958576935486e-01
-3.694444962422591995e-03
8.259927333086032608e-02
3.113650015390727055e-01
9.057660471795802026e-01
1.760071035789880778e-01
6.895427544665706510e-01
-7.522207515010256168e-03
-1.048513095047971078e+00
1.800681349028232514e-01
7.206535271427197964e-01
9.583543054617629231e-01
5.679401577182454641e-01
3.842711277842537076e-01
-8.516367369997085435e-01
1.057493263957260121e-01
3.702338558944786584e-01
3.080112704799019274e-02
5.711719769808486225e-02
-4.204182389606663239e-01
4.180884153053417984e-01
8.161425919957379094e-01
7.485649178641562429e-01
-7.825298103988744813e-01
-2.226587013320056041e-01
4.722308819104730215e-01
2.392267324102979875e-02
-5.340132067624165924e-01
-2.732222888762594337e-01
5.532203693354186269e-01
5.842759290441534858e-01
9.677407135735918153e-01
7.581643685180428083e-01
-9.662392947355964712e-02
-3.263940512868119814e-01
7.859561027319077464e-01
-1.019541333053521015e+00
-6.212914608029715957e-01
9.311545825396412290e-01
8.871428789630569911e-01
1.579676794576400090e-01
3.748599818049336285e-01
6.643047934248356157e-01
-2.083312821028030226e-01
3.131821964489687193e-01
2.931895200581171590e-01
-8.403451436587970891e-01
-8.665467648273859069e-01
1.253314518236660624e-01
-6.656881650360446656e-02
1.552871418253776170e-03
6.675901003793913713e-01
4.454309046937979938e-02
6.818654671931514422e-01
8.153334247598241769e-01
-9.040618689758804782e-01
-1.236041302897674665e-01
7.455370116968189631e-01
-1.089787734685929710e-01
5.200019077905230214e-01
-6.526268553093632629e-01
-2.005863701250259201e-01
1.149648911300036880e-01
7.736384883381781929e-02
5.640674364105380256e-01
-1.740221452628027965e-01
4.922416007750930467e-01
-7.318713261397085112e-01
6.062200538140152251e-01
-6.286724666930856298e-01
6.656521191182035446e-01
5.425228294624808711e-01
1.449069550207101043e-01
-9.072441474868774280e-01
1.934015300378315594e-01
-1.646657394150866094e-01
5.376482729745999389e-01
-2.985835959058331657e-01
8.395944304982294604e-02
1.025458279942153550e-01
1.254148792060938433e-01
2.549818580980254754e-02
4.629389736055242177e-01
-9.277147407832297965e-02
4.778704275819234404e-02
-8.542266486176937068e-01
-2.363685493686121242e-02
9.168570553624251218e-01
-9.310687879095694286e-02
3.456459781250847962e-01
8.765055766523794922e-01
-9.323751342437578415e-01
-7.282963542236506327e-02
-3.353768209228569219e-02
-5.026687256513500124e-01
-1.311568401129097894e-01
9.715312824390123225e-01
4.493679835891055685e-01
1.968941213435466686e-01
-6.693009949246013779e-01
-6.619290165310148799e-02
7.538886420353733131e-01
-8.606523589080865566e-01
8.918784672883901532e-01
-3.951217454059205991e-01
1.635532416682266565e-01
7.077995120215324620e-01
-1.682821987301645894e-01
-4.432765025228524447e-01
-9.238173763948813733e-01
-1.781574568273233683e-01
5.305871067788806572e-01
3.893312331469648835e-01
7.495470723540097469e-01
1.469232832611719886e-01
8.251322836399384020e-01
5.556686496824256860e-01
-2.045774039051374005e-01
2.431371513119562344e-02
1.023247185837113493e+00
-5.625612806680966305e-01
2.866995017369040610e-01
-8.989508802977858037e-01
-5.005548989089014800e-01
-4.348146999765178933e-01
5.798924883007552378e-01
8.452936377259814282e-01
-2.056720932858122630e-01
