-1.000000000000000000e+00
0.000000000000000000e+00
-8.470362139069473884e-01
-1.000000000000000000e+00
9.216893141156474734e-01
1.000000000000000000e+00
0.000000000000000000e+00
-1.510362303170231790e-02
-1.796471066936355943e-01
8.587946698219230957e-01
-4.691237911584102971e-01
7.580908058318214238e-02
1.762471316501068586e-02
-1.000000000000000000e+00
1.000000000000000000e+00
-9.095358647221118975e-01
7.769375589595619580e-01
4.555209374484310292e-01
0.000000000000000000e+00
9.425599123302710325e-01
4.926969098315654438e-01
1.000000000000000000e+00
-1.000000000000000000e+00
-9.172447385838171652e-01
9.534129326201856713e-02
0.000000000000000000e+00
0.000000000000000000e+00
0.000000000000000000e+00
8.940943902464160153e-01
2.370080629909072645e-01
1.517317923985339601e-01
6.339059539332414506e-01
1.000000000000000000e+00
0.000000000000000000e+00
7.517543453290651545e-01
1.000000000000000000e+00
9.265225824936085264e-01
-8.228496172266097641e-01
7.720138182080309441e-01
7.944750392627164537e-02
-6.598944530459505131e-01
-4.764015323480546016e-01
7.307555227109510110e-01
5.931919856670329061e-01
4.534292149842023001e-01
-2.054595442969999741e-01
-6.362262241619591752e-01
6.351800139384571331e-01
-7.366171405052086563e-01
8.045285504349932726e-01
-6.956966131315462931e-01
2.370906822004197334e-01
5.190540091144790757e-01
8.831151113819366572e-01
1.798448114238568873e-01
-8.212220070625995128e-01
3.492315471966978002e-02
-6.188506410819707426e-01
6.619004418083174190e-01
-7.733020179815830453e-02
-9.687342615820060399e-01
1.911303710680489765e-01
1.742859837258492473e-01
5.865628484980751622e-01
-8.965791321098663946e-01
4.469992653757997036e-01
-5.254256097396046155e-01
6.860092702526394692e-01
8.188729772756353498e-02
-2.396653173756742028e-01
5.425514460460958421e-01
-4.845994031446496653e-01
6.138776805439440931e-01
8.494717064187429223e-01
-4.071302496357278589e-01
-9.898409774607410672e-01
4.625656130332902460e-01
-5.547737701499273477e-01
-5.988244498908690261e-02
-7.466363679204710557e-01
3.756718607706739377e-01
5.711988450655196559e-01
2.344113254096591437e-01
1.000000000000000000e+00
0.000000000000000000e+00
1.831978242331444573e-01
-1.000000000000000000e+00
0.000000000000000000e+00
0.000000000000000000e+00
1.000000000000000000e+00
1.042019961003173290e-01
1.000000000000000000e+00
-1.000000000000000000e+00
-1.000000000000000000e+00
0.000000000000000000e+00
1.000000000000000000e+00
-1.000000000000000000e+00
0.000000000000000000e+00
-7.699571515757508422e-02
1.000000000000000000e+00
1.000000000000000000e+00
0.000000000000000000e+00
-1.000000000000000000e+00
8.847697097004874056e-01
1.000000000000000000e+00
2.071452657902657091e-01
-1.000000000000000000e+00
0.000000000000000000e+00
-2.576901359858352336e-02
1.000000000000000000e+00
-4.383625293909996223e-01
-2.666793786457462012e-01
1.000000000000000000e+00
0.000000000000000000e+00
1.000000000000000000e+00
0.000000000000000000e+00
-5.020793801198217832e-01
-9.311383195513069921e-01
-1.000000000000000000e+00
-1.000000000000000000e+00
-1.000000000000000000e+00
-1.000000000000000000e+00
-9.167769495421751458e-02
-1.000000000000000000e+00
0.000000000000000000e+00
-1.000000000000000000e+00
0.000000000000000000e+00
8.274542336871550940e-01
-1.000000000000000000e+00
0.000000000000000000e+00
-1.000000000000000000e+00
0.000000000000000000e+00
-9.413026523387382216e-01
1.000000000000000000e+00
0.000000000000000000e+00
0.000000000000000000e+00
-1.206489087033297825e-01
-6.903814043810845291e-01
-1.000000000000000000e+00
1.728775820760815041e-01
0.000000000000000000e+00
1.000000000000000000e+00
0.000000000000000000e+00
-9.059135316196700316e-01
-1.000000000000000000e+00
1.980214452165092176e-01
-1.000000000000000000e+00
3.804114159844407261e-02
0.000000000000000000e+00
3.380941662203063025e-01
0.000000000000000000e+00
7.099621089712964128e-01
8.689383343051397812e-01
-1.000000000000000000e+00
0.000000000000000000e+00
1.000000000000000000e+00
1.000000000000000000e+00
4.672753188956275672e-01
1.000000000000000000e+00
1.000000000000000000e+00
0.000000000000000000e+00
-1.000000000000000000e+00
1.000000000000000000e+00
-9.404788872286846679e-01
1.791659908476741503e-01
1.000000000000000000e+00
-7.594835341233114878e-01
1.000000000000000000e+00
1.000000000000000000e+00
0.000000000000000000e+00
-1.000000000000000000e+00
-3.105721074843814655e-02
0.000000000000000000e+00
1.000000000000000000e+00
4.570846373216379543e-01
2.802096667828624099e-02
0.000000000000000000e+00
1.250135157480554149e-01
-7.655131739815708158e-01
-1.000000000000000000e+00
0.000000000000000000e+00
-3.964849573797646354e-01
9.308694924221017075e-01
-1.613280791832591987e-01
-1.000000000000000000e+00
0.000000000000000000e+00
4.312658148064336672e-01
1.000000000000000000e+00
7.366512954611768027e-01
0.000000000000000000e+00
1.000000000000000000e+00
-1.000000000000000000e+00
5.445671246105319163e-01
-9.346523243635485034e-01
-1.000000000000000000e+00
-7.773901610873970025e-01
-4.925153196585236870e-01
7.574915831332384997e-01
-1.000000000000000000e+00
0.000000000000000000e+00
1.000000000000000000e+00
-1.323726203389092859e-01
-1.345048095049676817e-01
1.000000000000000000e+00
-1.000000000000000000e+00
1.000000000000000000e+00
0.000000000000000000e+00
-7.469708328991315760e-01
2.898935083622440345e-01
-1.000000000000000000e+00
0.000000000000000000e+00
9.517815061335157534e-01
6.941771509303946708e-01
9.754087550428711673e-01
-9.673990920940866989e-01
-9.226992541160188299e-01
1.000000000000000000e+00
-8.359494009989565377e-01
0.000000000000000000e+00
-1.262299121174910166e-01
-1.000000000000000000e+00
-1.000000000000000000e+00
-9.606951622165718074e-01
8.736538386869294737e-01
-6.570177904717939832e-01
6.451669389591419002e-01
4.800981687182592772e-01
4.670714120129617619e-01
0.000000000000000000e+00
8.487588689378997575e-01
1.000000000000000000e+00
6.531840950850305028e-01
-8.314822371165360160e-01
4.014747807053142825e-01
1.583303156710560433e-01
-1.000000000000000000e+00
1.000000000000000000e+00
7.749333227836467941e-01
-3.144800947463128882e-01
-4.103321535794246522e-01
-8.419429407971938950e-01
1.066523612454888248e-01
0.000000000000000000e+00
-5.878653798223425486e-01
-1.000000000000000000e+00
-1.000000000000000000e+00
0.000000000000000000e+00
-6.640221641541717013e-01
-2.276139665954242108e-01
-1.197728322774556098e-01
-9.918508080844417041e-01
-9.990856047866398804e-01
-9.946535703076264667e-02
0.000000000000000000e+00
-2.007658500266731316e-01
1.000000000000000000e+00
-2.085832302036436658e-01
4.556430643423365900e-01
-1.000000000000000000e+00
0.000000000000000000e+00
-7.053886673320075573e-01
0.000000000000000000e+00
-1.000000000000000000e+00
2.080504116614723120e-01
7.220511370827074060e-01
