1.281957943447252501e-01
-1.610125894525805013e+00
1.928955041204961862e+00
2.453439838745332224e+00
-9.546705377447567420e-01
3.771959210094779080e-01
-1.880988972255984493e+00
1.183308481730005912e+00
-3.450943288289121114e-02
1.943862023409729800e-01
6.159586495773729242e-02
-1.060232005416985590e+00
7.419198414482640613e-01
-4.708875761047907199e-02
1.587563320112680421e+00
-1.115561327738533726e-01
-7.532340261287929772e-01
2.150185976469365379e+00
6.227303940183448461e-01
-1.243212406905930267e-02
1.715295071298930107e+00
9.757228361467100708e-01
4.379636654874739521e-01
-4.869222580754617447e-01
-5.771659364434783557e-01
-1.010515754602489213e+00
-1.665880395269786929e+00
-2.417684021072578737e+00
4.872248310794921045e-01
-4.653194450989785458e-01
-1.326177535645963523e+00
1.446741239791817568e+00
9.096690539261584885e-01
-3.691551110515233769e-01
-2.943798288684605913e-01
-8.128826238105796298e-01
4.341014793254599269e+00
1.698707813854406778e-01
1.952658793790573277e+00
2.313437034841726359e+00
-6.044665157885332540e+00
1.009434225051706324e+00
-6.545612616198749345e-01
-2.900895575551698080e+00
1.814237560824504492e+00
-5.187315199203397675e+00
2.494233969697435160e+00
-5.240547502518553280e-01
-7.912784621006830887e-01
8.391516322415085716e-01
5.430170306108775269e-02
1.285929030024531183e+00
-1.156514615806957802e-01
2.112733774768428829e-01
-6.353649175919166225e+00
-1.672797268671017135e-01
1.237870892091608166e+00
-5.999066592261736997e-02
-1.402886496997042931e+00
-5.733752717498498797e+00
1.767915651390376652e+00
1.318060252947901745e+00
-4.066507445098160867e-01
-5.261474194201319898e-01
-1.302833750502988774e+00
2.312881432966035433e+00
2.060095640388006633e+00
4.431871829297398535e-01
2.473699389304650165e+00
-6.971589703627527612e-01
-1.541148556284545335e-01
1.681910930186915065e+00
-9.482178357519324141e-01
-1.493897935829661572e+00
1.033616058704578400e-02
-4.598558471653668711e+00
-2.889735836103800581e-01
-2.661558785186557419e+00
5.902266923055483616e-01
-2.113568768784947594e+00
9.097445911938086827e-01
-8.102582833106029003e-01
8.277235739820989480e-01
5.087922926648719368e+00
6.099757199595499557e+00
5.904934895966656994e-01
-5.087162996912369950e-01
3.775765836751974192e-01
-2.175263602990574974e+00
-1.281561927381170918e+00
-2.408359869616103488e+00
2.474598862406453659e+00
-7.120018687730647056e-01
-1.495860751958087098e+00
1.980457817415132715e-01
7.236394579570017971e-01
-3.635544678810835872e-01
1.546786701769142791e-02
-2.957778458317877224e+00
3.086503237979862924e+00
-5.747073006633353076e-01
1.263922338837846215e+00
-2.928578063646896990e+00
2.145597554938285967e+00
-4.083703207405064983e-01
2.091357602074505051e-01
3.648355234805277458e+00
-1.269110732842845479e+00
1.222398578835011573e+00
4.733613120778991101e-01
7.395450094456379464e-01
4.382612774448483850e-01
-1.416936460165230782e+00
-1.934066991175953376e-01
-5.180575341525804900e-01
1.137046423430676939e-01
-1.091411709889190951e-01
3.385308816327536885e+00
-7.867794031863913906e-01
-9.074653470702089830e-01
2.288438345426430320e+00
-6.163965268876431258e-01
6.353853820441173639e+00
-1.916768016075792724e-01
1.736623054086882556e+00
3.974559929235225164e-01
1.465930760999824223e+00
2.006001212391224975e+00
5.523328924847762389e-01
-1.155223288922329505e+00
8.347830047437487799e-02
2.777261147566638222e+00
-8.927785301554580499e-04
-6.325977993502039931e-01
5.250688548083237706e-02
7.885197307947672263e-01
2.064805989274304032e+00
9.272959933065223481e-01
7.634905848298894071e-01
-7.172307039113734461e+00
-2.527014710212375004e+00
5.227660861944088966e-01
-2.203787166038494519e-02
-2.992931873339148563e+00
-3.145901760734203023e+00
2.613979237857749216e-01
1.726125183250227346e+00
-1.179259406184072212e-01
-1.034675831816867397e+00
3.074488605650542272e+00
6.188346407599437660e-01
-1.466400849434673914e-01
-6.923464105457870499e-01
-3.227953458703329392e+00
-4.205817014053390285e-02
1.268201649413501331e+00
3.962507038155193562e-01
-4.092621642299008045e-01
4.279113747409392099e-01
-1.157809498482227584e+00
6.658787194204066617e-01
5.080642645331243656e-01
2.999343251189234838e-02
-7.200347737807591963e-01
2.362329229678371334e+00
-1.509901466337110865e+00
-3.284303713998357743e+00
-1.162680601028240335e-03
-2.637055862991554367e+00
1.536680766927518871e+00
2.038354536058310629e+00
-2.085847358004357055e+00
-2.685452340499303148e+00
-2.918584709232235674e+00
-2.065572500590827018e-02
1.011163411401114764e+00
-5.276682193059638593e+00
-7.345734529866301266e-01
-7.175200950224732699e-01
-1.822876757619042554e+00
-1.134412841127156346e+00
-4.835222082736830296e-01
-6.519676102645971527e-02
-1.207987633523822879e+00
2.622465002707082604e+00
-1.008849325182369139e+00
-1.136285569340833357e+00
