9.354873367647749127e-01
-2.342393555727356969e+00
3.679152461340382541e-01
-1.352890215075036151e+00
7.301374766940205152e-03
-1.040185859274318725e+00
-7.992408519105527187e-01
4.942688823419101318e-01
-9.679151507613932282e-01
3.876009515266434224e-01
9.418972455658231047e-02
-1.948980043696062481e-01
7.584728186584717147e-01
-8.659528600791456254e-01
8.976981214461962066e-01
5.118042256545560775e-01
2.919159123734187400e-01
-8.411426411554783211e-01
1.726561659496705925e+00
1.894746214022222930e-01
2.196484004593959316e-01
-1.738839699764191948e-01
-9.342528160950975824e-01
-9.810854455021049692e-01
9.782331264273845806e-01
-5.079143633815796921e-01
1.342608157400408952e-01
1.679716916124145420e-01
8.414652607417449914e-01
-2.943940226744705679e-01
3.847136419150829489e-01
5.533974501292715509e-02
-1.396310756473102099e+00
4.360138418477225719e-01
1.798418452461896244e-01
-6.987333658996659480e-01
-9.411710992076834925e-01
4.381446290708119751e-01
3.298912982452673059e-01
-3.553613813583738068e-01
8.650464657379766109e-01
-5.751062592974014454e-01
8.250306172952133199e-01
-5.594859649128736817e-02
9.906173592971337927e-01
-8.567707656001632976e-02
8.703292153796260422e-01
-8.807874215580450139e-01
4.901190771362201049e-01
-4.609357604361842831e-01
1.169245052150793551e+00
5.893382911653377576e-01
2.281543241171068992e-02
-2.399480989698835609e-01
-7.153794888828124421e-02
1.417362041329994105e+00
-1.244904179760355278e+00
1.912308347746454196e-01
6.486598928244674545e-01
-2.183573903943019090e-01
6.503238463724254625e-01
2.165891187204529444e-01
-4.382606620272432307e-01
-6.944819541563720389e-01
-6.171228252085596555e-01
-6.517289699608703746e-01
4.315911980898601286e-01
9.568444802561416607e-01
3.781321410292746155e-01
-9.167935178850710187e-01
-4.345507998101427738e-01
3.785733419491656981e-01
8.754177141570089749e-01
-5.536559601722634838e-02
-5.929808828202637327e-01
-5.142238350415867520e-02
-4.430215525976688440e-02
-1.683327795547504335e+00
-3.263898597593037909e-01
-5.551431464000813332e-01
4.888726934085891873e-01
1.631166650834976917e+00
-7.083348223377862159e-04
-7.502180057957423820e-01
-7.313397686101690276e-01
-2.970220358136099748e-03
1.549580859615498629e-02
1.431304266556086446e+00
-5.980782669767914506e-01
-8.886263961417845136e-01
-7.558439083348789111e-01
-9.815448855333367417e-01
1.283934923063817735e+00
-4.862415405862043905e-01
-1.723904364555522983e+00
-5.383139814279742641e-01
4.319564099382639522e-01
6.953279414048973983e-02
-3.332067794163462437e-02
7.355696701008627159e-01
-2.038682785292311728e-01
-1.438261123718693746e-01
-2.028125143203180158e+00
-1.023908120855320236e+00
8.457151410637029354e-01
-3.350804534794558087e-01
5.530128788916712779e-01
6.267288996863249473e-01
1.170759116774830577e+00
-6.592829095805590178e-01
3.258643257380178238e-01
-3.757933007598377451e-01
-9.657229586277490396e-01
-2.778138754806303012e-01
-1.234110828756271871e+00
-6.018625901910181764e-01
-7.113676678351357197e-01
-4.707260247700002509e-01
-6.502716610200123259e-01
1.808550775091969820e+00
1.045153698802444797e+00
-8.203080705291270203e-01
-2.390131257220753369e-01
5.954418264411016626e-01
1.892941842188021528e+00
5.632849837453399733e-01
-4.696301481671378841e-01
2.796582249570820355e-01
3.587901148856953437e-01
-8.020364503916201926e-01
5.900644617360794458e-02
-3.308167306185189060e-01
-6.494531974268813457e-01
2.146522949341980180e+00
7.506374786932630272e-01
-4.874834434630901381e-01
4.130781940985959189e-01
3.404340376205390317e-01
8.453296453794673093e-01
3.806842086266848391e-01
6.611356739872731314e-01
-3.996566573068005557e-01
3.420433373010998146e-01
-9.913550010688529923e-01
1.826243738097882430e-01
-3.459699835416074620e-01
-3.498593041134707704e-01
7.744307075830250131e-01
1.725998872023657871e+00
6.957591536653970898e-01
-2.987204605807769128e-02
3.397079260512143595e-01
-3.595895692215982375e-01
1.217365636176590549e-01
7.298051673383207927e-01
-5.571900988428539758e-01
5.645379282484022099e-01
-8.860245375538886581e-01
7.607552514155602186e-01
6.532110472418657388e-01
7.766215529183799759e-01
-6.764201508988578748e-01
-8.250303370951372894e-02
-1.002009046662397429e+00
5.579795724816905000e-02
1.947130070833881232e+00
5.312057639532432596e-01
7.139204727481551771e-01
6.707725137342922528e-01
3.254188851476365052e-01
4.023327852950420169e-01
3.759329044573614387e-02
-7.973510543250825755e-01
-1.818420430503665530e-01
1.661812694945569824e+00
1.236306905275768031e-01
9.308389202055822320e-01
-6.495938520951243245e-01
2.102549657394936489e-01
-3.425288611066386046e-01
1.407888446667937554e-01
-1.509627392899963727e+00
1.195523076709158472e+00
-9.975132240081108215e-01
-9.031558704271895888e-01
9.565335820936806677e-01
1.608018390137984088e-01
