-3.525915883742420931e+00
-1.515493723546287586e-01
-1.039799354512998875e+00
-1.049101506804867912e+00
-6.614387050815756508e-01
-4.202605491826539863e-01
5.817445459546462250e-02
2.646323979896965661e-01
2.448287995200662870e+00
6.194783739794834654e-01
-3.314929655476337444e+00
1.677364718926147802e+00
2.168791934172143998e-01
5.103371493357857780e-01
3.694854921571968376e-01
3.317171553459886901e+00
2.475809657219848470e-01
6.750720178642553027e-01
-3.312141711886599782e-01
-5.017153660622389877e-01
1.201933401464230666e+00
-3.237361754164497785e-01
2.498926367222889411e+00
6.129433878087484633e-01
-8.748697454641582993e-01
-6.634872827524740391e-01
-9.302538796955808764e-02
-1.040648230819974263e+00
1.087159896844729801e+00
4.336922705995062133e-01
-6.090241533762630333e-01
-1.351159466407061860e+00
3.086510111321942307e-01
3.620957839217635588e-01
-2.379754286211713810e-01
-2.200161035486933869e+00
-2.653226773162866703e+00
-5.126605306075145974e-01
3.430154640532528720e+00
-1.166505019505128082e+00
-8.866976285984149442e-01
-9.488767852251078772e-01
-4.420284222754858883e-01
9.118713247488996476e-01
-2.320334923535096738e-01
5.883599120614001476e-01
1.124797911276488094e+00
-1.197898218036250073e+00
-1.046115911691692713e+00
1.291677890364038461e+00
-9.140481426105928620e-02
-3.805826214526306095e-01
-1.539461928090801179e-01
-2.317459510656554034e-02
-2.673223388227632946e-01
6.929774690439756135e-01
1.484788511045410875e+00
4.155706985462052638e-01
9.985752852730677143e-01
-1.269292329694220733e-01
2.719732460153893250e+00
-4.937573294153640435e-01
-1.354412385040403011e-01
-2.690486230414720570e+00
-2.845076053935969185e+00
-9.952201669986446841e-01
-4.939759910815622601e-01
-2.783531958502622583e+00
-8.057044539936312200e-01
-9.824324245310556147e-01
1.875838402806537519e-01
6.357143953167491762e-04
-2.630662640427599452e+00
2.860964342845405906e+00
1.341254041601288138e+00
-5.496170896488357105e-01
1.669771777026069826e+00
5.725315410304976371e-01
-2.808826530947907685e-01
-1.510974083907756116e+00
-1.266839084189321119e+00
1.716283020217371780e-01
2.573606463072309336e-01
-5.684079209025010015e-02
1.667169991408629759e+00
-2.251308929381954371e+00
6.397334564654734157e-01
2.854678067888872794e-01
1.652499945871829246e-01
2.233109081889903980e+00
8.220729767323156079e-01
2.343068012677483047e-01
1.641080378909044901e+00
-4.722191658287958060e-01
2.634598866654526139e-01
-6.846811906950958093e-01
-8.908491151889372794e-01
-8.240342878721131914e-01
9.243110135978515052e-01
-1.378592571579430048e+00
1.829594606533624379e-02
-1.094686668618039871e+00
-2.254505866736552289e+00
6.167890394662400855e-01
1.351062868613045698e+00
5.721019044807193477e-02
5.111848561519466427e-01
-1.912332645862711150e-02
-2.641827587146037271e+00
4.952911075611761138e-01
-1.538217768595881961e-03
9.164872515697251032e-01
3.191617432188206122e-02
2.996086325722873145e-01
2.883657361148823650e-01
9.934354381982571924e-01
-9.762125391969922461e-01
5.912231990428994388e-01
4.449450436741677062e-01
5.383473148900137506e-01
-1.155258739464990886e-01
-6.411068599301474880e-01
5.272403692553809806e-01
-2.044097734667413402e+00
-1.107557771307752903e+00
4.951622463508628669e-01
1.096460681121995684e+00
6.207588376192875179e-01
-1.968706261726299367e+00
-1.943490775101734680e-02
2.816769258455556479e-01
4.025269788929805026e-01
9.814895029899263212e-01
1.543064975136330785e+00
4.117674468608178984e+00
-7.160098978382702928e-01
-1.451272099553810868e-01
-1.234986665330406908e+00
3.986467070020577874e-01
3.698850093869980316e-01
-1.403356414971245192e+00
-3.043507959952715947e+00
-2.074430901555600837e+00
-4.138942279126089918e-01
-7.632238329015819112e-01
1.042548253471654363e+00
2.760573586572471760e-01
5.830490311683728111e-01
6.165253490165091277e-01
-1.848303011484853098e+00
1.543039148940906546e+00
1.058504249899283600e+00
-7.694449867796344655e-01
-1.444486605018984626e+00
-2.261308678095145464e+00
-1.459052870589018225e-01
2.167452673234690486e-01
4.242945041554037622e-01
-1.108725226549280185e+00
1.054686576692669131e-01
1.981824234502821636e+00
-1.843299655586629449e+00
6.785059665059735012e-01
-2.230598272877743204e-01
1.210702045771387070e+00
-2.985621377859351000e-01
3.137206749237343439e-01
4.999482036408977592e-01
2.531003622803451591e+00
-9.718954181358624433e-01
-5.857732939513957682e-01
2.460230492199578511e-01
2.704386519358946916e+00
2.076329956088800444e+00
2.146153395150230292e+00
-4.787688855488323458e-01
-8.021464851489512604e-01
-1.937344606447516604e+00
-1.573142524447821655e+00
-1.218551942230777368e-01
5.530458694932749442e-01
3.083380954570103416e+00
-2.239174685019238442e+00
1.716313432590739430e+00
4.126733242839717986e-01
3.672717529937481906e+00
5.729195624854797053e-01
