-8.167486024174218651e-01
-1.459206055574538308e+00
-3.629839340266491354e-01
-7.568083849719898781e-01
-1.013955234229350744e+00
-5.040772263072179626e-01
7.748505153758935560e-01
-1.049880391161436943e+00
1.982153777182895094e-01
8.466856539763822909e-01
6.869012784283947681e-01
-8.347445859320143935e-01
-1.511610450344883505e+00
-2.340710880911185399e+00
1.386036684438086031e+00
2.032638381195390753e+00
2.291326622907317923e+00
4.691006779118623293e-01
1.411275812242056338e+00
-7.280532118587241808e-01
3.900283113303509852e-04
1.286103519850743337e+00
9.492815929680353815e-01
-3.551470464967685925e-01
4.125924142035973796e-01
-6.891815257856640509e-01
2.274122046390950391e+00
4.841483938946987697e-01
-2.521087589032869891e-01
2.220651769368778283e-01
-1.599014874864050639e-01
-2.544265616344471015e-01
-8.298922914475332924e-01
9.476528751193420419e-01
1.482036252512886287e+00
-3.920882473058588391e-01
-2.073593686243678125e+00
9.236016907235859996e-01
1.485500990120270037e+00
8.240600663912843737e-01
4.265569006117654327e-01
-9.931176980919025343e-01
-1.327857750574698015e-01
1.506296294140064607e+00
1.750388578515381433e+00
1.405688841897567265e+00
-4.786063805874413157e-01
1.456875238874224987e+00
-2.744865416957293469e+00
3.682858760457602409e-01
1.666734407124159378e-01
-1.243001290949520554e-01
-1.749223754634193773e+00
1.063996252137915599e+00
-2.955226509138308977e-01
-2.900954998743023872e+00
8.448255091376026815e-01
4.794913282668415433e-01
9.126940802322044410e-01
1.075685422397071322e+00
-1.502264379775661851e-01
5.483775964857690033e-03
-1.172530332451970025e+00
-4.558831052624112701e-03
4.731883569325767147e-01
-8.615385637483360393e-01
-1.303632722493070828e+00
-1.168317597459289647e+00
5.981230415235024855e-01
-7.075418868338032574e-01
1.531319008137642435e+00
1.461081131520859111e-01
-4.505535326161623222e-01
-4.551911359630733123e-01
6.005913006667569221e-01
1.394117928378901805e+00
6.639772481398918957e-01
1.518729912162867013e+00
-7.577373455098458388e-01
-4.892844538475792093e-03
5.990129125865853998e-01
-3.011764967033151996e-01
8.346319363881573583e-01
2.369139008168767713e-01
-2.135605203601198543e-02
-6.223836238842083146e-01
4.737538545425103997e-01
1.003850492272732930e+00
6.944794110600545078e-01
-6.750590684337589575e-01
-6.429116762232131022e-01
4.946251197038153968e-02
1.034825972978760333e+00
1.594988226653612173e+00
4.108902046927368490e-01
8.009370427220114941e-01
1.330954344798095823e+00
5.203052984445799556e-01
-2.041140615839302175e+00
1.763727056249161596e+00
-8.829389351864747049e-02
2.552498971462203725e-01
-8.122100290436383707e-01
-7.379697946147834031e-01
1.892532533116010995e+00
1.963780000296375117e-01
-9.558746446308333811e-01
1.654695639526949424e+00
-8.595334750335005269e-01
1.842125036843476504e+00
-5.047193659797144516e-01
3.044847621941888516e-01
-4.157714250799407485e-02
6.285185543532578745e-01
-3.777057047792756750e-01
6.310050004201750440e-02
-1.240369224826968431e+00
-9.378871225386065102e-01
-1.758249919824758756e+00
4.045890368220240729e-01
-2.255668048126144409e+00
-1.798808320267964778e+00
-9.312575448959989899e-01
-6.523888022038359935e-01
1.388407146574451856e+00
-2.977914694958895825e-01
9.272342727127467210e-01
-3.836726176725362980e-01
-6.402677014916997589e-01
1.687493967156008967e+00
8.199451219698556947e-01
-5.177308261659099298e-01
-5.927794956314288433e-01
6.427216958953545500e-01
1.954167699638482469e+00
3.282875769240988784e-01
4.167259010155887622e-01
-7.882238630816835734e-01
-2.984064768601500273e+00
6.205690187191748031e-03
-2.260442995236653096e-01
5.143285618777432289e-02
3.563682040013139707e-01
1.557432080977710687e+00
-1.084179316776226365e+00
-7.023847186401241949e-01
1.066278925554136059e+00
-1.133784779974479795e+00
1.707811686511131022e+00
2.900242233710935702e-01
1.024571906469136318e+00
5.343691920506862814e-03
-2.808008624567356337e-01
2.556764262567404744e-01
1.591240252883309614e+00
-1.226075474940616417e+00
1.803905329571196203e+00
-1.907984086214761232e+00
-1.311589244536285337e+00
1.201789602744909313e-01
3.531602625015863861e-01
-1.343038955045322780e+00
3.674197638540581679e-01
-1.375438754841690647e+00
1.559747742549205674e+00
2.068492095945636822e-01
8.726333391083602731e-01
-3.347036944132498748e-01
-3.000719635000843599e-01
5.502658703809784058e-01
7.457856871976136226e-01
-1.405713082146231863e-01
1.447626528484103670e+00
-1.143951234925037141e+00
2.471167924249139780e+00
4.354240438526664481e-02
4.054545997896489284e-01
5.046483496656170020e-01
1.454294937149920974e+00
-1.193320226433033648e-01
2.420875061043209486e-01
9.172257048609698815e-01
-7.706485210096254423e-01
1.596678003498657183e+00
-1.880090238183574070e-01
1.004797720712300890e+00
2.836441701440857166e-01
-8.255413126812245483e-01
9.437414764555945856e-01
-1.344462213699141317e-01
-1.055973642901534504e+00
3.891250544942151390e-01
2.002752332777068212e+00
1.282510500396187858e-01
-6.482749687080930912e-01
2.622068131461637641e+00
2.056727930747553224e+00
2.681365412568811890e-02
-2.290896763210044929e-01
4.410997792128874551e-01
1.768682158993942100e+00
9.138872422286391517e-01
9.566927900948665187e-01
9.746230429605164947e-01
3.391394191154128990e-01
7.713618907695061200e-01
-3.610217610947817901e-01
-2.548754418173103664e-01
5.219330487959061848e-01
1.831693942205994796e+00
-1.240968670610066216e+00
-1.647765377102281992e+00
8.150073330155426232e-01
-2.457239379247917743e-01
-1.758547795096810917e-01
8.071646842252391263e-01
8.870087536962659724e-01
-7.980032243994794605e-01
1.076073814571854248e+00
-4.213748537262467786e-01
6.668333527510914016e-02
1.958377057047066883e+00
2.032576334865317857e+00
8.052974033971466161e-01
3.663536677960393950e-01
-1.121692227050345547e+00
8.185282151736656964e-01
-1.510398613219277486e+00
-8.126793739908452219e-01
-6.695904821372417048e-01
1.832884001240987937e+00
3.829733800519416476e-01
-1.104516701187848504e+00
7.926108832439953122e-01
7.854750700037902433e-01
1.158064496264329613e+00
6.930840048965990485e-01
-5.669594249234186645e-01
1.782609715660707028e+00
8.211259715079097798e-01
-2.226358798346030343e-01
-4.650724275313508072e-01
2.290444938582184009e-01
2.049808340493946446e+00
-6.615319619902262915e-03
1.556161355621273890e+00
1.362808799748531641e+00
-1.517455901913644212e+00
-1.398419181749121776e-01
5.331847826256800316e-01
-1.104626659731978489e+00
-1.119951223277796837e+00
6.404800279647950845e-01
-1.028707964546496267e+00
1.735832317458238405e+00
3.290105583034712566e-01
-1.590682833725121537e+00
-9.698491999472205194e-01
6.032076948688439577e-01
-5.900373465248333060e-01
-6.948129600132640915e-02
-1.332882749749305651e-01
5.369018412506096349e-02
-8.146504518807675677e-01
8.617931918154959625e-01
-2.560235146831232877e-02
-4.008008874784670383e-01
-2.275117640101689265e-01
-9.318488171792793651e-01
5.916310733508427511e-01
-5.597334047395366996e-01
-1.780602304999364005e+00
-5.364009867015957500e-01
5.699415107372137745e-01
9.616080451537156737e-02
-9.971537987571876815e-01
3.269620537114410475e-01
-7.609918747432917185e-02
1.890397331574232842e-01
6.403247400854222837e-01
4.956409115870691884e-01
-1.387047807160321500e-01
-1.811737329871332403e-02
1.798412759041683184e+00
-3.972724299232672229e-01
1.925069958473167642e+00
4.613292138056314662e-01
8.700565621950083761e-01
-3.449151834160458785e-01
-1.023753719285389885e-01
-5.707189650142323600e-01
-5.601110961974222757e-01
9.022862665409263350e-02
-7.936891548570956800e-01
1.979970694404180609e-01
1.557565132390873242e+00
2.570113825831822352e-01
-6.558251022726699908e-01
2.297429001908293689e+00
2.531172176252154404e-01
7.975464884724039472e-01
-9.344300942768277718e-01
2.835684473822674967e-01
1.321679720691149917e+00
-3.162799221862429566e-01
-4.450125321447121474e-01
-4.482342077907831568e-01
-1.276445706269780711e+00
5.257473166504580409e-01
-1.781231023912003941e+00
4.784091196288127179e-01
4.056447562965074249e-01
7.612158566656052061e-02
-5.949068112847195611e-01
-5.063815570188300308e-01
1.784065967190189728e+00
-5.814212606800685940e-02
1.511971274142866140e+00
-1.957121611308033859e+00
-5.694753149738185360e-01
-3.149458968021601191e-01
5.046493873834993760e-02
2.280473812135960010e+00
-6.815290710816938047e-01
8.166654093268149728e-01
7.998663790185982503e-01
3.210466147824515004e-01
-1.120405024389529158e+00
-2.257851416465351257e-01
4.138400296002522349e-01
1.248371642087051092e-01
3.906142005207915435e-01
8.350047780703662159e-01
-1.863932939598973437e-01
-2.234080337306973696e-01
-1.080309930627668946e-01
-1.725819828746363083e+00
-2.479499238515101844e-01
1.281328647398729537e-01
6.765981644452558896e-01
-1.739705556816555643e-01
1.159378560761039623e+00
7.603577151862042083e-01
-6.393377739181138608e-03
-7.448310800004751542e-01
-6.007244011710746179e-01
4.739191005244996480e-01
-3.338601048078469469e-01
-2.034850908294472127e+00
-6.084404664083562508e-01
-1.244169301085129353e+00
2.876306813825473818e-01
1.829257083573446518e+00
-7.776247479686987374e-01
-6.437920006947343010e-01
-1.445676480288645704e+00
2.745612992001408847e-01
1.142158097176029091e-01
-7.663089642845060112e-01
-1.618477501259350415e+00
-2.483488602503749032e+00
5.866983052104158824e-01
-9.676345172708161746e-01
1.660891244268502265e-01
-2.424614834228666638e-01
-2.129884261806655132e+00
-4.370750346016625265e-01
1.037713030380418511e+00
1.573833066547245529e+00
