7.695569218530992073e-01
-6.559755900273078755e-02
-8.514397317793246378e-01
-1.267180933649467711e+00
-1.165242378854645655e-01
-3.646158733710919142e-02
3.126898856655974668e-01
8.426272717528173750e-01
7.334695966272248846e-01
1.877183015644105835e+00
1.092541105270254498e+00
-5.861880797814688071e-01
1.101401179958255483e+00
5.468645048990754265e-02
-2.679310018963443341e-01
2.361917052289637997e+00
2.185400903261254690e+00
3.882310830553348246e-01
5.944014079658133110e-02
-1.985118856695587408e-01
1.286307149885215662e+00
-9.210469694984770861e-01
-1.333457957867972832e-02
-8.518580157694899402e-01
2.661562115219123781e-01
2.403305957184427855e-01
-7.973766346280112272e-01
-2.300483691271510978e+00
-1.067878666393942966e-01
-1.462980975912307802e+00
-1.336527702639956905e+00
6.193168008740821406e-01
1.735429837227925320e-01
4.242660191184445817e-01
-2.411554344968391272e-01
2.091723928851707992e+00
7.736352342323485898e-01
5.728260567394414249e-01
1.705352514375823025e-01
-1.323044254984080403e-01
1.459621715420237553e+00
5.354390757208586926e-01
-2.875006971031687231e-01
-3.330481825976341348e-01
-1.216949867120225459e+00
-3.315949447478668266e-01
-3.353556489577189659e-01
7.109532597533450016e-01
-4.464952313123287109e-01
-9.358694266994200817e-01
-3.305317750848725811e-01
8.492531674330923153e-01
6.539026268969981848e-01
2.452943382884583690e-01
-2.179224099821396865e-01
-1.913899152078853694e-01
-9.736644526167791414e-01
1.408574984972472910e+00
-8.296752835695130335e-01
-6.058106769270027447e-01
5.071565563817442834e-01
-1.988574802908975370e+00
-5.214827751128047195e-01
2.664337263124372246e-01
4.732203311833861337e-01
1.468256830068531416e-01
1.612334896489986402e+00
2.385326512287920253e-01
3.177962262660730675e-01
-1.067578824377704683e+00
-3.318245408282076703e-01
1.241890381629139894e-01
1.174848925292288460e+00
3.291077707271744535e-02
-1.121266464705358429e-01
1.172423488467913222e+00
3.501110170043870151e-01
5.635995799056269240e-01
-1.263416501599826214e+00
-1.138499695258921252e+00
4.677085526473148125e-01
-1.905202137027615650e-01
1.094388395511972645e+00
2.774915515798687338e+00
-2.557820140282721089e-01
-3.552959635961120965e-01
6.096339869246847343e-02
-5.335113942544316146e-01
1.001815021622778801e+00
-4.350476901661093909e-01
-7.590755104309956369e-01
7.676666148940818335e-01
-1.606547997792585392e+00
-1.388704395727474727e+00
-5.573698759994167862e-01
2.475181097343875258e+00
-1.423547518825721614e+00
5.348001137906729374e-01
7.807108475502991252e-02
1.130178474194307281e+00
2.144100176072084030e-01
-5.241353977821279209e-01
-4.155678411417698115e-01
4.749052740100516146e-01
-2.859983937418495437e-01
-4.542184351737823533e-01
1.328161644434130650e+00
9.553985508893553247e-03
-7.910830855796182615e-01
-9.044459204826007515e-01
-6.098565540710740862e-01
-1.531342635072520331e+00
2.530793050604087657e-01
-3.047646388214086954e-01
1.513830145202400557e+00
-7.705849522224026416e-01
4.741539196415648916e-01
4.002061614748950863e-02
1.685979409174803489e+00
1.805861547388445398e+00
-2.046343305381004007e-01
-7.515469714930238521e-01
1.591461215080087754e+00
-2.343414287313488331e-01
1.048350836748145776e+00
-4.503801052755714851e-01
2.843005560508177765e-01
1.568516666441218399e-01
-1.075182277360641425e+00
4.468256038512230521e-01
2.248037016625419771e+00
-5.068664470963618607e-01
-2.311536183440301429e-01
6.339437768942125517e-01
4.194416371242248864e+00
-7.450663270100799096e-03
4.984072586760282531e-01
-1.505552805981154485e+00
-1.284659782566919928e+00
9.965909343033169110e-01
-4.388111388949427205e-01
1.643066779488538132e-01
1.272749551471726193e+00
-9.405075817206213218e-01
3.163564992749989258e-01
-1.086577726434498681e+00
2.995050489790072934e+00
-3.795355569882885027e-01
-9.069318774103730940e-02
6.977902696185012132e-01
7.143082959626367856e-01
4.345353158058665177e-01
-1.534781268324457271e+00
-1.022449279910437436e+00
3.369732692047056055e-01
1.468157841316569456e+00
-9.123356657590877550e-01
-2.174652102191013903e+00
2.530230200897059523e-01
1.734402362656534136e-02
-1.062847077248539662e+00
4.299064290950501688e-01
-2.294590289882271206e-01
6.299432690920763189e-01
6.556741718549526921e-01
9.871377879771368047e-01
-1.118991388778076024e+00
1.194802026007672158e+00
-3.098142650156991529e+00
6.664967101888767953e-01
9.049799221772306668e-01
2.266853218462538400e-01
1.123061468821653364e+00
-5.393679323442746032e-01
-8.334867740473409503e-01
-1.741754864919956569e+00
4.034340865581403368e-01
-7.356562731355087426e-01
1.743717031035842302e+00
2.353320676077230722e-01
6.230627637111668671e-01
4.158411687546658686e-01
4.997637115081475789e-01
-3.661823966059916668e-01
7.128761255345000825e-01
8.492903654788663825e-01
-2.091815031297191707e-01
