-4.202755162543672651e-02
-1.498348088689527291e+00
-5.213259622437580454e-01
-1.389905835234765963e-01
-8.980567744389600371e-02
1.389400095936658419e-01
1.873985965413213162e+00
-1.393904283224532525e+00
-9.476944867262639960e-01
3.455712642242783073e-01
4.767390712014836218e-01
-1.138155816312081070e+00
-1.529186377368370486e+00
-1.601599404666098181e+00
-1.775739937354534614e-01
1.335381608019612809e+00
6.020072487267278394e-01
1.159817566480397799e+00
-3.937418294184617529e-01
1.667885754694763134e-01
-3.819381432345966831e-01
2.014989738764806582e+00
-5.464294124831691191e-01
-1.256266684586941462e+00
5.088202242429180622e-01
-9.296127432468734852e-01
1.628111685893905980e+00
2.213241344716615266e+00
-1.317644561048447072e+00
4.121783276610266888e-01
-4.132580597568075165e-01
6.732393260998223994e-01
7.450504506242562330e-01
-1.412636990218997912e+00
5.864400138962485576e-01
-1.197726593465232581e+00
-3.997543402138945545e-01
-1.168250747786311106e+00
-3.809072896325955693e-01
-2.096110750162454739e+00
7.966159018193211261e-03
1.282959416714907430e+00
-1.015797222678894940e+00
4.879459993242143412e-01
8.706808674958776972e-02
-2.215372177355966254e+00
-3.584279891513649785e-01
-9.926454881434907396e-01
1.273927551345274800e+00
-4.854862216875496794e-02
-2.559255016314843090e-01
-5.044623405847972197e-01
-2.140329652732785581e-01
-7.904784336084511032e-02
5.463015187965869490e-01
-5.456105068986152329e-01
9.555751105885198493e-01
2.029999587924271043e-01
6.500707748101114403e-02
-1.619248586423691183e+00
-1.429775654441676480e-01
3.207141862670896959e-01
-7.913798623729724202e-01
-5.995654349762219448e-01
-5.014929594567855142e-01
-8.089098550350137806e-01
7.374706444487044710e-01
-3.024543452642551866e-01
-3.122498892431891382e-01
6.561443817195821149e-01
-2.652292531207840476e-01
-8.737233420158738717e-01
9.876587563695422567e-01
-4.797541696543440870e-01
-8.385970087526106731e-02
2.940994186299604074e+00
-3.713943407057914703e-01
3.292856251336185869e-01
6.947419259763671917e-01
8.210040068903668997e-01
1.299928299659617981e+00
1.248392356447811880e+00
-1.258396744117465715e+00
-3.004593855750116171e-01
1.272801479688536463e-01
-1.414856593813059948e+00
-1.736871802337726090e+00
-3.238518509611651996e-01
-5.781062196215065452e-01
-8.436176866219280424e-01
-9.910757044610892796e-01
4.553165890089287959e-01
4.802028558657768231e-01
-6.895652378560370721e-01
-1.370380003199138441e+00
3.683962210626687828e-01
2.643354381080256221e-01
-7.885157319777618135e-01
9.904006318459017688e-01
1.644661704576461658e-01
-1.252719709243708263e-02
-2.881988520200404746e+00
5.203366410167304945e-01
-7.598906951129524856e-02
-1.647575175105132628e-01
-1.201101847219820273e+00
1.297953184499213153e-01
-2.964601089848155069e-01
-3.290747274789153631e-01
3.415297045865158254e-01
6.402196325997593362e-01
5.680150442886832129e-01
-8.388763229018785239e-01
-9.392880083210060072e-01
-1.199824202875399148e+00
-1.077629200492590922e+00
6.184998428354887556e-01
-5.542852002215240548e-01
6.321216015232508645e-02
-7.307226190440546665e-01
8.678667654474959692e-01
5.418762232720282512e-02
1.331354275834471634e+00
-1.647074194517212098e-01
1.224224664764928416e+00
-8.585557319111432051e-01
7.369180564061321714e-01
7.589155526074201630e-01
2.448772813010471061e-01
-9.516371777987479019e-01
-1.173642369270781582e+00
8.536653683194544984e-01
5.453726397624116817e-01
1.144037886100212065e+00
-2.686693037496161729e-01
-5.823231048521740894e-01
9.888961601557829662e-01
-1.323758343474825461e+00
6.502315890559552392e-01
-5.711272002124754277e-01
1.189195658757463026e+00
8.932531586162852921e-01
-6.973226930334799345e-01
3.262243843656139619e-01
-1.925648525367444908e-01
9.406357666067460821e-01
9.149779121792263048e-01
-4.599047133753573213e-01
-1.869461682189077711e+00
-3.168334805254754416e-01
1.549173534528504925e+00
-1.654346826240368440e+00
1.505181058821632556e+00
-5.547387558860681356e-01
1.225257165370200907e+00
-1.237926365669997919e+00
-1.637099850238039167e+00
-9.557621070101173233e-01
-7.643385809516450857e-02
-6.907296728821014919e-02
1.170260154907434069e+00
9.415835739207315536e-01
-2.149702674067025532e-01
2.848395533507174227e-01
1.535220418172766055e-01
-1.048535840315504286e+00
-1.020518872438023888e-01
-1.603200796916320892e-02
5.790910716279907833e-01
-1.355304593202661056e+00
-4.830315082668751314e-01
-5.371748841201984259e-01
-6.110007647214847626e-02
2.382936826746684833e+00
1.594544179650890348e+00
-1.485279905793708943e+00
-7.255004333879370160e-01
-4.521030702047038052e-02
-1.026655634021482522e+00
3.448555047129167050e-01
-7.536247279132252119e-01
-1.442463872949718839e-02
-1.604937395582078097e-01
3.534751686876217436e-01
2.322262091152071939e-02
-1.855531786571525066e+00
5.260277276677204350e-01
-1.653076352301233065e+00
-9.925603121230433534e-02
8.178365077997534760e-01
-7.514320285383401243e-01
2.147257358090856050e-01
-4.243838589752477186e-01
-6.084811491014976981e-02
6.095263899483031045e-01
1.172662763250886253e-01
1.355523033166408320e+00
-1.529679305438414350e+00
-1.614377247861415454e-01
-6.845269903862462035e-01
9.802710421163700616e-01
1.667606327479611350e+00
3.938992924198037038e-01
-4.509175563707470413e-01
-4.900964400012990385e-01
9.814832874642720473e-01
7.578907046998307750e-01
-4.490223868489147674e-01
-7.032724873461805304e-01
-1.116143239466442560e+00
-6.766019361155499734e-01
8.904434189188237259e-03
6.218163362057175236e-01
-1.287762972330783184e-01
7.607360609257911577e-01
1.041031017415757765e-01
-3.864742685458090188e-01
-1.334880808859785883e+00
1.180878620233799747e+00
-5.072402212865340099e-01
-3.691256842059403298e-01
-8.572952769525036265e-01
-5.559030884639600822e-01
-5.802621237987043434e-01
-2.816674179729481420e-01
-5.774821238493486053e-01
1.660299154818836165e+00
-3.179003054727512489e-02
1.094502583403822005e+00
-6.180789895115764709e-01
1.483982342826642764e+00
1.260942815935767403e+00
1.054887997456239956e+00
-1.644170080286198182e-02
-2.302767298840223131e-01
5.577231247906633271e-02
4.015222598147434319e-01
1.364413520192497398e+00
-9.241855525395701321e-01
-1.396709934938425102e+00
-1.319341530555089514e+00
1.027571061759690263e+00
1.447843053005555047e+00
-1.178735056601758480e+00
-1.168312071542815023e+00
-2.077407781049545876e-01
-2.962165726360572737e-01
1.252917649146275236e+00
1.801918160048679718e-01
-1.245051816613350848e+00
-5.762625613069897179e-01
-5.892057473756034947e-01
-1.424751169227942427e-01
4.220401658153550839e-01
-4.826866729892741875e-02
1.235297430750927017e+00
-9.767774843101090232e-01
2.797226786137161914e-01
4.757892579366551633e-01
-7.507893044315537834e-01
-1.985497320059436355e+00
2.217195190384147474e-01
1.020722291508999735e+00
-1.215839172935549772e+00
-6.450880963871130636e-01
1.500743235359143890e+00
-8.436350519120626723e-01
7.561311854516522546e-01
1.940564441154472852e-01
9.065260766234372047e-01
-3.307918658600905726e-01
-1.134055709513422716e+00
1.258985818757538011e+00
-1.271777622076985192e+00
1.200927308166048535e+00
-1.059705158993583529e+00
1.306086534133686250e+00
-5.375073515492876375e-01
-7.903600909884621606e-01
-7.086396898633486874e-01
3.982069218677540823e-01
-1.694326597196062212e-01
3.232583467939537658e-01
-1.202115276175844460e+00
7.486456995034984629e-01
-1.628728138635959555e+00
9.847532783664696421e-01
-8.217018140198648624e-01
1.235947555712949786e+00
1.372142989413873471e+00
8.633740711813467916e-01
-3.082320335462112593e-01
-4.768552113968244077e-01
-1.341285300671625214e+00
-1.154732054749926684e+00
-1.242836202959468173e+00
7.440710701083985690e-01
-3.741384185273032847e-01
6.688975011813517169e-01
-1.497884882212047630e+00
-7.443664039607906791e-01
7.562268457732522764e-01
1.364160323406169883e+00
1.519627684414231794e+00
1.491002220632888120e+00
5.011181075947815922e-01
-1.476415680888897852e-01
-3.856745343108830548e-01
5.323801662698597337e-01
6.018636883643914137e-01
-6.424344245655426722e-01
1.708614294733540317e+00
2.360105070658981230e+00
-8.913902299174823740e-02
-2.308284067076436796e-01
1.293761826490685385e+00
3.585132508339566315e-01
-2.090743588120871632e-01
1.343637509408426967e+00
-1.102434824251269596e+00
-1.023171216634197966e+00
-4.956408129866213264e-01
1.753805821151695477e-01
-1.108146237046559346e+00
4.188537232204225802e-01
1.272221395018972578e-01
-4.986978805930136760e-01
2.830110513620875956e-01
-8.400836607637072184e-01
-9.383198723117687212e-01
-7.692656926612899404e-02
1.195826208988313821e+00
-8.519874607441235703e-01
-1.637495872859948243e+00
1.343284744791254148e+00
1.863948115864330735e+00
-7.446833539324504425e-01
-1.706356829740852232e+00
-6.601979346794496495e-01
5.188915018135470403e-01
3.520286100500765181e-01
6.532649229888092268e-01
1.239064036637213123e-01
-1.187837125718903541e+00
-6.724197850824882305e-01
-5.775560314727383737e-01
1.229077580810290060e+00
-1.117427510269471735e+00
-1.194040036072011146e+00
1.181480909454062145e+00
3.018555252916191312e-02
-3.789228999590698033e-01
1.401703767683518398e-01
1.968960921373354100e+00
2.749477349275170623e-01
6.458657540532514174e-02
-6.178485012769434626e-01
-2.244671784063567710e-02
-8.537859266593035290e-01
2.124468414029959007e+00
1.477560685583240163e-02
3.411684092808630053e-01
1.664281100574806160e+00
-7.745897427159199600e-01
-1.401611002577762832e-01
1.778326719448136695e+00
-8.310315312803038257e-01
-3.346921291338555982e-02
9.376963183366064936e-01
