1.201622715868954305e+00
9.167422594834615523e-01
-1.331894529633060209e+00
-1.349895011193344541e+00
5.068941720487619707e-01
1.074375194211103723e+00
1.916425029482418774e+00
1.807379253872744562e-01
-5.578036413186451825e-03
4.650939092826147925e-02
-1.331996125692759714e+00
-7.738499662738034246e-01
-4.756604650011146407e-01
-5.108687695059594969e-01
-3.167507558268541912e-01
1.278096303872128914e+00
4.644895027827156131e-02
-2.147740776534678098e+00
2.077765894529465918e+00
7.241679881586340350e-01
-5.483493469240460771e-02
1.054469985664318932e+00
2.656787204026393123e+00
-9.209938331966875946e-01
4.840470992552032836e-01
-1.650756532639606755e+00
1.480095315765699304e-01
-4.051668358676286386e-01
-6.598598637793462451e-01
-8.646460670742890375e-01
2.861046955755030541e-01
1.216647040097793120e+00
-2.107142860604190648e+00
-9.519365823968586326e-01
1.545390505079181853e+00
-4.423106630361386959e-01
1.204537564358710011e-01
9.643343404542598085e-01
-1.281665780630281359e+00
-1.478712267080140030e-02
4.786559610667260323e-01
-2.118531088468663892e+00
2.215046303371528413e-01
-5.530509764548731111e-01
-1.907841646025464355e+00
-1.896842536453346439e-01
1.190738584686503287e+00
4.259713791090862234e-01
1.473050465198669334e+00
-2.933094531036907204e-01
-9.898337955486015416e-02
-7.486224311018765398e-01
1.508725713819097258e+00
1.291313766802230978e+00
4.431342713103765263e-01
1.029386430624921855e+00
5.265683377532146547e-01
5.437791585157784047e-01
4.695735327770296785e-01
6.765658149144440081e-01
4.162011605388726831e-01
9.382218695488577787e-01
-5.209549132532143023e-01
6.220057218208332461e-01
-1.309030498772466800e+00
2.546396401734418169e-01
3.144296347974478989e-01
3.118338103185004373e-01
2.853237397207971648e-01
1.525434608891503174e+00
1.072468462769631037e+00
-3.880139103738152184e-01
-1.531917668715456537e+00
8.342656815745992382e-01
-1.622485399000740847e+00
-1.040955867105285204e+00
2.338887598673303536e+00
-9.849698543378213045e-02
-6.650531402135706482e-01
-1.449044151951605075e+00
-1.270249526470569323e+00
-2.246322947231606637e+00
5.752829406289515779e-01
1.650517805650694614e+00
2.031387395009013996e+00
-1.423336570635791720e-01
-7.160444197027915347e-02
-2.349490422744946017e+00
2.711157953531125320e-01
8.874650598455492423e-01
-2.933739386520443637e-01
-1.268159539048306694e+00
-8.544865026066390534e-01
1.893967936590496282e-01
3.400189527869906247e-01
2.938048396460725686e-01
1.426139670571315188e+00
4.024136138732171686e-01
1.121332264129100142e+00
-5.290533334420546296e-01
1.847849182983577032e+00
1.268724109236875286e+00
1.179009816083123885e-01
-8.211607474659594619e-01
-1.565316489139047529e-01
8.333539371106657434e-01
-4.890144756958827443e-01
-4.489050307430396125e-01
3.316150164709747439e-01
5.439400503237594720e-01
-4.693014968228116368e-01
5.646160976500989026e-01
-6.004146868154950356e-01
-6.373755815903693334e-01
-9.396495363318888017e-02
-1.472222632644430540e+00
3.185025506375158133e-02
-7.013910290066978082e-01
-1.702126573646937091e+00
9.443876761431034828e-01
-7.746491403211088755e-01
1.265842508105560871e+00
7.849414156417684474e-01
-1.106311971319778431e+00
-1.952843289854166109e+00
-2.214944652507905953e+00
-3.351441159469972231e-01
-5.860072761868969637e-01
-1.739269134996031196e+00
1.236013519347179512e+00
-7.144161940084322593e-01
2.040026051327330781e-01
-1.089934694355011890e+00
1.161633997066191970e+00
-7.617078946788204963e-01
-1.461778328142071759e+00
8.622571362593123290e-01
-2.045859753034955097e-01
1.233720636441931529e+00
2.074881743347531948e+00
-7.053123156509661928e-01
-3.657856720389260352e-01
-4.972043133073002497e-01
4.945302376224110230e-02
-1.092974388541997577e+00
1.265215644243519177e+00
1.309492637835837803e+00
6.863040741313372051e-01
1.655261657377890661e+00
5.275985532230482722e-01
9.925198958721195841e-02
-1.822276883576687156e+00
6.266027384584943460e-01
-8.451364925094231317e-01
-1.996984769038510965e+00
-1.165406433613336845e-01
9.644791440596645060e-01
1.353441620881092322e-01
-5.288964095768858842e-01
-1.649261774344436216e+00
-6.471236885319764376e-01
-7.670988200904448329e-01
1.469631035060641633e+00
-2.365612265526609637e+00
-4.525255451743759316e-01
1.021284632370861589e-01
8.430776451103265678e-01
4.592304560817389580e-02
2.602888622002175190e+00
1.067570435264416639e+00
-1.115650706577530515e+00
-9.598808640103555501e-01
1.013537884254077870e+00
3.614659880688506077e-01
1.077998075700596636e-01
1.351134558475069802e+00
-7.161066649150116259e-01
5.436153934501547491e-02
-5.267191129847220710e-01
2.381652922670014050e+00
-1.506961259498053707e+00
2.578635425553686300e+00
-6.727492025865413616e-01
1.576733685197969637e-01
-1.674784278164892226e-01
-9.775256908908817044e-01
8.373541598948549547e-01
-2.223675942857393228e-01
-1.861322476905818424e-01
-1.401002619470432142e+00
-1.013231143751068541e-02
-7.169329212822939112e-01
8.429051197938958184e-01
-1.035980763294637841e+00
-9.298016863616516137e-01
-1.504722740343308107e+00
3.832188244036702773e-01
1.170550736033487693e+00
1.140878646842677646e-01
-1.429475645810949214e-01
2.543285777156397698e-01
1.979844820757973078e+00
-1.411534700870631653e-01
3.530620420011010285e-01
-6.215834589279916056e-01
-1.065427621155996818e-01
-1.050792178787150366e+00
1.397272970176305584e+00
3.336113973109672282e-01
3.081540678530814148e-01
-9.321840125098971308e-01
-6.583533095937815771e-02
-8.056093636465628816e-01
2.164824599397251470e-01
1.044692465922817615e+00
-4.307050796718535079e-01
3.406529526259718943e-01
2.969751130133601591e-01
5.700863546547413341e-01
5.166693231949196496e-01
4.881622817624804989e-01
-4.126030371108502792e-01
-2.364804425156409096e+00
1.260280907954314245e+00
3.542036167532084945e-01
-7.703435583787854313e-01
-1.030816504862489102e+00
1.417663800111413908e+00
-8.925022783332797749e-01
-8.427636176755559649e-01
1.208133415718579906e+00
2.190299473054207358e+00
-8.947086460085812432e-01
4.053137687358542851e-01
-8.311519486889563657e-01
6.292196381571087960e-01
-5.287777040182023436e-01
9.017669209849416001e-01
1.273798349076436409e+00
-4.376567955012496958e-01
-3.872198889527802002e-01
5.700353424246598077e-01
-6.183246457236920568e-01
-1.069821186999402540e+00
6.629038367874446891e-01
1.366027992832732074e-01
1.759099677595847289e-01
-3.223355808657596411e-03
-1.788534456958982000e-01
3.080502273102085353e-01
-1.818737540526442542e+00
-1.189476549659176596e+00
-3.932767077210712059e-01
-5.747195768659265624e-01
1.016719884247886674e-01
-9.635712995012800652e-01
8.775083096434830310e-01
-3.687749882081872710e-01
-9.306590105551841852e-01
-1.382715666163003121e+00
-2.173227129407274139e-01
4.868149643169749075e-01
-1.633378973940603496e-01
7.945238192372213737e-01
-1.562734970812990343e-01
-5.713710662417489372e-01
5.585904106635397603e-01
-2.727798479169787210e-02
-2.409116941147356195e-01
1.864318849276650480e-01
-2.309057469518566386e+00
-9.273568090004170594e-01
1.616960188586994640e+00
1.761697514182285929e+00
-9.540319123949212443e-01
7.298640843848624993e-01
-5.562957350960462399e-03
4.698866220549849371e-01
-8.680926990921791209e-01
-3.993111046279414211e-02
-3.036810299042889127e-01
-1.512275366695037482e+00
1.146014244325536113e+00
-1.675653086809351766e+00
1.002497664433471991e+00
1.274269704454391361e+00
1.891680300322853558e-01
9.415644638572011615e-01
-2.607624768123089964e+00
-1.089041025013841368e+00
-2.506698735363781516e+00
-1.561846995548598627e-01
-5.267221480968093950e-01
1.040609966578434964e+00
1.189072619086081195e-01
-2.339589304021106320e-01
6.287637561221516291e-01
-3.318367182772385959e-02
3.411430273230824373e-01
-1.656116382005946575e+00
-7.484792631759629167e-01
-1.737444339547285499e-01
1.768578701303027856e+00
1.417908164784035474e+00
8.704282579326593217e-01
-9.562878892325116231e-01
1.860980281347362764e-01
-4.896072636708318493e-01
-1.473600802520401709e+00
1.081507663326926189e-01
-1.037250558468488348e+00
-9.270594957784525358e-02
-6.174401240062273866e-01
-2.060837401389266632e-01
-5.453727903770071439e-01
1.729461740718291729e+00
8.217424274775539939e-01
5.969778979760646115e-02
-9.570367855605833585e-01
-4.733462575240116599e-01
-1.399681344293526308e+00
-1.375868426266854794e+00
-5.262973809896507316e-01
-1.722442101863919994e+00
-5.295478012196175310e-01
2.046075748512442283e-01
-7.174018412576679271e-01
-1.620134975902985941e-01
-1.606063985049638099e+00
2.259637627318883402e-01
-2.776812637735380118e+00
9.639982829627604666e-01
-1.980900966513315486e+00
9.044844794047295355e-01
-2.134286285123395688e-01
1.523717980812002160e-01
2.467371837962948344e+00
2.144179615984274534e+00
-8.929197157393992113e-01
1.831907637521956955e+00
1.441338717310154394e+00
-4.383798878584790892e-01
-2.004276745426080142e-01
-2.455578632148657792e-01
-1.188065821642830588e+00
9.486013931802355081e-01
3.957382045189011821e-02
6.412055579335937949e-01
-3.683306858378149196e-01
-9.353988812856276480e-01
-7.325669689889203751e-01
-9.467943192057911572e-01
-5.454709938540797109e-01
8.181890080946898625e-01
-2.168593647004309899e-01
-1.319877462794523115e+00
9.207591037100518738e-01
3.959490087505765366e-01
-2.158721191694421560e-01
3.763582913266236285e-01
1.055787256218005954e+00
1.411846347461076512e+00
2.711435670415896393e+00
1.997751245110888640e-01
-1.084358113102340315e+00
2.706062475602269979e-01
2.242071402981391515e+00
1.311793281283627710e+00
3.599871715284940765e-01
