-2.737795072592484891e-01
1.140503205167509027e+00
7.323317814391360203e-01
9.389557715737192889e-02
1.704595817024881499e-02
-6.622368098669857428e-01
6.656128116588702626e-02
-2.524414780754417054e-01
2.183249911162561396e+00
1.538282382559674755e-01
-3.336140915522443073e-01
4.130256571266521792e-01
-4.098302223446184667e-01
1.093812284125471823e+00
-9.956893228187698730e-01
-2.135699226956405683e-01
1.883931413085471740e-01
1.642485249475828635e+00
1.395838845344669954e+00
7.468008005695050411e-01
1.166302939688607321e+00
-1.340476301572812279e+00
7.182880890911090832e-01
4.219266270307546751e-01
2.647244025358848063e-01
4.373412335564181297e-01
5.562361657776697665e-01
-6.922148058259129932e-01
8.060016026902161457e-02
1.718962027365187883e-01
1.059338025289623397e+00
7.999653473066214993e-01
-2.739883628654983250e-01
1.047341710930217884e+00
3.306631686965968431e-01
2.644814122890452035e-01
-1.244982484029132142e+00
-9.188333094757576980e-01
-2.635305511609921103e-01
6.141654543415997480e-01
-2.955935007102911127e-01
1.426373405022455243e-01
2.662305776012077185e-01
5.412708712871872052e-01
-5.962975416546935081e-01
7.874455610665797023e-01
1.880815186764450031e+00
2.531563689812474482e+00
-2.157913802584263130e-01
3.902001315967715822e-01
-6.347273077709867373e-01
1.188678039239535078e+00
-9.812659496942881532e-01
2.839652924531871570e+00
1.133977980488419579e+00
-1.123228295226775586e+00
-7.954357121407686915e-01
1.838735987283732776e-01
-1.482485841354988509e-01
-7.420074741088715786e-01
6.143998179716734231e-01
-5.376230654742719661e-02
7.574108766943494775e-01
-1.906314683898399087e-01
-2.301476755246856243e-01
3.689831118471755822e-01
5.357896851941954530e-01
2.013460194448439822e+00
-8.950803971286689364e-01
-3.090358557259152761e+00
-1.062940458207321859e+00
-9.486664816688781254e-01
-1.123050431591352094e+00
9.133349449101511031e-01
-6.519145057535791210e-01
7.748222074615256361e-01
-1.507012695780222122e+00
1.717990859863918196e+00
-1.007097031226837469e+00
-3.433124162740578966e-01
-3.122784013353182786e+00
-3.751065571566353229e-01
-2.915556623155503013e-01
-1.305087996962182473e+00
2.715470101233109501e-01
1.143257614998973937e+00
-3.690584542342475460e-01
-9.178546641258901184e-01
-1.682973711643509063e+00
-8.809523714781211101e-01
1.891258929689209056e-01
8.968142684025639522e-01
1.350961613176318021e+00
-1.840476367241167477e+00
3.458844658243115378e-01
1.218957443576566213e+00
-1.267638956323758226e+00
-7.339078108083185725e-01
-1.380682839916821614e+00
-3.446957144257917216e-02
1.084277414427365471e+00
-4.679159873983939621e-01
-1.264536689011201975e+00
5.793087085808218406e-01
1.443817493385885636e-02
-8.239880945831266068e-01
5.923201999695340003e-01
3.753765674329740953e-01
1.142019752147062972e+00
1.032571405365016570e+00
1.153431065708984349e+00
6.526500511365951329e-01
-3.310692607630660866e-01
-2.306220736950214345e+00
-5.449757732151423451e-01
-7.579885932940355620e-01
-2.710012943139131769e-01
-7.221210506705066923e-01
1.013618608005217997e-01
1.705379370365356806e+00
4.291738395940080331e+00
2.188678945549738519e-01
2.234505193624154729e-01
-1.128649604148336261e-01
-1.887363071354204891e+00
9.862315165075334900e-01
-1.340634600337098532e-02
9.403200560813185227e-01
7.760525517875025425e-01
-1.318661619290171672e+00
5.205126623177959155e-01
-3.490420112897225646e-01
-5.710696547527387423e-01
-2.556525185854073845e-01
2.514735332148031244e+00
-2.268813601247850364e+00
1.179335544375313738e+00
1.024501678617523837e+00
-3.539579356267413823e-01
-1.814464513968539749e-01
-6.163076643582412473e-01
1.394619667976102928e+00
-2.917825966607534571e-01
-5.493241878370357795e-02
8.832648024036378054e-01
-1.737902671369025320e+00
1.262158082157041061e+00
-7.175951964770965752e-01
3.734039023958730663e-01
-8.989770316586779275e-01
-6.538267646320936599e-01
5.134435068491893794e-02
4.601133213058600235e-01
-1.205722240063649142e+00
1.450997575762754677e+00
1.847102688522360148e-01
1.579599504508842345e-01
-6.170150667837521752e-01
5.615830476844816399e-01
-2.822260451441627183e-02
2.475078764815235033e+00
2.138109938500388774e-01
-1.009636294644977950e+00
3.788091911773439513e+00
-2.107267149387443417e-01
-2.420368549190032303e-01
1.619278912277281712e+00
4.648058029319446227e-01
1.485896439581437800e+00
-2.009032177694868859e-01
1.392581864100158384e+00
-1.356789521005302035e+00
3.723457598991144479e-01
1.693973282082751886e-01
-8.289202054294346755e-01
-3.000664723401502698e-01
8.001003918498539313e-01
-3.087528238819284843e-01
2.223554639248470632e-02
-3.627206149726128204e-01
1.452789473468240500e+00
6.328445514278275841e-01
1.777043125912055599e-01
1.022854999107161711e-02
3.452696844462999071e-01
3.778645870137171126e-01
-8.974213849481426086e-01
6.969071516460974003e-01
1.184967047535534501e-02
9.561331785512028336e-01
-9.505716030068689371e-01
2.352869440484480490e-01
4.890355231990540230e-01
4.386119649905491080e-01
3.777517289694236613e-01
1.279012744913468058e+00
5.714089379664570589e-02
2.007132917818982065e+00
-2.204127188796339287e-01
-9.035914527518529304e-02
4.343128136951172058e-01
-6.641996994256146314e-01
-4.100960996207222209e+00
-1.589392926856493804e-01
-1.276005662807857766e+00
-1.154956181275580640e+00
-9.676291425598444740e-02
-7.651228353372058200e-01
8.242742389172355022e-01
5.958352618743878448e-02
3.726020878206139780e-02
1.658576159727203514e+00
1.750982573439201051e+00
-6.093426443226576117e-01
3.192380179485329039e-01
-9.558629175883278650e-01
1.250831358549489236e+00
3.989706538929870261e-01
-6.255619326488888188e-01
-4.268244935308044274e-01
9.486301728752410956e-01
-1.444674222319268786e+00
-8.829669052955364528e-01
6.093518394055461584e-01
-7.227047165200037870e-01
3.561165584406661422e-02
8.101333094472449314e-01
1.167722584529504726e+00
1.914096463809670912e+00
1.552613149328032627e+00
9.534847325152769892e-01
-3.032287025037904371e+00
5.778741174883845755e-01
8.240565945457826169e-01
-1.075931714010337048e+00
-1.038526440541908680e-01
1.276112709692579283e+00
-2.631619426988294208e-01
9.621003793100544321e-01
9.326729853111919155e-01
-8.891277266144572700e-01
-2.635665624378186189e-01
-6.939549415758675677e-01
-1.402840171790151746e+00
-6.033411955534195847e-01
-1.246181316347490853e+00
-7.359761564552363966e-02
-1.182502849733770844e+00
7.057246537225798921e-02
-7.092145780366856389e-01
-1.214891516205902633e+00
8.464632361753408052e-01
-1.229175881406744164e+00
-3.311905643881638550e-01
3.225424780340028219e-01
1.945770184740874820e+00
2.240326729315177678e-01
1.711211501915455901e+00
7.182598911679816123e-02
4.534344742775940351e-01
-5.155687577014340661e-01
-7.192654356614781586e-01
-5.157525444714334412e-02
8.349103767957248845e-01
5.053424025510055984e-01
