6.489155611926449296e-01
-7.640003109523970659e-01
-5.493946074963840243e-01
3.834403122093351657e-01
-9.990043778098861571e-01
1.064772877868261247e+00
2.157256886564027809e+00
-1.641488847633240988e+00
-7.246246215837404137e-02
1.631087256828885224e+00
-3.718986817165073622e-01
2.435822321134512025e-01
3.567491933106713420e-01
-1.958356774537628187e-01
1.344755102136827585e-01
-1.660512744814388375e+00
2.318818718913749077e-01
-5.384209306975287213e-01
8.217139787473197732e-01
9.455042407285945139e-01
-2.105432964430876130e-01
6.754539292430548070e-01
-7.679068345498071269e-01
1.157722980879211772e+00
-2.328484128335400472e-01
-2.298731185276857936e+00
-1.291531985534541960e+00
-2.632652608688514917e-01
-2.401385940046785183e+00
3.444411499406582200e-01
5.028525742763079620e+00
-1.450262328199133366e+00
-1.468642610615715993e+00
1.162825229102534275e+00
5.495970289205005521e-01
-7.221066161914106996e-01
4.667909146541067700e-01
2.527530426095534466e+00
1.046083829797835429e+00
1.958695369734636538e+00
-1.213519751303221650e+00
-1.920156028963613259e+00
-5.702344344228068435e-02
-2.143642480537461203e+00
-8.634522562657303002e-01
8.648487906225938993e-01
3.107666392594060412e+00
5.512533388252900401e-01
1.428406649654544225e+00
-4.103491067518809654e-01
-2.412384385006435927e+00
-3.493841099199411215e-01
-1.244826898492217282e+00
-1.647391116740089423e+00
1.211813367818644682e+00
-1.694281514497815166e-01
1.248874925498224986e+00
-6.491933680084438496e-01
4.412778922548217242e-01
2.426171124619116437e-01
6.777318426341265578e-01
2.689190965044928328e-02
5.102925167121404870e-01
-1.384968788257155969e+00
-2.330235370453643817e+00
-1.688340933277312050e+00
-1.820444717811549040e+00
-5.012005896033598917e-01
-1.349829453554258540e+00
7.236579845036359426e-01
-4.990972353310906273e-01
-1.953869629038854361e-01
-7.390402442310419762e-01
7.550952876055352370e-01
3.804516263666833265e+00
1.071221698104487974e+00
-1.851741955618552427e-01
-1.864002129251867701e-01
-1.555829918050886329e+00
-4.517030812977094190e-01
1.859825233727560256e+00
4.483241687300784095e-01
1.733414714250599786e+00
-3.532719474839418616e-02
-2.888889930476220003e-01
4.853347285003897782e-02
-7.326431901173482975e-02
-7.446828190789703816e-01
9.754387902067487293e-01
3.873953993964402986e+00
-9.167742648129187932e-01
1.230012357854526339e-01
-1.986895317792823357e-01
-2.061727937793221166e+00
-6.916662454443520125e-02
-5.009554832507936428e-01
-2.966150783826947190e+00
4.209270009829597092e-01
-3.755548638966078601e-01
-5.361418662990180550e-01
-4.338891055657567719e-01
7.887517310486150679e-01
-2.591389049273834289e+00
3.348607381755696610e-01
-1.138711342192186837e+00
1.405391442890675302e+00
-1.172935590452615751e+00
3.532659820283718943e-01
-2.548127566222038731e-02
1.483766566090419792e-01
6.743539304066537010e-01
4.397977792553846021e-01
-2.613917880626938084e-01
8.741905942654744077e-01
2.132306342813708788e+00
5.073049564195974970e-01
-3.032766240283372716e-01
-2.295908853528753901e-03
4.378957334602421869e-01
1.310864550578179299e+00
-6.768061402991991660e-01
-1.416950044867064662e+00
1.811597728059574752e+00
-9.643480959817643527e-02
-3.629914820267008846e+00
8.069947312010037344e-01
-4.024683359976551245e+00
-2.168577659207402419e+00
3.001118656854498967e-01
-1.769315017578356297e+00
-2.353997751620447332e+00
-3.105414799768389855e+00
-2.318742644103328754e-01
1.802818615087512955e+00
-4.622591525135382184e-01
-1.176339998927506958e+00
3.229240230370020726e-01
-1.719175223277735309e+00
4.339269402987541824e+00
1.792622420187825361e+00
9.783319273919937054e-01
-1.772071249345366528e+00
1.819209013432594002e+00
-1.695479697273397923e-01
7.873950211489426643e-01
-4.308335254394960456e-01
-6.142664394325334953e+00
-5.119173418766194139e-01
9.325298151891581178e-02
3.313808575935492384e-01
-5.684443126072098451e-01
-6.831306597519459789e-01
1.586290888083931261e+00
1.787500307541416422e+00
-2.478613157433323666e-01
7.647912665736694704e-02
-1.348811605582819872e+00
-5.408291146411192685e-01
5.118456052890308916e-01
-3.275661057150757727e-01
-2.134451345745455031e-01
-2.516023301348687680e-01
-7.482201786428005486e-02
9.852502920946121234e-02
1.330604154704196351e-01
2.032501341515940751e+00
-5.903077676856700595e-01
8.295999014181638653e-01
-1.868486364607577332e+00
1.642242020703113425e+00
-2.736875463316870150e-01
5.995478177763814420e-01
-6.999415191567412431e-02
-1.535113671317046347e+00
9.263124267354956309e-01
3.346815860947099930e-01
-1.337798590599080573e+00
-1.681607330012238943e+00
-1.960993863503048384e+00
9.476614676922208158e-01
9.125208633733568053e-01
1.499348826722681771e+00
3.785196497992563969e-01
-1.120767896621217785e+00
1.137896043392339962e+00
-2.515931047809530918e-01
-1.448882351648431266e+00
