-2.307556078168828684e-01
-8.850764682572773712e-01
-5.279589392933253800e-01
-9.928993784474655637e-01
5.216336648007041665e-01
-9.841123533955344893e-01
-7.515428358029412337e-01
2.526895891447118458e-01
-5.148553257847985343e-01
2.726631548496107893e-01
5.335609743689548878e-01
-2.660919041165188403e-02
5.724898430583089670e-01
3.011907369207302843e-01
3.775978491555825878e-01
-5.236223001788167242e-01
-6.864522104602083230e-01
-6.503431032107955811e-01
-8.405680043449483829e-01
-7.268819543998434884e-01
-2.163020715248352710e-01
8.003300963982618033e-01
1.593035965031325829e-01
4.915627516632129490e-01
-2.250654381578121033e-01
3.112358660249205933e-01
3.363358413850043860e-01
9.136171185631654090e-01
-9.635693671436551533e-01
1.109583114150489713e-01
8.756594390493379620e-01
-5.671794701012393691e-01
8.731520047887246783e-01
3.811462763205714643e-01
3.104851217764119653e-01
-9.485247284954279046e-02
-7.492492373574022313e-01
3.156819993161879001e-01
-9.589832367023629622e-01
-7.709781901764454215e-01
-8.517533246925312884e-01
-3.310537342538115713e-01
9.279196218188954237e-01
-4.161936481441437796e-01
-6.015964063356475933e-01
6.459686653445919635e-01
-7.778094002844045951e-01
6.679548423410898161e-01
-3.788805479318118064e-01
4.098520130344930901e-01
8.035743320210432528e-02
2.580484012263900562e-02
-1.141926482834841328e-01
5.017760509449338269e-01
3.733098670779999573e-01
-7.478508974056867764e-01
8.532505831670953445e-01
-6.953926909821204205e-01
6.253360434971844128e-01
-3.024978859483951066e-02
-8.354559125207452475e-01
-7.412263729641628274e-01
-9.243623696442975213e-01
1.125220670136086731e-01
6.526350547606980523e-01
-9.284001410768323304e-01
-3.163535698090256254e-01
-3.256115507050529878e-01
-3.265556724254102261e-01
7.878532946888114896e-01
8.845231011696008672e-01
-5.794199713030891985e-01
5.175927133244198064e-01
-6.753159722483272898e-01
7.278927823672427522e-01
-3.972842784708660036e-01
5.788415388808203499e-01
-9.863883322757216465e-01
-5.583179216011940893e-01
-1.825962111655474729e-01
-8.401265851155685915e-01
-4.801440709514225302e-01
1.693589795513674723e-01
-9.754184108679959664e-01
1.269791009723792996e-01
4.654112604337332648e-01
1.853555523665675331e-01
-7.467191109813854366e-01
-4.115122746616342031e-01
-6.714369672036097914e-01
4.839753957211005986e-01
5.491864661855729857e-01
7.073813517006994900e-01
8.671284166593784537e-01
5.168656182956077316e-01
7.332464828509452914e-01
-6.666021632675138697e-01
3.189917206064807331e-02
7.526025636710123035e-01
-5.873624833263950684e-01
-3.282012395056096987e-02
5.233377253913439053e-02
-1.650779000142510722e-01
-3.198336117098641851e-01
-4.168852635481805624e-01
-1.490144365532709791e+00
-4.820627996931079462e-01
7.609251111458401606e-01
7.041550905537885541e-02
8.370214609960882068e-01
-7.398995290580796524e-01
2.758002700062183177e-01
-4.386674455726400357e-01
-1.102082947037039684e-01
8.462421014622552029e-01
-5.678096128526675113e-01
7.704396351544740007e-01
7.432979524997336274e-01
-4.278051726180043257e-01
4.111898517163909972e-01
1.636443622638326101e-01
-3.265218375170374498e-01
-1.652190418617043299e-01
7.536408249322810171e-01
4.707564295416331035e-01
6.448807771604176953e-01
-2.982692708402254755e-01
-9.690953712606369397e-01
8.477037372049198716e-01
-2.574187303192143617e-02
2.202488782704299375e-01
5.280749937836843877e-01
-7.160101235568454570e-01
-1.325412081287211663e-01
-5.472316329992321648e-02
7.664627094228064763e-01
-7.289614742809598091e-01
9.322119653670666306e-01
3.976971720631777285e-01
-9.571498734202392722e-01
1.258880091090736064e-03
-9.609247428243872235e-03
-2.090904232294052978e-01
-5.187059012666326296e-01
9.133772339656704986e-01
-5.438623455837878762e-01
8.837910842515370735e-01
9.895025745285777052e-01
8.581072507399234439e-01
5.169308414882116676e-01
6.011814220219953153e-01
8.547517865255664926e-01
9.303601827255230106e-01
-1.135082385865402443e-01
-5.327269384550823439e-01
6.367029228095022475e-02
-2.719854816451219293e-01
5.798674942771664398e-01
9.875924280023243851e-01
6.234354803474364548e-01
9.839206319411468726e-01
2.881915531201748593e-01
-6.995917355079319666e-01
1.417529283595133638e-01
-5.858818442355302469e-01
-8.883731538155952290e-01
-1.031743067351024168e-01
6.141596072341370949e-01
-3.245938692209500154e-01
-6.183702683455447602e-01
4.254184523898896231e-02
2.254518138152992179e-01
9.220783344463951980e-01
-4.464241132080941643e-01
4.637253777190488702e-01
7.919028359487232382e-01
5.436787462213448219e-01
1.584282148809103563e-01
3.934807401018185491e-01
-6.125505688701566864e-01
-7.741610248899815083e-01
1.836710592173849133e-01
4.951538853284327413e-01
-3.072169949706800018e-01
-3.668290924044896872e-01
4.660672568606124000e-01
5.260211553504048343e-01
-5.561244214004095188e-01
4.611774634702029418e-01
-6.830882785902667731e-01
-3.675028793364421009e-01
1.194227338088724166e-01
8.464200540282493801e-01
6.595973968362331963e-01
-1.061422612635631424e+00
-8.385423249975314519e-01
-4.950266248398881297e-01
2.627526209951136504e-01
-5.297746074799170035e-01
-4.684999278099921671e-01
9.350889598546434645e-01
-9.872920192703373843e-01
3.955021366537833649e-01
6.675359150797992580e-01
6.513986954050250411e-01
6.325487197784824822e-01
9.787196901073342836e-01
4.648251213659049252e-01
-1.888804538299555802e-01
6.841566548220539001e-01
1.881281989747616290e-01
-3.862566650406908941e-01
3.788021487661479281e-01
4.436697187604453640e-01
9.732629625100424064e-01
2.208601374877627865e-01
-6.367751237082210913e-01
9.188513345207596217e-01
-1.593629428196718933e-01
-3.326750061065510966e-01
5.830789111667946667e-01
-3.110639753731796464e-01
4.174181340005034269e-01
-3.535795125657985594e-01
-1.659999865632677540e-02
-8.600342192809673492e-02
7.015448936985801964e-03
-9.912191780995434076e-01
7.827763465121284625e-01
6.312726984164107602e-01
5.718967362149456335e-01
9.754527742183980443e-01
4.761758698629847686e-02
7.417024646981444924e-01
-4.375291952100355264e-01
1.935566264879973186e-01
-4.002901830288458918e-01
3.907199912603720460e-01
-4.111527543289799080e-01
-7.744052761708537513e-01
-7.727933302378451330e-01
6.569799194965677547e-01
-4.020714554598593948e-01
-2.392604355429004404e-01
-1.153672566662067300e-01
-5.163769039223953250e-02
2.896713330670068753e-01
1.488928599519518947e-01
-3.714272761841355130e-01
-8.855304609261938076e-01
-3.958431681667631263e-01
1.348926584328134504e-01
-3.409087321893632949e-01
-6.702857858757006460e-01
5.886069665950883767e-01
-5.629384416460843088e-01
5.699108241129560160e-01
8.936439945982965760e-02
1.875282117311174446e-01
-2.161371958048783348e-01
-1.127328903232557300e+00
9.842388001381512375e-01
-3.458422189286405324e-01
1.204323005283558956e+00
1.006419510898659553e-02
