-6.920900837458413002e-02
3.260407508738877302e-03
4.560763677049738951e-01
-1.752677449568855739e-01
-6.492931994901098014e-02
-7.955067494768999214e-01
2.268222322226874643e-02
3.514415151590086217e-01
-9.856731290071237828e-01
-1.739730495816771694e-01
4.589329626739674373e-01
1.010725938460103501e+00
1.241323663600909927e-01
3.297320552928110216e-01
3.196646515941257705e-01
-2.071467601602868525e-01
6.273419769864199136e-01
-8.014567575389346388e-01
1.183521792423451791e+00
-4.416146465237325014e-02
1.136706087830050782e+00
-7.835159388014020232e-01
2.666423596143859265e-01
-1.978709051583006917e-01
7.679233033779462314e-01
-1.004892331275179851e+00
-5.771974868225367983e-01
2.634828130409802571e-02
7.175635041197807595e-01
1.175628355017401594e+00
1.588525542077450226e-01
-8.665138172207998979e-01
-3.326285961870577568e-01
1.305900500605265524e+00
1.401366536374223926e-01
-6.004507095969321417e-01
6.740995010763406459e-02
2.674664596963217678e-01
9.661077067740667101e-02
-1.047385419593212852e+00
-4.648504569135470943e-01
6.545144668894367079e-01
-3.441792885389114431e-01
3.210368219582998006e-01
-1.940398883433068766e+00
5.162548521786474165e-01
-1.006884679444085773e+00
5.621987155954539794e-01
1.257425063175601876e+00
-4.163064287482585168e-01
-3.803857114308832332e-01
1.110353177463692775e+00
-7.775458345796470994e-01
-1.498930545297198824e+00
-5.812274450051133634e-01
-8.667471985299513015e-01
-6.782377508006109945e-01
-9.213124659117563620e-02
5.249171858763057585e-01
-4.538560879293399020e-01
1.109595181940390196e+00
2.182310710084577887e-01
-7.980119615670202560e-01
5.779496583617340644e-01
-7.329476860872740085e-01
3.832224039166107210e-01
8.223820929051896267e-02
-4.576322047673978544e-01
-6.135726836565408293e-01
-9.221470289151324495e-01
-1.199502418852180785e+00
9.020658441751510104e-01
1.549017047288473670e+00
4.783568025593538664e-01
-1.200054234983230605e+00
-1.003618202826596084e+00
2.166865438095324226e-01
-7.848353930115450350e-01
1.996339008900461509e-01
1.275241727548251047e+00
2.331481858655768680e-01
-5.434820612119359851e-01
-7.904077799770879986e-01
3.924892297428630994e-01
-3.445459596989948747e-01
8.508579227762081976e-01
-1.203303931939836563e-01
-4.171386357820916491e-02
1.363925761937470615e-01
4.049255546311706921e-01
1.612390049472775533e-01
4.924289858187536062e-01
-1.251762179946133591e+00
1.125914120148733044e+00
6.822155459928470611e-01
-5.510247910839478208e-02
8.559804373201518324e-01
5.794864627325009288e-01
5.952620251889821912e-01
-7.103527581811920344e-01
-5.375339758373015586e-01
-1.320710551394021826e+00
-8.308530994499129241e-01
3.488058742537733514e-01
-5.912578054411953277e-01
-5.141642812088866865e-01
6.158106259159271678e-01
-3.592840327069312667e-01
6.804993043547126197e-01
1.151590589352946420e-01
-1.023997309027643965e+00
6.731183290885464077e-01
-4.178667565815920582e-01
-4.852234871893330581e-01
8.420727066369630975e-01
-5.535480547691308262e-01
9.046657548954915029e-01
4.968997376495330742e-02
4.567321040453736769e-01
8.206666620853674265e-01
-2.825046834171800469e-01
-4.726471275016835838e-01
1.877155528411565688e-01
-4.607463465319686091e-02
1.386184509826696498e+00
2.688109407228915781e-01
-2.123984615550495447e-01
3.975448998325561423e-01
-6.113836082030910113e-01
1.242651763961474476e+00
-1.750890090732498128e-01
9.204533616480816693e-01
1.009991105220227753e-01
5.979526593554632674e-01
-1.823263222470492273e-01
4.272534580968888607e-01
-2.555998405705182941e-02
-1.474604056168632438e-01
-7.272028591151626919e-01
-6.024531721278820751e-01
2.953246507832550938e-01
-6.943618587447922819e-01
1.043894502174158134e+00
9.548158826688112333e-01
-3.500087933302764576e-01
7.513264387431254354e-01
-3.326618385355044616e-01
6.198619674840065707e-01
5.922771710099646869e-01
6.986608633015126135e-02
2.344900755381087720e-01
8.426672131916715935e-01
-1.214955187388442992e+00
1.325225524039574942e+00
-7.655941046404857175e-01
-7.900989138271210521e-01
-7.555246360844722897e-01
4.610286617970363876e-01
2.691473791107317215e-01
3.193603582759207415e-01
-8.607534508506283766e-01
-3.541737756014993188e-01
5.454279164367461519e-01
2.516954657789755023e-02
-2.745073266790429983e-02
-7.924843576049345195e-01
-1.106757271738473936e+00
-1.053990221875329869e+00
-4.583313163604771368e-01
-9.021260933634802637e-01
-4.646467439037198499e-01
7.538066294715626281e-01
-5.498805426914978867e-01
-3.949064737150826954e-01
-7.921402273105957459e-01
5.978622159791107116e-01
3.739124186822319063e-01
8.616102871490468607e-01
-1.049903846134664587e+00
-2.500865992507996793e-01
-6.619431724100482972e-01
7.299133292889737890e-01
-2.081214528478908810e-01
1.091692725667637448e-01
-3.280540883397289886e-01
6.305347631717438395e-01
-1.166963775439359557e-01
2.629380904928017570e-01
-2.675699184136797193e-01
6.779329721972835454e-01
-5.422546058206254571e-01
1.065248455502167513e+00
-3.184035308139497866e-01
4.924869238286991302e-01
2.606256398349234282e-01
-7.712517752018890338e-01
-9.732713843585510949e-01
-7.612952473716444457e-01
-4.678494033986967393e-01
6.010227059341414213e-01
-5.429262448309664368e-02
-4.598766476080787258e-02
4.000278419717664957e-01
4.370864808592271333e-01
1.006082148370088136e+00
-1.361656130498959616e+00
5.755657622220878844e-01
7.623941218237741957e-01
-4.604848945600203969e-01
-6.550348146366260504e-01
-1.545194788215891180e-01
-6.600080748689680643e-01
8.849010733744846480e-01
-9.261135383110368213e-01
3.222046377978117215e-01
-1.244219909604399738e-01
-3.857329352670633149e-01
2.435597838263974246e-01
1.520663177768001306e-01
-6.980163753782835101e-02
-3.289377616571849683e-01
-3.108508825499791683e-01
1.185693071402254883e+00
-2.871511195973505126e-01
2.115279956753466500e-02
-5.958335503116697351e-01
-3.959268712123210632e-01
9.161931766960709211e-01
-1.416567772371223777e+00
-1.117026283500050843e+00
4.666303141288783429e-01
9.237014212059908580e-01
-4.584979373028846283e-01
1.199835767611821646e+00
-5.859247737140854673e-01
4.978744211238795292e-01
-1.119528854822480435e+00
5.836561181188026914e-01
2.261580108400365885e-01
7.412062744338825393e-01
-6.546276650512414808e-01
1.112702591135331875e+00
3.718674570876089325e-01
4.536727629998709155e-01
-5.393738145864587219e-01
-1.679104096901396642e-02
5.524516849422972387e-01
3.001837375002813779e-01
7.454548359607943153e-01
4.113956951803748874e-01
6.293715481831242409e-01
7.630132054026477206e-01
-4.063632137178135872e-01
-4.652838276510491422e-01
7.461861696266627320e-01
2.235174441629101949e-01
7.276602323225548341e-01
3.932603451471454736e-01
-3.515348274136290696e-01
1.566333930108556372e+00
9.949894040142179819e-01
5.351804391364226587e-01
7.717515563509452781e-01
8.274132895272922061e-01
3.882865753240446471e-01
4.029293125011211840e-01
1.436484636701308215e+00
-4.207052589965463163e-01
7.871865243080307106e-01
-6.307807648208155205e-02
-3.385146466811078669e-01
-3.601149348826001573e-01
7.953340520414304837e-01
-8.305021107090224675e-01
1.245690455830148480e+00
-9.663623894525658065e-01
-4.718522097282444872e-01
-1.035869292004987452e+00
1.956966612834243335e-01
-6.388080620689935429e-01
8.362793598715995147e-01
-2.593885590541522013e-01
-2.678771935841888219e-01
-3.879119139775086822e-01
4.257327580909845977e-01
9.596597156425166197e-01
5.517505936921804910e-01
1.900417821344674574e-01
7.390801297045592744e-01
5.098077460394598859e-01
4.080718444986437543e-01
1.870941633751215250e-01
-1.623824934980854784e-01
-1.220321245257844633e-01
-6.838464079293076203e-01
3.012478027789695645e-01
5.788607198452089264e-03
8.112546985669816246e-01
1.313520688062298492e+00
4.812433832456592953e-01
-8.932448466151259314e-01
1.484947375636299638e-01
-5.387321564552087771e-01
-7.553475190407964446e-01
-2.039227332614836907e-01
-3.242957329179372294e-01
4.682497414319788387e-01
-1.970343808322982948e-01
-2.562385629175740753e-01
-3.825891054698181137e-01
2.548458857001525274e-02
3.547087765145585658e-01
-1.083229268266728162e+00
-5.841051718878973453e-01
-1.366140587787023186e+00
4.496470065631559820e-01
-4.395649581803284800e-01
-4.077110533216484756e-01
-1.039413800333062410e+00
1.214092480490035708e+00
-6.188631476450748847e-01
2.296325411781504622e-01
4.680202169383698152e-01
1.254962551032361984e-01
2.527742195203200870e-01
5.533128677384388516e-02
-9.233994212744777164e-01
-1.030766316021839879e+00
1.119687659693712645e+00
1.049911746891822595e-01
-6.863318891056524595e-01
2.036833481782324151e-03
3.398520165466928367e-01
6.394632707551067829e-01
1.767582219530946797e-01
6.690205850579221680e-01
-6.882747306230894146e-01
3.807756629677329641e-01
-5.390763019166229242e-01
6.033534445236752308e-01
-7.102983226896311120e-01
5.158717676362675197e-01
8.015048849280206333e-01
4.939045092844727147e-01
8.487389553300098144e-03
2.173660185208033391e-01
5.752791867234072765e-01
-5.904607110050574814e-01
-1.358157745608801203e-01
4.287956101160883549e-02
-4.576912208567744944e-01
4.786802614741985096e-01
6.170320687711076113e-01
-1.737966394500524148e-01
-5.583537960498252684e-02
-6.500069196643797342e-01
7.700552817815680129e-01
2.242453249328857368e-02
-2.729804262613884647e-01
-2.691249207525278631e-01
1.153027492320213732e+00
7.416056800254933190e-01
2.673992281419410588e-01
-3.654968201566419217e-02
3.646554844098703341e-01
8.312391946595951708e-01
-6.886090345444170757e-02
6.882679022176159123e-01
-5.628084250327550775e-01
