3.862969728991997309e-01
7.590461062604964004e-02
9.616655736178845171e-01
-1.363596753127088723e-01
6.839027600639613347e-01
-1.627637373899009088e+00
-3.546153887790035597e-01
5.218811453879117490e-01
-1.464728977196841087e-01
-7.432439126480013813e-01
1.020996573570969179e-01
-1.138915064120314680e-01
-3.715580561579346908e-01
4.566303242682135388e-01
-8.238848524710970511e-02
8.007019768306273821e-01
3.235954991165682082e-01
-7.308713060597430422e-01
-1.833639414036801751e-01
2.376588617438106510e-01
1.420293918853568371e+00
7.038622693754665871e-01
4.002668570765408607e-01
2.267316973205688591e+00
-6.631131273190482567e-01
-2.514988269234417206e-01
-1.231239945913981781e+00
-3.125494626182846458e-01
-6.169688879569052986e-01
8.360839785643559008e-01
-8.650288785464568253e-01
-9.554785628178270596e-01
-8.059782300882757378e-01
1.789428277807853851e+00
1.560209200127177231e-01
1.949918735668884073e-01
-7.863330992338365411e-01
-8.553305574434957870e-02
-4.663626128843002538e-01
6.690958597958884813e-01
2.082212677387396571e+00
-3.575957008477145260e-01
-5.039643230201199531e-01
-1.555380783541606027e+00
-2.429674760359979979e-01
8.480586779127847752e-01
-4.005013108519255294e-01
1.553306770404182802e-01
4.294270032803023662e-01
8.264306704632469192e-01
-1.438290937495496191e+00
-7.577930007156060688e-01
5.638305757577910526e-02
-6.194281048980965210e-01
1.175941082797686388e+00
-7.147836059885062099e-01
-1.129458347134815743e-01
1.224998565380981175e+00
1.144190483576829953e+00
1.458603672276362451e+00
7.652622500126408100e-01
2.167341484771989069e-01
3.178848488456459398e-02
3.875816256046920039e-01
-8.012483752696586414e-01
-2.613547688503550792e-01
-8.588894251219134635e-01
2.014959322685432319e-01
6.881734532509933833e-02
1.385310715618382482e-01
-7.288837471383109445e-01
1.595730588769719849e-01
1.657316520394422676e+00
-5.441773130533169578e-01
1.648106623766392609e+00
4.819112172664454241e-01
1.781824638523873405e-01
-1.255352246917400272e-01
3.290138000938037099e-01
-7.998168215583525420e-01
-7.758309539152496992e-01
-4.327455770256062872e-01
-1.012318085938518575e+00
-6.797611704835438973e-01
-1.078870619925622387e+00
-3.819459018786640070e-01
5.799534808436385136e-01
2.184440183859651663e-01
-2.638000424201762950e-01
2.723834471023809378e-01
-7.062598173782379529e-01
5.719709060077342588e-01
-4.740947057641421991e-01
-7.512498428809196716e-01
-3.820723631001983200e-01
3.843642376845182729e-01
3.483013053226028388e-01
8.548141146972096927e-01
7.354853103504349621e-01
-9.630012599396933215e-01
5.107457904376787594e-01
-5.868268691864712006e-01
-3.247021567672420117e-01
-6.778759925693638166e-01
2.460898675289184545e-01
4.060446824252997855e-01
8.111018325930215989e-01
4.420094885308331611e-01
5.631753159466250658e-01
7.996328897777867928e-01
5.022603221897328774e-02
4.774192030680349252e-02
3.603895618387040201e-01
8.783869238483128783e-02
7.476325621086108431e-01
3.988974584698866677e-01
5.768090618263245206e-01
-3.710325591633672482e-01
5.147948357489036120e-01
1.011047408713250828e+00
-1.394539704684161663e+00
5.149603927742446574e-01
1.060132718648030825e-01
4.000606958568297955e-01
-9.820230728183152458e-01
5.736731918744530923e-01
1.187158926581743490e+00
9.191207442312665510e-01
1.521490374634115295e+00
-1.710941165862879809e-01
6.742316443778050283e-01
3.522444965716332588e-01
1.289528236761133373e+00
3.296445413610103459e-01
4.627476357897014614e-01
2.865110779354125559e-02
2.509364023169216584e-01
4.509817769483922545e-01
-5.566602305267864814e-01
2.465494627745038470e-01
1.009282848307081037e+00
4.493924941227254721e-01
-8.587643903385029365e-01
-7.078234257598694512e-01
2.959882663748054088e-01
-9.648136078368152457e-01
4.265034735486526729e-02
-8.889497912954147374e-01
-5.294040518087711478e-01
-1.466848101724133879e-01
1.461989784061989428e-01
-2.808192292248575250e-01
1.003831890872154409e+00
-5.356449058710199829e-01
9.488668434932417961e-01
1.574905790605185318e+00
-8.411297773421514412e-01
6.908705533876898786e-01
6.097779653964053859e-01
-5.162237916826653006e-01
-6.894840554553851586e-01
7.133977419191765978e-01
-1.180856628217395732e-01
9.933913582959491562e-01
1.420333954507922103e+00
-1.713449474035923847e+00
-1.599104147146769517e+00
1.005677076889459398e+00
4.086911015260893398e-01
3.171706730028543419e-01
-1.152103236320604740e+00
2.060830757283403369e-01
6.735133866229062738e-01
-9.376630188325145721e-01
-4.751252914892842294e-01
1.350211830064101504e+00
-4.997752836799416176e-01
2.746224577423587998e-02
5.707617871442919322e-01
4.466445620940122097e-01
2.468608794182082788e-01
8.180992312604808969e-01
2.269422483318176975e-01
-3.180541517051036493e-01
-4.625687773731588792e-01
-7.398309747117158552e-02
2.723415126374380546e-01
4.116067831488106066e-01
-6.635656798222976382e-01
4.143337668231014126e-01
8.145325228462927392e-01
2.426686689296620458e-01
6.428915393777369092e-01
1.112486742155660846e-01
7.746422552749461232e-01
-2.628180439670006474e-01
3.850257373825385909e-01
-6.198544006578310395e-01
5.092613297307663212e-01
1.112575977270356287e+00
6.776531126480636047e-01
1.626912716267767234e+00
-1.627130094434912633e-01
-1.684540466296769456e-01
-5.487483106172617031e-01
7.342663116024740477e-02
-2.391681314283514714e-01
4.184347795285587868e-01
1.255582687484592397e-01
-1.097643857480234297e+00
-5.736319951503983106e-01
3.435320330489650131e-01
1.072558256017303258e+00
-5.982670969868897348e-01
1.922528349260218539e-01
7.037958901065578532e-01
3.901750101177953178e-01
-1.567850073266219835e-01
7.773160079688676838e-01
-6.943693969469265648e-01
-4.730375911033761205e-01
-2.586134657658615277e-01
-2.873339998306657095e-01
1.330911313217046477e+00
1.049957795624428591e+00
1.026016322605538128e-01
-1.350457598735391729e+00
7.791033155544725419e-01
5.999388711368538463e-01
6.173933826366270194e-01
-7.260443650998709142e-01
-8.214549978697899268e-01
-2.925593274292622725e-01
-2.594157488184315463e-01
6.739496655406987946e-01
-6.513003756895403562e-01
-1.320614728240334101e-01
3.598716649101870724e-01
3.257779050522281450e-01
-1.557984847127283357e-03
1.731378469430406630e+00
7.964844867269229578e-01
5.350623932128826254e-01
-5.942427963796856338e-02
-2.814551174071207029e-01
6.449771977007823232e-01
5.684742975921270869e-01
1.305799143728926914e+00
-1.849774774597473803e-01
1.158674874068704508e+00
-8.962915482652594745e-02
-3.663413099711763099e-01
-1.540913609406321827e+00
-7.972359991137267787e-01
-8.050937439408892837e-01
2.080295787057751811e-01
3.611102873472487040e-01
-3.842599927643616797e-02
-1.556963431953920993e-02
-1.306206000946405488e-01
-5.989605014169896435e-01
9.415369641911003340e-01
5.522393298272448847e-02
1.208939780888332871e+00
6.307244179549844620e-01
-2.395480700762641635e-01
-7.864453895840111119e-01
9.053693784194370986e-01
9.978627125841037504e-01
1.018719006517970982e+00
-2.539055906028721554e-01
1.257493298469648968e+00
-1.265757960821130013e+00
-1.087997246675916685e+00
1.036719248065330223e+00
-1.018378980604828454e+00
1.395492596773920679e-01
2.509425324160480253e-02
-7.067218325935726853e-01
-3.693933125518429339e-01
4.596861403210337760e-01
1.261511655820706457e+00
4.921122974440640396e-01
-1.206131976829687980e-01
-1.122828754833917309e+00
1.081496986674388427e+00
-8.296325914621981434e-01
1.006766502306778860e-01
9.596542947961859138e-01
1.990526836610874428e-01
-1.052703570123575849e+00
8.291571330263686201e-01
3.218979786762523609e-01
-8.437847304957105665e-01
1.473891404890293189e-01
-1.448235209270452684e+00
-9.548580235642787351e-01
7.307748751156626366e-01
-2.449029637743426191e-01
1.301919548017850925e+00
-1.702806595735220307e+00
-3.110539832157214746e-01
6.017742491494221246e-01
1.465759480215863331e+00
-2.553340271200905676e-01
8.611487997109664727e-01
1.134085823193659248e+00
1.817556982295955859e+00
-7.840833369891189175e-01
-1.064277459671786996e+00
7.330805632344830070e-01
-8.602433187047666685e-01
5.271419420597500682e-01
2.792947723934102178e-01
-6.920364101675168245e-01
-8.542061183705543792e-01
7.868431817914020021e-01
8.339512330020384390e-01
3.791946547954566649e-01
8.863064062588881242e-01
-4.503976375194728710e-01
-5.607555556712985334e-01
-1.242491269801178078e+00
-5.743380830467058606e-01
-1.139408918333764342e+00
-8.286894566481876057e-01
8.965981951831858421e-01
-8.952165061985245531e-02
1.230583082112817195e+00
6.945107297918288181e-01
-1.783621943878614280e+00
-9.525590667589762806e-01
2.147977832865810011e-01
-6.349182355511580056e-01
-3.084116882966723150e-01
9.374355387251527283e-01
1.529135777951133202e+00
7.801710485191362121e-01
6.351934598839158452e-01
4.228032711551117373e-01
1.493655312201930485e+00
5.570616758292501469e-01
-7.196830200100936548e-01
3.918172143893171033e-01
2.992818389800919188e-01
7.805388906309079777e-01
5.206345615867556953e-01
6.473506566399269690e-01
3.211453419040427582e-02
-1.114106926608634307e+00
-1.070880956948395829e-01
-1.410845506429767859e-01
1.454125664550967922e+00
5.582373203096255843e-01
4.796596374450105560e-01
-2.099100437442776718e-02
-1.283519748079734457e-01
-6.249839465104011227e-01
-4.492858322121525139e-01
8.035949863876772348e-01
7.113634626553977380e-01
-2.284131567986177613e-01
-6.704152534903171645e-01
-1.381608011437741812e+00
-1.187705958664794892e+00
-7.398317258756611503e-01
2.897351143952804353e-01
-8.715509169630406561e-01
2.363320044303055534e-01
