-5.356089599901778242e-02
3.594498143033392212e-01
6.926392243212378119e-01
-3.023227380350212989e-01
-4.301250445378009823e-01
9.076652691198913159e-01
-2.987505442114342102e-01
-5.075930269144056650e-01
7.655511186861958528e-01
-7.905747397146642430e-02
1.120907513743671036e+00
-1.955829260066365705e-01
1.488978415999575311e-01
-1.040021094127211665e+00
8.560419055376209396e-01
-8.906101923970038969e-01
-8.022673807767444210e-01
1.821433895621800692e-01
-5.685546602656889048e-01
-2.101447430347582301e+00
1.709324127837848817e+00
1.899731697475623982e-01
1.037827973901403578e+00
-4.916431855689152308e-01
-8.219746473036771972e-01
-1.331787801260225335e+00
-1.502926758569554710e+00
7.348438966157881946e-01
-8.607963497193833469e-01
3.922625044460188448e-01
-9.867244210093265577e-01
-3.027929131741280977e-01
-1.192781020163949657e-01
1.767195973409475318e+00
-1.446330031827262053e-01
-1.390207112733670369e+00
-2.301330993174828254e-01
-2.029777450826240337e-01
-2.575506972502985548e-01
-4.049431595203989431e-02
-2.766187939745697877e-01
-9.438038975121789687e-01
-3.205241220948965575e-01
-7.410773045589365005e-01
3.146253327119847287e-01
-1.278528330636744259e-01
-8.372365966869732556e-01
8.011283775453338363e-01
-8.413104099150079396e-01
-8.320988536504128064e-01
-1.024836548804372305e-01
-9.377234737915371987e-01
1.959664559964564567e-01
4.419706017349392946e-01
6.661520453417323351e-01
5.935429500519178170e-01
-1.082134414207695100e-01
-2.946309088064012482e-01
4.268577729550315780e-01
1.295186298743834508e-01
-1.391528456935430258e-01
9.802899049541312360e-02
1.305842963747753105e+00
-4.652154520232603119e-01
1.539282796472434933e+00
1.794257279115590853e-01
1.743928953828578488e-01
8.567172661795788846e-01
-1.061332994340187241e+00
1.858391228363238945e-01
4.990434071088206691e-01
-8.990479694437761293e-02
8.041405303969356710e-02
8.235683154690602858e-01
-7.466691881489324889e-02
-2.799966718941920840e-03
3.301666014970383034e-01
-4.290092712211462378e-01
1.000448288724035351e+00
-6.642748604021625480e-01
1.871561002163257825e-01
7.107164219686370465e-01
-2.310446691512512141e-01
-1.104991168153969250e+00
-1.968280385742845473e-01
-7.334788304551429494e-01
3.518255988136136381e-01
8.881146091560616629e-01
5.675005049882375641e-01
2.199541796081702638e-02
-4.353848637905655683e-01
2.560565399731333347e+00
1.957766282226295618e-01
1.832327277993570092e-02
1.497194195680359163e+00
2.912794129961088774e-01
-1.136511142184309708e+00
-4.874916094245604903e-01
-1.404858114568710570e-01
3.790831848283389705e-01
7.832079959186108997e-01
-3.521219197321714955e-01
5.174796628502922324e-01
-2.530149651839136427e-01
-2.001876552503411288e-01
-4.320149210737751488e-01
-1.357296451286275296e+00
1.639883249185786207e-02
-5.406541326756596488e-01
9.382363712516392784e-01
2.292232013283840297e-01
-4.968522587341186458e-01
6.760890296666955956e-01
-2.259755405988738697e-01
6.038771430655851535e-01
-6.881411366223446624e-01
4.551894497837648268e-02
1.036006426816989734e+00
8.595328178290609356e-02
2.536794666739697890e-01
2.033126853021081981e+00
1.214394061199414621e+00
5.951669727547626021e-01
3.041819700632883428e-01
-8.386635832750171105e-01
-7.230931946109493413e-01
3.299269608063952197e-01
-2.439791095362743301e-01
-1.198601421512234699e+00
-1.128493594303124237e+00
3.038909839788224154e-01
-1.918369678603801254e-01
3.629725374605375920e-01
-6.083978779762866385e-01
6.235845887141449051e-01
3.635297401634145498e-01
1.831616726919625959e-01
1.149498691227884173e+00
1.945822686140061819e-01
2.670505581823651164e-02
1.017171085183852908e+00
1.217465024651683270e-01
8.464100577712495577e-01
4.927573632089673472e-01
8.924740002298618968e-01
-3.554163913667193198e-01
-1.583474067132289109e+00
-1.042561235710183498e-01
-6.632939991216451059e-01
6.269200765028566380e-01
-5.766682490385384163e-01
-2.884797104957862457e-01
1.393174472949119558e+00
4.633075367625161256e-01
-4.302240780356131333e-01
-5.852358697512241026e-01
-7.769620203886759002e-01
-1.847570352162162255e-01
-5.734620713609929199e-01
-3.899037232216860938e-01
9.974291138080439989e-01
-1.094151528741340029e-01
-5.438980734517606663e-01
1.795889265922124001e-01
-1.068414405402925704e-01
7.635345197307900067e-01
-8.990587374660259645e-02
-7.864679994032280907e-02
2.047494592317737616e-02
-1.469350861404331354e+00
1.890651886566919737e-01
3.020979546850759423e-01
1.423434167051474547e-02
-4.867460150832225718e-02
-1.823461837485074177e-01
4.192660055250367890e-01
-5.791967358783384201e-01
8.639338558828996151e-01
6.450869574616252544e-01
-3.014079572428719489e-01
5.717046262295506498e-01
8.770788713280570636e-01
3.389395148623330356e-01
-4.926896687827453936e-01
-4.740368366015347557e-02
-5.488544227839843581e-02
4.603239796370344195e-01
-2.430673338994267518e-01
-7.268336779428306027e-01
-8.071677257283534079e-02
-1.928081797627684557e-01
1.988992437443710126e-01
3.914119676039434781e-02
5.999455441540194611e-01
2.399933581725063880e-01
-3.581259525404516531e-01
-3.068696972577441007e-01
6.823946185660805241e-01
2.496473545808869932e-01
9.289163885748827898e-01
-3.012452155199506557e-02
7.553915522032067509e-01
2.173219479568254953e-01
-1.654165395434552266e-01
-4.634751708666904335e-01
-7.491613803184853371e-01
-4.015637598695889765e-01
6.146402627173194189e-01
1.055812911454054454e-01
-1.338320557971633684e-01
-1.469084148432950321e-01
-4.342501636935428566e-01
1.288848404925849067e+00
4.489171606955796867e-01
-1.206434768832605142e+00
2.844974122114016235e-01
4.606106321180691854e-01
4.011905398849172077e-01
9.236437195521833843e-01
-8.849232588136950461e-01
1.584048817127941544e-01
4.109009086920104026e-01
2.248205811127100606e+00
1.751606652877132353e-01
-1.900251888434188186e-01
-1.650616447831204925e-01
1.257933648729149922e+00
-1.512785052849999479e-01
7.648285860718442297e-01
-3.793864336227624756e-01
-2.754104382509597881e-02
7.238801607817449968e-01
1.587589108266084903e+00
2.294049172820135096e-01
2.839610461148509568e-01
-7.194854307053504261e-01
-3.835769045081354189e-01
-5.581599151146799942e-01
2.522134424724253310e-01
-8.745887560449289166e-01
-4.401284904549132015e-01
-1.539734959199817732e-01
-2.233776207364522592e-01
1.977684628550566148e-01
6.687429067633043900e-02
5.769933533952535942e-01
-3.721055303975867590e-01
-2.124328018808989138e-01
1.107390018983429869e-01
6.405610323451731425e-01
-7.012892963582118000e-02
-2.956904358036237523e-01
-5.431308113897233003e-01
4.652625125865312294e-01
-8.974264960060932550e-01
1.701723720439589416e+00
4.056254035152530024e-01
6.787144674447587178e-01
-6.344318306154811404e-03
1.164538079726622044e+00
2.024984381366917718e-01
5.339888324718349288e-01
-2.428737828534852650e-01
-1.318776686010439514e+00
-1.688750186037600853e-01
