5.664527822008268154e-02
-5.031660702736734381e-01
1.877218740345723447e+00
-1.524882801910435903e+00
1.131151734874139114e+00
1.180578049134799024e+00
4.831158964107636899e-01
-7.825866939000456490e-01
-3.510952517544335683e-01
-4.417250151903449884e-02
-8.533299482180929652e-02
1.083982297324370681e+00
3.283619735701560072e-01
-1.904293869490606417e-01
-1.703968538028540092e+00
-2.979011389193581660e+00
2.832063073185475122e-01
1.049763833308896332e+00
-1.450086553246713872e-01
-1.289330330080281639e+00
-1.074678638579566470e-01
4.690129881345077023e-01
1.938047778992400660e+00
-1.686083597812233492e+00
2.788461454482790702e-01
3.187693690426545157e-01
-3.336906937369181758e-01
-7.427387423043499970e-01
1.752860784146961670e+00
2.351258229466445804e-01
1.816960922011820356e+00
-1.320034629825027339e-02
-9.754966781599273828e-02
8.408327624116808119e-01
-1.739322969394917040e+00
4.467122365810474727e-02
-1.356240752289152585e-01
-6.602280471285189023e-01
5.777707420144395645e-01
-2.761781383533726819e-01
-1.025777042915936743e+00
-1.442334132888385856e+00
3.917879563362192674e-01
6.484126498237215985e-01
-7.854627794257391660e-01
-1.071595332833198411e+00
-9.052221472722011830e-01
-9.372648122555806705e-01
-8.624907720105285946e-01
-1.667765507793424362e+00
-2.048345836607637360e-01
9.810742290407618027e-01
-5.732730342882502717e-02
-6.988684732203356287e-01
1.552193408412229969e+00
-8.120419395903699655e-02
7.605852124337024733e-01
3.014242997082895448e-01
-2.085862283707601961e+00
1.646074810318025328e-01
2.851439255362989145e-01
-1.564227377036352395e+00
-3.676673897979396144e-01
6.348773233366209467e-01
6.783354541165462215e-02
-1.364872339475982299e+00
1.304262468275806386e+00
9.716115249350107952e-01
-2.000259228750120299e-01
1.103011951599466078e+00
-2.590815641289951898e-01
9.550339067169122398e-01
-3.653231356226930293e-01
-1.529083641370803548e+00
7.897480706988423416e-01
3.831315066792987389e-01
1.991846595361980443e-01
4.108554952135357596e-01
8.076725747886550622e-01
-2.911368820223902421e-01
2.954829879444050844e-01
2.077387583947343241e-01
1.120808528948390448e+00
7.262996330135740308e-01
1.044358794379018907e-01
-1.581349639225445136e+00
-8.697638561655707257e-02
-3.570149866695691010e-01
-1.039214636228335431e+00
8.987719317054539969e-01
4.763850608170563383e-01
8.824832369850974523e-01
9.354956150687940841e-01
2.864945506835077094e-01
7.825974919878662117e-01
1.059099426852011305e+00
1.131731400775178198e+00
-8.356987563803757180e-01
-1.007397092799717786e+00
-3.566295475635256618e-01
-7.429880430380078615e-02
4.355989045831502593e-01
-4.997312818807196910e-01
-9.931564687618350540e-01
1.868684406596413106e-01
1.209250701540027506e-01
-1.519731965042508959e+00
3.729649843162818890e-01
7.370442587753049946e-01
1.678201986371909982e+00
-1.620671401810543699e+00
-7.975299639108071048e-01
2.516198723129420833e-01
-6.745629073190105851e-01
-9.708862511031504661e-02
-1.702306113441100166e+00
6.071276933232774287e-01
-1.457301998606081117e+00
-4.468418277284326168e-01
-2.559015504722299994e+00
4.800772274397012707e-01
-5.600517422502072629e-01
6.174396330083609108e-01
6.420086520062294744e-01
9.105500930363602530e-01
-1.604811407225796849e+00
-4.616935775502298278e-01
-1.390015676878460615e+00
-7.956922708415609113e-01
8.573664274066780111e-01
-1.093158586725990977e+00
-3.458725253938861322e-01
1.741600829232134551e+00
-2.507186001049602764e-01
-4.551026334036218923e-01
1.201905517582632310e+00
-8.930722380248221626e-01
-1.560305644093244570e+00
4.368727528467419852e-01
5.054087574980795639e-01
-3.996037612613349554e-01
-2.810651333583901179e-01
-7.875036826140231483e-01
-5.023935005760041816e-01
-4.401795227827206558e-01
1.404805284857588266e+00
-9.476982582974580183e-01
-3.109718286014971911e-01
-1.444369203282518388e+00
1.041575607872529563e+00
-1.460019966233537581e+00
-1.865489213676343017e+00
-2.957567732002687189e-01
-6.510367870264330836e-01
7.072637318882681878e-01
6.168440723975859852e-01
-3.561909310948452312e-01
-3.462685909924170247e-01
-5.462419078525151961e-02
-1.125607591210023850e+00
-1.052305834333270740e+00
3.221803469748930060e-01
-1.346577151832527575e+00
8.567783354399621798e-01
-1.312629160040323095e-01
-1.017555159847575608e+00
2.400689712227495054e-01
5.178461081706182689e-01
-5.450774721982036830e-01
-4.900695838665900528e-01
-1.776064691399178164e-01
1.592356363544565334e-01
-2.979231047021307227e-02
1.042414912417744532e-01
1.067126105837827854e+00
-2.639712854603983860e-01
5.218507933519265229e-01
9.144212666651937438e-01
-1.928966121642189835e+00
-2.441928868664210217e+00
6.296397170282610478e-01
-1.287450545200439000e+00
1.755565526640799456e+00
-1.511629390694554653e-01
1.607579819899666473e+00
-1.709167600774110229e-01
7.967157942066515064e-01
-1.274030386337430709e+00
-9.668050831259343836e-01
-1.147611750376095419e+00
-3.651424150900491883e-01
-1.615137681292892369e+00
1.364447230935009470e-01
-6.128963550972064134e-01
1.072758151455019127e-01
-1.705223497210328065e-01
-1.447030222225544449e+00
1.334930995178328916e-01
-5.421981151031887158e-01
-8.854385411662603067e-01
-2.997152049974977084e-01
-3.168535348088993286e-01
3.334493965699623086e-01
-8.887250399141274348e-01
-2.539557281368158836e+00
-1.088872577114138762e+00
1.216918783790187364e+00
1.066783745631654012e+00
-6.356551791719171340e-02
4.417652989959339749e-01
-1.178320339409438811e+00
1.921244712742548044e-03
1.185750992741977372e+00
5.762040769043871163e-02
-2.735460504484809596e-01
-5.747804723964715645e-01
-7.835938529792516594e-01
1.405734591189447880e+00
3.757405264642451059e-01
-9.587003336325531366e-01
-5.853682688138120982e-01
-7.154055299117478839e-01
4.345787629168136323e-01
-2.457293139246340685e-01
4.097270064547927637e-01
-3.867428497341605098e-01
-9.123159492210166643e-01
3.328639206961619967e-02
-8.862862693219815124e-01
5.334977912435087122e-01
-1.059180893610708107e+00
3.590536167291914493e-01
4.681879750996643941e-02
1.157323830457077873e+00
2.524671850228998315e-01
-1.122474262824037616e+00
4.976285278244056420e-01
-4.889111721698174984e-01
8.054860135504764429e-01
-1.079667110441726141e+00
-1.341533560330357977e+00
-4.727658328590730874e-01
1.204916738892997774e+00
-2.019457843522860063e+00
2.011617635076874688e-01
-2.522465853123324608e-01
1.105274274633769149e+00
-1.286438849778285487e+00
1.688684391981563282e+00
-9.792049053087501509e-01
5.571222873981614143e-02
-6.621283737079208809e-01
-9.057660940892076074e-01
3.933655542384517645e-01
5.636462139943894112e-01
-8.737380070056506298e-01
1.348018064027647567e+00
-2.101596870948455820e+00
7.636610132140222440e-01
-2.726757169619958288e-01
1.159892181953033008e+00
1.602570977712567846e+00
-8.409969701987907165e-01
-1.907838413097409092e+00
9.396048214422940692e-01
-6.276109125730471305e-01
4.775851935579314977e-01
1.801784169517080203e+00
8.520626056112438063e-01
9.244130145280787803e-01
-1.267147642837291643e+00
-2.256376658389719903e-01
1.220442231538593214e+00
-8.219121630404106760e-02
1.642870539727338264e-01
-1.774186459155835838e+00
-1.057002759936020331e+00
2.435946962895721712e-01
-5.979635630723818540e-01
-3.079333733221785718e-01
-1.355877973143786219e+00
-1.123270226510430403e+00
1.296110581958335839e+00
-9.497748946651396462e-01
-9.760991339238977993e-02
1.133110221687803509e+00
-2.733661791436485244e-01
5.078655317237948941e-01
2.217730672352344445e+00
-5.219701267621487117e-01
1.309283350448890715e-01
7.908447884161716734e-01
2.363558501098385889e-01
-1.133729631968569129e-02
-6.351860979711094757e-01
-5.251905933678417959e-01
6.393440407672970061e-01
1.062765583629362354e+00
-4.903297959970324138e-01
2.255913248566580043e-01
5.035055571837727673e-01
7.505923814410032646e-01
2.008788356963676636e-01
5.514995724959427248e-01
3.100708499456842349e-01
1.344351843506831790e+00
-2.138592942842566236e-01
1.327819437198022534e+00
-1.090484493188634385e+00
-7.124158659886754563e-01
-2.527938844642881877e-01
-9.762544587420177167e-02
-1.163001728485884678e+00
7.429985170863398491e-02
-2.829301039268862783e-01
-6.119611033717420323e-01
2.140451838644870097e-01
-6.159680084052323590e-01
1.166751635247381902e+00
2.127564808143980468e-01
-4.858273126200360337e-01
-1.231847149835540167e-01
2.760131252691188086e-01
-8.979050300357668823e-02
1.567169788827246502e-01
-2.836626566202185007e-01
1.037217240903106186e+00
-7.204920482312566765e-01
-5.343326904171028513e-01
-7.399930597275896638e-01
-7.262484068160717232e-01
7.833611087031667752e-01
7.256723558285436138e-01
1.414134228063538001e-01
9.579981684044611701e-01
-1.348858989965222133e+00
-8.533025343010977037e-01
5.518548691808753542e-02
1.844579858942226869e-01
-2.767701466045476844e-01
1.044284428192640002e+00
-1.107712373755721513e+00
3.096711972114121192e+00
-8.437718033159550268e-01
-7.102041068029509852e-01
5.519614832929592430e-01
6.446803505851003147e-01
1.455467309422287414e+00
-5.864735430895914314e-01
1.183027421284299274e+00
-1.414876141702526180e+00
1.016063724057736817e+00
-3.522911354102613024e-01
-4.920134720021009933e-01
5.628470226922619585e-02
8.259658600643517978e-01
-1.111766354478709751e+00
3.546797081004751662e-01
-5.014597952728243602e-01
-4.677784909654586487e-01
-1.042013299349370703e+00
-2.997559156514779666e-01
5.025438886916491210e-01
1.079578564993552536e+00
6.888035161281537144e-01
-4.312955838532848141e-01
-6.653140283681209244e-01
-6.132694325856233863e-01
4.389516801419227621e-01
