6.037013737476565334e-01
7.600775045292207377e-01
1.719710192957786543e-01
-2.880102316504750681e-01
5.912383195602003427e-01
-7.429805283029755625e-01
-5.577358959208194022e-01
8.698402658789883279e-01
-5.782154129054734026e-01
2.247485773724568758e-01
-1.885687184490743018e-01
2.412198860016186441e-01
7.999537951304860339e-01
1.192260763193645712e+00
3.937498335822941509e-01
7.153306845270817060e-01
-2.194302442575417067e-01
-7.454724123115229195e-02
3.053993542742863276e-01
9.265449111439543195e-01
2.474319047521295056e-03
-5.799980185897207763e-01
8.932549623567402897e-01
-2.412716745440727784e-01
1.010084991247047981e+00
-1.999817300861704561e-01
-5.141502321212737536e-01
-4.626493258061560310e-01
7.206974511121098104e-01
-5.959212492012829765e-01
-1.123172648868764556e+00
-1.124250833634703906e+00
-7.350342816249055833e-01
3.779206104325188442e-01
1.692021366860423370e-01
5.063471830368851956e-01
1.160227546219681383e+00
3.797764167836403804e-01
-2.707476333866766505e-02
-2.067579313433698662e-01
-1.206847795085978614e+00
-9.664523998202343424e-01
9.125652682535526083e-02
-3.034223980610104565e-01
9.571664943548118254e-01
-6.377286861175637256e-01
-3.262028030123179101e-01
3.710652955886483695e-01
-2.921760398806446668e-01
-5.037836673680817778e-01
1.211272228881881408e-01
8.340233486919138572e-01
-3.381229704874716968e-01
-4.400972837542614646e-03
-5.495570236366206229e-01
-1.699094768715284087e-03
1.299727200714368314e+00
8.949931008136994270e-01
-6.284969561091217072e-01
-4.000612545435514589e-01
8.307080217850859594e-01
-8.866091503061799273e-01
5.973252373534702064e-01
1.163496081402126237e+00
-5.215621938669174895e-01
3.495142856038173096e-01
8.906695690048117564e-01
-2.523595222881659939e-01
-4.349118489840100299e-01
-3.039073226250574300e-02
1.461301099975346740e-01
-1.047322711677223239e+00
2.819761067046462344e-01
9.496884265875399356e-02
-1.757737492049426808e-01
2.721342123920197364e-01
6.265984651753429002e-01
-1.207334169647331645e-01
-1.063308807552210800e+00
-9.005537111878066103e-02
-1.027069945968224429e+00
8.107058869673569035e-01
-1.522693007983997870e-01
6.493113891247841440e-01
-1.489578491573554514e-02
-3.692281610713223916e-01
-5.338078515811349734e-01
7.229865076056909423e-01
-1.705245184694578753e-02
-9.146504972397793976e-02
-3.151283902053375052e-01
2.736236919801693368e-01
-4.911533930602292042e-01
2.511555755201466678e-01
4.769497177972095714e-01
-2.456647637843966669e-01
2.648722561522500740e-01
-6.470990038736229577e-01
-4.606675598926738280e-01
8.469669088974802751e-01
-8.014398331053488311e-01
1.027025610604982014e-01
4.886362465571852387e-01
2.257327986791783092e-01
1.250656043760167702e+00
-1.007451258108019276e+00
7.251985862364677127e-01
3.535421481084811135e-01
-9.985860849574950127e-01
2.735088826792912986e-01
1.218433569840279507e+00
-5.164494216832274942e-01
-1.154304941045291300e-01
-7.845290369298453248e-01
3.191305913174246611e-01
7.033867916567980716e-01
-4.601368610012659954e-01
4.599747303809555155e-02
7.028626618068344323e-01
1.196913123529050882e-01
-1.010765072129519604e+00
6.391627561826104253e-01
-9.293708938835885114e-01
1.032531748508312419e-01
-1.473128774266170837e-01
-1.362848633554512856e-02
-8.287772951906925700e-02
3.006726263733330851e-02
2.090552096366452006e-01
4.426382092005589630e-01
-8.171409792842453390e-01
5.938686994097618355e-01
-4.304721246786621380e-01
6.757625182338276026e-01
2.458968641159429980e-03
-1.366763457252078595e+00
1.931136238264529459e-01
6.279175350886636586e-01
1.334084283061868215e+00
-3.468921866276266086e-01
3.432859636775210110e-01
-2.311391255221115215e-01
5.629032097897124221e-01
-7.893571941627710586e-01
-3.764342757999533662e-01
-2.173373674213554541e-01
4.666949196254286392e-01
-7.302182485400671164e-01
-5.450581436221211273e-01
4.074268510897789408e-01
7.682238053400600730e-01
1.054650985875727059e-01
9.604297145217780551e-01
-6.878397965529305103e-02
2.014659791320420612e-01
-8.507186733408951262e-01
1.146806776049392518e+00
6.531306977406681202e-01
-1.230929576098959144e+00
9.896933185755404927e-02
8.252011765155122802e-01
1.029454211126648033e+00
1.478603813114329479e-01
-4.354333054482859011e-01
-3.362780826934385625e-01
1.482023714605624765e-01
1.841020464752858299e-01
6.112082619745685674e-01
-5.487597457387369815e-01
-3.988071878709045226e-01
-1.757243097871332982e-01
-8.120755154367939599e-02
-9.342472430589741084e-01
-7.921629323268721823e-01
2.620749519363932412e-01
-3.786406859552001181e-01
8.443742283104354041e-01
1.936208721018516377e-01
3.091551356486918478e-01
-3.972784621055761023e-01
-2.454425958426906251e-01
2.908592773383448238e-01
8.003946046853100960e-01
6.557527438810445419e-01
-1.917106723714942784e-01
6.255583836156938249e-01
1.069001310137821237e-01
-3.277889463587670416e-01
-3.511398992881686887e-01
-8.974856102066658403e-01
-7.301534744840540991e-01
-8.769964019011143863e-01
8.500408336473045390e-01
-8.715762811040379532e-01
1.283714957356767439e-01
-7.860633304780267894e-01
8.030667883428639353e-01
-1.202142034102288370e+00
3.725658500457026956e-02
2.775881644302024415e-02
-3.569063224218578245e-01
5.132313258437314341e-01
4.210088051136187115e-01
-5.773041699362092549e-01
-7.949851512964367650e-01
-4.494805604048033865e-01
-1.020610949033341625e-01
8.803682073122085505e-01
7.537448129979340550e-01
1.046482235560882934e+00
-2.515318861466590006e-01
1.271143687347558338e+00
-4.800505387720046535e-01
1.084115052565600146e-01
4.705910942994342427e-01
5.358980916540925232e-01
6.602238513877829451e-01
4.521216529978867582e-01
-1.232337128211103527e+00
3.948884743642540329e-02
-2.407242864604652866e-01
-1.007264092361381369e+00
-1.184959401203540680e-01
-3.280322510608213449e-01
-4.271301369429196804e-01
-1.178171194152246581e+00
2.336977412727966330e-01
-6.000562398739196501e-01
2.091474581897042329e-01
5.510145590805123894e-02
2.016170844753768510e-01
-9.188591384070012857e-01
-9.359396331618988762e-01
-9.693653831033071100e-01
8.706439238686054516e-01
1.426290339317375810e+00
-2.672973699862450370e-01
9.513378767495361821e-01
-2.729330333634345518e-01
3.832282548603793693e-01
1.418495052640921017e+00
-6.069413259691957413e-02
2.991880912229576972e-01
-4.851377871207514930e-02
8.751347027795999267e-01
-9.614833798405915122e-01
1.107557102466468768e+00
7.943568827653910702e-01
-2.314523706458112562e-01
-8.793962015046443703e-01
-6.051887601513317172e-01
1.155583593157763378e+00
-1.040545298410250119e+00
1.363114061417125766e+00
-5.979889126631136032e-01
1.158400632368649791e-01
-3.305039325129676131e-01
2.406888881291665006e-01
-4.068525247775361953e-01
6.917609046897399416e-02
9.985238724416318767e-01
7.999713868598745670e-01
8.576123367575971823e-02
-9.365413994306770462e-01
2.894828027543805415e-01
3.381527244225560613e-01
1.021772896950322307e-01
8.727222466787530886e-01
1.498223546683108698e-01
-5.563219111657107252e-01
1.060324349284549328e+00
-1.536218267138377280e-01
-1.072622590916355312e-01
8.607321567139845087e-01
6.860259856770970499e-01
-5.522025071581539990e-01
-1.743255728957532891e-01
1.034926902973602569e+00
-6.655183230783046078e-01
8.165521365213836980e-01
-2.150893426628359695e-01
7.409889687275933445e-01
-1.045838084225105824e+00
-8.763046142840612562e-01
6.584670666211402956e-01
-4.814335994128843277e-01
6.303066560619436931e-01
9.352702959650341374e-02
-2.341797588986328782e-01
3.662240272428336496e-01
4.305784685134182999e-01
-3.641087549889568953e-01
-2.744742313330380545e-01
-9.674589366376855626e-01
-5.614393253030883768e-01
9.952964866787100684e-01
1.179544294009900601e-01
-2.877529186949351891e-01
6.481423526078380348e-01
7.586161563499189686e-01
4.177159078974506112e-01
1.745010573773173035e-01
-4.186157527731152461e-01
-5.981223301547620164e-01
3.153406386468003975e-01
5.705384582453341125e-01
1.354829557748875035e-01
-3.245746773634736737e-01
-1.868554800581402886e-01
6.770238308166407482e-01
-3.034666232581175183e-01
5.573539831382554599e-01
6.713128985971252849e-01
5.336886448689475149e-01
-3.256195379312873395e-01
-6.613770377978158699e-01
-2.588866750549819185e-01
-6.140485536936415301e-01
-1.749389038704624477e+00
7.444751076639395670e-02
1.061044580714424646e+00
8.562281749199849301e-01
4.125432856950112526e-01
1.100314488650170897e-01
-5.697165367976744221e-01
-5.012493574672227670e-01
-3.696625073176336707e-01
4.393723514259721963e-01
-3.896307166304615599e-01
-5.242973906662364847e-01
-5.105367166803949086e-01
1.929416321805655365e-01
6.629314787003338649e-01
1.249303831391378905e+00
3.796926603874313799e-01
-9.533161500039315506e-01
4.356824393836205012e-01
3.504995738677018080e-01
-1.300807611368383077e+00
-1.446902992317448677e-01
7.097837417936604387e-01
-4.526017468153504808e-01
-1.120028467367191860e+00
4.761565349288442439e-01
-2.901298900176026430e-01
2.091360377848936469e-01
-6.981042060014438499e-01
-8.051998363192223174e-01
7.539330138497456479e-01
-6.041547284382272620e-01
2.628872750727740959e-01
1.074666827848766326e+00
-2.941416610779590268e-01
1.418102827789388565e+00
9.420548439855143119e-01
-8.235698821793554503e-01
-4.432352609457665404e-01
1.688901966189324810e-01
6.184326403392453875e-02
9.556866193805013676e-02
7.648946774377471947e-01
-7.250065359382427965e-02
9.009085348192582554e-01
1.511973563241618135e-01
5.015554818878206200e-01
-6.963730807712184001e-01
-5.638096550836779741e-01
-6.788385390323228297e-01
6.657690850182519382e-01
9.179388295424770750e-01
5.582168243185171574e-01
9.026421044447323627e-01
2.387503287468286106e-01
8.219474056306450560e-01
9.548836182917543880e-01
-5.785109931477989964e-02
1.882215602509049457e-01
3.076014955450330213e-01
-4.946098763889583694e-01
1.512667719395311416e-01
8.886129052646880577e-01
4.272998602058893924e-01
9.385247025800294018e-01
-3.577567535284975619e-02
6.593276067866631340e-01
1.103564882576596115e-02
9.081360527868278520e-01
7.830450226821424886e-01
-8.840932416041740183e-01
2.793170853662686470e-01
-7.587976390625861267e-01
5.228171829293234985e-03
4.642233618419380758e-01
-8.648318490340742848e-01
2.863800402987996541e-01
-6.501401925884493505e-01
-5.257773488886503532e-01
-6.628245086387041241e-01
-5.054004903459330400e-01
1.014379353292084618e+00
3.140630333169967536e-01
-2.710247832202332119e-01
-1.084787805554364937e+00
1.268900901429595718e-01
1.786434582783409941e-01
-1.406397545658258363e-01
1.185582601626328003e+00
-1.364827903154282041e-01
4.576651134991996939e-01
9.971918451176592368e-01
-6.369442557501809876e-01
2.251197910947230763e-02
9.589702182340970049e-01
-2.158103613692038403e-01
-2.838870215288872290e-01
-8.415612630476209111e-01
7.836049765107964971e-02
-1.074426134237714409e-01
-4.515855407526967458e-01
-4.067650445165372775e-01
-1.172375666140092365e+00
-1.058711259822862516e+00
-1.630885612621516545e+00
5.537587588570913599e-01
-7.336499568753770406e-01
-1.039416424494954277e-01
-4.232826639041459837e-01
-1.714443248621285998e-01
-5.987119820127027869e-03
6.661739940240277713e-01
1.012693993564027339e+00
9.700199028374250076e-01
1.541543727559543164e+00
-5.184329113032933867e-01
4.789816829753942851e-01
-7.429443538430529070e-01
-8.851667744801386961e-01
7.594053897991047686e-01
7.452987225569629448e-01
-6.509606492974679970e-01
-4.541874183338068804e-01
-1.022677589151107735e+00
9.929737544343453237e-01
-8.316075394396788001e-02
1.167426476352019016e+00
3.622752835303943986e-01
6.617129879423040428e-01
8.459190966678961088e-01
3.113294667323656673e-01
-3.692106716156176582e-01
-3.697958672569323646e-01
-7.893758584118700794e-01
-5.629550857671917763e-01
3.501689838697679552e-02
8.255029080491309568e-01
8.387881397909974224e-01
-5.123168864293198288e-01
-5.729243969844065587e-01
-8.811140638616004050e-01
-2.336218105106256104e-01
-6.082059216303539184e-01
-2.637386692818107781e-01
3.073766799389505144e-01
-6.650762337655512502e-01
-1.194108165706661229e+00
-2.715243802269423634e-02
8.363983499091105500e-01
-4.980226948500464657e-01
4.759174973415194465e-01
-6.871230286555272126e-01
-1.237221257996432344e+00
3.526189560339196838e-01
-2.005843463490771250e-01
2.466654417711963698e-01
3.826336693496565355e-01
5.547943448845683578e-01
1.233732398616308318e-01
-5.225171865642225244e-01
9.224694986101938943e-02
1.280108385930374959e-01
-3.477547675120457593e-01
3.162342663716104507e-01
-2.806088444356456546e-01
1.409283262881973475e-01
1.006250459943346387e-01
-1.020928602671292484e+00
-1.648221814740979119e-01
1.274294742648210410e-01
-6.898476556979870056e-01
-2.761754282051408493e-01
-1.185582860088268964e-01
4.958171701694227274e-01
7.048573623569593938e-01
1.387408227671022454e+00
1.794290963356245938e-01
-2.602252967851220178e-01
-7.530349375752690699e-01
-6.018123533585233442e-01
2.269752797169179992e-01
6.441768503582807615e-01
-1.117447790323910839e+00
9.483740849444455279e-01
-6.758078933175068470e-02
-2.998731795643851394e-01
-1.052643233231743830e-01
2.281439675676786294e-01
-1.033969607240654121e+00
3.596074174335158746e-01
4.178299027282552647e-01
2.450426485328799919e-01
-2.719893852818204838e-01
1.209114600705805120e+00
1.397787587420365352e+00
-3.208741241504342590e-01
-1.264933708062801809e+00
3.685095434103321521e-01
9.619531379414925087e-01
5.576865028069338814e-01
-7.191848578805587477e-01
2.355225283335387332e-01
-5.706284657171548647e-01
1.680694168322030557e-01
-5.449272922895398441e-01
-9.065430245889616323e-01
1.645457214346024433e-02
