-8.068489610664399958e-01
-1.005796874844642197e-01
-1.136515919086042770e+00
6.568028047335325859e-01
1.482959000632000646e-01
-9.809848382021851831e-01
-5.830540733934654885e-01
-2.129696065565952479e-01
-1.058918433409401727e+00
-3.987137723101544795e-01
9.096953242577480170e-01
1.525258724439335911e-01
3.928010952410539991e-01
-3.289845496369498967e-01
-2.064420699000441561e-01
7.271380236906039851e-01
5.468590063275944324e-01
-3.156245658892156691e-02
-9.803601313058968314e-01
-4.000790502788171832e-01
9.428078078474864121e-01
-5.754982562238188937e-01
1.030752416621452783e+00
7.933486488232979195e-01
-7.594347042891986810e-01
-4.803301025431569449e-01
5.938757620434099715e-01
-9.872701674365761404e-01
-1.076031192398698044e+00
1.228396048784274663e+00
2.489176088710111368e-01
2.268753119849640787e-01
8.749987464261576031e-01
5.886241723105305468e-01
-5.610239667935111862e-01
2.355862700298832768e-01
8.001057864524491192e-01
5.197910381893263709e-01
1.414204035907166146e-01
7.293472722004323838e-01
-5.939826186500722915e-01
-5.072138530969183545e-01
-4.004624392229795826e-01
4.627574589488807622e-01
-2.351867853653111518e-01
-1.569063420008191212e+00
-9.882040566154916272e-03
1.625672372081791384e+00
9.417760694333219273e-01
-5.074881121482068824e-01
6.763600928919814015e-01
5.839079260996141718e-01
-4.338792349656254710e-01
4.336160797008536960e-02
-4.729647249284808785e-02
-5.400793815593938341e-01
-2.581049749362306356e-01
4.634327884483816495e-01
-1.250116174361062926e+00
-4.619943437598713620e-01
6.461896763287068302e-01
-6.034144005203648797e-01
1.612143216408120638e+00
-1.078398945969110345e+00
-3.573699477756120402e-01
1.625297248722608723e+00
-9.680404169551681814e-01
-8.752957548397515275e-01
3.163243343243689054e-01
1.386704026239174325e+00
4.139698527147180340e-01
5.121868874498964885e-01
7.369361057749834742e-01
6.083215030565187753e-01
-1.482110834716574344e+00
-7.619434960575728333e-01
4.047319168785254995e-01
5.557153590073342642e-01
1.451299157860101996e-01
-5.461409481797887544e-01
4.020927501891859435e-01
1.387632796895292286e-01
1.114868611677704235e+00
1.376790437872323469e+00
-6.552881530866114801e-01
-9.376476925707382115e-01
3.674130613342100893e-01
1.085901241216428614e+00
3.745402842695263468e-01
1.852536501228968513e-01
-3.019036589957463379e-01
1.542610109142861674e+00
6.248740960996673754e-01
-7.368952907702917832e-02
-2.018322016673948505e-01
1.619659286121976072e+00
-2.294288155450220079e-01
-5.381990142993910986e-01
-4.241647495969923520e-01
-4.123812493728622464e-01
1.462931650296311892e-01
-6.182146433672160990e-01
7.194956068499417379e-01
3.437663854963479149e-01
-6.429507305312769372e-01
-1.823221605660195199e-01
5.329483155379034776e-02
-3.603933667635624283e-01
2.328742393793608478e+00
-9.811382863038790036e-01
-2.830422679693807980e-02
7.288853785716264966e-02
4.663776663444582082e-01
3.556113374851034292e-01
1.089311848169854047e+00
2.087275204456339461e-01
5.666934907220968487e-01
1.152745743591992444e-01
-1.932659262141857015e-01
-7.277379660387079952e-01
1.016482923602147093e+00
1.247015971945899970e+00
2.920621393054314008e-01
8.598832408457199872e-01
1.096805799311631802e+00
-6.412601812271769841e-01
9.692352410307137900e-01
9.569830805418640951e-01
9.873063164608362197e-01
3.384866882327284276e-01
4.843050083426467256e-02
-5.868212082335513280e-01
4.188599576601296226e-01
8.801868932327804318e-01
1.137308032582750705e+00
-8.971952929183525383e-01
-1.462212088412544908e+00
9.792704736920561093e-01
1.256808063312305102e+00
1.064944523608147176e+00
5.522248337848499888e-01
3.606590030421822357e-01
-4.578803951835619945e-01
-6.368006982286585904e-01
7.149946922998234866e-01
-2.399519448644580610e-01
-5.665626900828479862e-01
5.458903252794127248e-01
-5.956548943464994306e-01
-8.591891714515186296e-01
3.272885642212844948e-01
-4.096230924587836997e-01
-1.297560384644627529e+00
2.095011404403129551e-01
5.368921883091521963e-01
-4.448949042164226930e-02
1.525780509050327083e-02
4.228248650113603652e-02
2.251796790330661546e-01
-3.631573916446768219e-02
3.849150765208698699e-01
-7.396090714403498190e-01
6.185758170039729054e-01
1.690921245762035952e-01
3.421227948354333970e-01
7.255866128115484592e-01
5.270783335687874160e-01
-4.545576744264684388e-02
5.110426850572122870e-01
-7.473772975573435007e-01
8.831322835023904805e-01
-2.582233105393190176e-01
4.997915942056123662e-01
-9.597548154937998177e-01
-2.814698349000028799e-01
7.247332677246159927e-01
6.311841608108674784e-01
-3.817889394014690185e-01
6.662010672390115129e-01
4.606487412324856701e-01
8.640630960868670440e-01
-9.532465267097871564e-01
-1.000645793033467790e+00
-2.307091584336495305e-01
-7.147774848237449241e-01
2.564557295332475229e-01
-5.580519519131970085e-01
6.275823428288259676e-01
-1.136268362355656869e+00
-6.716777274810900589e-02
3.214132502480875897e-01
5.343804454637789414e-01
-3.411560104030533780e-01
2.765040896554827876e-01
-9.232086208608434319e-01
-6.592627081031279257e-01
6.482964205173364913e-01
2.894175288742651952e-01
-6.862269102168144785e-01
-1.251783324109626006e-02
-1.287571583329821523e-01
-7.574834842071589969e-02
1.270272632651062272e+00
-9.946915444060512312e-01
1.087841978786736163e+00
-1.827373012789604401e+00
1.611602397163756917e-01
9.288414939711877594e-01
1.347237287440481213e+00
2.110969930541822248e-01
-5.442174498785579129e-01
-1.385711052763306528e+00
-4.576756469926651638e-01
-4.363737856846048313e-01
9.866921593504801580e-01
-5.239188555198448505e-01
-1.217494137828136314e+00
1.044192431091753859e+00
4.626659824907358165e-01
3.111787068424669567e-01
-1.138649156081475322e+00
-8.524230784415017803e-01
8.450464977789849952e-01
-2.441757294684165913e-01
1.309678157751728300e-01
4.472604966045437558e-01
1.784438006542985455e+00
3.096465656418296297e-01
1.536531697490801873e+00
1.837699192226063927e+00
7.203591236139519349e-01
-3.622680476855862364e-01
8.022269161544521854e-01
5.694752010395419672e-01
4.752230227429077303e-01
-6.986513862755233673e-01
1.073788817409255358e+00
1.253082798278351007e+00
2.465824605327567587e-01
-2.425457247789975790e-01
-1.379044275494228033e+00
2.563073139330650507e-01
7.766768991609495076e-01
-3.564128592348371205e-01
-4.543181902094813318e-01
6.403813889848712915e-01
8.279096317993083209e-01
-3.477035504348124917e-01
6.266041368115915500e-01
4.786484299680923149e-01
4.939721517324729971e-01
-3.954091949777294168e-01
-9.860769639460562619e-01
1.721624642669395300e+00
-6.627037615519955072e-01
-7.325862984151214619e-01
1.396176445545689759e+00
3.050832207467410462e-01
-2.718842802170801098e-01
-6.566351445329818848e-01
1.889263129440038602e-01
1.585714618296790279e+00
-1.171779957362156788e+00
5.243107583254034143e-01
1.037025788222893707e+00
