3.494579201746786379e-01
1.638415841961450847e-01
-9.140194766811565730e-02
-2.678709002184865851e-01
-3.782874976941785761e-01
7.740241942085450688e-01
1.523976827711800208e+00
-3.568794193230383494e-01
7.533393670086507399e+00
1.130667051713678539e+00
1.038581337066603716e+00
-6.164322397623378524e-01
2.322149303952989907e+00
-2.562198349285254029e-01
-3.775806913293128453e+00
-1.197012600575114050e+00
-2.862521416057953183e-01
8.747927036073825935e-01
-9.683407739594653840e-01
-6.083278336095807592e-01
3.296864687827262053e+00
-2.586019562091990132e-01
-5.481497668821402880e-02
9.132538704652093386e-01
1.024248283174968854e+00
1.857094699461901977e-01
9.935988689063448565e-01
1.394896900512565763e+00
-6.314987808486378640e-01
5.052046601865789466e-01
-1.266954931551020902e+00
9.646062532283679047e-01
-3.601133918547892776e+00
1.088271251302242337e+00
7.811758473671153169e-01
1.653370916421757375e+00
1.328302353755453247e+00
-1.454830068958606226e+00
3.563742970720130909e+00
7.840377154439550633e-01
-1.887840338343587776e+00
1.888033610752781533e+00
-1.988692062825299089e-01
4.582131680752897229e-01
-3.637171554081908287e-02
9.535840413022280693e-01
-4.099925054055240103e+00
-1.310626991182708423e-01
7.503154787607975162e-01
-9.155005509892539806e-01
-1.072720781374245785e-01
-1.269893266246924668e+00
-1.600282337294340440e+00
1.000366243300981672e+00
9.934486549184751158e-01
-9.480457607469188197e-01
1.118639091843783184e+00
1.306575600055110087e+00
1.390366559547873582e+00
-1.040834958189753134e+00
5.486989789613763158e-01
-2.040347784144788124e-01
3.414632160713098608e-01
-9.491089426592027589e-01
-2.334772646110978012e-01
-1.593798264275478327e-01
-4.683933148572543281e-01
-2.568933174329257607e-02
-4.503423767379884923e-01
-1.445701402816012227e+00
7.092558507532989998e-01
1.591676912470874727e+00
-4.900555236571588202e-02
-1.964342060366147447e+00
-1.109476778623429971e-01
1.287127557139249867e-01
-5.679246252421876751e-01
5.485214186383280399e-01
1.382879188320927488e+00
3.206793131601870961e+00
1.123656326138367412e+00
4.692769545747103033e-01
1.604803894071034076e-01
-2.631182009144617528e-01
4.683481576105142374e-01
6.313972692924414432e-01
1.502385339599033420e+00
-2.366138385281750356e+00
5.267594085901927681e-01
6.683166883071625097e-01
-3.129762422980050252e-01
-1.277871388683825549e+00
-1.061513016723601766e+00
-2.084983538085961180e-02
5.326443902028046296e-01
2.131458996138416717e-01
5.988222448931117547e-01
3.603238617275085487e-02
5.751677765208321746e-01
2.128552349328257168e-02
-7.244392217138423407e-02
3.591479232669930743e-02
-1.278992043640655663e+00
-1.359123810624873308e+00
-2.849506193352636663e-01
1.623640952635500678e+00
-1.191125454454322163e+00
-1.632817626229706720e+00
-1.648286381561772651e-02
-1.018809195341626950e+00
1.340763292233263237e-01
3.821089867575515608e-01
-1.302749650419100957e+00
1.581999093871031992e+00
1.139405070179964286e+00
-2.609629651344941292e-01
9.658777988130800018e-01
3.777385204224963378e-01
-1.751890790181972246e+00
2.312809178174632496e+00
-1.570125408241405118e-01
-3.449479225621684408e-01
-8.079896063928383027e-03
2.438737313276782004e-01
-6.967720965708759095e-01
1.285085519145523492e-02
1.891452436367104806e-01
-2.646453118328948584e-01
-2.221077081600053127e+00
5.895922331638918656e-01
2.015694274662047647e+00
-2.191259838274239868e+00
-7.946249462146470766e-01
3.252556011874759623e+00
2.134840353584806227e-01
-5.779417708152062572e-01
-1.266095092100188779e+00
-2.009093642881794928e+00
6.867209195962500345e-01
1.951577832797823486e+00
4.488795932833605784e-01
-1.462845665670552686e-01
-4.104748939722184353e+00
1.331368013924213667e+00
-3.618637056321676759e+00
-5.292313974176424685e-01
-2.419674447846424492e+00
-4.211818940138203904e-02
-1.497542452152723857e+00
-3.478625479923364572e-01
-1.076689816320361537e+00
1.651023347227200122e-01
-1.085314764668856569e+00
9.532983534899232003e-01
1.131769299259032469e+00
-2.143744656388982261e-01
3.250862540533859812e-01
-2.962426228199066536e-02
6.424301959154479214e-01
5.795890590369756623e-01
2.424711851608158497e+00
-7.938845305376058814e-01
-1.095006561945143897e+00
9.023370231410129394e-01
-1.085610839434292041e+00
-1.118487893197751548e-01
3.960905461320633147e+00
-6.567538128794356833e-01
3.097422479325606104e-01
6.694914772598093977e-01
-1.027925556779606953e-01
-4.850266899957305089e-01
1.094734405124256904e+00
1.344346025034642622e+00
1.563183876772918035e+00
-4.255087747993572256e-01
-2.250264974838422471e+00
-1.882126197534518264e-01
-2.710885368276381602e+00
-1.236100531384357604e+00
-4.744722951360494378e-01
6.376311175665869690e-01
-2.506602871390247247e-02
2.784245677776072680e-01
-1.531772983577596170e-01
2.216416068967439923e+00
5.405987247548283969e-01
