-2.033749025411699662e-01
3.824312957071724361e-01
-6.579816312602126960e-01
-1.980815563777209576e-01
9.486017898339837995e-01
-9.507945324062941905e-01
1.576652538611325038e-01
-1.159652871384156056e-02
-8.734893385508175623e-01
4.113141567039120261e-01
7.804284877248340857e-02
-3.686368208971029792e-01
6.701392133996795231e-01
-5.474159578433928086e-01
7.860066141095090053e-01
4.670909819122645024e-01
-9.995040325856103802e-01
3.792525076271949791e-01
2.382709871472118657e+00
1.234029178427654694e+00
2.499822058831090432e-01
-7.787246261762459376e-02
1.356275219630766748e-01
-7.285594803864346991e-01
-6.975342897015972543e-01
-8.191885676146783979e-01
-5.925470384254102885e-02
7.565786774201319620e-01
2.859365413275993806e-01
-8.464667100979736958e-01
-7.735198971890870911e-01
-5.389979759827834283e-01
1.386630725432547173e+00
4.633381292187707112e-01
-1.387205861711813260e+00
-4.259149969548171044e-01
-1.394980577431723434e+00
8.068806571451156984e-01
-7.015434876169979184e-01
7.229582134060468235e-01
2.857365968455685135e-01
6.796905612508974404e-01
-1.154597079708882035e+00
2.793137915543094096e-01
1.109159639179371215e+00
1.200384381191178240e-01
-7.789412558100757833e-01
6.140196553657477629e-01
5.391336304163818482e-02
5.021382988257439006e-01
8.522837050853434571e-01
2.878465450695988359e-02
1.128324844802060523e-01
9.574199570433883366e-01
2.179777852891945922e-01
-1.201035543544610507e+00
5.859015560055913507e-01
5.008910862959830013e-01
-9.410884869159201749e-01
6.302858452301038916e-01
2.561965432503570117e-01
-4.709857555176861776e-01
-5.281454751755936261e-01
3.238789223401975503e-01
-8.053647517317765736e-01
1.934721376051590891e+00
7.615616851596349601e-01
-1.841271973569458265e-02
1.039306448304036512e-02
-1.551779395995834365e+00
-3.271099677590869614e-01
2.406305246185797692e-02
2.071975430638717697e+00
3.011089305096513735e-01
2.565707842776210335e-03
4.370446925321447296e-01
5.752265060137833341e-01
6.970141015257467210e-01
-3.188304061696103364e-01
-9.188040733356837020e-01
7.663221897336874866e-02
-5.556402099633152986e-02
2.025909881736713269e-01
-3.791309183022131268e-01
-9.927698574448732272e-01
3.295628503642481499e-01
3.301412289250967302e-01
-6.968206335246321381e-02
2.805622223254845560e-01
-5.442878812275876443e-01
-1.765090746086268036e-01
-9.435551747628599939e-01
3.309867204990415979e-01
-1.455771836294726507e+00
-2.601512469016418333e-02
3.731820910403209623e-01
4.730936017932764193e-01
-1.364853463434958780e-01
-8.990083720392120226e-01
-2.367616682008123752e-01
-1.121852506070123656e+00
1.154677139847982703e-01
1.056368324064011349e-01
-1.679669638278691313e-01
-3.600267553433031953e-01
-2.649367587965127946e+00
1.536513513813302645e-01
7.213224844764773991e-01
7.104384300408013164e-01
-1.262629377985647006e+00
8.878326454063695250e-01
-2.553466954667341637e-01
-1.885490105721115750e+00
-1.302906006445935905e+00
-1.071423699974895172e+00
-8.330820316366744915e-01
1.504919717505756593e-01
2.540450276999627333e-01
7.446538789569914774e-02
-9.157614517945167343e-01
5.227105528109738941e-01
-1.135929968382978883e+00
2.589007174836972097e-02
3.925980862876123911e-01
-8.477247923502851945e-01
-5.297184384048296835e-01
-1.028007263624657053e-01
7.850358817028153524e-01
-1.465979572506916906e+00
-2.916018089158098903e-01
9.135140046303930061e-02
-2.044623583748237106e-01
-5.651636996388049727e-01
-2.243991701446031717e-01
8.431360576547635155e-01
-9.307655304104531790e-01
3.714448763505144302e-01
3.924951955099452716e-01
6.238616484760026726e-01
-2.231134972227745705e-01
7.344994230841371818e-01
-2.565603273705648890e-01
-5.153762533974004523e-01
-3.703673209888145301e-01
8.160700028554057628e-01
6.595787111445849948e-01
-4.678268641539409245e-01
8.367457028097293747e-01
-4.598751655947395101e-01
7.239225189936598914e-01
-3.578760781311585704e-01
3.420405172856866294e-01
-1.234185850716737587e+00
-3.706757445722227984e-02
3.882729455298251642e-01
2.835653151834798269e-01
-7.330000837133285874e-01
-5.051997653952442491e-01
7.676515539817376776e-01
2.799005059340029522e-01
-7.707558488169939936e-01
1.104505456526756024e+00
-1.666487647894277835e+00
6.439275273035831582e-01
1.504237816692036156e-01
-9.402735127019790085e-02
-5.546969120137330567e-01
-2.356324308799654377e-01
1.828627738008026249e-02
-2.136612638592387259e-01
-9.547601208119278482e-01
2.154056502665823158e-01
5.708249639461571157e-02
-6.846408681912552474e-01
-9.288621283911255855e-01
-2.213793592594096027e-01
-3.870026203258867259e-01
-1.376860432358137376e-01
8.543936862287027090e-01
-1.338943495472752598e+00
-1.215693142737782201e-01
-6.636391855148869867e-01
2.274046523614881021e-02
2.111680734490259670e-01
1.122088025379131271e-01
7.386600431749346107e-02
7.442564101516072617e-01
1.952821831554806042e+00
5.815940752481745246e-01
-2.552303432165542452e-01
1.740106433008665743e-01
-5.045444997085219985e-01
-3.897509393371580422e-01
-5.692832684101117868e-01
1.192689034774690571e+00
-4.454990191563862334e-01
-7.253123305710915125e-02
-1.049023338890676449e+00
3.661055306956182420e-01
1.812325416426218694e-01
-1.112694967191319773e+00
-6.446645159424222449e-01
7.820738144314711704e-01
2.304266175611933420e-01
5.478055710400319134e-01
3.414245950486843872e-02
-1.471310320620065948e+00
-1.760953572740631828e-03
-4.429269751407960976e-01
-2.935094580188948310e-01
3.211501943436603224e-01
-3.463732012232320079e-01
4.647572156036738900e-01
5.698613274745756296e-02
-2.195944430093825339e+00
-1.086818269010393578e+00
-3.603771384779085984e+00
-1.434889273581670066e+00
7.761051998011052611e-01
-1.220883378510130290e-01
-8.980689597296499516e-01
-3.154673009550306162e-01
9.884947596335995623e-01
-9.667530745833001760e-01
1.275609802946829685e+00
5.103360216375825154e-01
1.015706511701192305e+00
-1.164963288663924956e-01
-6.877870349900656599e-01
5.073887902253291227e-01
-1.121283932570009245e+00
-4.634137778637248961e-01
-6.806598666315497592e-01
-1.784541423929746351e-01
1.172897324839157651e+00
1.658798767531050045e-01
1.237848259341302271e+00
5.674913592761621217e-02
-3.281679953333285216e-01
-1.608298083188228755e-01
-9.087976116269451676e-01
-5.528873099186173423e-01
2.118766219342500534e+00
9.476248676457210696e-01
-1.635682771671382457e-02
4.079673472438561932e-01
1.474807804825427060e-01
3.061390760335995775e-01
9.264610896947653718e-01
7.857505305421641495e-01
-2.339099786552060467e-01
1.954784735946793750e-01
1.319862443626733217e+00
5.709125103211618590e-01
9.293446965496034995e-01
-3.509237763049397052e-01
-8.343753223473837632e-01
-5.997661401513179058e-01
5.192027842288775286e-02
-1.000586294347239447e+00
1.743303323433087471e-01
4.970559689336312426e-01
2.097904592192367801e-02
6.480435717316794797e-01
2.990188992865400186e-01
