-3.049054121854899435e-01
7.565748691132726522e-01
6.175155814025531376e-01
-1.202220542644472978e+00
7.380746281616099025e-02
-5.795015706662803856e-01
-9.228703267770548280e-01
4.408945723273373085e-01
-2.566401254061412285e-01
2.152123345729647919e-01
2.025742510516807537e-01
-3.729717110652519541e-01
1.125974101411178596e+00
-1.035370557242342171e+00
-6.960428490952283997e-01
-1.121125616271541059e+00
-3.391063691009630898e-01
1.459998885035868277e+00
9.415138967245963997e-01
-1.458509273958341401e+00
-1.191470911200348315e+00
5.756275282045923980e-01
8.240018957708867831e-01
9.753868482404450813e-01
1.730847522948076422e+00
6.014445259378311537e-01
5.223781880822008644e-02
1.166924173048640295e-01
-5.592094256593428403e-01
1.578619842474481505e+00
-8.230261886149875528e-01
-1.451140220755191557e+00
3.044833821768987980e-01
1.066700722082456698e+00
-4.519747255728204793e-01
-1.989098356499879039e-01
1.087983672022057036e+00
-4.427069780180934444e-01
-1.201112732927101662e-02
1.901609652712510368e-02
5.620959680198066577e-01
-8.401528218047040752e-01
-9.748606367705867637e-01
1.999815420070679028e+00
9.312029642443095945e-01
-7.365636035555050976e-01
-7.308359772257099207e-01
-1.586937537678494214e+00
8.581169949346527659e-01
-1.045956560093185050e+00
2.029285702563530802e-01
-1.327764730172486640e+00
1.067501562159304529e-01
3.785455226638895221e-01
-2.259609203310782022e-01
7.955159648695979691e-01
6.814780439508731635e-02
-1.847160473187446916e+00
1.703705218545011890e+00
-9.515112151527229667e-01
5.971776208072764325e-01
2.929544394472087532e-02
-4.390226606969603873e-01
1.313928930555662289e+00
9.313271469720809659e-01
3.804913655841064557e-01
2.199535340145867823e-01
-8.878458888317338760e-01
-1.003174297152004568e+00
9.345436829206199558e-02
-7.411234224170888396e-01
-6.753298542219553502e-01
9.955097925728174646e-01
6.311889063225428753e-01
-2.827790943247783795e-01
7.776982424161531238e-02
-1.289006353023434692e-01
-6.911885275266593798e-01
1.850673376756840627e-01
1.355660727474559346e+00
5.031484152594700721e-01
-3.986797359520153350e-01
-5.395268457998043665e-01
-7.365268696087563516e-01
7.918371320981297812e-01
-6.943116337042410935e-01
9.794197513050987292e-01
2.861042312630601714e-01
-1.510333847621498027e+00
4.475527517527384536e-01
-2.185148552068436056e-01
-5.089272086287135455e-01
9.052237686054291910e-01
1.321722712519747267e-01
1.209164170364200874e-01
-8.787650504974457988e-01
-3.481915339398752862e-01
1.300862424949597029e-01
-6.335605304801796844e-01
-1.076777047371179741e+00
-6.859940407210042279e-01
3.211853603403319601e-01
2.317555149292907235e-01
1.273988892406671125e+00
7.110231852470345615e-01
3.899945369092439051e-01
1.705681091867128907e-01
-1.460247069014191101e-01
5.999426823706025536e-01
-1.029149129372752824e+00
-1.335470054366127535e+00
7.450881791535403087e-01
-3.160783903166776709e-01
1.861351531796044401e-01
-3.819631107561994310e-01
-1.604313106120392463e-01
8.082290473688004129e-01
1.422581122401443743e+00
3.701234786669698185e-01
1.555836329483116787e-01
-7.874718104916562655e-01
-7.462136225391717836e-01
4.830611669732517433e-01
6.752135035288771014e-01
-1.047606366707209968e+00
-3.015042289096595551e-01
4.683826172990274150e-01
1.918028418288722226e-01
4.442584666150689587e-02
2.042473003854795355e+00
2.692431006139883176e-01
-4.307778873035933431e-01
4.603494776264666632e-01
-1.709310222274326718e-01
3.797555415795043215e-02
7.633861849733092342e-01
-1.555279904699109039e+00
-1.098851806687410448e+00
-4.301214329880306275e-01
6.270390970608158421e-01
-5.557333304877611901e-01
-7.075585986347699974e-01
1.441576280771355856e-01
-4.768428713053244894e-01
9.490730869930952274e-02
7.789311641898601923e-01
-3.250477464874378386e-01
7.322813480767454974e-01
-2.866486771464558103e-01
-1.023015612465493884e+00
1.144233965460565994e+00
1.697222622484962362e-01
-5.411825179215400405e-01
-6.586617974307896750e-01
1.753141379430836588e+00
-3.637518696793466955e-01
8.510416317959665911e-01
4.768287454786855895e-01
5.399686727794554830e-01
8.143733704121602912e-01
5.811833885115201825e-01
-4.894935336378243851e-01
-4.404343811521341800e-01
7.987706410509946009e-01
6.404813809778568956e-01
-2.569098286349852933e-01
3.216252240293361875e-01
7.976306922355279605e-01
-4.081578707594744615e-01
-1.387392558153508926e+00
-2.526082180383167342e-01
8.490407013149711135e-01
-5.476816674632608573e-01
4.283323968316157249e-01
-5.027185227020400937e-01
9.217370197816660005e-02
-1.032496863911513962e+00
-4.363033263689817254e-01
2.186582215145866093e-01
4.114642358804833089e-01
-1.013560403191994030e+00
8.922320156784337986e-01
-9.014059715241831139e-01
-3.613662076305697024e-01
-3.901250959054894940e-01
1.338326118908801599e+00
-3.519646602400262059e-01
-1.381091803818544461e+00
-7.747158339017249373e-01
-2.702934880971157861e-01
-1.417322385566644360e+00
-3.624073402767838403e-01
4.072504211122713880e-01
1.488302476787795037e-02
-6.855696833528188705e-01
-1.223561149308674212e+00
-3.115478144096110458e-01
-7.736904895315408481e-01
-2.264593914729560453e-01
2.385687461074274651e+00
-1.491600817887301922e+00
-1.085847350866348399e-01
2.651284895794064900e-02
-3.410231898780496929e-01
1.721940947396966015e-02
-1.965106580106582790e+00
-1.790748887276004009e+00
3.756483099645198664e-01
-4.831017783015504885e-01
1.300011221444020038e+00
-5.062119566297804130e-02
-3.627767197577542180e-01
-1.423979432812826351e-01
-1.329789323159078218e-01
-4.608735705201453259e-01
-8.876508382193397662e-01
5.948763879525850173e-01
-2.756922573698972201e-05
-6.704989192472976534e-03
1.131860183698716771e+00
2.800176419332944810e-03
-4.719420988873159750e-01
-4.110178138177325025e-01
6.041191422103207032e-01
-4.467136875062955315e-01
-6.305941079336174759e-02
-3.836623778449621547e-01
-2.669096274076664388e-01
-4.238781629002670304e-01
-2.028094013657258665e-01
-1.709596496688888134e+00
-3.616195530813262060e-01
-1.825115150918677209e-01
-8.533279378332914167e-01
-1.712704104807031835e-01
-1.156867525524643892e+00
8.004428467115023427e-01
-2.128566759300307143e-01
-1.940192457124365388e+00
1.655192731626760949e+00
2.037320363528175859e-01
-4.743750109193815012e-01
1.575707305169912753e-01
7.723274089076970217e-02
2.295035270272769989e-01
-2.099568968730264329e-02
7.214667861103463142e-01
1.849219931420597929e+00
-1.133397345827011460e+00
-2.244673091304914547e-01
1.267236053326351364e+00
1.484007476687210225e+00
1.374775386547853584e+00
8.244365012547537619e-01
-5.074415158839982176e-01
-8.664240362460138289e-01
-1.373383218620136681e-01
1.056377854898084667e+00
-1.396919031137483724e+00
1.582577201107704390e+00
1.378658606417645371e+00
-3.093663717053004580e-01
-1.092903601111620271e-01
1.109000931672344120e-01
-6.422613418739544500e-01
2.301325494039261788e+00
2.463902749566005412e-01
1.190632394603465399e-01
-8.919396225502038700e-01
-7.695429529507765709e-01
-3.627669156781369031e-01
6.919925763764079862e-01
8.799948833124728864e-01
6.495276794759831107e-01
8.509867613925032881e-01
4.283682026640334706e-01
-3.396916782022351144e-01
9.960654839195753896e-01
-5.951657721270312562e-01
-7.687990443070715774e-01
1.026334580636101723e+00
7.773206594352979337e-01
2.366889768239490710e-01
-1.861266985270345065e-01
3.393716753671294217e-01
1.059005575277906175e+00
2.695287194731665892e-05
9.615188359516828598e-01
1.478262111268277834e-01
-9.571764512431778504e-01
-1.126034902927127046e+00
-7.219460497082699768e-02
8.032823890791913612e-01
-6.438229825205692425e-01
4.868106415813514554e-01
3.348176950399441854e-01
5.210998078952968626e-01
1.121848232099250886e+00
-9.626929228412141049e-01
1.169764014380355599e+00
-1.536226618743981587e-01
-4.803439765374122317e-01
1.035814766213009497e+00
1.486009390587736956e-01
-4.513281281175434145e-01
1.986175962060255928e-01
9.178009220148892755e-01
-2.816065656412280460e-01
4.660062945580097371e-01
-8.271481101385844692e-01
8.301294629575466377e-01
1.741553104343682934e+00
-3.347900955086885455e-03
-4.081450859630121886e-01
-1.735117331239452443e-01
4.852533745328667103e-01
-6.299901828842568996e-01
-8.370746657831378279e-01
-3.976135130306193699e-01
1.653250285829610089e+00
2.705482033639114436e-01
-6.533044085825823188e-01
1.980298503785620445e+00
4.351261001411036444e-01
5.762889104787860539e-01
7.357647336908819113e-01
6.604761254989296448e-01
-2.546434801175506690e-02
1.076723754462887817e+00
-9.862914329682275216e-01
2.363883009843328331e-01
-1.521241821849832698e+00
9.495961490228789215e-01
6.772251193876369646e-01
-1.164347172392663499e+00
-6.833191798473635670e-01
-9.227940334140318779e-01
6.755663739860292560e-01
9.434621901187001392e-02
7.254942760765807908e-01
5.800880798745976508e-01
1.433140265305218763e+00
-2.826548490901797384e-01
5.315883646893824199e-01
-2.017246470407857650e+00
1.099823878329674542e+00
-7.938853255047049196e-01
-3.973287444228718046e-01
-8.583266187982658835e-01
2.193118315332806212e+00
-1.485310804278585195e+00
-1.226094634211804424e+00
1.578336024787835079e+00
6.147232006713486685e-01
1.754763733264924630e-01
-7.853574363585491547e-01
2.494141064706019428e-02
-1.981011604179047092e-01
-1.742014076508792420e-01
3.752315764885376659e-01
9.020685592691070065e-01
8.323245162102520522e-01
1.178280378908169723e+00
-7.884757272892883861e-02
-8.424197514023247235e-01
3.197903893498182382e-01
-2.114991333280575314e-01
-6.202588837357606577e-01
5.622826956599144554e-03
