2.540609097903362423e-01
2.576229013040055582e-01
7.411267349299296425e-01
-1.558710848240665303e-01
-5.433714636643848239e-01
2.875777301366785332e-01
1.951083669470256243e+00
1.693799438705960503e+00
5.316702941169448859e-01
-1.427174908619975868e-01
4.730548043407626357e-01
-1.338528301421232636e-01
6.270823049872906729e-01
1.049640928841474863e-01
2.461246966077208498e+00
-4.936673028003714103e-01
1.172456250938412325e-01
-9.539765246678416633e-01
-5.106074425212707713e-01
-5.774943260658171873e-02
-5.452503200025680119e-01
9.774341098952077367e-02
-1.483307199774888119e-01
-1.651839585974978153e+00
8.176841867900990213e-01
-8.998893761001446334e-01
2.201470942240827400e-01
1.369885414105600496e+00
2.025911739223317021e+00
-2.040071756101248801e-01
-1.044043442244369402e+00
8.065069890640264028e-01
1.121684757848309677e-01
2.287212362210834793e-01
9.038705990093613973e-01
3.380873591325226357e-01
-2.410373467693999849e+00
2.272075208550589309e+00
3.484696077691116223e-01
-8.969530321844570997e-01
-2.041162841343252321e+00
-8.003951567386821675e-02
1.584757656342991705e+00
-3.052425169978488784e-01
3.111116522830644771e-01
-8.481567487709413822e-01
5.657207176043477226e-01
-8.696093558478101837e-01
2.649257037462783571e-02
-1.341442883637643746e+00
1.285526912748964801e+00
3.926141902496510516e-01
-6.721613160388579811e-01
2.649893322215993718e-01
7.557467740850571936e-01
8.634263037446696654e-01
-1.595901314419121642e+00
-3.188100043109561632e+00
-5.054581866638677839e-02
-1.193321830127433980e+00
1.079405395810257184e+00
6.460852568886792380e-01
-6.668920796425088504e-01
-7.635588554550425400e-01
1.108870702420413856e+00
-3.360231149106511772e-01
4.153427372329629441e-01
-2.146428386263132815e-01
1.516631156519075430e-01
7.990410938215511960e-01
2.623019176206132563e+00
-7.995764074853389802e-01
-6.359381791198905898e-01
1.908909848405312415e-01
2.254909323030317506e-02
-9.492748430236502832e-01
-1.888065374622571735e-01
-8.681717199788072659e-01
5.064365155329391133e-01
7.498934722430783406e-01
3.005944629048152850e-01
2.397286831953560071e-04
-2.548831418007632132e-01
-4.671031568683434720e-01
-6.746627091319401526e-02
-1.759153125119395644e-01
8.298574727989471711e-02
-3.683328796182321896e-01
-1.994361298985467684e-02
-6.522926735374094953e-01
-2.293838842587131444e-01
-1.402517362534076772e+00
-1.158498382362613821e+00
-3.199593755972280351e-01
1.310422216982728871e+00
-9.730549896185398673e-01
-3.940405933152747453e-01
4.848637999473093707e+00
1.890299819980578278e+00
-5.388580320529867684e-01
2.014572513634475537e-01
4.334621774913926529e-01
-6.469843021175105680e-01
5.492199368759800304e-01
1.436526705859647590e+00
-2.646615541810669603e-01
-5.416445422438274093e-01
4.724240606323949487e-01
-4.729309047570871560e-01
-3.179367722701094134e-01
-6.724350334068746049e-01
4.444439976119532454e-01
6.473205935317786208e-01
-1.511493252298235168e+00
-8.390471140411104312e-01
-1.121559068938247528e+00
7.258089473890385612e-01
1.687781475924173602e+00
-5.330592486708485289e-01
3.408714631566775455e-01
-9.103601277423384319e-02
2.608718427077211466e+00
2.527366668367827085e+00
-9.641050208489254647e-01
-1.337557613896890318e+00
-9.039920330181219210e-01
-1.834885354839358218e+00
-7.509779230162558772e-01
1.884678464305835632e-01
1.441109517370990460e-02
8.147748284383883322e-01
1.595213815098074084e-01
-5.189884857768919391e-01
6.118930011887232512e-01
4.434404774184981246e-01
1.573592584522731208e+00
6.340501176493539282e-01
4.905618377615277304e-01
1.649942815675186497e-02
-5.592719563200017063e-01
-2.804147438927807601e-01
5.516647224842283759e-01
9.167820283995767316e-02
8.866521512943270622e-01
-1.167695037007295600e+00
-6.573769447231785357e-01
8.230221269371496007e-02
-2.911110788270274696e+00
-9.119928053623087560e-01
1.152578960528224616e+00
6.994178536427879678e-01
2.148909023755942727e-01
3.071823870957391400e-01
-8.537672380666706806e-02
7.160440945503230292e-01
3.983368148606037940e-01
6.205938680121238227e-03
-1.085629194349909399e-01
2.124310815030099886e-01
1.874827487347827670e+00
2.305279932559682887e-01
8.459740905388631882e-01
-8.229396432475660772e-01
4.788398594971468025e-01
-1.220035151916793181e-01
1.136552110412338279e-01
3.149798523295163299e+00
-1.912897212276229442e-01
6.697899571469192459e-01
-1.686731229432335333e+00
-1.546697165906219529e-01
7.032932519375055813e-01
2.574647292833538437e-01
-4.844168889966714298e-02
5.417053780036363841e-01
-8.075831893009510765e-02
-2.950339717168051767e-02
3.020542555956437850e-02
-3.957664249105623533e-01
3.935405820587994374e-01
-3.077054456664838344e-01
-3.587677983418618988e-02
-2.012880342832062963e-01
2.812993708081895985e-02
-5.480474493607589981e-01
1.434734041323598941e+00
2.473117245668165765e-01
