-9.870910980036300408e-01
-2.501310065740613986e-01
-7.281968626352041118e-01
9.336106206310854638e-01
-9.640264955608077724e-01
5.394899412669327265e-01
5.391134899864758606e-02
3.930110773720458806e-01
4.802821310563871737e-01
1.452957689837883481e-01
1.353665597866715309e-01
-5.231912695787974688e-01
-7.790181267828089062e-01
9.582668544756736129e-01
3.842732543328248873e-01
3.507665245705957613e-01
1.499318044947892670e-01
-5.625773609696493871e-01
7.755252870087345762e-01
-3.452414629440270222e-01
3.876240482209321048e-01
8.936548987487852314e-01
-3.982697547320832587e-01
2.519102953805016920e-01
-3.574105855297719514e-01
-6.382123495654001832e-01
4.412795982534579720e-01
5.289781668779767188e-01
-8.432044167188705863e-01
9.609765583762313046e-01
-8.441487360011785679e-01
7.069423815712916337e-02
-2.283960062829975823e-01
-8.238366340424052581e-02
9.638207923016697265e-01
7.496226722782943774e-01
1.476558616805026536e-01
-5.755545142029327987e-01
-3.158817681761323382e-01
2.600571284229599711e-01
3.185588218651613790e-01
9.846811834215765113e-01
-8.865202729085747135e-01
-1.646359416181673030e-01
-6.004956955571092436e-01
5.691593807214766487e-01
4.605987735190381765e-02
-6.665141465134349907e-01
8.415888558909661032e-01
-5.998937100853559690e-01
-7.064679095615319371e-01
-1.667283008539758860e-01
-5.194417113667681996e-01
-6.506653567416273987e-01
1.661498480765930541e-01
5.508212072417598693e-01
5.885792927733498603e-01
1.338017370547970319e-01
8.395138071180576755e-01
-5.872011284543557919e-01
-6.118933494931799721e-01
-9.169734914157772199e-01
-5.369750414598235544e-01
-9.387870806690363779e-01
-8.912405146669172273e-02
6.427966648598069099e-01
2.196387050293731047e-01
-9.331389634925975063e-01
7.601554172052156222e-01
-4.495459783321996694e-01
-1.413272200138915302e-01
9.228901236136823893e-01
-2.219091981626399868e-01
-8.894086178915805441e-01
-7.042782263188576142e-01
8.014100497942802104e-01
3.035376508150089414e-02
-4.598679301794683649e-01
2.990928437939095463e-01
-4.725563554752678641e-01
-7.292513956357071780e-01
8.833715879185244368e-01
-3.774680298966768266e-01
-1.662475450333458227e-01
-6.274922818569701466e-01
8.112013099914952008e-01
-4.882037704868762429e-01
9.266921751662811069e-01
5.248074996402480874e-01
-7.356434895627785853e-01
-7.463527991462808320e-01
-8.143532747095614255e-01
3.953962018340299589e-01
4.624965433730781061e-01
1.083599810329027857e-01
-4.426727129864800325e-01
-5.880997970830446064e-01
-7.496902368255669025e-01
6.328348228591091917e-01
5.347573972960990574e-01
1.818031089905494113e-01
6.045339551205799467e-01
-5.219354178590622784e-01
3.150985929496779026e-01
-9.077718059425613495e-01
7.115185367452419030e-01
-7.542677019912156222e-01
7.893128044827756318e-01
6.237578070459719459e-01
-2.324560519703729733e-01
-9.018000601521820592e-01
-4.720641327740062176e-01
2.574708442174227230e-01
-1.938348920652472884e-01
-9.004574155378761713e-01
-2.493624594804073613e-01
-2.294170048732081524e-01
1.996778839627337265e-01
8.862339027996104512e-01
-8.733019325593537052e-02
9.072019105518134285e-01
8.315099991037206983e-01
-9.433582048816935295e-02
1.282983342761317425e-01
7.887532856291659122e-01
4.144460990666431477e-01
4.603510391909152455e-01
-1.807786034075682391e-01
-5.966315271733664272e-01
-2.707409875881126027e-01
-1.742417857957241356e-01
-5.639831191389396148e-01
-9.703864399161508114e-01
-2.576511045333931271e-01
1.497769198823806214e-02
4.331347176592060255e-01
3.543871603887827071e-01
9.574117833869836280e-01
9.222701126966470486e-01
-8.964515868099645068e-01
-2.846473567744547406e-01
4.934685162789813617e-01
-2.282338955687528426e-01
-6.984670243940072076e-01
6.013698489090879562e-02
6.245699529415249529e-01
-1.179783979137385419e-01
-8.278924233959554790e-01
8.496312083964673301e-01
7.925870764812170677e-01
-3.371884824152452387e-01
4.686873898722219156e-01
-7.454937434398991591e-01
7.244526405347251341e-01
5.294629053849528866e-01
-5.925070844913948864e-01
-1.551882115371028270e-02
-1.683393301884840154e-01
-1.882117070879110177e-01
3.121978412634232036e-01
-7.806580317040325012e-02
-1.340037000963105462e-02
-9.182974053397052749e-01
1.750914460387726634e-01
6.963693564707102990e-01
8.143811949365997727e-01
5.946486069879650671e-01
-8.951477392954986234e-01
6.163818698591512213e-01
-5.980944716211422651e-01
-5.523784895388711425e-02
1.195247307290895206e-01
8.598623884854033061e-01
-2.146051999063226245e-01
-9.070075511764353893e-01
-4.467130297233090630e-01
-9.172956743645628297e-01
-4.203512460656525507e-01
7.790535520261353541e-01
-9.460520552543101314e-01
-8.304444055909733224e-01
7.414609616951056692e-02
3.408892448580796986e-01
1.142716208761853647e-01
2.743485819726056985e-01
-8.378938511044453641e-01
-6.489165044743004929e-01
4.716715835940219481e-01
-7.194872870378219432e-01
-9.939654020305599413e-01
8.606704310438009209e-01
2.355544050878048967e-01
4.146252163700865356e-01
5.201626108443103691e-01
8.945657049346058542e-01
5.145344841372151423e-01
-9.956981872425862967e-02
1.183187847780395735e-01
-5.448818465111704423e-01
4.136680871450547636e-01
2.479675834755175057e-01
-9.372097873799862811e-01
7.290725967255506923e-02
5.544026289975241273e-01
-6.089987269242984613e-01
-3.073816647816751679e-01
-8.985453323186873842e-01
6.784757288743619164e-01
4.585265976342274286e-01
7.710093323551532318e-01
-5.789868105796664999e-01
2.616781493873933662e-01
-7.918423845509934278e-01
-6.350382457550485249e-01
8.011076922588857840e-01
4.096332996903058188e-01
-7.515681035546450950e-01
2.237632562117031765e-01
-8.512102488142000434e-01
-5.875470024731426211e-01
-8.791650333686511498e-01
2.928135805419584403e-01
8.971674955059332213e-01
5.031475723250495857e-01
4.045618424068504471e-01
-2.991903564533533455e-01
-7.113050995904641738e-01
-6.583778204455087435e-01
1.221329782047342327e-02
8.431091361042495347e-01
2.784806817128702150e-01
-5.429755682054580035e-01
5.722670894814884113e-01
4.440866247480375339e-02
7.347473328067390952e-01
-5.520526590166656700e-01
-7.078830289628250672e-01
4.606407160013481494e-01
-7.260811401816056332e-01
1.610289841659939269e-01
9.868206141259723285e-01
-7.131828795515926522e-01
-2.041299011637031646e-01
1.777774607096887782e-01
9.539863168317924691e-02
-3.836374865443876736e-01
-3.395814323405780266e-01
-8.989034870376471087e-01
4.686279989704227322e-01
1.960571201253984985e-01
-6.505481061765567841e-01
-9.453089915437127289e-01
-9.197180946500773668e-01
5.855467609485185410e-01
-9.631743080578197835e-01
-9.021598024586654496e-01
-3.981882339829702633e-01
8.724086661561947231e-01
7.963396579495778393e-01
7.622518164542180230e-02
-3.619941002571926969e-01
-3.490061631138791087e-01
5.006043089987710637e-02
-7.529028036734193297e-01
3.899582940579409129e-01
