1.295341858812055769e-01
-5.941091749453755178e-01
-5.586199775152833613e-01
-7.115425175144607373e-02
-2.440374407276160174e-01
8.427404509889999673e-01
-7.288167870349053779e-01
5.614748174980107587e-01
6.244239580379713495e-01
5.609635953121081542e-01
-1.562097815965401981e-01
5.900653987499311359e-01
-2.597168535443090676e-01
-2.052359558061356282e-01
-7.305243543764607939e-01
2.070058943416726027e-01
4.017199660612680856e-01
4.139721516222567566e-01
6.310412986896341003e-02
-5.189410390851920685e-01
7.904592981094340498e-01
7.605185651191901375e-01
2.739135941829289322e-01
7.676925901388587103e-01
-3.497903348731368212e-01
-8.032180092425078577e-01
-2.131752839272096356e-01
2.252775171349392647e-01
3.195122706580535432e-01
3.828577035557951813e-01
-8.201415130556379829e-01
4.292039954445601158e-01
1.806291424663197809e-02
-9.583638552465538751e-01
-8.170917935441551760e-02
-6.911866037845171284e-02
2.610085920866109799e-01
-1.889270992467035892e-01
6.406934336713048239e-01
-7.932773075302441690e-01
-3.496656575533454436e-01
5.928402777625628728e-01
3.980302225377596592e-01
-2.269651777410675031e-01
9.731385004938559735e-01
2.237020816708406024e-01
2.089881275805573480e-01
5.444851037029929675e-01
8.754941387765569072e-01
6.719359265389278635e-01
7.109380710361904443e-01
-1.424482483145297351e-01
-6.218609761039995965e-01
8.154871946872490618e-01
2.285121022499465582e-01
5.888980462534527671e-01
9.713514858530070128e-02
6.573558900105194169e-01
-8.268547707263835811e-01
4.199445737472717877e-01
6.897708976254973701e-01
2.409727880128744726e-01
8.703560770047109596e-01
-6.670025624189930280e-01
-5.546537143127250324e-01
-8.749081902305326786e-01
7.143103527060731817e-02
-1.778004319365016350e-01
7.162450462610525648e-01
-9.275852821256580505e-01
-9.663388299222444022e-01
9.629342656239783249e-01
8.694267789887786257e-01
3.263641405869810441e-01
7.789410044044462467e-01
2.644171585030477001e-01
9.095885687918425777e-01
-3.279737442570160866e-01
3.437869693605735133e-01
8.290451838542142182e-01
6.618026706669775105e-01
2.178104905399159963e-01
8.466098846184899607e-02
-2.020370080574873661e-01
-9.519683108114416203e-01
4.880335812026161957e-01
-7.553765312687410471e-02
5.249327895441947556e-01
2.369543288707904594e-01
5.518061373682907611e-01
-8.248447247774826074e-02
5.074002969202688895e-01
-7.264645839803562932e-01
-3.016278442583144592e-01
-2.909215082218108428e-01
-2.944157334320602892e-01
-6.329870404005741857e-01
-7.053313308941098203e-01
4.001544082699670657e-01
-2.270818785258725825e-01
7.681910170486342393e-01
-2.731988126665412242e-01
-8.843071173982341993e-01
-9.086529291377825057e-01
-7.105694975863097174e-01
9.434947137656386484e-01
-6.993077806379481842e-01
4.876664141162159183e-01
-3.002533175375967645e-01
-7.385944055337945180e-02
6.898775191298318621e-01
7.597527547268764225e-01
6.144940719813050123e-01
8.167973814308728819e-01
1.200662000917181449e-01
-5.161331613567787802e-01
6.738952193676963631e-01
1.868528379704903486e-02
-6.684974800852740984e-01
-7.273594401495300232e-01
5.655104290531183242e-01
-6.429930410912836347e-01
-4.919099286062362797e-01
-6.218529288141072531e-01
-3.541470652470035674e-01
-7.079294054307649908e-01
9.032642965615549357e-01
4.143208527323807289e-01
-8.069859000376842229e-01
4.535637215897683205e-01
-3.778740790293415586e-01
5.441059892097563910e-01
5.465169096810864602e-01
4.628208797853776701e-01
2.614729948988867569e-01
-2.030688761938332920e-01
3.119434244872495432e-01
-2.836695457683644506e-01
3.689608733713414246e-01
-7.716055972401949514e-01
5.328378905603281535e-01
6.767840563034721590e-01
-7.441739600625787432e-01
-2.993714310224042663e-01
3.697005689640529003e-01
-2.955407790515669486e-01
-1.357994593257085825e-01
7.388557672765727613e-01
1.385664673157434024e-01
-4.759303770060925309e-01
4.668019747564489119e-01
1.269298526769457869e-01
4.655711659622252530e-01
1.575304470017258041e-02
3.615550305012436016e-01
-8.131984387791564295e-01
-3.594070544274001744e-01
9.396835818337498925e-01
-1.043642497560673732e+00
3.885350897871424625e-01
4.985297564560675632e-02
5.227979418694970182e-01
-9.532044944874105141e-01
6.311488978726085275e-01
9.140899740694681253e-01
3.617564995139052053e-01
3.319122148449913379e-01
-9.800734833408277780e-01
5.115633351145163488e-01
4.952466581367011567e-01
9.793453359839237038e-01
-4.322368227090838122e-01
5.634541314307386362e-01
5.880432469826135655e-01
-1.250358505357682670e-01
-6.721623051362930479e-01
-7.643799978796881334e-01
6.380298173774410220e-01
-6.845175736161877023e-01
1.720138665455854809e-01
-2.602508435116310803e-01
4.430836769475332559e-01
-1.774463703845782087e-02
6.843970218938998373e-01
-2.535970889159340214e-01
-7.005068741247764130e-01
8.725925869259263390e-01
-5.619863074224129562e-01
-1.363060871151031694e-01
-4.038640149130667822e-01
8.914021383763863771e-01
1.940282180505314980e-01
-2.293403991578053802e-01
-3.042314222148634340e-01
3.852612327319335783e-01
-8.978830819101317751e-01
-8.760360151561059627e-01
-4.013192107761602845e-01
-4.043510204559404020e-01
-2.602274279952820901e-01
4.358248634877786576e-01
7.384059957279467401e-01
-7.141214331997969289e-02
8.807153665865039560e-01
1.689905791874575236e-01
-5.240561043844573774e-01
-2.845997686243664226e-01
2.895348679490872268e-01
5.935908049414662102e-01
3.070980504473479478e-01
2.856830257080884561e-01
-7.874153112185628967e-01
-6.085821581347151676e-01
4.401610298875344718e-01
-6.991076717976234534e-01
-5.719061348361880182e-01
-7.904496812652883619e-01
3.652907572968573380e-01
5.310884745837880505e-01
-2.559846251081381308e-01
-2.811876857750246761e-01
-7.960134840988031257e-02
6.962530163903508651e-01
-2.606150539501765895e-01
8.937541072266868003e-01
1.379722768376183684e-01
-2.855977278104755435e-01
-1.381160929235503154e-02
-3.694584726747414116e-01
4.191223165566655418e-01
9.128000178314781277e-01
6.419269902702693376e-01
6.531424747763963090e-01
-2.269616774561538097e-01
9.434348069443077023e-01
8.975195537907456611e-01
7.539862486637454175e-01
-3.265469959702481662e-01
-2.037449261213213347e-01
2.844756737765437027e-01
-8.968977152281911724e-01
-7.571989924321640419e-01
8.039517565434055602e-01
-4.124237813298238242e-01
5.667272214474109449e-01
5.895496444846874962e-01
-6.090029957205307376e-01
5.469500307959807017e-01
9.728758543759969957e-01
6.680404988801533772e-01
-8.578119831557337038e-01
9.168378265073140465e-01
-8.118689134098708848e-01
-2.483971247839220076e-01
-4.532337367551044771e-01
-6.680734961217482670e-01
-1.664964201239120811e-01
9.548115253224038756e-01
-3.124984609219332299e-01
-3.389336970260878878e-01
-3.052785791386687375e-01
5.225969257415798985e-01
-8.922560467011009244e-01
-2.997103842922091421e-01
2.907029693203444509e-02
