7.209284576238004227e-01
-8.924131068966152380e-01
-3.353469452348587510e-01
-8.335106802689609129e-01
-8.752651037488323738e-01
5.532688108846401942e-01
-6.521905409032247025e-01
-6.851237642064256228e-02
5.541731934086149280e-01
-6.231892788263904137e-01
4.990194332600677019e-01
-2.791865868600775791e-01
6.969847994016959980e-01
7.716937543317514692e-01
1.000000000000000000e+00
-1.000000000000000000e+00
-6.626720473877052431e-01
-7.460396214620674815e-01
-1.534914668335158883e-01
-1.185094821299068624e-01
-8.604410177285719552e-01
2.526775881721456951e-01
-1.000000000000000000e+00
7.077827287677407320e-01
7.590952260588503808e-01
9.579226678563930175e-01
8.117738755941594775e-02
-9.934359053278678520e-01
3.410251382380637963e-01
3.237690482645982915e-01
-4.364667782909925631e-01
-1.000000000000000000e+00
-7.987912472724323365e-01
-8.185442686672206314e-02
-1.332305635773778363e-01
-1.278768457209971121e-01
5.041201249077560398e-01
1.000000000000000000e+00
8.682155520369387869e-01
7.288319270719783027e-01
-1.541128347617637395e-02
7.818990151853617565e-01
-1.000000000000000000e+00
2.559147204715204182e-01
-7.047070212458397265e-01
-9.235695505054120069e-01
8.786387602755376669e-01
8.089464845537090998e-01
-3.731313575112453762e-01
5.388712622387921147e-01
9.541987853719626766e-01
9.029807969341965279e-01
0.000000000000000000e+00
8.075327090224910798e-01
8.496685065361160305e-01
-1.208027707596706080e-01
-8.826772387601968806e-01
-2.196311426812362910e-01
-8.482615858066910874e-02
1.000000000000000000e+00
-5.164586638168706667e-01
7.236273174617600112e-01
3.812391092401545833e-02
-7.444075678789685568e-02
-2.678803379361727188e-02
3.075457203730764810e-01
-1.000000000000000000e+00
-5.697179002361225653e-01
4.250921171079078409e-01
-4.140491815379185869e-01
-1.501920827820473203e-01
9.946289655873812308e-01
7.879202981433821584e-01
7.551862322507982839e-01
3.173374372533697141e-01
-1.237826716857548526e-01
-1.000000000000000000e+00
1.000000000000000000e+00
0.000000000000000000e+00
-4.605460894029371754e-01
-1.000000000000000000e+00
8.102757922186616391e-01
-6.104122089237762339e-01
-7.240534840743637623e-01
0.000000000000000000e+00
3.802853099311673812e-01
-1.000000000000000000e+00
8.169674860384521509e-01
3.045453345769419951e-01
1.000000000000000000e+00
-3.980425503021958189e-01
-1.000000000000000000e+00
6.237304307474691445e-01
-1.000000000000000000e+00
-5.798772537714327324e-01
5.125569976884480905e-01
5.196857354982515886e-01
1.624202174151994083e-01
-8.315493046249342601e-01
6.919340919969567683e-01
6.733467309293101888e-01
-1.000000000000000000e+00
-1.000000000000000000e+00
9.758536756230942188e-01
-1.633587777571663402e-01
-1.000000000000000000e+00
6.527024458715577904e-01
1.998689935927107086e-01
-2.233170919188549597e-01
-1.679634728682906086e-01
-1.586074416215021987e-01
1.000000000000000000e+00
-3.881115202080849258e-01
5.420438159200211548e-01
1.000000000000000000e+00
-7.234317638718401611e-03
1.000000000000000000e+00
-5.526935654543190246e-01
2.544320443383973895e-01
-1.412497412451552137e-01
-8.402707688473298742e-01
6.994485848144766926e-01
-5.825811676869836475e-01
8.365351321153853270e-01
-4.270858326465971633e-01
9.014283572598249528e-01
7.194225467500583449e-01
1.000000000000000000e+00
-6.657409591416836303e-01
4.803361652048672159e-01
-5.891717093026944685e-01
-6.082881450134296486e-01
-4.044308607210940210e-01
9.526976907126618599e-01
1.000000000000000000e+00
9.335356841266007066e-01
4.208484667380252287e-01
9.060189593069876146e-01
-8.470814020800694344e-01
-4.959337523373550383e-01
-5.632197664482980759e-01
-4.285100026613490876e-01
2.796298429187262791e-01
1.848448928734947039e-02
9.570681179739548572e-01
6.580376823579445755e-01
6.452767479058194589e-01
6.677381207490480364e-01
5.184980674352190899e-01
1.000000000000000000e+00
-8.368768306344358532e-01
1.341409227371703761e-01
1.000000000000000000e+00
4.298171997251027943e-01
-7.378173416171853738e-01
-5.832887849438113115e-01
0.000000000000000000e+00
8.812568908476101637e-01
7.339268559639204881e-01
-7.443760668927585922e-01
2.135109585774608298e-02
-1.000000000000000000e+00
-9.170301360693757786e-01
2.259923763490021553e-01
1.607417525988372731e-01
-9.279757058072211073e-01
0.000000000000000000e+00
-3.593392056746316232e-01
3.469398534360901287e-01
7.759250225355829311e-01
-3.674207537839306870e-01
-5.371722339024682658e-01
8.867779908378572440e-01
0.000000000000000000e+00
-8.263467398623500770e-01
0.000000000000000000e+00
8.158201902867541211e-01
2.590941987621950826e-01
1.343417374775599527e-01
9.979778250632684866e-01
-5.865938700366637448e-01
-8.610383222154438521e-02
-3.252721828525799719e-01
4.459935665480929678e-01
7.034967454228526762e-01
-5.068120355980845204e-01
1.753800554879374474e-01
-9.082381042206759680e-01
9.586398241405591492e-02
1.000000000000000000e+00
-1.000000000000000000e+00
1.165410369968400417e-01
6.867725396854320596e-01
1.000000000000000000e+00
-6.808534654978792844e-01
1.000000000000000000e+00
-4.588901656735866474e-02
1.398758985481340922e-01
1.000000000000000000e+00
-8.307160913234197253e-01
1.674942156433243401e-01
6.687120374472759199e-01
-8.901319990837619489e-01
1.000000000000000000e+00
-3.922016439348130490e-01
8.414283820077657072e-01
7.918323777872033897e-01
6.669622878935810295e-01
4.628907648982916179e-02
0.000000000000000000e+00
8.592194453501289519e-01
2.077055740896671665e-02
4.000021321271862718e-01
-1.321521163920289510e-01
4.366643558243428203e-01
8.969132566408448692e-01
7.759505318280901509e-01
3.293560579308021374e-01
8.343169574286182222e-01
2.737649103670680706e-01
8.870974181379542856e-01
9.504581035768786546e-01
1.284145200552593291e-01
7.169439009685183439e-01
-3.526135719075291775e-01
-5.404853066233918923e-01
-3.142404142950800949e-01
1.000000000000000000e+00
3.176740596986988852e-01
-1.053210047493366996e-01
0.000000000000000000e+00
6.982290017739982702e-01
-9.098333896733254988e-01
-9.232244539216005741e-02
-1.000000000000000000e+00
7.662902402528941614e-01
0.000000000000000000e+00
8.111246162840253238e-01
2.205888942368785521e-01
0.000000000000000000e+00
0.000000000000000000e+00
-2.265326160565954705e-01
-1.303512987589305894e-02
5.452984306361510214e-01
-3.561419546134552139e-01
-7.443919529061384655e-01
1.000000000000000000e+00
0.000000000000000000e+00
1.000000000000000000e+00
1.000000000000000000e+00
-8.636947464145570130e-01
0.000000000000000000e+00
8.158538954940077748e-01
0.000000000000000000e+00
-6.128513932380716955e-01
0.000000000000000000e+00
9.590177360323210998e-01
1.000000000000000000e+00
-7.847179117522107283e-01
5.973709660623265361e-01
-4.276657207675884642e-01
-3.358805620443570117e-01
-1.072297256993806069e-01
8.003359204401048199e-01
8.439174750839262273e-02
