-2.115967872441129327e-01
-6.511633885836433100e-01
-7.308220097351747491e-01
-1.976447825342057651e+00
1.578804721320347104e+00
3.160606205477664021e-01
5.058143259147920290e-01
5.001741909846919576e-01
3.838181965851685806e-01
1.169039099920120117e+00
1.544483506430308850e+00
-7.835143079739471939e-02
5.177692265973041913e-02
-2.356750744151399068e-01
-3.004736018343787118e-01
-1.077137229575161115e+00
1.635244672305106839e+00
1.165909732946961652e+00
5.202451782954191639e-01
6.896579545318419768e-01
-4.043985241571875777e-01
1.600207075548106594e+00
-6.707627796631453476e-01
-8.346785316799070209e-01
-1.953876226602717203e+00
8.782787896612864742e-01
-4.591687876753483000e-01
-1.562915778284770796e-02
6.036819676689566538e-01
-8.712542269815432006e-01
1.219151449803806075e+00
-5.398364585393680137e-01
-1.936587072667861342e-02
3.471464668085821881e-01
-8.127078806981331560e-01
8.348896818736446512e-01
-1.482421183200644865e+00
-1.775692536605578908e+00
1.317636007212077409e+00
8.458872525492374672e-01
-6.651893800336385887e-01
-1.455717151625417483e-01
-1.179509829131381249e+00
-2.687104083301001811e-01
-1.673471059972838848e+00
1.173112186650840050e+00
8.515333334198367243e-01
-3.809328489290192410e-01
9.813834597075810073e-01
2.964325244371018298e-01
-7.656164131624886293e-01
-3.406504080554896285e-01
-2.386138236339677032e+00
-3.258590589759295941e-01
-1.954219054043381532e-01
9.856124219005601983e-01
-1.360089886079721977e-01
-1.103794832090285949e+00
1.731494341016306837e+00
9.396341396906805754e-02
9.392957809381002887e-01
-1.257387193743289222e+00
1.116631433221376923e+00
8.453775718953682183e-01
-9.850101830344573095e-01
-3.294764623576029727e-01
-5.797406696982172480e-01
2.437112335223593274e+00
-6.808390350621745801e-01
1.016449978780831209e-02
-1.196146026753307501e+00
-1.765596151761703592e-01
4.944532638127865365e-01
-1.273259765588065751e+00
-1.981649709761853950e+00
-1.218366338184660558e+00
8.297965514072556115e-01
7.932868065246094780e-01
-7.293970766716182386e-01
-6.073170608477410637e-01
7.106641814289653691e-01
4.815633259210848616e-01
1.435113487350293981e+00
2.858997520475088927e-01
1.051742492090275566e-01
-1.208417474043047779e+00
-7.716373611356713846e-02
-8.059054627150770145e-01
-1.995320653974564262e+00
-1.254020564981620733e+00
5.125593647714035139e-01
5.113129575443933206e-01
1.155562801694031583e+00
1.340210692351757160e+00
1.324835401032574023e+00
-1.537913350727770911e+00
8.496950064238136813e-01
3.864053608289295672e-01
-8.237297578216238314e-01
5.102037388875639845e-01
-7.854413072922261652e-02
-1.151628405307237729e-01
7.485898727437777511e-01
4.505053824598812540e-01
-3.012574266181497484e-01
-1.390160822179910549e-01
5.648602302960064048e-01
7.154919695848517280e-01
-5.359095308192355356e-01
-1.421715215026430501e+00
6.511302004180262726e-01
-1.324340620256553080e+00
7.432331426053231382e-01
-1.580158031453974710e+00
1.424650886323651999e+00
-2.763693192703391976e-01
1.791647484165205695e+00
-1.020739897037124200e+00
7.903527968003143389e-03
6.089250506034938892e-01
-8.101675954805360735e-01
-4.173781370345824859e-01
-5.538709272022074304e-01
3.380454147707678825e-01
-1.289509160455887482e+00
-4.149370058428010766e-01
1.180555197561027059e-01
7.574041597151716099e-01
-3.367782204632161491e-01
-1.675771913439265015e+00
-1.335615611394902258e+00
2.437759762750277559e-01
-3.971888620153052329e-02
1.170053178674079986e+00
-8.506903373240684019e-01
7.448327621596478876e-02
2.812113965181216313e-02
5.247209819751733617e-01
7.056239465483975515e-01
1.236906498414941602e+00
-1.228886009908322308e+00
2.240422633512214601e-01
3.352283002939708267e-01
1.520648990976613657e+00
-6.512064172483500446e-01
1.461257094357875930e-01
1.986246715913724037e+00
1.945010920620668382e-02
8.297923599275512929e-01
-2.327506019967670592e-01
-1.308145502992974274e+00
5.590030941787176300e-01
4.375701235471595174e-01
1.838806738277437791e+00
8.741057363677007253e-01
-8.834292166784608602e-01
-6.840269877887455996e-01
1.084943072955970172e-01
2.435535923454393015e-01
1.599785982707197629e+00
1.375405180598672894e+00
1.217803074509620442e+00
4.115897819944719926e-01
4.258321470241497875e-01
1.135183230073346650e-01
1.119701060314106211e+00
1.144512521448066700e+00
4.741344905756622596e-01
-2.176653938021711476e-01
-2.463008819128350013e-01
-2.005953892901320756e+00
8.287858280993873894e-01
-2.867380614519643989e-01
1.810001484150405515e+00
-1.549347392799677925e+00
-7.147923574037734484e-02
-4.358183332811723654e-01
4.108393744624301847e-01
-1.722624415955057886e+00
-1.388244192123872622e+00
-1.886256742572168132e+00
-8.434662760368333290e-01
1.270151615871701445e+00
-1.828792140309458414e-01
1.388497284034857060e+00
9.393840598564957567e-01
-5.279158334586220302e-02
9.143994593262516624e-01
-3.003489270205665918e-01
-3.414233902146406319e-01
-7.848667173790873086e-01
-6.789386750954508054e-01
3.120105070233014088e-01
2.267625501411567324e-03
1.724831001895597016e+00
-4.724321230224800550e-01
3.689050429547970911e-01
2.869714336958896439e+00
3.037366605568697642e-01
5.098886811629982363e-01
-1.097220693698991223e+00
-2.482150897880414653e-01
-9.665617139186386542e-01
8.090428534167239949e-01
5.877810908951243141e-01
2.351882018943427077e+00
1.602925363610755438e+00
-8.407792196490777581e-01
8.782951596367321034e-01
-1.456572823107435743e+00
-7.768835967419585042e-02
-7.698637052374299183e-02
-1.098712426470244807e+00
-4.057663824636154049e-03
-1.009240172880225161e+00
-8.848993730265338753e-01
-6.973767271898392295e-01
-1.991859254364625631e+00
-1.840845557798836740e+00
1.139797102316409960e+00
6.379566066762916154e-01
-7.310108677162784341e-01
-6.624901670238103613e-02
2.199444255742424859e-01
-1.891166283206751508e+00
6.993033556117812521e-01
7.554663702696529093e-01
8.097105397781237390e-02
8.899908457919646354e-01
1.508319261910008313e-01
4.729608701781713442e-01
6.303478459707753667e-02
5.388515080173423843e-01
-4.657210646330077752e-01
-1.497316480334303368e-01
-3.403004280044019669e-01
7.617544957963866548e-01
8.902548321748483540e-01
8.146111125198463032e-02
6.756041198580405860e-01
-1.221973157600288573e+00
8.925591965178789611e-01
1.203290169972954127e+00
1.102850313071828126e+00
1.284075696445866610e-01
-1.359154741547308864e+00
-1.555475207515815694e-01
-2.392742964972554565e-01
-6.083287998509351313e-02
1.056246843367702803e+00
4.757986803457182612e-01
1.300446520269677331e+00
-1.205207940631986663e+00
2.223556603059091974e-01
1.087552589136835390e-01
4.567816152456023460e-01
-1.370375582188049668e+00
-1.027870678541868088e+00
-1.785882337704097989e+00
-2.383351760932931107e+00
-9.922739719466311392e-02
-5.402476444167961800e-01
-3.915021283659634310e-01
-6.035407933329991481e-01
-1.447704109041199061e-01
2.017961522331562119e+00
-2.846700659816804313e-01
-1.077803805830265249e+00
-2.680704729691997801e-01
-1.577167321404800981e+00
-6.091103711311707247e-01
-1.905436038639836349e+00
-1.250088099449321088e+00
9.738746014161226983e-01
3.606396344902993989e-01
4.223454752611698337e-01
1.307893811325477440e+00
-1.446949058146232536e+00
5.011926050669619492e-01
-3.748056765253848788e-01
-4.048917764731393976e-01
1.185120473551856346e+00
-1.166946731039686602e+00
2.049310964445544059e+00
-6.563245802261813422e-02
-8.109097664169033770e-01
-1.616485366110786304e+00
2.958083276535478090e-01
-3.894107119925414029e-01
6.918774245254154520e-01
2.284385037678656971e+00
2.326517051025587257e+00
-2.947575902350794141e-01
-9.916913914114855455e-01
2.146857673466960881e-01
7.205754689798394841e-01
-3.947173478391978740e-01
1.648111490315092409e+00
-3.042101464994475743e-02
-5.844153819941988459e-01
2.149860721668602981e+00
5.136833116137845545e-01
-1.307092627464548018e+00
9.997861069542119949e-01
-1.834868199014942025e+00
-1.535527354225345587e-01
-2.768003538132068203e-02
5.661341336416736425e-02
-8.500627335708688115e-01
8.662804356626236935e-01
-1.402191488906998629e+00
-5.720920644753987316e-01
-4.246142459719108864e-01
-6.107440540945802132e-01
-8.963541578912361807e-01
-4.489875801676698197e-01
8.927305290465257226e-01
-1.276052428267493655e+00
8.111698225651742256e-02
2.760098498106168252e-01
6.598176231307698592e-01
8.324202896823180708e-01
9.484761325827737455e-01
1.915106497768747362e-01
1.449330991527778834e-01
1.107419463719298225e+00
1.826499748235642095e-01
-1.431116689057521318e+00
1.852560086061705080e+00
-1.030797294262455754e-01
1.664247176518402371e+00
-5.306560864382721121e-01
-2.175571913392025380e-01
-1.186986878645104104e+00
1.236703800674688658e+00
5.910482307693134540e-01
1.499512277143216554e+00
-1.130316065465466036e+00
-6.183020649281119052e-01
1.187413662456433538e+00
-6.700142892126249861e-02
1.097413475136079786e+00
1.341799500961003311e+00
1.204500121670386337e+00
-1.104135271393804851e+00
1.598205328882181142e+00
2.901734381809341068e-01
1.956361625867274912e+00
-1.326851079120128007e+00
-6.316973109068622083e-01
-5.940806492518233561e-01
-1.740336234332165999e-01
3.634149209225400745e-01
-1.002501654762788297e+00
1.169339364015433036e+00
1.275869697817158865e+00
-2.606836592245696527e-01
4.768175742668146477e-01
-5.522608826151390593e-01
-5.379991163763031548e-01
-8.036183628587478811e-01
3.905452854948878172e-01
6.520839646572409443e-01
1.923669599510046790e+00
-1.674404632862494802e-01
-9.769171320452629814e-01
-1.142927587206740814e+00
1.949009599589371922e+00
6.056063499043992104e-01
