-5.826341936372767538e-01
6.207426958652897397e-01
5.523527761817709214e-01
-2.925823601730185297e-01
-7.674593923666179762e-01
-2.266417842974679520e-01
-2.601522736188216500e-02
7.143955040350060681e-01
-4.714359387995550876e-01
7.100130602278018621e-01
6.160223093683160345e-01
-6.129622350216304971e-01
7.358882197253518997e-01
-2.837622553819995064e-01
-3.793282246991140638e-02
3.950437493254692622e-01
-1.105846260816455873e+00
1.583748605850139324e+00
-5.423355006553266799e-02
-7.812049129038119988e-01
2.652537784351370886e-01
-1.402298939417096157e+00
-3.308305261456691015e-01
1.066690934833723625e-01
3.547394050907421437e-01
-1.803880996933639791e+00
-7.175643876451048842e-02
-6.447822725911755981e-01
1.029948343099148289e+00
-1.220467309941763445e-01
6.025448989964692359e-01
9.954540627140812115e-01
-1.462431622067316139e-01
-5.895473013383009109e-01
-1.224214519316057181e+00
-5.354853671028770856e-01
-5.174194567898050545e-01
4.563871269370453065e-01
7.751034642240827166e-01
-1.816909383692162649e-01
-1.509719922422967930e-01
9.925345544556507527e-01
3.943406698891283035e-01
-9.470906220212330084e-02
4.510851753837374911e-01
6.006333061787735295e-01
-7.076607786016724244e-01
-1.613162680451333819e-01
-7.733387013113226516e-01
-1.285233627562833436e-01
-8.631827915765563075e-01
3.866291524562618931e-01
1.282041094595641084e+00
6.608120740876616273e-01
-8.875174712256184151e-01
4.000513020828796451e-01
-6.188903968233088193e-01
1.565359855417755020e+00
3.036924907103321081e-01
9.517040994441017254e-01
-1.579046859261111768e-01
-1.016792832632194887e+00
6.338198056273306458e-01
-5.032695020482506054e-01
-4.315399738189285572e-01
-4.002897108102724255e-01
-7.539309212750248124e-01
-4.685153074030158904e-01
-1.284040406508501764e-01
4.535384282790696497e-01
2.003821897694777962e-02
-5.089127562466703170e-01
1.070520583312398188e-02
-6.389434716156330296e-01
-9.939373393957676717e-01
-1.007378916269776159e+00
5.033831455898576390e-01
-1.306553713538336936e+00
3.299227822376925578e-01
9.612902420857929453e-01
-4.701765163606865805e-01
7.978314197090409232e-01
6.595345529500740156e-01
-2.543647707379149692e-01
7.326150843722341044e-01
9.680027097356715959e-01
8.033083307547754792e-01
-4.905563130380975467e-01
3.914924081602019768e-01
2.060115386635608115e+00
-7.784334280589660926e-02
8.577068392449688217e-01
5.051229491042016906e-03
-3.057237084285966411e-01
-7.780547031253634005e-01
1.962210397944403328e-01
1.937866448936093888e-01
-4.955190853446950205e-01
-1.115038818748758653e-01
-7.115500448524241239e-01
-3.895966130314720832e-01
2.823462363932472963e-01
6.482631395275371133e-01
-3.420100724535967140e-01
-8.788121153262412610e-01
-3.045605740935783401e-02
-8.356132307559942518e-01
-3.963675164734854484e-01
-6.399848240092635976e-01
-8.377170544505103955e-02
-4.730810608813779128e-03
4.153238272583037460e-01
-4.049971042188661441e-01
1.004194097931681684e+00
-3.846392587619302805e-01
6.836644326268379590e-01
-8.277062182016918790e-01
-6.106715412655170372e-01
2.143460967507029163e-03
-7.548065988355925349e-01
-1.496159987673037206e-01
-8.793616588616866014e-01
-1.000914674087738376e-01
-2.989169327681794885e-01
8.418754051593243526e-01
-1.796176734605348380e-01
-1.549332130026464416e+00
6.999635194183854159e-01
2.411261031343135131e-01
5.344537872022671054e-01
-4.272262265846672458e-01
-1.832744162649059927e+00
-8.324759732370634602e-02
2.378429369797986359e-01
4.245894636610756390e-01
5.614007112391299348e-01
-9.651508418141340195e-01
-1.402012207097658836e+00
6.598102773208365246e-01
3.046518347430569040e-01
-8.722529292773839593e-01
-7.550207400345848585e-02
7.316348887197680062e-01
1.142301230500259113e+00
-2.864640764326180644e-01
1.774170980994751734e-01
-6.897804778992338015e-01
2.137324305538008673e-01
2.097323808460032357e-01
4.131400221547105733e-01
5.429325009792463907e-01
4.685514613792767236e-01
5.241960540085562892e-01
9.478475451426729981e-01
5.445254013390431469e-01
-6.988374064112459205e-01
-5.968564845179641365e-02
-5.765320005763822087e-01
5.821994509575402210e-01
-8.937277413711477436e-01
8.338482865749016204e-01
3.385791761503084696e-01
6.969966107280084477e-02
-2.449573694743447660e-01
-5.337646363698826946e-01
-4.636625079033780961e-01
5.834262326187612535e-01
-6.554266209373598162e-01
3.391481621509253030e-01
6.049452200060269347e-02
1.669212235881190054e-01
1.579277843329773279e-01
-5.972408433660679750e-01
-8.709335353628412379e-01
3.318153526719728741e-01
-1.910702802182450810e+00
-3.479129800110800641e-01
-3.883597045753472976e-01
1.110690403296179518e+00
-9.860715030772699841e-01
8.184735635785633789e-02
3.912572161284162964e-01
4.971115030027634663e-01
-7.690002412190053427e-01
-2.778065001059610850e-01
-2.134706536780010266e-01
2.236183029819395207e-01
