1.413858863321719173e-01
-6.399169733752407829e-01
9.239533969074392727e-01
-1.153209522249347030e+00
-3.563051268358218282e-01
3.353892847016214096e-02
-3.176489335233115274e-01
1.248886958720507367e+00
1.050702523856793746e+00
-7.678599502050491576e-01
3.359936042430949898e-01
7.224464722809622597e-01
1.135629285725557880e-01
5.133456772514636279e-01
1.205897010160366101e+00
3.879967801606123423e-01
-3.577830342825583099e-01
1.610473131779825151e-01
2.381834898171752701e-01
-3.601276340650018115e-01
3.840337966705223427e-02
-4.837694753571115669e-01
-1.247493278150684781e-01
1.182926777427877107e+00
-8.262937665179345137e-01
4.943053525321576547e-02
9.856557982679646779e-01
-8.604519305530036744e-03
-1.132160851161195358e+00
5.719358428871523792e-01
5.443004885577360508e-01
-1.025684449848072166e-01
7.254929801106227982e-01
7.761907248580942609e-01
1.439094216301397777e+00
-6.938512828838122593e-01
7.608963133219253105e-01
-1.311845987374611111e+00
-2.425990408533675868e-01
-1.026760839518615187e+00
-5.100906474296516002e-01
3.590441636323166708e-01
7.748842283989776369e-02
8.915446264363191542e-01
-7.411286215092328655e-01
-1.115083216076448780e+00
1.516588009396785397e-02
-9.991836319732549931e-01
-4.042190502521892381e-01
-1.233426481041352885e+00
9.010440688482801441e-01
-6.172749629464848731e-01
9.693865465887984145e-01
1.041245066172951511e-01
-4.063266111183916340e-01
7.346708905370200049e-02
-7.385487202268214979e-01
-2.589460170337297695e-01
7.418073698584544129e-01
7.746080516214362000e-01
7.576085612350839105e-01
1.008748921940598509e+00
-1.836096285968777941e-01
-8.151973042210658438e-01
8.899973577226172328e-01
5.975907751978953852e-03
-1.505201127068921396e-01
-1.493671461874627182e+00
-2.007512372587026972e-01
-1.850115552016010079e-01
1.178766851158127960e+00
3.180023698773457030e-01
4.331750044729040239e-01
-8.149816147059145699e-01
8.163446897867706609e-01
8.824515573861049234e-01
4.616806760175848900e-01
-5.290425163073428916e-01
4.069631335947140327e-01
-2.111003048224385781e-02
3.853357184786768141e-01
-7.943402739934957157e-01
-7.771400473761831407e-01
-2.537605823570026065e-01
-5.472688263561573674e-01
-6.118881973706091770e-01
6.432914225518899798e-01
7.128291170770827412e-01
-5.611193030917920321e-01
-4.071910411822374787e-01
7.103268205982092853e-01
-7.004569026818897592e-01
-3.579697296176473920e-01
1.056569695327514435e-01
-1.489673011012468962e-01
-4.710610400412168497e-01
-3.463331334240525861e-01
1.080497414256363697e+00
-1.695690153384455945e-01
8.483644616689107743e-01
2.564472711567283847e-01
1.095330483990809123e+00
-7.412614201819697213e-01
-5.002013966771461373e-01
4.027836790822941215e-01
-1.049405716280825462e+00
1.533080669761007542e+00
1.165718050508754100e+00
-5.169310760937290139e-01
-1.472251879633553751e-01
-8.460601923236531485e-01
-6.118741334858824876e-01
2.527462969599832965e-01
3.682516913267641634e-01
1.077984674489057770e+00
-6.391203573093423573e-02
6.430244884464936250e-02
7.326132058851987372e-01
-3.415650901446757315e-01
5.795233533638119994e-01
-8.020306765667244431e-01
8.654774151682578243e-01
-3.663798216520678386e-01
-1.974942409006661403e-01
-1.024635827658449072e+00
-4.390934064701428330e-01
-7.806384989617756176e-01
-1.542970486180157419e-01
4.323627359812188820e-01
4.643788968445401455e-01
-3.539004552636608458e-02
1.544255787103638866e-01
7.592767657369037249e-02
-1.476130901911448801e-01
1.136608201216597003e+00
2.192403459974583135e-02
1.478524540732769843e+00
-1.069401128457618533e-01
9.436357088773460466e-01
3.673230721608410354e-01
4.187026540597896251e-01
4.316831565171282969e-01
-9.228201802131291709e-01
-2.533751203319180023e-01
4.370425894952597590e-01
9.660076019027155070e-01
9.348663497558915569e-01
3.123814572293701630e-01
-3.728470196213631294e-01
4.143620528699986094e-01
3.148854948310285673e-01
3.572998179780472183e-01
-9.341584310878747743e-01
-5.401398730284353578e-01
-8.086251449056848228e-01
-9.305000420669109484e-01
-7.817439007294758602e-01
9.600138953260307639e-01
4.306849400630754499e-01
4.728668524616457813e-01
-2.061763055066659356e-02
6.640641046378636947e-01
-5.418669148504998700e-01
-7.662254426675048080e-01
4.686862072607929086e-01
-5.798989143031340054e-01
-4.608489904912349555e-01
-1.706976276913260815e+00
-6.863694697137392442e-01
7.206749874220403917e-01
-4.150836610169634233e-01
-1.409463079508473382e-01
-2.801999192388431315e-01
3.405858032333469732e-01
-4.429942497989809436e-01
-2.395356875429631716e-01
-3.005352279506877666e-01
-2.075574107648751887e-01
-3.899081665900475113e-02
-4.664558188333978728e-01
1.441256587102706987e+00
1.024233662837681080e-01
5.187875759373740125e-01
-2.456504115408464084e-01
4.688273502299003526e-01
7.172021223790623345e-01
5.454720424360934850e-01
7.352440259430871317e-01
-1.405799896434492269e-01
-1.007198827562591381e+00
1.220840085194155322e-02
3.850835531550982349e-01
2.323033369096934031e-01
-1.173871742170650156e+00
-3.901918294987677394e-03
-7.047085780298026902e-01
1.400997195668739204e-01
1.063110514479957525e+00
9.567640101638520411e-01
-4.909864415499360923e-01
1.559018588325752908e-01
-6.313449480515631596e-02
1.332381939376175994e+00
-6.789696263797430076e-01
2.233561349763305004e-02
-8.897954484029170219e-01
2.566715919382424604e-01
-3.859886080519204232e-01
-1.479000175623090274e-01
1.253894512299757458e-01
-1.086751503011107234e+00
4.371733672836278228e-01
8.919639657342247618e-01
-6.569688632753858393e-01
7.673478390003914962e-01
6.967537337261970887e-01
-8.162279056564327728e-01
-7.614164966164980175e-01
-2.254143394167432701e-01
-2.315774612002499677e-01
-2.995795914415908534e-01
7.383314989488074520e-01
-1.160727100855283300e-01
7.964079203873365431e-01
-1.019778007799315933e+00
6.516897339605823292e-03
-1.218448729014493415e+00
1.074001269553899740e-01
1.058582600163871512e-01
-5.602858529114883579e-01
-9.756661528270843542e-01
1.418968331833304397e+00
-5.120533857588555060e-01
5.925308981003407638e-01
-7.405503961753610032e-01
-3.217443032198398778e-01
-1.167029746065885165e+00
7.136814320474849094e-01
-1.237538787940656526e+00
2.647189089676988405e-01
-2.186119600202281466e-01
6.110779559826429175e-01
-7.876805235136786765e-01
-1.373172115584748720e+00
7.033954766429868499e-01
-6.914162838325581539e-01
8.669496745140804483e-01
-8.228943828769474944e-01
-1.648866939326465442e-01
1.002643102170817091e+00
3.530816555056571771e-01
-8.341507881804683944e-01
1.149637081061009869e-01
1.039641126002649241e+00
5.554852004101163976e-01
-8.295323961866322982e-02
1.630168460394659347e+00
-8.913832462666283762e-02
-8.663826564181389411e-01
-4.577072745928146835e-01
-7.460321057752377083e-01
1.583161390969031468e-01
2.057046540681718716e-01
-6.076664810012148976e-01
1.650789735399327274e-01
-2.912924155863022557e-01
6.765462333769679537e-01
-2.033294173487137924e-02
6.932872298071459660e-01
3.773986519624261127e-01
8.448604118741482871e-01
-9.738045201737647316e-01
8.788509896890041029e-01
6.291586964606945553e-01
-6.790903999359219068e-01
8.991153601605289536e-01
9.399069931236548880e-01
-1.271037307866039745e+00
4.644646057428525321e-01
-3.374334264135098183e-02
2.458662224168799149e-01
2.282936451092514862e-01
-4.745610055246656245e-01
2.027526591059832517e-01
6.830605688230982908e-01
7.062102470159589140e-01
1.070207585855764698e+00
2.226058412361212324e-01
1.466160399881705767e-01
-9.658720474715198900e-01
1.029018316666576588e-01
8.536704250596770516e-01
1.351637994265049991e-01
-1.043742434047522316e+00
-7.188431789377286441e-01
-5.931742785501308290e-01
-4.017056906677823891e-01
1.380140016434801664e+00
-8.658304378611790808e-01
3.185554804312467070e-01
-2.789708645212572447e-01
-8.867609467961508340e-02
1.233627059006751514e+00
4.478518530917822704e-01
-2.039025581283130384e-01
-1.141742163336208371e+00
-2.587396429517522245e-01
9.992500021235015684e-01
9.191556282413928525e-01
5.916335958390329663e-01
-9.138210235730870323e-01
-1.096033753422024359e-01
8.519369933759830538e-01
-6.408972867705478027e-01
-2.298463987017195786e-01
4.485779879170648243e-01
1.721814649333076597e-01
-1.946284082611843269e-01
5.050907283461855690e-02
-8.756918605547052703e-01
6.988192300128167611e-01
-4.497865730343902912e-01
-1.132676415529660252e+00
-5.141084641380033737e-01
1.929792178166215288e-01
3.360866584050088979e-01
5.928891981699593305e-01
9.789476537420052082e-01
-9.123224946907882993e-01
8.856925357655347220e-02
3.577135457376999228e-01
6.829506809543118839e-01
-1.464110699843603314e+00
1.085247532302441087e+00
1.366745059009797647e-01
3.766793319116232830e-01
8.331657682492740191e-01
4.898510160156186455e-01
3.355798544550894769e-02
1.329936503788375246e+00
8.867120786712311409e-01
1.012513927728327268e+00
-3.059890933692108184e-01
-3.198294219967090513e-01
7.153354931526795246e-02
-4.815404139044141552e-01
4.126826649135413305e-01
2.181378397767565758e-01
-1.158575494960694119e-01
-1.137155660539606927e+00
1.349060840816602491e+00
-8.072924900350997302e-01
4.409006379767414496e-01
4.613136853680497307e-01
1.342659395417283186e+00
-2.385668274038704184e-01
-1.103596741174780682e+00
-4.337797344631467156e-01
3.088137076625057098e-01
6.464274250561466983e-01
-1.493155203853449020e+00
-8.038405872111058503e-01
-3.138750690725515824e-01
4.302820347165377535e-01
-6.854478015308885785e-01
-9.377096502286824675e-01
-1.000151572631458041e+00
-6.835407210180960424e-01
-6.641313696282041823e-01
