2.838239590862484674e-01
3.779788686471423631e-01
-9.270320643831887475e-01
6.738933208406272524e-01
1.300131945389574883e-01
6.507851121609561362e-01
-7.640110847859467036e-01
-1.518415490616525476e+00
-4.671209317831198637e-01
-1.042909371115109674e-01
1.193213565509577467e+00
1.123575522362388224e+00
3.671003368014920110e-01
7.060239314982628966e-02
9.156138133341886753e-01
-4.313769831094181884e-01
-8.351963020017509898e-01
-1.025446293493832872e+00
-1.984944207046869469e+00
5.050217452261417383e-01
2.860331755947583821e-01
-2.418258618467377663e-01
1.563160773963206740e+00
-2.680125579583395035e-01
-3.074404277238317329e-01
-6.875411781633273822e-01
-3.913440097286897124e-01
-1.303341468328793051e-01
1.386104361935041496e+00
-5.822388880159465874e-01
-2.199573668623060196e-02
-7.249278245669473764e-01
2.854780919418552915e-02
2.507233172081259689e-02
3.809069969951924817e-01
-1.005611786088048132e-01
-8.217399314881485006e-01
9.676854583480927474e-02
-6.961742048344676803e-02
5.825169538618790721e-01
-5.476347679000747037e-01
1.171944774329951588e+00
3.577658598796749079e-01
-4.244290034885439544e-01
1.125144138146179973e+00
-8.146940121664815182e-01
9.325224374701571728e-01
-1.945047988553075258e-01
9.248326415788414856e-01
-2.325940490641138780e-01
-1.176647755614898816e-01
9.206898332525177420e-01
1.711677140037569655e-01
6.207898549383137343e-01
4.600201946301960554e-01
1.466921060322536441e+00
6.668338654376601005e-01
8.941604487370392873e-02
1.299758086009534797e+00
2.817938292290712021e-01
6.317777781889383215e-02
-1.970801938935230757e-01
3.408141262274966277e-01
7.638349164271320824e-01
-4.927367267924674943e-01
9.937103167100842516e-01
5.663442151984188211e-01
1.500651499738776984e+00
-8.126563201279677351e-01
-7.512739027378079193e-01
1.235540194400558178e+00
-6.292583012928549824e-01
5.950232700650749385e-01
-2.763782791715247988e-01
-2.048475651029928901e+00
-5.229021855765552118e-01
-5.224018827239634843e-01
-7.824681639376400710e-01
3.206048240100317637e-01
6.352402073164278296e-01
5.811384919924138526e-01
-3.572951213392338010e-01
7.216055490250476712e-02
-1.619130778929087078e-01
-1.122467714296733338e-01
8.541496888190257541e-01
-3.256082787560469205e-01
4.832612886830242038e-01
-5.115897469481743842e-01
-5.816224942484686800e-01
-1.183282787434515093e+00
2.857757444366788580e-01
3.244095396731217495e-01
-1.023894862568280661e+00
-2.202754598930509733e-01
6.118681313637602814e-01
1.690770276607351380e-02
-4.575096798196925940e-01
-3.805397213223558894e-02
-1.285271782362118476e-02
4.674292637568072672e-01
1.149100450574868981e+00
-7.336721968585605547e-01
3.301964355521930239e-01
-8.756456907299321468e-01
-7.275967954262270165e-01
-7.402061114674048925e-01
3.710337730622664809e-01
2.791183356576520391e-01
-7.139567137381500617e-01
1.751298423685452021e-01
3.754809351516176230e-01
-5.809178513659328802e-01
4.859142987555564175e-01
1.286709492774787966e-01
-2.613645364910338054e-01
-7.518718682330792769e-01
8.860012514645925208e-01
1.879593007587788689e-01
8.159694183761677655e-01
-8.857126306071171074e-02
-9.493940881629191197e-02
7.914440897540044872e-01
-7.613572144656499674e-02
8.737062951088234719e-01
2.323279040872612278e-01
2.892975446784490146e+00
-5.174336743608474176e-01
-1.229290591749001793e+00
-1.409108568357274605e+00
-1.364866777646163154e-01
-6.614426752201277293e-02
-4.928973349342742893e-01
2.148706955925971107e-01
1.071069575501736093e+00
2.474028158424933233e-01
-1.356967656011452750e+00
8.969285904032880952e-01
-3.424194635189922176e-01
1.204568252876338841e+00
-6.414924192941331427e-01
4.369549795307150042e+00
-4.223734895824935442e-01
-2.322415820033643385e-01
9.336051266710254648e-01
5.486975813078753816e-01
5.170720529887035122e-01
1.983505676961400122e-03
-1.547929072294347130e-03
9.728110368800725327e-01
1.712094086372929203e-01
-1.067416372519130324e-01
-5.930674684019783260e-01
6.771105951526877886e-01
-9.365761690190566036e-01
-6.984283771185957335e-01
4.397010582482014929e-01
5.961250644370782309e-02
2.448044335723063902e+00
-3.028898205594998672e-01
1.913680753660995215e+00
-6.010195866432970213e-01
7.431276878180039791e-01
-5.451734571100160798e-01
2.441912828987039319e+00
5.534177540198381706e-01
1.241839124846221942e+00
6.399945926785546302e-01
-1.485165786856479375e+00
-3.225988653979994791e-01
9.310682106259241531e-01
2.808558144130820500e-01
1.889675895430122377e-01
-9.469654630316813870e-01
1.731343232904221652e-01
-8.629710204694125419e-01
-3.996826027088237199e-01
6.080226988031807167e-01
-9.641098611915185357e-01
5.673847868874148936e-01
-5.038576100583233019e-01
1.513983935456725494e+00
-4.589652151882591680e-01
-1.058336332430988014e+00
4.903704404564970809e-02
6.697397055748057770e-01
1.954278249867817674e-02
3.619144500481176197e-01
-1.450493660958907249e-01
5.323172406119379696e-01
2.742025001059772427e-01
-4.861859426380485960e-01
4.699321809925771642e-01
1.860230679918112529e+00
7.408519034736421593e-02
-3.929350188814759171e-02
-1.695834372798350032e+00
7.762677518082545802e-01
3.491099138895227272e-01
7.441697516938834411e-01
1.678446643156363272e-01
-1.152966558718379608e-01
7.355832983924668333e-01
-8.814672675701248350e-01
-7.883812070199731625e-01
1.320946887898103439e+00
-8.399335906239588923e-01
-3.320048326081307399e-01
-5.691432622900871596e-01
-2.039082700128253267e-01
-6.302773216485310637e-02
2.898082543232786690e-01
-5.608437395808920645e-01
6.207004916091461988e-01
-7.751729964582551036e-01
5.363803789915754239e-01
-1.841025914411020259e-01
-9.554328532232863047e-01
3.678573550376735279e-01
9.350688568743208418e-01
-6.965156636306993887e-01
-3.834166824232638215e-01
-9.884826215294476026e-03
1.376215496316393283e+00
7.084946491289102477e-01
-8.985808709320154408e-01
-2.674205810379710613e-01
8.515408437573566136e-01
9.679690646693117628e-02
4.600495168720580286e-01
-4.248002857664316401e-01
5.756173906520883898e-01
1.066258955345896764e+00
8.520227300103146995e-01
-3.445295652675171016e-01
7.995449842674103857e-01
1.061284989696174019e-01
4.145982220480276537e-01
-1.110620065758080255e+00
-7.187422578688267005e-02
6.891751607928515710e-01
-4.428036963153719197e-01
1.804143304396583325e+00
-1.118871590174084441e+00
-8.609340411655541647e-01
1.336703324614770538e-01
9.450960937964991704e-01
1.669120773804770197e+00
-3.415791043048387321e-01
-8.599304828679339707e-02
-8.929422135808929850e-01
-1.071241327145855959e-01
2.450981657276960768e-01
-2.793794917296466007e-01
-2.615683254520635992e-01
2.242473238398454832e-02
-7.181483976601937824e-02
8.902231086415792749e-01
-2.767460797362367719e-01
-4.908561383943743639e-03
4.150431626191564694e-01
9.026355730344344241e-01
-8.839772407778107022e-02
3.930676948356447986e-01
1.091301419600206213e+00
