3.502943062593256301e-02
5.573324243537921552e-01
6.605815764254697742e-01
-3.444083448973059847e-01
3.453385148453732567e-01
-1.975429183076915507e-01
-1.330810629295672953e+00
-1.076696995573905857e-01
2.857369486485760168e-01
1.776998220669332718e-01
2.596639239323540460e-01
7.266042273375437066e-01
-6.618633601992371940e-01
-9.634132374865428394e-01
4.068648241558948664e-01
5.806506655019314650e-02
-1.144941768139359439e+00
8.920719996418481346e-01
-1.138666360877646833e+00
1.289311951304500825e+00
-5.051883471683435989e-01
-6.185536282953639775e-01
5.469141204723162453e-01
5.554950381970577000e-01
-1.691114576311378292e-01
-6.852250780009887521e-01
3.560893583794292327e-01
1.816830363331404241e-01
-6.894625413253085977e-02
-3.214800647031128555e-01
1.886182678708132610e-01
6.722597651024618814e-01
-4.957903911273739972e-01
2.526470629490847331e-01
1.134399227233900964e+00
-3.423456538569158436e-02
9.952325827568494487e-01
-1.940709411241481330e-01
8.510829798807413304e-01
5.975927222315200460e-01
-8.857720344353134934e-01
-6.796935157778295489e-01
6.541748687135581219e-01
6.477055575548742450e-01
-4.521771769736095958e-01
-1.845945952456035100e-01
-1.805966709507128287e-01
3.795281047451352086e-01
5.135720915158976663e-01
2.642821340417632059e-01
1.140893626624281953e+00
4.788108307475287817e-01
-2.073862434425643719e-01
-2.129714380125403983e-02
-1.755494407910738186e-01
-4.715291195036989125e-01
6.902131307140613181e-01
-1.337007232008778246e+00
-1.244036376880809813e+00
3.808180865729954290e-01
8.206933457388301267e-01
-3.604149421239343787e-01
-1.308325467469802383e+00
7.805386811982403805e-02
-3.771396041592670056e-02
-6.026203200136315274e-01
-2.694259761162489664e-01
1.005436027686811506e+00
-1.570200958931681767e-01
1.413580311060704531e-01
1.640455652235709993e-01
-9.936568071389941803e-01
3.473616116471880400e-01
1.570420005006950781e+00
8.773826941995103157e-01
1.549866653793400051e+00
2.144283526225563286e-01
-3.619087988581565218e-01
-1.147980170791681909e+00
6.058697933271229852e-01
-6.533752903731435691e-01
-1.086927004140532782e+00
7.411688361639715006e-02
-2.354002186814550535e-01
-1.018385945657644509e+00
-4.287682513890778147e-02
-3.531651882483857752e-01
-1.110599868788464395e-01
2.978253387137145269e-01
-2.969521375011665437e-02
2.555614734395842969e-01
8.883888652154345866e-01
-1.427691376034713189e-01
4.447652283601637446e-01
6.031299530189732083e-01
3.594431609725841636e-01
-1.451177019976064575e-02
-4.697594377124393317e-01
4.213877091869504543e-01
-4.173635487270732636e-01
3.429947908012423441e-01
-4.922854926261053254e-01
4.023418641599594836e-01
-1.085933253671191867e+00
-1.134749688551688340e+00
-1.633583483887725632e-02
8.135525425276909361e-01
3.468785202592333805e-02
-4.063202879001136525e-01
-1.203682024057027011e-01
4.625601226636727459e-01
3.548963714311264006e-01
-8.429765833167499611e-01
-9.754549881018821367e-01
-1.035645863718747117e+00
7.336806499800758719e-01
7.275344582304776875e-02
-5.300606640496960953e-01
5.057602257861258943e-01
5.801476857828711253e-01
-3.739208912390808992e-01
1.204607168140191531e-01
2.039646987372477627e-01
7.671472014826211661e-01
-9.419023983994813110e-01
-3.603770187423193661e-01
2.619628756647851553e-01
-5.330441867274525736e-01
2.535757152623815402e-01
-6.462848042856341735e-01
-2.421936509066568988e-01
7.499987566454280330e-01
-1.104564499018826362e+00
4.543294293914362791e-01
-5.212013138350161112e-01
-9.042395109168237521e-01
6.863850699233486896e-01
1.042230363329034848e+00
-9.072371689618824453e-02
7.676367182451599991e-01
-3.123633961438667672e-01
-6.815280632344112854e-01
2.163467401003435486e-01
-4.005873288334260707e-02
3.269154439140227186e-01
-2.219173110437897556e-01
-9.381485864164034183e-01
1.920324193683602410e-01
-7.663430807746498541e-01
-1.624759859564950393e-03
-1.866253631214410125e-01
1.232432173786546459e+00
8.196743961250978483e-01
7.292745796889645860e-01
-3.440238366090249134e-01
-6.895165330649715152e-01
-1.351547664244205360e-01
-2.899460887476690840e-01
-3.685078542555013659e-01
-3.293303061803675713e-01
-1.904695425760967731e-01
-2.565935520094912436e-01
9.257954542645779883e-01
-6.391931720772402181e-02
4.162706596445160390e-01
-1.219023818436552609e-01
-1.582807839655393289e+00
1.084763713283221076e+00
6.623011930482065601e-01
-9.293574509609904277e-01
3.931739421983725391e-01
6.729747136326015289e-01
-1.329378872097193021e-01
7.355204586331202110e-01
-3.160158274623217078e-01
-2.106154663332797106e-01
3.455543079770588832e-01
-1.631385455594313028e-01
-2.546677549784392980e-01
1.068723816205928046e+00
-2.452099743240016005e-01
2.945281970944006456e-01
6.585055576737703920e-01
7.373995284850859422e-02
-2.228742693402618880e-01
5.643766133676483276e-01
-1.099320804093641135e-01
7.059083878280772995e-01
9.674419851808921944e-01
1.476286556789593862e-01
-7.022468251376627890e-01
3.904518116948179629e-01
-6.149938259090115267e-01
2.075649677944321064e-02
2.091997430733816832e-01
-5.460806491960162878e-01
-6.795412002775547133e-01
6.638356676879453300e-01
8.506050171029496676e-01
-3.624318144043057743e-01
-1.221970854812154950e-01
4.231416153714211426e-01
-3.583784091339581312e-01
9.625770171646319540e-01
-4.700208274407561837e-01
-3.594034139794641952e-02
-1.199526052957279543e+00
-4.436010851197469407e-01
-1.075557776529956655e+00
-4.597551940461289677e-01
-1.337879325082417248e-01
-1.714808180352646871e-01
1.049575301198744537e+00
1.132390135724325564e+00
6.835620265159819686e-02
1.774447412491642062e-01
-4.500455629330877838e-01
-1.018211468246606355e+00
-6.779582855981128864e-01
2.662990626712374853e-01
4.664529092391069276e-01
-7.569429967615431964e-01
8.300566160195371745e-01
7.969006883766458493e-01
-8.629921603328020996e-02
-2.238242565550559726e-01
5.677683911485389423e-01
-1.020986713588428518e+00
5.847816906403574544e-01
1.679250026220972802e-01
-9.238941347538917048e-01
4.073308786776992929e-01
-1.368745286632949698e+00
-7.616900377638019526e-01
-1.139243045019904255e-01
-1.474972110800657765e-01
-8.682822495049926648e-01
-4.806787447960255144e-01
4.828454377350052118e-01
1.985295526225185903e-01
2.985837940673195523e-01
-1.381373650750628013e-01
5.317382481746989464e-01
-3.882383721614373062e-01
2.522726643650783918e-01
8.240216773821084084e-01
5.763358507893995286e-01
-2.751536734051480138e-01
2.348132362091318592e-01
1.003932862951891103e+00
2.055246971055501304e-01
-7.721730800897179670e-01
-9.190681289762967499e-01
-2.071421649524144704e-01
4.813598445900810208e-01
-4.246970554888935823e-01
2.378420200939202478e-01
6.196870733907733353e-01
-2.878836486249661264e-03
8.325344864708662806e-02
-6.773242436910278386e-01
-1.026179699594989558e-01
5.688635914493547774e-02
-4.160267376919479787e-02
-8.697252392730273063e-02
9.305530270604649434e-01
3.034265011587544136e-01
9.255182569114310809e-01
-3.809611985920263177e-01
-3.647012588061894212e-01
1.073167821060203864e-01
-4.814619344447267357e-01
-8.118512254903105241e-01
2.526857829573895264e-01
5.958621031146287272e-01
-3.404668283356090397e-01
4.963544220724402933e-01
6.571504825489808965e-01
-7.910997098453808052e-01
-8.794465927911604419e-01
5.477485656915860590e-02
4.458477196633961470e-01
-2.088097111292255004e-01
-4.771819964797641700e-01
-3.247281437645970770e-01
-1.360724954260084774e+00
1.117059991972207122e-01
-3.201146674387980173e-01
-4.134802743690437765e-01
-1.264507566703549912e+00
5.357302939688578514e-01
7.597806991155534595e-01
8.139119590473931076e-01
3.904616522463889017e-01
-7.037476870924590511e-01
4.022658438696383870e-02
1.176590288672190177e-01
3.185527787077144790e-01
4.255941349271770147e-01
2.001763862021391782e-01
-6.679589279624824627e-01
-7.862302277796179295e-01
-1.876908006137628093e-01
2.497676262184613249e-01
3.640417165962375745e-01
-5.367461953084028403e-01
-1.106380913939668531e+00
1.484674855825447171e-01
5.594138306827851626e-01
-7.230051582760816942e-01
2.337128128198082688e-01
4.114314558671718913e-01
3.902286354182378236e-01
-5.713950025981228142e-01
-8.975854693740232815e-01
-6.791397437922760405e-01
6.301968197198970500e-01
7.514705580574804200e-01
-9.783788235100938646e-01
-3.538746118697934095e-01
7.513231801490446449e-01
-1.423909488837799518e-02
-3.273011535275247574e-01
5.519994007456280327e-01
-7.209445944602922429e-01
1.994232095224531820e-01
3.545828519433651960e-01
2.155677936976033160e-02
-8.579767981127289778e-01
1.046521456292648367e+00
-4.672791646743204574e-02
-5.109807332477962483e-01
1.363146789248504409e-01
9.718735369170040661e-01
-1.219562086449829330e+00
-7.290466395767628560e-01
4.584068309473737779e-01
7.018306516437440301e-01
4.107789708498890691e-01
-7.538037942588973195e-01
-1.117862400619075158e-01
-9.018445923394452501e-01
5.044550789013866332e-01
6.337388536929098315e-01
1.343007072771868371e+00
1.659404273948060782e-01
9.935060927891191385e-02
-8.550434039921236962e-02
2.676372526628584270e-01
-1.928126834059163686e-01
1.079590346072756279e+00
-5.275185351101344677e-01
3.335687530094966213e-01
-3.495721826556663636e-01
6.049028722707296968e-01
-3.334340466641259604e-01
3.667016432341320131e-01
4.845629230762249495e-01
2.462679802913267102e-01
4.807448977474848562e-02
1.024704271447893777e+00
-3.625516003447041280e-01
1.629353802715262645e-01
-3.416935128680171907e-01
-7.372313852085502495e-01
-9.991453741513758313e-01
-7.067892265743684621e-02
6.874435060707438927e-01
3.665133581991877887e-01
