6.808705462765410887e-01
-7.550818578911426826e-01
1.602718114452071629e-01
5.560095743934989621e-02
-7.255278020839893705e-01
-1.113020238748581248e+00
-1.543838524648373678e+00
2.052676267840128910e-01
-7.310643969209462689e-01
5.317601079589837632e-01
-1.678549060803058990e-01
1.150379796096803409e+00
8.666297374773928031e-01
-3.215494398217256800e-01
2.745137261681199758e-01
6.131415507002652143e-01
-1.005594806698267396e+00
-7.506300271516895828e-01
-7.634741830533590123e-01
8.433849618137182480e-01
-5.255043143276627582e-01
-5.920338354939497227e-02
-7.141588002413759018e-01
-6.105697520431243586e-01
3.433789846222200515e-01
8.082602619760783647e-01
6.153638242530905522e-01
1.788509727248035475e-01
-7.046128771335047336e-01
-8.512769616207516155e-01
9.907434963360095548e-01
2.741803230587828710e-01
-1.853768263978156638e-01
8.562775730803112717e-02
5.688665915509835136e-01
4.802686642430725739e-01
-5.677564792087886891e-01
6.329525702842355717e-01
1.602990609682648060e+00
3.902574246950736292e-01
7.092951834920322440e-01
-2.477224857794934620e-01
-7.402380673428593516e-01
-1.238035386626098688e+00
-7.471763071817389967e-01
1.447556016402757606e-01
2.785659725500948536e-01
2.711168779438292153e-01
8.541585619390443807e-01
-7.500628554489003896e-01
7.221655006348346451e-01
-1.540175438960832421e-01
-6.593879055058246563e-02
-4.145586117466680542e-02
6.714958204443032264e-01
-1.161387932447081883e-02
1.005578122042750100e-01
7.842030966178747953e-01
-1.411299027271606388e-01
1.032993857232444634e+00
-4.369753076206490672e-01
-5.857439863705008465e-01
-4.485131977314797402e-01
8.015842627994239633e-01
9.186961011131132837e-01
9.729450747815389100e-01
8.655901657333420207e-01
-3.105131878156436875e-01
-6.021578509273276536e-01
-4.746820724082728704e-01
-6.824795053870673645e-01
3.749106990414177720e-01
1.073487446614647789e+00
-2.160712110821202681e-01
2.260066453579378520e-01
-4.350120500952027458e-02
5.100320816345201014e-02
-7.526921653919044219e-01
-2.571825324647929456e-01
7.897322466298682953e-01
4.410997039542356446e-01
9.843556132151749516e-01
-1.266216083023749439e+00
6.513884524370536777e-01
-1.458895682267116745e-01
4.282527949681445012e-01
-4.646776178743874386e-01
4.737447472976362428e-02
-1.151166586453452823e+00
-1.687286193613729002e-01
-1.460622106574275048e+00
4.002544646007327733e-01
1.526659472536891216e-01
1.463522397078443005e+00
-5.706881526557159301e-01
-1.469031915513617503e-02
-9.711476738268659537e-01
-2.184723348243675201e+00
-2.033065367880855512e-01
5.801201841373971879e-01
-2.103849026208200190e-01
-1.137234061698903398e+00
-2.495604635804732074e-01
2.014105562588108245e-01
6.863756971768095738e-01
-3.473560605368604670e-01
5.347399009665396719e-01
8.127018154408037764e-01
-1.150550933898900841e+00
1.088259318742156312e+00
1.300324815477097162e-01
-3.904370534438769136e-01
1.783175822316902526e-01
6.946679740614606358e-01
4.711847692631035978e-01
1.006706309706631775e+00
1.090217114959581846e+00
-7.252658666519105068e-01
1.400952229129071691e+00
-5.486584906967590936e-01
-2.669725078934420681e-01
-1.597702904628927723e+00
-7.295210760856671861e-01
-6.112779594718652509e-01
-6.526856377571584877e-01
-6.536842413932049123e-01
5.007420047592260337e-01
6.402518156252481885e-02
-6.385879999870982537e-01
3.836316899333273855e-02
-9.874263552271800304e-02
2.769891411585798102e-01
3.554070155073953963e-01
2.310361309625233450e-02
-5.231128647512951479e-01
6.239981894282585762e-01
-9.426890129466146684e-01
9.791191913454775353e-01
-9.168927908269504101e-01
-9.409670550878018735e-03
1.074196099910113666e+00
5.788627656769912422e-01
1.059626501214149696e+00
3.838504916834082348e-01
1.334176478716481984e-01
1.233157041799813669e+00
-9.540995079395204748e-01
1.909255144634557144e+00
1.238602802599452213e-01
6.559130695563347713e-02
1.372111891405124462e-01
9.347229993830235006e-01
5.342353237096096885e-01
1.096574428321604122e+00
-8.160865289784838827e-01
3.073179694871370771e-01
1.365943109467566474e+00
-1.166596268429172412e+00
7.793846766468564002e-01
1.129783663332138754e+00
-8.310242052233463017e-03
-1.004559801182438816e+00
-9.203720895096851873e-01
-9.656311830196941948e-01
6.666582475500719696e-01
6.386831090530253885e-02
-3.556078878196924364e-01
-2.346012810746225252e+00
-5.605086598330329961e-01
3.091446596494698551e-01
-1.021263260446060528e+00
3.081242380745816134e-02
9.907287322201697721e-01
-3.372378444215681781e-01
1.035427474840878492e+00
-3.344553919271309184e-02
1.014261782587378979e+00
9.784730713499578680e-01
-6.313961558725503798e-01
9.019981296653875602e-02
-1.711227172374515604e+00
3.526578165342743043e-01
-3.997310024698270681e-01
-3.070713303810097550e-01
-3.160450658350472120e-02
6.697433488668345092e-01
7.693413193706450937e-01
-1.085670179700362281e+00
6.369979648082189083e-01
3.961940945501238875e-01
1.298430314157091203e+00
-1.022248435769791186e+00
3.275300286252265380e-02
2.914332488627627282e-01
1.371174134212819418e+00
-2.079765225017654595e-01
2.967536534198613185e-01
1.265908711886617244e+00
-5.466463866797925952e-01
-4.825064183870990120e-01
1.784074957754942514e-01
-7.480228423053143505e-01
-1.446592158799907768e+00
7.706495624036018288e-01
-1.277341702881979124e+00
-4.418337906003486082e-02
-7.859402333923883877e-01
-1.467503360535641566e+00
1.420815287126066251e-01
1.980131412407063751e-01
-5.754114157421155173e-01
8.903275573630018425e-01
8.730023775213431314e-01
1.332838876150058915e+00
5.815329401088240591e-01
-6.061749817150145769e-02
-1.353009096565502389e+00
3.291120995174151576e-01
-7.437202580727657608e-01
1.244031189487062594e+00
2.442025643241297894e-01
3.444730296780400547e-01
-1.049659168750463722e+00
1.190575926155837405e-01
3.989776956561147947e-01
-1.131357663172499889e-01
7.817803498908723059e-01
1.669425674409983906e-01
1.089044615384855696e-02
-1.104871855829189453e+00
6.802538963877596823e-02
-1.263753282373959230e+00
-3.745677633687304331e-01
-5.523954230089954676e-01
-3.459765700986849879e-01
5.506394292021439263e-01
3.437814458879334678e-01
-1.053650050795233717e-01
-5.997588805161271353e-01
-3.614896304227203094e-01
-1.133668620904001445e+00
-1.098067696073200317e+00
6.424468306008527252e-01
-5.963076787987582339e-01
4.603103860429523797e-01
8.739264466948758470e-01
-8.351478669163824309e-01
-2.537337178104862034e-01
-1.917610226187388411e-01
5.321663511008625225e-01
-1.202911204889618890e+00
-8.346822083445870621e-01
-5.475268470942648014e-01
-4.266878508376238388e-01
6.627506503027008611e-01
-8.519167396088417332e-01
1.658276491036988487e-01
2.944565221629359963e-01
1.912830706870692066e-01
-9.124458231671349617e-01
-6.954102509541919552e-01
3.705037554931938648e-01
-2.495146249993390741e-01
-1.289713971492999489e-01
-4.960081317134352741e-01
1.255690651871318231e+00
-8.467799146894614548e-01
-1.599578382514428077e+00
-1.087901634957971903e-01
-1.623473698800150244e-01
-2.647883681297136249e-01
7.673741686258709338e-01
-9.198277226911868443e-01
1.139007431269251081e+00
3.722495476467400644e-01
-1.612034830575191702e+00
-1.263669683062919935e+00
7.226085760555348569e-01
8.205455076179879459e-01
-2.176903690989283602e-01
-1.997918778616138424e-01
5.818641680345045808e-01
-2.590823546049231263e-02
-1.938606924904480722e-01
2.736870116663082664e-01
-3.415288242301909860e-01
-1.167089002432210254e+00
-6.481701773760790708e-01
-5.654045464950254729e-01
-1.188578478688039564e+00
-8.141790209031768422e-01
-7.961048254304342597e-01
-1.437381179772267092e+00
-3.826552969966400264e-01
-1.201692387693190867e+00
5.266491352792257441e-01
3.759643158021797604e-01
-2.021108911160196808e-01
-6.248335165359311105e-01
3.356809253678048055e-01
-7.372176964992913639e-01
1.152686292343174657e+00
-4.666855192783978534e-01
-3.629755829083400887e-01
4.660022478713750083e-01
-1.243233606854977635e+00
-1.348847279314742575e+00
4.246094794976936759e-01
-1.440754562201941313e-01
-6.240077739847653682e-01
7.035177630114525238e-02
-1.414259458520282786e-01
9.317235044979776948e-01
6.438116931259921238e-02
1.353819784181715669e+00
-5.316305241458947339e-01
-4.591178838835529574e-01
4.138721646511579477e-01
-1.304274105930018912e+00
3.410484822833075857e-01
8.115945563321694811e-01
5.975708781400312919e-02
1.236445560347658290e+00
-1.868165752056097084e-01
5.348659415091997493e-01
3.447495554630990444e-01
9.608361932895811419e-01
3.139724363919336181e-01
6.566049910578082294e-01
-2.424983338887162498e-01
-7.479573913687658226e-01
-1.910984213834136247e-01
-1.297180628149950499e+00
-6.427635020848877501e-01
-4.878375546169683163e-02
3.846034506663800756e-01
-9.051442146320087812e-03
-8.952153163009179959e-01
-2.224193278312897037e-01
9.099644476042283436e-01
9.174190827646567792e-01
7.753195040717157926e-01
-8.672301362830777682e-01
5.111234015741127068e-02
8.367686573365937241e-02
-1.594576646681646448e+00
3.481594671422332810e-01
-7.756392830604124100e-01
-7.603889548738548831e-02
-1.345171501965125860e-01
7.245423341603717260e-01
8.641414343381883523e-01
-1.488750525968207894e+00
-1.192386100939362814e+00
-8.652785623444136931e-01
1.254968779943491097e-01
-3.596016892051021041e-01
5.535132679722338800e-01
7.350752529573685301e-01
-2.692017982875635207e-01
2.235354795811813622e-01
8.021823186146539442e-01
1.099443191694280841e+00
-3.071657293790761023e-01
-7.206848886870187432e-01
-9.591845596540862218e-01
1.919336697425631844e+00
6.177663158207148397e-01
-1.331855149477695344e+00
