-1.480752556730265734e+00
-2.007577776720367524e+00
-1.870205216242872170e+00
3.939209451573008280e+00
1.726225598020741936e-01
-3.350367046905550761e-01
-1.329278258537097912e+00
-6.671867377303326574e-01
1.887848369779828950e+00
2.961063553843080953e+00
-2.264860610324487961e-02
-2.171580508857224867e+00
-6.489128861591294539e-01
1.537924928726401852e-01
-1.083658221981206760e+00
8.102769568247492060e-01
2.595571707140635898e+00
2.907685069068900230e+00
-2.593308681267438298e-01
-6.119772006960458866e-01
8.003931446626014745e-01
-2.581526869603425922e+00
3.811922848353809234e-01
5.829868020001440776e-01
-2.187800085334026701e+00
3.894982423190357146e+00
3.243003318026844717e-01
3.673053125046678025e-01
-9.940176216168518097e-01
3.119722546627913040e+00
4.665645815285364151e-01
-8.852770995473864257e-01
1.520568904552775047e+00
-1.323857277437162638e-02
-1.338065001039646873e+00
4.801348945634485998e-01
-2.342394788298813424e+00
-2.320181743221773729e+00
1.240133801634515143e+00
6.943543535185096038e-01
-1.528551511256383888e+00
-3.330687743069628004e-01
7.010177260631986762e-01
1.626497402562876671e+00
-1.381343182948113202e-01
-1.078351454962894529e+00
-4.117430215818876915e-01
1.400243435237173761e+00
7.875447049773283137e-01
-9.394340084253947898e-02
2.833974147192823700e-01
-1.774018471941860353e+00
-4.236359010701948868e-01
1.255391478723531851e+00
-8.466710939749155784e-02
-4.142449400693881678e+00
-2.840244969779349038e+00
1.486856752719743213e-01
-6.994137542160205889e-01
4.947378539478105575e-01
-3.403069750919962555e-01
-2.648267776401905138e+00
2.432134949972442617e-01
7.632527283156882447e-01
-1.483287462983135185e+00
8.072553583107291431e-01
5.486316956369717834e-01
1.091248799123025082e+00
1.307737067611564497e+00
-1.173722771612625504e+00
-1.074754941148568177e+00
1.336203332455094817e+00
1.413711834731423700e+00
-7.543292913741092010e-01
-1.902510840710358808e+00
-9.673798377830977735e-01
1.301890353965102332e+00
9.141216532086666735e-01
1.511788479299196686e+00
2.858031042020479917e-02
7.864225684125615290e-01
7.178612200810155386e+00
-4.561585482965614169e+00
-2.262588866241581620e+00
4.764990264178841528e+00
6.710760542093771042e-01
2.880685243492354664e-01
1.885123383686219678e-01
-2.264230540661466229e+00
8.693460964061225926e-01
-1.784890862455923710e-01
-1.753575761715750581e+00
2.334026797611876425e-01
-2.579442927138430264e+00
-2.127057973352053377e-01
4.995474311934832712e-01
5.911408078526778631e-01
8.345068957522920883e-01
-1.163297414033746868e+00
2.172976359548380310e-01
1.127092386815220726e+00
1.648365482120993653e+00
-2.085927458535304702e+00
3.478252193449989926e-01
5.607688691489837396e+00
-5.538663792004377973e-03
2.092067288077805731e-01
-2.974157272221687798e+00
-2.562662058108947094e-01
3.991097646624774953e-01
1.560006450867893746e-01
5.094004921437016442e-01
-2.285174727559733110e-01
-1.639047206109266464e-01
1.608194168158113779e+00
-5.819227828485158405e-01
7.699259031653065133e-01
-4.804873654965934049e-02
-1.169680748430062867e+00
-1.036974820639530170e+00
-8.531492657538009006e-01
2.403045512655253013e+00
1.783893602912822507e+00
-6.734464802342724488e-01
-4.199446604417526707e+00
-8.548177213052559065e-01
1.880653032611474762e+00
4.321650372613547120e+00
1.964526030244253096e+00
9.089045920101222364e+00
-1.591222531536293783e+00
2.612019938123825158e-01
-2.990212072714374170e+00
1.862306293169019022e-01
2.707859759637328612e+00
1.418929323996946046e+00
-6.402458399417483292e-01
1.314017108963470293e-01
1.820960643595884054e+00
-1.430768907672053114e+00
-5.886769341500618369e-01
7.247345738918012925e-01
8.373710058565826397e-01
1.587114598312159952e+00
-1.916440271230074543e+00
1.206767293101687288e+00
3.665213496106117130e+00
-1.537352888635080017e+00
-1.178586689742002536e+00
9.664600736315925866e-02
-1.722706620121289833e-01
5.169786868011849723e-01
1.196617811315749513e+00
2.644128412320162269e+00
1.691200460936679528e+00
1.318852614472364460e+00
1.101658806012696390e+00
-8.148436139053428784e-01
-2.798810062658892761e+00
2.120845359678931175e-01
-8.649548990229366519e-01
-5.708734265183020851e-01
5.798589098652890961e-01
-2.694574921077494967e-01
9.470237407784791728e-01
-1.828998322991361114e+00
1.055858987431175899e+00
1.486149143371364723e-01
-1.728202043834315971e+00
1.340498933534663983e+00
2.671711766489438311e+00
-7.257270224168080319e-02
-2.239628169295369897e+00
-2.009978336728052706e-01
7.468730272852334151e-01
1.259454133257972841e-01
-7.113011421420361025e-01
1.178041649822251236e+00
-2.330540615032425933e+00
1.397917987969679865e-01
-1.790026573568536339e+00
1.440022057373073316e+00
1.057921627061278347e+00
-2.421517159230317962e+00
5.838409616071351671e+00
6.375260108182824181e-01
-7.935554050531544723e-01
