9.712061276295281820e-01
-1.238650954747930744e+00
-1.942418525044347088e+00
-1.313037253864592468e+00
2.352689216824472851e+00
9.013301789571428468e-01
-2.227752091228315301e+00
3.866340217137398394e-02
3.335286312826273858e-01
2.747534656770262984e+00
2.568395169388532073e-01
3.648009156588331026e-01
-6.442048325879899673e-02
-3.539343796997096447e-01
-2.390351171150096210e+00
9.018520162132289686e-01
-2.500094339032906676e-01
6.636318470320932139e-01
2.354499088285350261e+00
5.875002647043747750e-01
5.660039967434484787e-01
1.972786448901477474e+00
1.376963885725600023e-01
-3.178182804724227761e-01
-8.582673941783377503e-01
2.587610094801566341e+00
-1.489479082722952263e+00
1.161778813302026592e+00
-1.930294436410121328e+00
-1.486792226751546542e-01
-7.083234777950218053e-01
1.675945582601011230e+00
-3.307669901311969696e+00
-1.889233051371852934e+00
1.285823671655403455e+00
8.357121029749096097e-01
-7.672144607316583320e-01
-2.474352845254106092e-01
9.925698459585604594e-01
7.080335226147086436e-01
3.964745762539716445e-01
1.483961672773004281e-01
1.625056129409187644e+00
-5.707193497632614410e-01
6.556092708113774314e-01
-5.956873242903589771e-01
2.226362156524300140e+00
-1.192298543070628547e+00
3.636696027042439106e+00
-1.797723481182616379e+00
-7.248958309816393442e-01
-4.009008159207034794e+00
1.256289160175867003e+00
1.177761320843974113e+00
-3.960117802353655403e-01
3.114799012989647453e-01
-1.092702983800938110e+00
-8.023268869868349640e-01
-1.650274301906999308e-01
6.761700020808629752e-01
2.046604301509232116e+00
1.183715287091401669e-01
1.655771687014604643e+00
-3.059996316294692154e+00
5.465642397720893442e-01
-6.247731559475790952e-01
-4.956840397096415884e-01
-3.242445352544450765e-01
4.723741662923711115e-01
-8.010514632659980760e-01
-7.985395910272080622e-02
-2.317923500131602588e-01
-1.843696919202701956e+00
-6.708688354200966764e-01
2.699900586550761261e+00
-5.003358683151684083e-01
2.607306132907853957e-01
-6.282367339234693482e-01
1.371688637872772176e-01
-1.315457347601220794e+00
2.542869385223031742e+00
-9.449520673328865028e-01
9.578062781952467741e-01
2.121030649058547879e-01
-8.475130403530642953e-01
3.368259019593082826e+00
-8.425199636377447288e-01
-1.090540685704515678e+00
-1.975499010941338174e+00
-1.837235400307427602e-01
-4.108479301790186611e-01
6.316694705017740219e-01
8.315066705276883408e-01
1.330294974753257975e+00
-1.715595109530582696e-01
-2.791076072310986755e-01
-1.969914910479209746e+00
-2.032149140854899727e-02
1.723889087280922716e+00
4.050208466158073950e-01
-4.124739146594289529e+00
-1.372944818766038022e+00
-5.887901876187113803e-01
3.856137074313079616e-01
-4.740709467443380731e+00
-2.350273758694657822e+00
1.720305071014822662e-01
1.662202962686384344e-01
1.581913827324417987e+00
-8.749157763089905337e-01
-8.548987355505353047e-01
-1.136072476393950176e-01
1.533391756836529618e-01
-1.521344129202259143e+00
-1.394046585669100224e+00
-2.612707849538854488e-01
8.264757197431987779e-01
2.157042588475770906e+00
4.114395061080715621e+00
-9.103768166618100288e-01
-2.701449440748724395e-01
8.798912330698667184e-01
-6.242938271147070450e-01
-1.139215905761675307e+00
1.891948770428681925e+00
2.016528268180768357e+00
1.793574514399951081e+00
-2.260172009730378462e-01
8.927419513534798901e-01
-1.987161392608134847e+00
-8.249628045659620490e-01
-1.849799433452383512e+00
1.685822801200345777e+00
9.310772655040948642e-01
-1.724662968140373787e+00
-1.364729080720542109e+00
-2.107126688072512022e-01
2.611257165937880487e+00
-1.767715806971436265e+00
-1.975310291321452194e+00
-1.834925016808457432e+00
-7.828956216565037263e-01
-1.830387330249571898e+00
-1.913456722560065715e-01
9.078987579914967743e-01
1.064888801187237499e+00
-8.349129089186666519e-01
-1.287860431386723015e+00
7.518922115248389826e-01
-2.880808639288778839e-02
2.387101217711322221e+00
9.228850157266533794e-01
-9.429039863053535475e-01
-1.179286441819877407e+00
4.179726314558847022e-01
3.035973014751898180e+00
-4.272832014049865457e-02
-1.658574375999340322e+00
6.082953634787974240e-02
1.633671817802456960e+00
5.336068211565073938e+00
1.202798299006911042e+00
3.868217748294516811e-01
-2.119207985895283919e+00
-8.626929591906952188e-01
6.480370599848770397e-01
-4.059592107511418857e-01
-7.721907940304149065e-01
-1.935816803115002038e+00
1.038580087711720168e+00
1.478019339212643501e+00
-6.700592707164994000e-01
1.551122643400698609e+00
-7.240776091625414357e-02
-6.440522746840282586e-02
-2.004353542079352124e+00
2.520535631415932176e+00
1.330981509882687597e+00
-2.544828604910662762e+00
1.918614323209828276e+00
1.464365989529267331e+00
-2.101026566906901927e+00
-6.338072412569479841e-01
3.516384132136175511e-01
-8.346179591825757249e-02
2.016102439226597376e+00
2.338931639090748860e-01
