-7.565116443571145988e-02
-5.251183429038968065e-01
7.161266650706606951e-01
5.382063820619819028e-01
7.310878969343590494e-01
-8.571789505309838075e-01
1.955791078897985424e-01
9.068785442575415523e-01
-5.137537860050276350e-01
4.654336385865752157e-01
-2.804842247096976937e-01
3.823517327600829407e-01
-7.682804948227154318e-01
1.821497271720922795e+00
3.803466510481024465e-01
3.900763728868764102e-01
5.444728972636339037e-01
-8.264312233980803946e-01
-9.874431817377182785e-01
4.005330828301998936e-01
6.487213209054000229e-01
-1.403100934009901213e+00
-7.966487469332127480e-01
4.667359163240940578e-01
-6.540664354038183692e-01
-7.972368074308399111e-01
8.070322929650800559e-01
-1.075827507806583760e+00
-3.000925459525501382e-01
-8.544359299641992589e-01
1.186294639148778030e-01
2.940035200091530854e-01
-1.395505724849026019e-01
-1.810175484630866860e+00
4.662283820590968908e-01
6.577520070634359506e-01
-1.736638392214187587e-01
-1.036776356602908011e+00
-1.631750009831099524e+00
3.858812937863265180e-01
-4.398553798778774282e-01
4.252095384249426346e-01
2.502949181351503127e-01
-6.932518037890333940e-01
-1.281704426178170486e+00
-1.191438519835968268e+00
-5.887340538124518075e-01
1.060906282491966168e+00
-7.232387905995091293e-01
6.005060677938850455e-03
9.934490556007701256e-01
1.000906387367293870e+00
1.295202302573389419e+00
1.037662644852706539e-01
1.472939927577398889e+00
1.055620884511544011e+00
-9.160996789345059454e-01
-5.168723669237950125e-01
-3.978266990631209032e-01
5.659182693245075058e-01
-5.939224886987340968e-01
-2.448340518400344556e-01
1.279995028827251247e+00
1.693087937775168417e+00
-8.786237024621909031e-01
-1.423976174741726552e+00
-7.579652900537686699e-01
5.953343074562618131e-01
4.364346328499998373e-01
-3.695635803105498107e-01
-1.095445878591505329e+00
-4.130512156064337081e-01
-5.525593505303105779e-01
7.898510186426246915e-02
-1.199889701190440139e+00
1.170815304524079226e+00
-1.658283145263303116e+00
1.062608462829627509e+00
-1.173287128107627919e-01
-7.749463468910770814e-02
-1.677359336970277170e-01
-2.816314188024824361e-01
-6.026694471451767843e-01
7.076295450982673652e-01
-1.809467876125910424e+00
-9.740151213098755534e-01
-9.831808547155342914e-01
-1.323846972172981085e+00
-1.083544400074942349e+00
7.322677423802774754e-01
-3.017020944664524640e-01
-1.246969374391613816e-01
-7.404487809717859026e-01
-6.524008934029137396e-01
-4.261820327552530707e-01
-7.682178875815189878e-01
-2.407460583849357905e-01
-1.263474946772669361e+00
-4.612410091978201288e-01
9.924816714501127901e-01
4.906267075886951434e-01
-5.680980390715628658e-01
-1.340236005923224560e+00
-1.144065198982094245e+00
-6.839799531488534035e-01
-3.165187107074177164e-01
1.664431991392647803e-01
-2.871358913875506347e-01
-2.506703409371811575e-01
-2.862366757381356597e-01
-1.538419404621978459e-01
-1.493610861147208535e+00
-1.062220144203506411e+00
7.312803068593302092e-01
1.070709065650083947e-01
-3.670344008045189899e-01
6.114696668424336456e-01
-1.067760213270424030e+00
3.299387111198309186e-01
-6.888429708118834482e-02
-5.486176682382000180e-01
4.553282079822185135e-01
-9.628473795158433157e-01
-4.495363827419427971e-01
-3.641502024450711250e-01
6.557952301953295926e-02
-9.089570340389688807e-01
-1.399656223564992308e-01
2.336317442956070134e-01
-4.308603556110131572e-01
-1.181312553776160679e-01
4.583868914579619647e-01
1.782751910177093613e-01
1.644952876780955364e+00
-2.611535728346267016e-01
9.820827271441475714e-01
-9.936632647276907315e-01
5.733378142995895210e-01
-1.331098821394997689e+00
1.220743035085859907e+00
-9.465805154860642556e-01
1.589919877249714730e-01
1.331973268551867595e-01
6.155742801535474956e-02
-3.808515894258194256e-01
-4.594211066449070402e-01
7.465483281759021095e-01
-9.139612532097469710e-01
9.602016667405699479e-01
3.231146920624398122e-01
-1.060170943968901991e+00
-3.393228852765265424e-01
-1.714978892207259520e-01
-1.082413126405681103e+00
-9.693547047348257673e-01
7.911439189511584869e-02
2.535931919775692434e-01
-1.212741492391997911e+00
-5.441799259915212073e-01
-7.166627331309891602e-01
-1.259927483418692207e+00
-2.761300087809920312e-02
-2.746772683327611819e-01
7.518711230948207924e-02
-9.930830061927714558e-03
8.802740936252817505e-01
-8.194342205701840021e-01
-1.060249793004277130e+00
-8.198884256714528140e-01
8.183356169215251497e-02
-9.039666594126951615e-01
-2.504931155128461429e-01
-1.512108442198033309e+00
6.710822970832758250e-01
-5.248984883845677629e-01
1.196209642046120042e-01
2.693089438200090835e-01
-3.923686970124777851e-01
2.078904473145366527e+00
-1.133898860082574789e+00
-1.623321355614343098e+00
1.820342594761225896e-01
2.232173510559497531e-01
-5.194048767137804390e-02
-1.062937722894708115e+00
-2.952129147590105140e-01
-4.289595212597942520e-01
-3.205802367436370037e-01
5.183047478954463938e-02
1.216672264310338925e+00
8.837548942009614272e-01
-7.958853123309220789e-01
-1.638241985082939944e+00
-3.133665006344490411e-01
-5.551836116317743208e-02
-1.081340962204401013e+00
-3.897174532956825810e-01
-3.102388113839700257e-01
4.190530661168290205e-02
4.472955689006361535e-01
1.101910241123589262e+00
1.561985937884143416e+00
1.774593904237034558e-01
1.175851269994263371e+00
-7.973094326992303804e-01
-1.839588940095305269e-01
-1.155762397852028722e-01
8.958483133321556435e-01
3.896840434562545696e-02
6.201989516868137153e-01
-4.935782248323784122e-02
1.019733338362582842e+00
3.315124087117572449e-01
-9.072594466128639512e-01
-9.642960006538683349e-01
5.605580240830441291e-02
7.026866677316486731e-01
3.478431035779147584e-03
1.748646500916549495e+00
7.570121984769197232e-02
4.994754582251853536e-01
-3.243117302661518431e-01
1.308026881477632131e+00
-2.030635991833480980e-01
-1.081258642402649350e+00
7.242330643350928243e-01
-1.106156388533912516e+00
-8.096637374218977889e-01
4.006842546657229387e-01
5.352423608467524740e-01
1.740850480495229613e-01
-2.037780583034779214e-01
-4.876127796546759763e-01
4.519686336394498349e-01
1.377044183289481971e+00
-1.106584506841751470e+00
-1.633229695681414351e-01
-1.075160146488395529e+00
-2.072739613817277393e-01
-9.950497009822305561e-01
9.496872054755266523e-01
-8.239108960820865635e-01
3.855908897559987003e-01
3.542875894516065438e-01
1.014036785130811413e+00
1.501714530742895182e+00
-6.773581668108733522e-01
2.312202307518973765e-01
-7.793555383607889686e-01
1.765548974459833387e+00
1.774673386388635699e+00
2.648711512347685093e-01
1.358511085108996319e+00
3.686450394755338422e-01
-1.102436868301254425e+00
-1.893847731290405068e-01
-1.206668074176128869e+00
-3.367632120433360354e-01
-6.046233625291024261e-01
1.197516222680746534e+00
-1.445384780618589105e+00
5.447429463706088271e-01
2.087444834080063316e-01
-3.188687689774074019e-01
9.726011286765740005e-01
2.933626334581551642e-01
6.276492233174639779e-01
-9.376098424325617353e-01
5.674920087426224002e-01
2.575521741811080401e-01
7.111447720466399502e-01
-8.360883911689511727e-01
4.064875000868153898e-01
1.619037790794059628e+00
4.683316639662947756e-01
-1.563347499316158074e-01
8.336712073800065514e-01
7.806987993377364488e-01
-1.513743106736229471e+00
-6.682636558016624706e-02
7.915397860878441438e-01
6.814438111606444526e-01
8.224776492639950254e-01
-3.312032244076390519e-02
5.663301782445752108e-01
-1.242488323245791948e+00
3.506564825005110686e-01
-1.076083093559419224e+00
1.169219896617570836e-01
7.444527907858081717e-01
-2.178779283602501060e-01
-3.178419431533387185e-02
6.367274095517938548e-01
3.610485497178654302e-01
1.188403455904923356e-01
4.432544971816972934e-01
1.048738175318668087e-01
-7.237018259472587367e-01
-7.983942263628374114e-01
-9.296916897097488031e-01
2.008389040140865223e-01
-3.631149482862883193e-02
3.493863544008852795e-01
4.227263450774182418e-01
-1.241046851242162852e+00
-1.194619611936006409e+00
5.640197417479361208e-01
1.689497568880640455e-01
-6.216102575983895040e-01
-1.336315366406234606e+00
-7.679607698352498568e-01
2.378820309575442049e-01
1.307028113481714549e+00
-1.107717917302871502e+00
1.222468061792024718e-01
-1.441305839713985515e+00
6.259743781349842440e-01
-1.934137268821638500e-01
-7.630976563468162555e-01
4.429593580799099373e-01
1.220634608722973996e-01
6.444236166294410317e-01
3.772236004625668104e-01
-1.889037584133800518e+00
-2.646638688244231652e-01
-7.105654653031417967e-01
6.571416393775082465e-01
1.285694009967532914e+00
2.649769517769155480e-01
3.327068840406933181e-01
-1.805888584072058434e+00
1.275087309037981731e+00
3.043955543626782334e-01
7.922826989854863111e-01
-8.191336738348885538e-01
-4.749934927215662128e-01
1.365237993620184720e-01
4.974024901929606224e-01
2.806790790137858593e-02
-1.507241278343335100e+00
1.205432412258198971e+00
6.466544326934074993e-01
-2.495083910286805817e-01
-5.165194847648889587e-01
7.156683827866178182e-01
-3.560839930070994752e-01
4.134798868189015209e-01
1.104572052910337998e+00
-7.973450325058877020e-02
4.901026691444729799e-01
-7.316743060578976277e-01
5.025910321898082733e-01
-7.764357814340823449e-02
1.018238829911775944e+00
7.532492964237402777e-01
1.721278893122007103e+00
7.613456866185435157e-01
5.955095711560221688e-02
-9.588260509823728350e-01
5.958979315418596601e-01
-6.676394650735398839e-01
-1.831440308600173483e-01
4.506031151186400407e-01
9.829545769032510538e-01
-9.195845034039435983e-01
-1.594843773378775698e+00
-8.008711695243387885e-01
4.263904763848580526e-03
6.219633586208740406e-01
