1.262231777228625673e-01
-1.010751974324247016e+00
-2.277016580569160564e-02
-6.295267742940400257e-01
1.128716020216990468e-01
4.224816415733830821e-01
-2.504154649535662025e-01
7.261823867255797760e-01
-2.446911028944884769e-01
1.223970097732787421e+00
8.331026159416332622e-01
3.437795724031652012e-01
7.099691795395888239e-01
-5.050114916089835093e-01
6.080142959539653891e-01
-5.892161585782135225e-01
1.334632614972250275e+00
1.756553380731159797e-01
3.651132964392359570e-01
-6.976986128140315602e-01
7.314427056460696130e-01
-7.717702133437948087e-01
6.328175861451480477e-01
-1.581478282413232295e-01
3.454114420237988092e-01
7.305498836902862836e-02
8.979554670719690490e-01
-1.606770180921572866e-01
-1.589918916574058205e-01
2.766698381843250565e-01
-9.927789684968182371e-01
-3.848540492465518659e-02
6.888302677522115669e-01
-7.079488304101340113e-01
-6.775672901207976384e-01
-4.519586879625621112e-01
-3.867751127682088064e-01
9.791969853649876709e-01
1.091237149746436819e+00
8.960167251093252849e-01
-6.943719235350362950e-01
-1.933371644754224850e-01
7.096479534438675518e-01
-6.194468991209736153e-01
-9.455993354828049480e-01
-2.674253710555605790e-01
-5.200332006652210737e-01
-7.034122653523418034e-01
-4.989395392297810150e-01
7.242322455866911923e-01
-1.885545999755916080e+00
-2.670939951474119445e-01
-1.164951585155824393e-01
6.778748664511446975e-02
1.285433746029568836e+00
-2.475733937172348853e-02
4.805156335827762693e-01
1.331127448078010422e+00
7.037620610379217156e-01
5.630378555085002734e-01
1.657825968117123960e-01
-8.686755109830712751e-01
1.534653834460583344e+00
1.461955847382102824e+00
2.887229842622326403e-01
-7.854817811493759461e-01
5.647144120253297928e-01
9.198788068953370756e-01
3.898974135717062084e-01
-5.231273319581569020e-02
-2.167454366379923392e-01
1.796783512405084327e-01
7.219601745808091886e-01
2.168985696244375205e+00
-4.805311427944642944e-01
1.059908514442664818e-01
-9.832969770435885382e-01
1.266983622475766458e+00
1.022499552598004291e+00
1.668969790438488587e+00
-3.549629342850575964e-01
3.192958347908461114e-01
1.021141891288141812e+00
3.550680119941506674e-01
8.382984796053188914e-01
1.179771748852510502e-02
8.597646559152573031e-01
2.612447857090195447e-01
-1.742330436092459078e-01
4.702206294129881448e-01
-7.405147965459480952e-01
1.238309920847952217e+00
6.748777944921834360e-01
-1.033541569259571968e+00
-1.053884157244529274e-01
-1.500614916199956572e-01
-1.244670876267869319e+00
-4.779421448553116680e-01
6.420683135810418829e-01
-5.161047469562418666e-01
6.817497100805502974e-01
3.751122759241776183e-01
6.864377450544663084e-01
3.587314528012088277e-01
2.213750649195031506e-02
8.788197610002617122e-01
-9.829624610555709463e-01
6.069551609408084802e-01
-5.653061875593125285e-02
-2.613554095088385099e-01
5.869759028752300489e-01
7.105732553967407661e-01
-1.624544972256983133e+00
-1.025820834744604948e+00
1.566990887544081057e-01
-1.098058329462335614e+00
-6.760874887269733291e-01
-4.012759483119813231e-01
6.275316529726551185e-01
-8.266429069045062583e-01
1.742874913944059134e-01
1.794972547969139465e-01
8.843646852915486578e-01
-4.323323897525295223e-01
2.686088705216349570e-01
2.012812990844225491e-01
-6.598091495194231548e-01
-3.665186628833594362e-01
8.662566033049061698e-01
-1.662551291389687547e-01
-1.215619670578696798e+00
1.169327538283229384e-01
-8.546398925320297657e-01
-3.934757694658878868e-02
3.473331217611164146e-01
-7.113998525340871071e-01
1.716575741089048535e+00
-3.971600000995338942e-01
-2.103142407604160491e-01
-1.603310231323711033e-01
-7.300178557632125420e-02
5.243878463132056744e-01
2.152840926902408747e-01
5.656488551655417529e-01
-1.282894008323308022e+00
1.034247368026499192e+00
2.187877289475864684e-02
-9.391527267724302241e-01
-2.791613951233556934e-02
1.754411297693429517e-01
3.360819100197782183e-01
-2.740392974488079503e-01
-5.301412510119075244e-02
-1.138165952146879878e+00
-1.469233735974900257e-01
-1.179572145947153983e+00
-8.426694650169307410e-01
1.168569348064787849e+00
-6.104282815360104753e-01
-3.486493206176710657e-01
-6.736890882001849157e-01
5.758363392658312208e-01
-1.651987104775977766e+00
-2.280494480919691980e-01
-5.268773425567235824e-01
1.225875791057506325e-01
-6.773165534746856675e-01
-1.209902063371879555e+00
-5.470473340109383020e-01
-9.210871952549745112e-01
-2.426521957979400068e-01
-9.345784897144207015e-01
-2.472532363126687116e-01
-3.958273017323836185e-01
-7.889723190499742245e-02
-8.834805983141342800e-01
-9.928064719933882287e-01
-9.971520243833192909e-01
5.963272958512298993e-01
-1.265166270336504084e+00
-1.161884436108062024e+00
-1.029877217027642011e+00
-2.465935116367860558e-01
-5.534205077200189393e-01
-6.931535285153662684e-01
-3.470992711409221498e-01
4.847035688318405144e-01
-5.196360860732983644e-01
4.210496412252578424e-01
-3.533483561252631633e-01
-5.862818546404969799e-01
-5.795744387319080593e-01
-1.306537492916858723e+00
-2.274551604593169352e-01
3.089130424441086653e-01
-5.262228578245788935e-01
1.115253730841371027e+00
-1.528345378764989881e+00
3.084645911452521538e-04
-1.928273934273242451e-01
8.510555839582817361e-01
3.232087034873270537e-01
-5.492795803565503343e-01
-6.141181960415367236e-01
2.335673066374043816e-01
3.560908686355818142e-01
-8.519475002366194705e-01
-2.386822771453192549e-01
1.133275344650269911e+00
-4.903379752288668514e-01
-1.839764208551152025e-02
7.603112669992907469e-01
-6.162169430118862729e-03
1.472552520704147438e+00
1.127755779055235719e+00
1.489491743943674729e-01
-2.014924317651227148e-01
1.549815230609889571e+00
-7.683725816168588407e-01
1.214042209695914698e-02
7.890547922084626409e-01
5.782529528629491988e-01
-9.646212382540448882e-01
-3.445508381053658531e-01
1.356958668387504563e+00
4.320893988937724028e-01
8.024501593202446603e-01
-1.102382974993349585e+00
-1.254675218320001395e+00
1.776652598212058010e+00
-1.192794680885214564e+00
-4.840838131411035472e-01
-1.671441700709868083e-01
-1.283189170194676265e+00
-8.793152546141199677e-01
9.374816467620564753e-01
5.496913911015489651e-01
-1.668415323384780935e-02
8.054491348851003929e-01
2.836074658772779200e-01
-2.299488618926611994e-01
-7.558912243007785969e-01
1.003663508932538084e+00
8.085704033953000636e-01
-3.236008256970965280e-01
-1.523245534051062555e-02
5.378210243946907054e-01
-3.030060409897963880e-02
-1.196100181827359332e+00
-3.275971865819771733e-01
7.751619322305560722e-01
2.699555294158962893e-01
-1.613258589550539801e+00
-4.542289956400664130e-01
4.400287410790551523e-01
-1.155055625262188190e+00
-6.164297794407651576e-01
-2.917395984917053320e-01
-5.402991195713408717e-02
-6.007115961338500842e-02
-8.625128700715575247e-01
1.153361765811156958e-01
-1.035681550250106830e-01
5.020382375027520050e-01
-4.097655041198284831e-01
-2.121499637624849610e-01
8.059923154677839374e-01
-2.207131694841385217e-01
1.203219883466554729e-01
4.822451798777865201e-02
1.694746029892746808e+00
-7.300806170665826711e-01
-9.336929400245366772e-02
3.658014898789009317e-01
-3.360502000100207831e-01
-6.314978831763975453e-01
-3.142632349114652390e-01
-9.146989193161217946e-01
-8.599166759218919154e-01
1.588522961741084538e+00
8.045179103457080760e-01
1.920812336789020913e-01
-4.294305889929833642e-01
-2.019707040315773305e+00
-8.709481299157686429e-01
-1.948676582529594581e-01
-8.206653783570306837e-01
1.128360701097366636e+00
2.429821358221831429e-01
-1.160279980813368361e+00
4.038457222141584868e-01
-1.022741993588624165e+00
7.431586182611598090e-01
2.903853458152227951e-01
-6.485558506763697273e-02
-9.618627886118022996e-01
-2.479916394222175247e-01
9.048058663722777784e-01
-4.822223372070773006e-01
-1.191595030101787023e+00
8.357791171525148499e-01
1.491905592293865657e-01
-1.366896904723897910e+00
5.317320857460221539e-01
-6.679811538117174097e-01
8.823514670966672302e-01
-7.376527291559236144e-01
-1.453748317978633464e+00
-2.678464225797398401e-01
-1.482872167786245310e+00
3.513093059257951789e-01
-9.464221716457152933e-01
-6.533041909811641013e-01
-8.242542616188665294e-02
-8.513890348450505741e-01
-1.166490085125337695e+00
1.412707350920228144e-01
7.585471482699046586e-01
-6.425398709126237673e-01
1.450470315471744209e+00
3.670814460063916429e-01
-4.983423793684810810e-01
9.905332308948044950e-01
1.624709226732449219e-01
-6.633638226960815176e-01
-4.023258655241029325e-01
5.787763824232990961e-01
-4.408505552047914389e-04
8.757157177702054041e-01
-1.192488997351528690e+00
4.651442442568951008e-01
-5.109993491321466186e-01
4.969911750909045134e-01
1.444197424727343693e+00
5.487027070750987168e-01
4.579469194473949623e-01
7.626616288604407545e-01
7.032079204970498321e-01
-5.651768621639567947e-01
-5.083597656662499631e-01
-3.716128814297014471e-01
4.139624128491944943e-01
1.016784535833845204e+00
1.019308956701664215e+00
1.895994346823449472e+00
8.633278399421628890e-02
-8.414923807644427711e-01
1.361598803191121032e+00
-1.246358067726487606e+00
5.078426840923755403e-01
-4.461817994549731603e-01
1.176626659860101398e+00
1.025692399200190882e-02
-4.824989609626780807e-01
1.235878448118387929e-01
5.117176056138040829e-01
4.451883496904718851e-01
8.973337315862330854e-01
6.070659380963959739e-01
-1.979791746823736931e+00
-8.922254938583596973e-01
3.060213705541104390e-01
8.116752937894328168e-01
5.173341753620757100e-01
-4.546613963400008562e-01
-1.153834050786534338e+00
-1.524918073020279152e+00
-1.015963847136042708e-01
3.447265912826954493e-01
