-7.223371216974378006e-01
-1.903685312117296968e+00
8.416883708910906092e-01
1.983036945988191080e-02
-9.405377336074296490e-01
1.992080838860798009e-01
-3.651732537220694352e-01
-1.734145551672620300e+00
-4.447933444044069873e-01
1.143273749416350515e+00
1.622314458627034384e+00
9.763718030877135412e-01
-8.836404207286423507e-01
5.463377981517824056e-01
3.827508277887745058e-02
7.872107284323742737e-01
-8.332822514429939487e-01
2.360204826252638999e-01
1.086566828548015451e+00
9.177375582993581027e-01
1.041281344605332837e+00
1.868131438037125558e-01
-1.272751509745331910e+00
1.280669395293620783e+00
-1.250328257078036298e+00
1.415712075539904413e+00
-5.681761596100431966e-01
9.370962506836910677e-01
9.674627981670638199e-01
-5.205935706611732883e-01
3.320349104659016670e-01
-7.513109360189411667e-01
8.423846887440195053e-01
-4.139150044304108489e-01
3.423214194073817551e-01
-1.715626485061359438e-02
-2.246294950743188856e+00
-5.890748382530139882e-01
-2.414536107220530248e+00
-2.733983897660402507e-02
1.118383157943113382e+00
-1.085075794313397513e+00
-8.573013569365793840e-01
6.205729644232695907e-01
3.451235227819550166e-01
-2.738970976171474780e-01
-6.174209596164537128e-01
-2.697120061318856177e-01
-3.100232697763912748e-01
-1.575792619662465643e+00
1.710131212460879735e-01
2.612888932879432469e-01
3.036968476369882042e-02
-9.182761135175399048e-01
-2.108373166844972890e-01
-1.061840817966928308e+00
-3.186915169851726182e-01
-1.182764304168828939e+00
-4.222088496242335509e-01
1.361607835535165067e+00
-2.465329147642595919e-01
5.207039015866304910e-01
1.864471168445427596e+00
1.396423050658559761e+00
2.345746795244071925e-01
-3.996200634436350985e-01
-1.335835735680635850e+00
1.342563820534949381e-01
-1.131623475926168076e+00
1.423326496935877650e+00
3.774064634699099141e-01
9.354046399369708720e-01
-5.310363264647404158e-01
9.835124962564207873e-01
2.926940877069237890e-01
-5.541019499304380425e-01
-6.255524994046776088e-01
1.251181746013312057e-01
-2.606699985716040557e-03
-1.095607214749247049e+00
1.063865541997884856e-01
2.149135153293104672e-01
-7.288161851187016094e-01
-1.473846346795282702e+00
3.249739614432090029e-01
7.270297216337433532e-01
2.182417868767845825e-01
-1.494594964928169123e+00
7.065437569110850635e-01
-8.104896363414441085e-01
-7.854754424996952533e-01
8.361109644979325406e-01
6.260937238207080480e-01
-3.580066019726906024e-02
1.092286760643454979e+00
-5.216718421921121007e-02
-1.053935602644374026e+00
-1.345027870941457315e-01
-1.056388690690647891e+00
-5.041124781314720860e-01
4.121367219558654260e-01
1.533940962418816278e+00
4.737884417211264965e-01
-1.100275309891354664e-01
-9.053699505898138433e-01
-7.909416695032157607e-01
2.555367093121567734e-01
7.871523205137113122e-01
-6.928309776017924637e-01
5.052900661085696354e-02
1.020306877497508147e+00
1.429097554971476558e-01
-9.136813550930451555e-01
7.644387643592083226e-01
-3.996135121186850103e-01
-6.697326140280280837e-01
-1.878745322393745587e+00
1.119175016019221397e-01
1.226498974752785021e+00
4.192138330504877053e-01
-1.183042333935959700e+00
4.834075193898007550e-02
1.794113135636026701e+00
7.000773597289439154e-01
-1.774395105776843673e-01
-1.218496121650882502e+00
-9.772794625170898586e-01
5.488330009682041988e-01
3.564154993517171244e-01
-1.237555121936121827e+00
1.198387502534873583e+00
3.613759903207940383e-01
-8.198588283906216301e-01
-3.029559700945623657e+00
-1.525190260133207687e+00
2.100713984014955238e-01
2.117116665952362975e-01
-1.185872016412611973e+00
1.173263935158346705e+00
8.484062180355262939e-01
2.172322154265921290e-01
1.092137906973135397e+00
1.909123579689975703e+00
4.510923291297078697e-01
-5.588427494115101313e-01
8.249152447493585116e-01
1.249138618351937735e+00
-2.002372458268224520e+00
-9.372871506626250238e-01
1.484332623613369151e-01
1.771870414464174481e-01
9.048315163583303677e-01
3.501798198723486411e-01
-2.004256170923918390e+00
-3.838700965355851258e-01
-1.182750654618336172e+00
-8.842953847492647235e-01
1.392288650189748234e+00
8.687081184807894374e-01
-2.052879279980322769e-01
-1.358066570238135373e+00
1.838008930476647818e-02
-1.144431173014335501e+00
-9.781972530904516905e-01
6.276935160101546618e-01
3.954926020759522709e-01
-8.544785877994849344e-01
-9.493197634249979366e-02
-3.820370833146524703e-01
1.364333224008192236e+00
1.837673664812846441e+00
-1.000394800809339679e-01
-1.710078914593331501e-01
6.644700387419091303e-01
-1.404105250928910698e+00
7.595941810279038808e-01
-4.293148909279124181e-01
2.500030611274556502e+00
2.037675789722732222e+00
1.428853798563670452e+00
-2.351049408328798496e+00
-1.003625948266134937e+00
-1.590021788782771894e+00
2.315634070829538094e-01
-1.237932089965462890e+00
3.721232401912837329e-01
-8.999422671830186182e-01
-9.864999755008092563e-01
1.000163514514870400e+00
-7.775508418129639665e-01
1.190661975439779807e+00
6.148233424801130553e-02
1.247952423473872863e-01
1.451305006130061193e+00
1.553337297038678066e+00
2.679695973374757734e-01
3.478774812591854948e-01
6.153430187007645769e-01
5.997779561464753328e-01
4.873557278554908889e-03
-2.649716237217124015e-01
3.449480017380349706e-01
-1.018149658547535363e+00
1.431931480182489391e+00
1.086109380014302350e-02
4.757393660905975818e-01
-5.116649120124668881e-01
-6.431967200407864294e-01
1.146133696437341642e+00
8.262494985227328836e-01
4.764793984042481889e-01
8.672383470941311123e-02
-2.057979916754752447e-01
-3.671795121748943069e-01
-3.050980161370865917e-01
-7.684106013304672911e-02
-2.443729348471212481e-01
-7.728230143321682122e-02
-1.993992506491045202e-01
-2.111318823160404090e-01
-8.931449406143598946e-01
-1.252014411316122455e+00
8.866191645151780820e-01
-8.264209340538840598e-01
1.182622126459779377e+00
-3.343499884065372019e+00
8.469985425231210674e-02
-2.124653208002844629e+00
-1.417408818979112084e+00
-9.786739596181139866e-01
1.176883823699248488e+00
1.798425409177592804e-01
-1.666325400231090992e+00
1.149314912457943150e+00
2.239073210056067076e+00
1.193922472396920842e+00
6.890027776817304606e-01
1.899643098892264792e+00
7.036209450840810176e-01
4.326754721069865917e-01
-1.276081469790164569e-01
2.345924707837405976e-01
1.487419257598586730e-01
7.579470250638117301e-01
4.032291114451676539e-01
-1.128329070222430008e+00
1.350954888681452193e+00
-1.537076221636658246e+00
-1.749571012657951785e+00
-3.337125646228426556e-01
-1.764609478036777812e+00
-2.552698087328387544e+00
-1.338896285411645071e+00
4.869477247978232226e-01
-1.731708197162509899e+00
-2.277284570378890205e-02
6.767786206641451807e-02
1.392849331601273777e+00
8.823997133192058584e-01
-4.181100912582491058e-01
4.321342319474036908e-01
1.412307659704525209e+00
-6.349795169725206412e-01
-1.178833708825481608e-01
-1.697075246422290018e+00
-7.436637185674386252e-01
-6.662743931779484541e-01
1.398561289673992070e+00
-1.450756190400079859e-01
-7.742021333517146164e-01
9.611257711311231855e-01
-9.428420551013979578e-01
-3.267478820530801964e-01
1.117875289645982484e+00
-6.926123378569827294e-01
6.678706823784253954e-01
7.335924421952917385e-01
-6.934656777694683250e-01
8.679416034837721394e-01
-2.735644397481398649e+00
3.780347912721452319e-01
4.856739810330531482e-01
1.503130245058724723e+00
-4.314883689776621845e-01
1.206442435106064720e-01
1.708783716779729567e-01
1.449453608832265372e+00
-1.350994891417945709e+00
6.578270657454662329e-01
3.226724611992392022e-01
-1.236227700722610345e+00
-5.620483269197998899e-01
-3.809313529454458891e-01
1.009966442856051971e+00
-1.146131789124722244e+00
8.240528004533379525e-01
9.663109521024406678e-01
3.513136522588020116e-01
6.890811689098788051e-01
9.451778920857947242e-01
3.416801930917370833e-01
1.394429889743100948e-01
-2.195293317764586138e+00
-4.946948581678679568e-01
-7.343438799347782320e-01
-1.277920993692510665e+00
-3.803593891167302843e-01
1.714898855841884062e+00
4.835315682713002272e-01
-3.958993662515483680e-01
-8.374853394607097989e-01
1.303512936543632206e+00
6.756805886812773387e-01
-1.860144179407490439e+00
-8.684001168344702704e-01
1.139024484603539333e+00
-1.037065466996888174e-01
1.984827783689004699e+00
2.048051567762013692e-01
-1.052583024339320827e+00
1.689465247021443572e-01
-1.123680274161589776e-02
-2.978771932175263149e-01
-2.198155503510933695e+00
-5.676959198074819080e-01
1.535123135560440444e+00
8.748826550583680417e-01
-5.448081608098470641e-01
-9.091704845534431811e-01
1.431646202669437873e+00
7.511751842755891584e-01
-2.669356876511045362e-01
2.340401207287229057e-01
8.892029690203078207e-01
-2.923422426560075005e-01
2.454065332666119925e+00
-7.421458843057523458e-01
-3.185511316095172019e-01
-8.620880784902681948e-02
1.333556544074421701e+00
-2.071967965414831081e+00
1.967049311414419188e+00
9.325666988962968418e-01
-1.796332638257433167e+00
6.767113476316974907e-01
-1.872152954821531434e+00
-1.447093946494308614e-01
3.912989834803662914e-01
8.709382928676917546e-02
3.139618857148240849e-01
1.031958155927779952e+00
-3.841673739550633404e-01
1.170041608779033432e-01
1.044541329929641049e-01
-1.533382253633127190e+00
-2.769112225027884899e-01
5.905445947207090818e-01
-1.151140706496067478e+00
7.812762576808707227e-01
-1.995677466895997565e-01
1.210244296331741909e+00
-5.585834978362258507e-01
2.280852448021961631e-01
-3.292131702974309126e-01
4.465352510319911539e-01
6.499350212495347279e-02
3.485225934931390213e-01
-1.487734032288902775e+00
-3.994138181313922620e-01
