8.230592396593305882e-02
5.501985676570964046e-02
-1.518958215865536809e+00
9.093720247894149233e-03
-2.646220045482747252e-01
1.450864540104539024e+00
-3.074381952580876320e-01
1.108928229443177232e-01
-6.390102177351596247e+00
2.004924092042144945e+00
-3.972740787388757688e-01
5.943172354318581041e-01
-3.622640502927364503e-01
7.823390402648008335e-01
-5.081309928417006017e-01
-2.055946524384056340e-01
-3.662044132741799074e-01
3.047050540915904548e+00
1.514382393724638121e-01
3.950542848014087394e+00
-4.577090209823785116e+00
5.329749790093639028e+00
8.843199256788600859e-01
-2.276196299707756054e+00
1.498497031136316382e+00
5.003537604219877588e-01
7.359661615333601414e-01
-3.669107812040107719e-01
2.338902145818183342e+00
-1.243498993977356415e+00
1.049803661448559522e+00
9.970093641501706072e-01
-5.268677945274020669e-01
2.033822124211945415e+00
-1.710181606932127618e+00
-1.293764951631968030e+00
-4.928756357589767489e-01
3.042582237219776387e-02
-6.573498888305849830e-01
-4.510281754573852164e-01
-4.185402571106747738e-01
1.059556597464754724e+00
-1.949536263399685443e-01
2.144748336334886263e-01
2.622704021100460414e-01
-1.324388475363372342e+00
6.276835229400280491e-01
-1.200833306359988528e+00
1.258763635305312212e+00
9.246739375792876192e-01
8.769777522771383671e-01
-3.330279316195705608e-01
-5.578519911571534484e-01
1.369744606606391635e+00
5.570156098894142316e-01
-1.555630103813536502e+00
3.709843246378593529e-01
-1.682812939551462605e+00
-1.555466804356696153e+00
4.276462818750683681e-01
1.236467176104768806e-01
2.482070351580428214e-01
4.736347742508231207e-01
-2.537358809783969438e-01
1.218836990401500842e+00
2.013541630839772445e+00
-2.110847854455737860e+00
2.391661503622957985e-01
-1.325329460382951297e+00
-1.720459934551717529e+00
-3.383488593708287695e+00
-3.243238744330026346e+00
3.087152344074462484e-01
-5.392915846249538570e-01
8.691807634900234891e-01
-5.623356842490089491e+00
-1.896356916566724671e+00
8.539612722358200791e-01
-2.921672470176385206e-01
2.024708047347204776e+00
-2.196867248459610344e+00
3.366667384082097647e-01
5.666923988254946032e-01
-1.197753179791897438e+00
-7.252730008035085385e-01
1.376906752998741990e+00
6.894115058887542169e-01
1.443363552097935709e-01
-1.624644878144042348e+00
1.024084887260742205e-01
2.023227943669865248e+00
9.125679075598598367e-01
-2.605613492486992477e+00
2.474103808149981543e+00
5.327424608485019364e-02
1.977655510568813835e+00
-8.144761166757635840e-01
-1.152474113895111785e+00
6.849544949504621227e-01
1.009865442507707600e+00
-7.178210201643171473e-01
9.447322517575338363e-01
-1.752136904078451241e-01
-1.430996232278749503e+00
-4.293387185945174878e+00
-5.436821593201540459e+00
1.492738033013352728e-01
-8.824123253157516444e-01
-2.372690908251123554e-01
-3.575524257603682754e-01
8.882848007576519267e-01
3.357134823484247410e-01
1.884217756323880444e-01
3.186413841302804251e-02
1.767453003934824185e+00
-1.330642566070746602e+00
6.636989056511741758e-01
7.399728845878611461e-01
3.112455559764336355e-02
1.143097983788367467e+00
1.409390183925194773e+00
1.322870039179774748e+00
3.096245894390788345e-01
2.857938067965099194e+00
1.095052231088617933e+00
-1.523618160569188973e-01
-6.203224017957795766e-01
-1.309835642840496417e-01
-2.327945882812059164e-01
-1.847836512089602534e+00
-4.233543726033290322e-01
-1.199655100124133122e+00
-6.315614252706747145e-01
-1.102645633335956443e+00
4.989027688041103303e-02
-4.358887662379652417e-01
1.342715834733917424e+00
7.110308846603616284e-02
7.373866035185209222e-01
6.541013196853154854e-01
-1.279268405963468691e+00
-1.938570775783320599e+00
1.049517440942457469e+00
9.940043817875767740e-01
-1.070999545828843935e+00
4.156610819877828433e+00
-6.686986502501861551e-01
-3.203840424005130583e+00
5.135017667087574678e-01
1.538615353789647422e-01
1.083779108197965080e+00
3.602458112598960760e-01
-1.123849637107998456e+00
-8.216258511335334802e-01
-1.012768712699609885e-01
-3.423051951734978893e-03
-4.614630657142909653e-02
1.867060709738917357e+00
-1.495103698788393221e+00
-5.877978947267079590e-01
3.662666095734957161e-01
1.412617265565456304e+00
6.004034715344241935e-01
-1.279536365812229626e+00
1.172555393986285610e+00
4.705798697890264948e-01
9.494232347937368033e-01
-4.244124822705971911e-01
-2.261172936718733872e+00
5.721387099796975129e-01
9.655278968983367349e-01
-2.920616781854115551e+00
-2.360193316270621899e+00
-1.110369173537560705e+00
1.697391892237201105e+00
4.281293366367879827e-01
-8.343131023516558997e-01
-1.739786346320603805e+00
-1.719244004099157730e-01
-7.555301678975580026e-01
1.787015506053633240e+00
3.486088015557338160e-01
6.035817518639912116e-01
4.298428231901869068e-01
-5.096604201906170806e-01
-1.271997251761561643e+00
-3.271493905304601602e-01
