6.905119467818986445e-01
3.594471968955863517e-01
7.585763889372982849e-01
5.742160056385311462e-01
9.750786916137004212e-01
-3.446173823301836303e-01
9.411448862528074555e-01
-1.805234364632065103e-01
3.809744350563649684e-01
-1.601768010768842121e+00
5.678499511990567905e-01
-4.110538373332993101e-01
-6.906021882079987906e-01
-4.754189179161895373e-02
-3.862595239281062742e+00
4.922683097388408369e-01
8.871106714196272947e-01
3.902235606057011807e-01
9.755116391796654629e-02
-1.872271371238665993e-01
-7.992911337219084089e-01
-2.988691758902158879e-01
-2.279376591388864171e-01
-9.054980691161926831e-01
3.410804876915524142e-01
-3.904661668279673092e-01
7.586466561850729873e-01
7.715405771423183845e-02
-1.376638788774812161e+00
-3.572619432880427826e-01
1.549560580383895436e+00
-8.200436887222388727e-01
2.496722480402268907e-01
-9.364800464159437343e-01
7.435882085681707609e-01
3.363788160592589005e-01
-5.080767375883503689e-01
4.654974999354914988e-01
3.915064542174330198e-01
1.000058401052344309e-02
7.645335790178230395e-01
-1.576630682812534545e-01
-4.190462029037593239e-01
-3.404297747089879422e-01
5.276354959678957179e-01
4.394441665950384324e-01
-6.931758641828902334e-01
1.177383531553123142e+00
3.527737658668194110e-01
1.438101619589910174e-01
-4.120376393608107257e-01
-5.766211195756301144e-01
5.852994590532605290e-01
-4.082213864397069569e-01
-1.969613434348688741e-01
3.376063271290755896e+00
2.198154482700154233e-01
1.081200277673381588e-01
-1.265097918595684767e+00
3.103068013507381817e-01
-3.812420244473331832e-01
3.639450076026024689e-02
-1.418581841735146697e-02
1.764311502669182685e+00
5.912908410722519381e-01
-1.762496035179016429e-01
-6.459510966255489484e-01
-1.049615390648747371e-01
8.165116835437022935e-01
-2.055850222206425659e-01
-7.350676620067961853e-01
5.417392777918318414e-01
-1.809515302981886120e-01
-1.085893963092820491e-01
-1.324357172242390246e-01
-2.851281820886261142e-01
3.639803979192108851e-01
-1.960819801932833228e-01
2.156297977929299670e+00
4.802413388194022303e-01
-1.251151749278729630e+00
-7.808594606798562321e-01
2.386652497491906777e-01
-1.545238134987469536e+00
8.354372046766636029e-01
3.937694687801104321e-01
5.483343164030142214e-01
2.704371990004461601e+00
3.588487768045995341e-01
-3.327624619548225637e-01
7.706869869880533797e-01
-1.429259443366711402e+00
-1.734806858364062343e+00
-3.021237054322909010e+00
-5.315872982297629168e-01
-5.465416772076839846e-01
6.892738484724622028e-01
-7.948088770249559509e-01
-1.154954303967521634e+00
-6.713161607746795934e-01
-1.411660847705804023e-01
-3.855018406775958528e-01
-1.186294487687776567e+00
1.427403951542855598e+00
1.944071629974947757e-01
-4.940191147335277200e-01
-2.477404769976410126e-01
3.615160269503543411e-01
5.261651063551905372e-01
-6.596455811597612406e-01
-8.279715134541213439e-01
-2.599144135681464296e-01
-3.052806676834880495e-01
-6.481415693493908226e-01
2.701967489614291451e-01
1.081358995302815318e+00
1.918561490484109178e-01
-1.622526318051109584e+00
-6.145741234715845769e-02
1.362885255060179768e+00
7.697738250481080957e-01
9.466205361236542659e-01
7.403055011438440802e-01
3.132376747808713890e-01
-4.702704299813139421e+00
-1.227488843513514727e+00
-1.990358781193317383e-02
3.505891411361452548e-01
-9.171447922523108254e-01
-8.074264249395854964e-01
-2.138700057280176758e-02
-4.512426773895801824e-01
1.288658512129888245e-01
5.718997308099191823e-01
-3.403445103298635477e+00
7.532245763177498610e-01
-1.633417908271463048e+00
5.850190098074830036e-01
2.344907222283580950e+00
-8.439050937127379193e-01
-2.361266014421273540e-01
1.689007779341799687e+00
-4.088117844423312386e-01
-5.114291858677798286e-02
-2.265242507062823485e-01
1.159742014746489414e+00
-7.232353363437586946e-01
7.541588216038299652e-01
-3.716377576386620696e+00
1.841319142483630045e-01
-1.045250771041543736e+00
1.286474058481083649e+00
4.003108638141412157e-01
3.600861562586241682e-01
6.693829325472957711e-03
-1.391549398453199304e-01
-5.219903197657916882e-01
1.147158024104200091e-01
5.838538699633242235e-01
-5.363968689264182466e-01
-1.264777786948177718e-01
-9.798309428079039485e-01
2.862057605455761156e-01
-2.019547760248275203e+00
5.981022404186535357e-02
-4.180365780513815577e-01
4.730106942693425576e-01
-6.383989659360124191e-01
-6.871937302875792408e-01
1.489384980003864767e+00
1.013032983702588874e+00
-3.714840627221310809e-01
-1.391795082048148169e+00
-6.437716173163844369e-01
-7.741333880220377939e-01
8.738659173862757534e-02
-2.575692153313056565e+00
-4.057370337785098369e-01
-3.670131377336898204e-01
-3.341602531871324944e-01
5.570422856562703418e-01
5.882486218162952252e-03
-6.885500374736219786e-01
1.623103649318311970e+00
-1.210922591264325332e+00
-3.739502072135243542e-03
-1.950367054712018877e-01
1.083944611233492034e-01
3.761012580816888717e-02
2.592578812117884546e+00
5.997902479752696969e-01
-2.380383423274304300e-02
8.677780637606712089e-02
-1.981488513660092377e-01
-5.404305283722279363e-01
6.789067244928459477e-01
1.946878391605121328e-01
1.439654223714985637e-01
1.021106924115330536e-02
-1.284017020665453535e+00
-4.854607723909994399e-01
2.319683518473021899e-01
-3.433631652700558368e-01
1.047116500989343502e+00
-4.636011914694189162e-01
3.573337299615330087e-01
-7.263262247720638776e-01
-2.523075502219644939e+00
-3.427768394294018472e-01
-7.908496335192081172e-01
-1.252860549297752257e+00
1.120390151903703391e+00
7.393315760396558245e-01
1.024518903864714003e+00
-1.114723134201221599e+00
-2.847939452184101161e-01
-4.692279670328040886e-02
-2.465284460889744789e-01
1.970656469314787218e+00
3.237381759525569391e-01
-3.770487530013938438e-01
3.588408157890832229e-01
-1.594956268008443645e-01
-3.288650139406431028e-01
9.731003905711743673e-01
-7.258095653312046647e-01
7.301586477959087773e-05
-6.417654381298339983e-01
2.025033786144396497e-01
-2.509979317440526048e-01
1.338654722997486779e+00
-1.265027730593183963e-01
6.817301064632281804e-01
7.920277550436252145e-01
2.088749795818128696e+00
-1.098481860920054454e-01
-5.654629997141844555e-01
1.822827141295305875e+00
-1.845772775661335574e+00
-1.413418899710584986e+00
-2.766684893553877922e-01
-7.328073741410946473e-01
-2.044019775920037987e-02
-2.692221109243606025e-02
-9.430119730498999486e-02
-3.684126164354826760e-01
-1.375229919396633527e+00
2.965712985047497252e-01
-5.436083328804784953e-01
-3.572940273281696166e-01
-1.213791161641040173e+00
-1.806996087911782567e+00
8.924033423914730090e-01
-4.272585785967683014e-01
1.155161647506972145e+00
5.766868288951492172e-01
-1.987181870657657723e-01
1.267149644239573547e+00
9.109584143888084240e-01
-1.785014088155056911e+00
-1.960999358585709063e+00
1.248574960637537923e-01
7.550701813880393853e-01
4.851487815637790524e-01
6.816554834090344794e-01
