-6.159462520281950848e-01
5.604379365842679928e-01
6.788385192832436799e-01
8.243848586237567666e-02
1.561744016422515369e+00
-6.208990021421703087e-01
8.104240418175927552e-01
-1.760114435316160186e-01
5.693281571089283677e-01
-3.301433413292254038e-01
5.628410026954595580e-01
-4.993224613728639572e-01
2.797027387722776925e-01
-1.307167900085630219e+00
-4.580922748650166909e-01
5.694890962984811011e-03
-4.452965977376792672e-01
1.118960715461407851e-01
-3.896887071028251048e-01
-9.023975563858919191e-01
-9.691840499875030712e-01
-3.265913306408452232e-01
4.497002472476588353e-01
-4.095763696380783081e-01
-2.667559587636629814e-01
-7.610831071412305082e-01
-7.169765862232257980e-01
5.206114794045375582e-01
5.179194280789866101e-01
8.406345445580896136e-01
-5.558502070873750922e-01
6.040482439109273738e-01
6.368318073814365210e-01
-5.719922767691492105e-01
3.045347781209732929e-01
7.432058137950101617e-01
8.255658045650235977e-01
8.312034121012719101e-01
-8.765027422293303339e-01
-9.700919486141785786e-01
6.324689398393634754e-01
-8.043562329774549546e-01
-9.469564841318816040e-01
1.464085854609798731e-01
6.137445685836714349e-01
1.735553165367056394e-01
1.191284735589995147e+00
3.136608790435118088e-01
-5.029072748007412663e-02
2.830000799865034500e-01
4.905333972232709394e-01
-9.161149999298690005e-02
1.796342713889631515e-01
-4.226832652270779977e-01
4.842892022503461069e-01
-4.679822664560435719e-01
-8.449693123141757134e-01
1.883899203997074778e-01
8.070423039659007092e-01
3.163658583929984669e-01
6.819092201327254799e-01
-8.382456645543612250e-01
-6.720958881815117802e-01
2.511421857581981332e-01
2.167806304899493330e-01
-7.136425770033070215e-01
-7.709149159309204302e-01
6.628510583315189164e-01
4.714097333795486122e-02
4.487813767255595110e-01
-6.076893705944197421e-01
-2.010904047558390584e-01
6.864006553803884136e-01
-8.363287122090287129e-01
-5.765169900079736287e-01
7.125810533371197408e-01
-3.423472057425157589e-01
5.483138789003410007e-01
-4.516412237109095340e-01
-9.981889435644548669e-01
3.203327127222203030e-01
-2.140301547282188466e-01
6.216819611989630179e-01
7.439620130312862845e-01
-5.651592217511485217e-01
-5.631172359559213358e-01
-7.477958765108390082e-01
7.139309821794019850e-01
-4.299565136524459152e-01
2.142946108035879149e-01
-1.111002714480070264e+00
6.962347351991358124e-01
-5.381631139400731012e-01
-6.025524884650115265e-01
-8.099488287812466325e-01
7.117296854334759226e-01
9.261878881729646018e-01
6.555372952063047709e-01
-6.088274465027692095e-01
-2.968117932510103696e-01
7.464819712324830547e-01
1.739336302299055448e-01
-2.551891094369203028e-01
4.362227642005511719e-01
9.994710329068425825e-01
3.366581517437363669e-01
9.699506743696209021e-01
4.034921350397033812e-01
-3.186559797201153899e-01
-7.095561398027150357e-01
2.976650022800073625e-01
3.172904222236727634e-02
4.433166270919972618e-01
-8.017467223384324715e-01
-5.539888753980657388e-01
5.334690619783373222e-01
3.647796843051858140e-01
-6.804061596159753922e-01
6.709030410712779613e-01
8.121171869068396498e-01
-3.341009197773865402e-01
-1.637051675384653682e-01
-5.928356528528342384e-01
-3.340537226908355528e-01
9.957235881238368780e-02
-9.086860753135577173e-01
3.787339483267362361e-01
-1.117145233631907431e+00
1.022204517698528381e-01
-3.083702567112966975e-01
-7.699964820846996183e-01
1.153110267637343034e+00
6.592554949157201083e-01
-4.636168145807286201e-01
6.757430059159201807e-01
3.928651674507710467e-02
7.631417983238346636e-01
-3.732910969937326406e-01
6.174661888552042122e-01
8.951409180244729313e-01
2.501893133476727482e-01
-6.943592657356619791e-01
-4.134416494648252005e-02
-3.701585454907880268e-01
4.163688056476162469e-01
8.847405264735255237e-01
-3.704857127781097104e-01
-9.725678708515677062e-01
-9.941560155845929891e-01
-2.603160245091811209e-01
1.564374938470149967e-01
-3.866048399473626107e-01
2.621417801361480282e-01
9.958870725185953177e-01
-2.833959552675824334e-01
-3.043676068551319780e-01
3.647381882080911186e-01
2.338840194987890087e-01
7.341706038385404920e-01
1.143722534960906478e-01
-2.676099185369485989e-01
-9.087415141515493566e-01
5.372053342227049999e-01
-1.077018383808113350e-01
-3.274328384982170270e-01
-2.912498159543293053e-01
-4.176260134188010120e-01
-4.255391640344023951e-01
3.669888849069007364e-01
6.545871842165927879e-01
-2.109167748170126533e-01
2.053906417026930276e-01
-3.931605962073401184e-01
-1.215606121563762132e+00
-9.556419995136566925e-02
-6.576313391865581948e-03
-8.297949239259017062e-01
-1.934068270392701461e-01
9.236374315093267562e-01
-1.354900562411531784e-01
3.225045455362638980e-01
8.612159117236859451e-01
-6.334767078835705778e-01
7.961363294509411492e-01
-6.632307528145531261e-02
8.049985418832330542e-01
9.866771292237301871e-01
6.621602496968421736e-01
6.158765814730773336e-01
-6.173518256372434454e-01
-8.782462583876859963e-01
-8.714445678530979844e-02
6.413236375307960202e-01
6.979086966161522909e-01
-5.856678660453136231e-01
1.045890757875598265e+00
9.835633462669655103e-01
-6.163672100819983513e-02
-2.493340527176766130e-01
8.464881469161493754e-01
5.831875447538958923e-02
-6.064464297278861910e-02
-4.987686541689715369e-01
-1.029060111101693042e+00
-7.404753455252996996e-01
-6.072694700590284267e-01
-5.292310957142035699e-01
-9.964694397233315737e-01
1.478210359481255398e-01
-3.961018834403235434e-01
-5.534264880502284267e-01
5.273058372975597541e-02
6.868656098552650136e-01
3.024472228691231779e-01
-8.352020540787425951e-01
-9.352796150152181687e-01
-1.723400055548167664e-01
9.556651102900290962e-01
-8.115846463548292977e-01
3.573491912616422184e-01
-1.389716400545810693e-01
-7.336507186642673428e-01
8.077098547077441459e-01
-8.701412564108406134e-01
6.362117655813099848e-01
-1.289702145231408581e+00
-5.323286676139779017e-01
4.507633159330297623e-01
-7.747693757862751662e-02
9.220965904357767418e-01
8.606662865111782690e-01
-5.662128000896865521e-01
-2.838059176576577247e-01
-9.492795891302316935e-01
8.857262429853340890e-02
-1.397755765372676873e-01
-3.186162918886605022e-02
1.657946838640614207e+00
-1.245492034488741240e+00
-3.365662216114517769e-01
-8.816177262316116092e-01
-9.131955853046654914e-01
3.658435296274700210e-01
9.158839125740281251e-01
6.545210794711876501e-01
4.910595374397068724e-01
7.301763206144042950e-01
7.515324513995351730e-01
1.250596589492772637e+00
2.287878048789796503e-01
-3.822152428335086061e-01
2.859497847832757067e-01
9.018004875061844672e-01
-5.770195584786907972e-01
-3.285571066723180222e-01
6.069181128312570728e-01
6.324781146805664722e-01
8.404454364598579197e-01
1.281122674374355341e-01
3.448021139986481298e-01
-7.690022011586155060e-01
-3.363361452614981317e-01
-3.072376146669715258e-01
8.226071150591693915e-01
-6.073236474725632883e-01
