1.757763918448580043e+00
7.413352137921452867e-02
3.020286455067157094e-01
1.098830283965031240e+00
1.748585838266218495e+00
-3.738021918517109854e-01
4.007069418999340549e-01
-3.281541272364920658e-01
3.872325706417795166e-01
-1.144973874033889949e+00
2.150257259660295905e-02
-7.997654563693563645e-01
9.279767274232149088e-01
6.626333720028365626e-01
-1.288845216934013660e+00
-1.722406089637591453e+00
-4.995633919813610713e-01
1.828688724361782481e-01
-9.333062997610899192e-01
-5.485879973258653841e-01
6.593023233435950647e-01
4.478418943789435613e-01
5.423737903879490840e-01
-3.570194124894940368e-01
8.531374641991001928e-01
-1.526260380012617990e+00
-1.596170920893203782e+00
-3.679447269290232470e-01
3.047622187013241390e-01
-2.941006156899471646e-01
2.802011053217440262e-01
-6.475208875813869280e-01
1.553007475428716810e-01
-4.668123538530755123e-01
7.898064368162697191e-01
1.890476578350142600e-01
7.287941654858001161e-01
6.071300483127002323e-01
-4.236617850002593610e-01
-3.309008219618709834e-01
-2.482906975649174508e-01
2.507241441774391566e-01
-2.593519411497574589e-02
-4.785470639725724062e-01
-4.955868547601193219e-01
6.047489051693206719e-01
-7.259151222182265162e-01
-1.520947980531248245e+00
5.006998562782482010e-01
1.435037450754600652e+00
-6.061891199983526768e-02
5.724562521422102979e-01
-4.923051775557781840e-01
-9.300264952979492294e-01
-8.457258247964252185e-01
-7.182797270525240751e-01
4.731923634763169906e-01
-9.176589223441362630e-01
-2.208168313094333313e-01
3.697230087186550440e-01
5.905468027861008329e-01
-9.757839447403229283e-01
-2.887139006572078115e-01
-5.057758857737857383e-01
1.564145039609803334e+00
-5.210723465866013981e-01
-1.254295258306332261e+00
-5.665204876594012173e-01
6.558708862055450117e-01
-9.977976594242854436e-01
5.006765451560715174e-01
1.506216728764230073e+00
-7.774126943453170124e-01
-7.392291074294081721e-01
-5.975597118366273719e-01
7.716140727731406468e-01
-5.104409527014961423e-01
-2.815398331373474838e-01
7.698026984178404919e-02
-1.122868752872790310e+00
6.452768465314346891e-01
5.608542252061836653e-01
2.383378722203344235e-03
-7.569118803656493810e-01
-9.531621181288435496e-02
-5.195325866910545098e-01
1.683663443925855097e+00
-6.785929433809544387e-01
-7.602961127761104221e-01
-5.363223448635600077e-01
-1.559382589805070052e-01
1.046932621101186012e+00
3.596168412953355542e-01
9.594002768139675563e-01
-7.002017938525206819e-02
-7.133860813125166705e-03
-2.475417181543089484e-02
-6.085958020112742783e-01
-9.667169335240659578e-01
-7.121553648745255760e-01
1.285558338312334792e-01
1.869401664574013022e-01
5.952585080651076055e-01
5.764884636257673611e-02
-2.433786786051850282e-01
3.266667259728228134e-01
-4.272924284961100994e-01
-1.314004443192422933e+00
-2.760971684691710948e+00
1.038189370033553993e-01
5.631006442604042928e-01
1.923891197075819903e-01
-9.606462051066115837e-01
2.324902036294701269e+00
7.378624041402768174e-01
-7.438734322750384376e-01
3.041334380268823523e+00
-6.108523871065887345e-01
-7.318405587370040433e-01
-4.559791736390262917e-01
1.956510384996030805e+00
-1.102728955035238434e-01
-1.695607259722879956e-01
-4.185868993879147126e-01
5.499777379546262335e-01
-4.637002499631801555e-01
1.231952625128761802e+00
-6.247876191867305362e-01
8.147982304743486281e-01
1.417799505410311856e+00
3.885457340444455898e-01
-1.143692690016734570e+00
-8.248405168556879330e-01
1.606825702232754782e+00
1.249998817138221613e-01
5.478275265991046084e-01
1.716794431575004443e-01
1.548525662173029671e+00
-1.263097483360985152e+00
9.784221484229009835e-01
6.595828592529306977e-01
9.646605492782943658e-01
-9.337883318742917771e-01
2.367828267014389532e+00
3.638745121691390194e-01
-9.384466754956413137e-01
-7.489993121644807905e-01
7.897530494022348968e-01
2.616775926119664919e-01
9.708066294433121968e-01
2.663319259135895622e-01
2.091515557384396318e-02
-2.252615916935835766e-02
-8.647287894201789449e-01
1.841469669550340971e+00
-4.564072824765730285e-01
3.950341191620185266e-01
-2.349057697199201378e-02
-1.930893060163016539e+00
-4.801303539899023920e-01
1.383695920658658540e+00
-1.553981025701882124e-01
4.272778586342602658e-01
1.195386681430264497e+00
-4.033082154146145903e-01
3.081728531956344774e-01
-2.287969305758864313e-01
-1.135363108818378819e-01
4.195565646248199387e-01
1.318299394353241283e+00
-1.162939663408111973e-01
4.915851771793541825e-01
5.544942679182686129e-01
-1.178199315158673155e+00
1.334906085346470039e+00
5.046582643714860872e-01
-3.089158926800240068e-01
-3.929451555716694244e-01
-4.764242481806028051e-01
9.954797400827414267e-02
1.438932450527910634e+00
1.572626506204203856e-01
5.033652267581714135e-01
-6.889673314046260155e-02
-5.046003815879037679e-01
3.783728866560006621e-01
-9.231579623927030909e-01
-3.695517157041757206e-01
-2.223520649833159002e+00
-4.700069675880406805e+00
1.068079942004364291e+00
-5.340760435173481646e-01
-7.178883837742833229e-01
1.525924121870814165e-01
-1.217884789575654381e+00
-4.947554962317474159e-01
2.409097430180611732e-01
-1.145834607876580757e-02
7.616752532382558005e-01
-1.724274439620907262e-01
-5.209473178369653512e-01
2.601125601106070162e-01
4.080966795720375462e-02
8.536762903418745885e-02
-6.953378849678895079e-01
-6.201650781984749949e-01
-3.629143210785895635e-02
3.111349429088736684e-01
-6.387404017181463889e-01
-1.436837233753912368e+00
5.829541518925000082e-02
-8.780723491739285125e-01
-1.925633805042626268e+00
8.289212913520499493e-02
1.598703522769557295e-01
-9.467806025189585695e-01
1.187100814256658452e-04
9.786663248710006369e-02
3.915710758494362898e-01
2.681537174217389907e-01
-2.570991686965520273e-01
9.956928063949457286e-01
-6.442832381857126478e-01
3.881115025821306741e-01
-1.066396312678052682e+00
-5.177988970975622163e-01
1.245991483928144739e+00
4.366668935335019271e-03
2.444847107800200425e-01
1.913065793018329019e+00
2.540815361639269798e-01
1.445497064524673192e+00
-4.945054209493598973e-01
5.022031705852338934e-01
-3.645786069693224274e-02
2.145235397327978355e-01
-1.111456053108220488e+00
1.588948298852797869e+00
6.121274793617270671e-01
1.145796444452511498e+00
-1.967632466203284719e-02
3.545028571205556811e-01
4.334309971882636114e-01
-3.909363333418819364e-01
-9.247755229779019981e-01
3.937372683009512930e-01
1.148361703004858958e+00
-1.723905557956576240e-01
2.482392468599006474e-01
-5.120508582993073432e+00
2.607291371393305024e+00
-2.062601914769792155e-01
3.729113511636361622e-01
2.033067079119043052e-01
-9.742046945883403586e-01
-7.081732520225510197e-02
6.205659471386339998e-01
-1.133892975862046182e+00
-2.723108166663461560e-01
1.490558303168475041e+00
-2.572597715733894175e-01
3.547740414412884347e-01
2.495396123815700751e-01
1.335788309108689731e-01
7.604518483677078500e-01
