-2.536586239149357103e-01
3.832705770384552124e-02
4.091936160447649795e-02
4.255855352915189904e-01
6.844073856815865442e-01
4.291910771630514931e-01
-1.237667921997948506e+00
-6.862518336486608250e-01
9.241917496720761793e-01
-1.037124277024043417e+00
-7.746864473829316589e-02
3.061356921268834630e-01
-3.533887328900203739e-01
1.726364496012576133e+00
3.757995554634486202e-01
1.074688977491526254e+00
7.370189606226031920e-01
1.019613085777334893e+00
-4.888788790729478029e-01
1.091326622480880637e+00
3.748004691386471743e-01
-3.266666891084389346e-01
-3.516074131759670540e-01
-1.730408103210651083e-02
-7.428118636477074599e-01
-1.326382803631401819e-01
-2.845458643383207975e-01
7.416895513872553414e-01
-1.365687231739161345e-01
9.592814815585526400e-01
7.206153555374597008e-01
7.186396038016361620e-01
-7.692358148472695500e-01
-2.287033339660881348e-01
-6.395522682528112512e-02
-7.962371309899265448e-01
2.436851205646674567e-01
7.077285761083386140e-01
-5.925349632545432454e-01
-7.462354678768322591e-01
8.555335990164401050e-01
-2.786397249678491672e-01
1.323216336815311811e+00
3.764932521755476325e-01
-8.693795891733816505e-01
-1.446901903567051617e-01
-1.457914741864577701e+00
-8.530442565502567298e-01
-6.574836342857628413e-01
-3.355756396163350752e-01
1.072893039966220652e-01
-1.317318945247503814e+00
-3.184563016069806851e-01
-1.853071964276026939e+00
-1.931874382695980330e+00
-6.843832902521764794e-01
-9.854836989846949002e-01
-1.391389868032224530e+00
9.655615411384977920e-01
8.518565094242243063e-01
-1.257874414208282499e+00
-1.549535912395305637e+00
1.172658455804625133e+00
7.002431187080249142e-01
1.229744547915965436e+00
7.887184280704478967e-01
-1.122400810837282797e-01
1.544977384918677366e-01
6.197675998951961418e-01
2.236209027986776343e-01
6.926784562952551516e-01
-8.656525710248943462e-01
9.015523884725208381e-01
9.524371340464952151e-01
-3.419329903864425368e-01
3.314401155117326359e-01
-8.787573141908679997e-01
-9.295267611241616601e-01
7.479039431675206240e-01
-8.007202606824064262e-01
8.238062823320244643e-01
-1.108676208566384602e+00
1.453087662422219428e-01
6.512791017637409308e-01
-7.858726932964206213e-01
5.689504533836133859e-01
-4.640167880996542427e-01
-4.404586661997137442e-01
1.415989373472194557e-01
-1.820230934314365223e-01
3.000158273804692799e-01
-1.923845069107644745e+00
-1.385311754559155339e-01
1.136743807319162136e-01
6.367280177318094259e-01
-1.547334786639169124e+00
7.805153972027706333e-01
3.847630779219045616e-01
-6.729201806209612613e-01
-4.027725957231068077e-01
8.640231963464090059e-01
1.288629688029365949e+00
8.545155735248618489e-01
1.823332649256926286e-01
9.786733890071605546e-03
-9.765059214994725734e-01
-5.062594947031012760e-03
-2.858134220598461117e-01
-3.498504021991685753e-01
2.677998572380382303e-01
8.497035551528475672e-01
1.162302937870218988e+00
7.407147317945713683e-01
7.661874046964136653e-01
-3.639419303487052004e-01
-9.134887194342578010e-02
-4.189642512314147860e-01
-7.282309627414279563e-01
-9.917086587129815278e-01
1.921977574703933600e+00
-5.681068747556469178e-01
-7.736638976814815827e-01
-9.665469202256254944e-01
-1.061898141230387838e+00
6.964492122803274399e-02
-1.296945467744928249e-02
1.762011962169824697e+00
-4.818451606931992148e-01
-6.416206353691250586e-01
-7.762914625288217518e-01
4.182046645485163472e-01
-3.600225887173085781e-01
-4.894311343733426800e-01
-8.295257017514707787e-01
-1.338351168470504060e+00
3.168281870146318902e-01
-2.941656957467196909e-01
2.977528281372217034e-01
-1.171390481880717205e-01
-2.631779202087539127e-01
-1.394130814265879925e+00
-7.368901069801774284e-01
1.109273805472662244e-01
-7.975080582783727889e-02
4.937056126232532982e-01
-4.693067709019701494e-01
-1.262557026662288751e+00
-1.054916669804792262e+00
-1.058053077919302920e+00
1.022652438833049793e+00
1.568843910286926713e-01
-1.234898331909317221e-01
7.147237139325195443e-01
-1.617505669703622084e+00
-1.163531760315038854e-01
1.048167422745283517e+00
-1.635445108657235913e+00
-9.020439719883872609e-01
-6.020466803621353780e-01
-4.441233377108114722e-01
-4.258612922873823425e-01
-5.627756580235823147e-01
-8.979955857085910598e-01
-1.356929470146770456e-01
-5.917907231993496664e-01
2.935818556396816437e-01
1.079488170976124151e+00
-9.253508533589724916e-01
5.382085612274436492e-01
-2.133499318741302053e-01
-3.308300509305533432e-01
-5.614920148476122419e-01
-3.618495025424403599e-01
8.223057942966723877e-01
1.580668315342339758e+00
-3.726246235689426589e-01
1.228172377579194452e-01
-4.044813772990300538e-01
-1.195394267913256980e+00
1.351479053283242138e+00
-1.044812395273425620e+00
-5.024428225784360880e-01
1.325927153454068419e-01
1.495895459217723988e-01
1.978360982425718673e-01
3.069351673192505792e-01
4.551341152208238094e-01
8.010268237869038188e-01
-7.715785811225620572e-01
-6.162822499937876675e-01
-2.677980225842560569e-02
5.531929397448698271e-01
-2.771075512770322380e-01
2.608868699118818135e-01
-1.064344097289519508e+00
-7.149332080185436533e-01
5.775777703761901805e-01
-1.051926510699657147e+00
-8.984790625667561370e-01
-1.663683978300210198e+00
-1.062888015968062261e+00
1.064794437924140746e+00
7.566912413547639549e-01
4.693849187230347830e-01
1.127019495067268229e-01
6.100337480499556930e-02
8.922838511548933926e-01
1.445387997930760449e+00
3.489424074440451440e-01
7.446660697491065684e-02
-7.100971226349331311e-02
-6.345149354707285694e-02
-1.292826161638519267e+00
-1.039233060783916640e+00
6.617703550069065077e-01
-5.674153374006378758e-01
-1.236269161300026787e-01
4.271061203404962758e-01
5.693043381950904092e-01
-7.393991107620687120e-02
1.954615377537986531e-01
1.212384352619144012e+00
1.517764177878105691e+00
1.554658379212887409e+00
-7.645103503746767393e-01
3.361576260949017403e-02
6.019297907792907631e-01
-1.392923414073311106e+00
-8.366225504211480812e-01
2.654361096630656336e-01
7.940799316509151717e-01
-1.295850945016867373e+00
-8.923624274753905183e-03
1.164694329295745234e+00
1.991351406079893138e-01
-3.015785843180102677e-01
-2.164145816835980340e-01
6.118676542849066369e-01
1.752554987338397485e-01
9.644422002169324992e-01
7.965600552943195023e-01
1.032469204625950265e+00
-1.485443890901216646e+00
-2.347298510991302045e+00
-9.067165271129495885e-01
2.585211678938024171e-01
9.217219142869834680e-01
-3.805124033595214672e-01
-6.131520009040668517e-01
-1.298338650587249399e+00
3.611369377276249515e-02
-6.139362273092303646e-01
-7.723884144280231956e-01
3.571484351137665381e-01
1.203305587399299270e+00
-2.659888281541968325e-01
7.026631557183434795e-01
-3.696904556951383647e-01
1.001771443874142298e+00
-2.063960105840743631e-01
9.115017215685219387e-01
-7.615025524742307095e-01
-2.499239855491817153e-01
1.244751139169298915e-01
7.145444816835091473e-01
5.885124092865430256e-01
-1.251620350519567104e+00
-3.249393211683491156e-01
-3.187566647502144690e-01
2.253123854824363170e-01
-7.824994479136894165e-01
4.234335208180068366e-01
-1.888356695919848616e-01
-7.726423770625521215e-01
-4.624424836426067609e-01
5.472638021836444544e-01
1.534207549987239183e+00
-2.797272216620420859e-02
-4.531979654842156480e-01
7.606287964991422790e-01
3.981438434849179364e-01
-1.241069655810650874e+00
2.568788588098196990e-01
2.143774751489538888e-01
-1.151905422772578624e-01
5.384047407501288407e-02
5.011428851982611121e-01
-4.092423329341650651e-01
4.714355510458906329e-01
1.187502758608498521e+00
-4.248081498250199095e-01
1.487947902153928359e+00
-9.752647618664049833e-01
1.285940035764935319e-01
9.077123605816589391e-01
4.301479631148615312e-01
-1.880899799544043516e+00
3.346680068634281247e-01
-9.385673827308805839e-01
-1.454368920209250238e+00
6.347590076634761491e-01
3.426708151566003058e-01
-5.494876184133261621e-01
-6.216933010890759448e-01
1.610208311615203003e-01
-6.578305873975374141e-01
6.663197282249626596e-01
-7.573631301593538590e-01
4.663238443388558752e-01
-2.722442845017915558e-01
9.582716733844472978e-01
8.709163976390779660e-02
2.053652873736107498e+00
-7.641498894366558492e-01
1.619368631193926156e+00
6.989126645800029791e-02
-5.074557038731035696e-01
-1.295496143317848015e-01
-7.964144771038752513e-01
-8.996361331795731386e-01
-1.462491973668776479e+00
-8.820998840511248273e-01
-6.328997457166678220e-02
-7.523103012474643414e-01
8.081999521699709255e-02
3.479954586450744181e-01
1.600473493565539806e+00
-8.210704364669735300e-01
1.755090081432081117e+00
2.881933290785432811e-01
5.396571155900659056e-01
1.969981268530925922e-01
8.716267569551920669e-02
4.497817551397922387e-01
4.912650727204668222e-01
9.916463400832761788e-02
-1.397826573457154331e-01
-9.564092654737168520e-01
1.692534687547133099e-01
6.687473812560330577e-01
3.166480867458554282e-01
3.198152078888717997e-01
3.082576678279567717e-01
1.134326189805627161e+00
4.394700862172742362e-01
7.226028055313495901e-01
2.175267194838749196e-01
1.139518295258912239e+00
-9.870109787459779849e-02
-1.592796937734650919e+00
-1.242168595999317837e+00
2.532214276926747498e-02
6.123827351383190343e-02
1.286679262999756546e+00
-6.820815606355313809e-01
-1.626209462970488850e+00
-3.727428502343666517e-01
5.350201936680970549e-01
6.297641675146432583e-01
-1.239885761584977208e+00
9.873309903929818887e-01
-3.250321983131521653e-01
1.037767572251523385e-01
-1.069857693172909796e+00
-1.058830539075006572e+00
5.019877661154096282e-01
-1.685802025076641897e+00
8.192793012445214185e-01
6.478378994193367824e-01
