3.219036620647900970e-01
4.475936033726153895e-01
-3.433031550165459578e-01
-8.136085711600209436e-01
7.149574783254574184e-01
7.639737816195670828e-01
-2.942191541758383266e-01
4.258096564014500207e-01
7.117045765752616493e-01
-8.953150517586634383e-01
-2.039386745998337691e+00
-8.241561340227059329e-01
6.165421444708667487e-01
-8.920773876272548586e-01
-1.782397441059553334e+00
-1.003747634334471783e+00
-5.257985602418472348e-01
1.962733098757520889e-01
-9.255587081063270105e-01
4.559313090080652220e-01
3.659292309091952689e-01
-9.103700936421822709e-02
8.112102187950770427e-02
-1.663333767668613017e-01
-3.870873448323832594e-02
4.549817068601752501e-01
1.017919194996587784e+00
-4.661280419893316207e+00
4.568703089852236277e-01
-1.128549206809314587e+00
-9.181285359269919510e-01
-4.679485437516431312e-01
6.249473799838474175e-01
2.323524130562432122e-01
1.979599280839219044e-01
4.513982259957561860e-01
-8.076621766147868975e-01
4.680275543258849980e-01
3.195990611331064324e-01
-1.148959253224151600e-01
2.839741718771855439e-01
8.108749391401294249e-01
-8.127751432433732992e-01
-2.920851620353696609e-01
-1.153697579487247271e+00
-2.803811600797938564e-01
-8.041798377339363091e-01
1.700191257038313752e-01
1.273904039833914092e-01
-9.285418315390954191e-01
5.949385907444826316e-01
-5.320454497761680779e-01
-4.400846082109280410e-01
-4.537604273461933735e-01
-4.927838590718386369e-02
8.355058421505919819e-01
9.619230866506857380e-02
1.078237910467380711e+00
1.009175870472937220e+00
-8.453351824474784060e-01
4.976391847524945233e-01
-7.952447552063053315e-01
1.273852143245757462e+00
-3.379260202980061134e-02
5.459569063677568446e-01
7.335407314145423463e-01
-2.382353284615099376e-01
-1.771427420058185875e+00
1.675442674567313162e-01
-2.454281573069194422e-01
9.278207521356358622e-01
-1.330842579638193829e-03
2.201795688837049347e-01
9.795324895985595137e-02
-1.139842455624290540e+00
2.465442347243210763e-01
5.338199364357809618e-01
-6.523012129154633909e-01
-1.439421852249966882e+00
-2.501369358744404692e-01
-3.832196110811492695e-01
-1.828178978682753753e-01
-8.484407605997927870e-01
-8.216228126233617868e-01
-7.460278374044331251e-01
-1.472373390678448191e+00
1.088223481411889626e+00
3.628840585053758616e-01
4.332693173299037581e-01
1.058426545751852244e+00
9.773433826459895779e-02
2.842926836796307866e-01
5.819285797470643562e-01
8.556703878546957354e-01
4.341351327424809448e-01
6.950720678953113962e-01
3.972539703732786975e-01
1.525317153035857798e-01
-3.619328138638338577e-01
8.343426167297479656e-01
4.313937349690663003e-01
3.797447595730580328e-01
2.132301594088175101e-01
-9.296402841665571404e-02
2.957732111539060904e-01
-3.355538119322902801e-01
-1.375570667889405574e-01
1.765307452347817663e-01
-4.722699972216435338e-01
-2.682594526141746094e-01
5.169844810210795227e-01
-9.043640930292522473e-01
-5.266681402137066703e-01
-3.763393068498849942e-02
7.404949173913304428e-01
-8.981994185403647801e-01
-5.310067599389911575e-01
7.477047613240568324e-01
-1.442323608947458369e-01
-5.393122721332289649e-01
-2.275211905533873757e+00
3.346158312635230669e-01
9.896147368428257485e-01
1.304709151782731613e+00
8.744864877454688878e-02
5.640015773258530984e-01
3.671826115468712071e-01
9.400082405821921228e-01
-1.149741725428749861e+00
-4.751091138775984102e-01
9.258606151054460387e-01
3.129144066567609572e-01
2.190006119699865195e-01
-1.816728879463228724e-02
8.761863530805463762e-02
-5.830256282472050522e-01
4.787159476216351073e-01
2.029097161547794292e-01
3.774427721804884395e-01
-1.622924925123586104e-01
4.780710715222383222e-01
-5.147008939536695804e-01
-3.472996832236502907e-01
-5.609761972178956002e-01
-1.245726604203886284e-01
1.669292296858087277e-01
1.348013399208919938e-01
3.161610286467453346e+00
7.979785526108548188e-01
4.493576191369007544e-01
1.004758439918070900e+00
-4.482905413148638996e-01
1.519030814380803451e-01
-6.478144226433546482e-01
-1.037578406458657065e+00
-8.494355693849799938e-01
-1.131785386420927297e+00
1.608633491109322078e+00
1.144471300154590310e+00
4.186069929722822103e-01
-1.772411901541539603e-01
3.674869325651969332e-02
5.811683897191641801e-01
-7.670958746603526723e-01
3.189711416544948608e-01
-6.732739538357933595e-01
-2.019752305281396210e-01
-2.999332917046826807e+00
-6.769418028395094433e-01
-6.174024789545229375e-01
2.954255469077737284e-01
-5.044164811540725601e-01
1.285203986728064574e-01
-3.704951945729589302e-01
7.043187206241947607e-01
6.474827402495076933e-01
-1.474895205307332757e-01
9.937632947277434681e-02
-5.729414385575700708e-01
-4.655266499924183843e-01
1.914488247544007260e-01
1.801768762320368200e-01
-5.424514174005382605e-01
2.034861979009740598e-02
-1.186720177637009682e-01
1.945371644810346135e-01
-2.743250513861435480e-01
-1.339458179038178320e+00
1.850159735009036521e-01
-1.572846926617781083e-01
6.937270421943702026e-01
1.283891215132249464e+00
-1.221122342296779850e-01
-6.385014687895268493e-01
3.663923157179038714e-01
9.003351206440474153e-01
4.680242613618157410e-01
3.599733776606904856e-01
9.731346158952847158e-01
3.795464357429191860e-01
-2.013098064552654512e-02
-7.831213267449234072e-01
5.709765822783220424e-01
1.637227535646462728e-01
8.328284440959076163e-01
5.668074214000964339e-01
-1.840808604443250340e-01
-1.285629306673226946e+00
3.004367054277562454e-01
-2.470449199028876552e-01
4.154384682326761613e-01
1.606386416209363954e+00
-9.195218764708090742e-01
9.170600715094174848e-01
4.746442462383799743e-01
-7.964744574361903862e-01
-1.502746732389476758e+00
-1.943973637251863174e-01
7.928609735393159497e-01
-2.259616131666529526e+00
7.552967231082469146e-02
-1.108428360989228284e-01
-1.172007016417587894e-01
-5.137988276014097133e-01
4.401309552127168900e-01
-5.579059392899683445e-01
4.330350283673622402e-01
4.422494583945749125e-01
-1.571090538944138748e+00
8.581700778448178024e-01
3.685395186248887622e-01
-8.207736676580253965e-01
1.313337483898611158e+00
-5.691856982996775643e-02
1.144236560513295586e+00
1.272708444408661710e-01
-3.788184156346486864e-01
-5.847945595311569988e-01
3.079717725720079624e+00
6.403547849869164477e-01
2.313756044217866736e-01
-2.214582690753325034e-01
1.697714425513986020e-02
6.248992745622901079e-01
6.983536468560346266e-01
4.783704392735689259e-01
1.479843858142309232e+00
5.769407157262620434e-01
-5.672660260316721992e-01
2.776879217039552872e-01
-1.368324772514418475e-01
-8.280254975926684136e-01
5.402890296530777903e-01
8.064158013819208159e-01
-3.951013250999093063e-01
-4.773825121764656287e-03
-2.473410578882139221e-01
8.876985784848654415e-01
1.042114008266740166e+00
-1.499965609514319009e+00
1.643253392370685351e+00
4.323567095270549054e-01
-2.717321353720216770e-01
-4.805398628533685823e-01
-5.951229974973761827e-01
