7.478248046880355826e-01
-1.547723994654768842e-01
-2.018619064875131652e+00
1.548118623110615211e+00
-4.653865425358071350e-01
-1.950559144555662761e-01
1.468393179380719782e-02
5.267736712056346748e-01
-3.466944140973862165e-01
-5.131193461548477774e-01
2.915973984363851024e-01
7.713347345554996126e-01
-3.800860255955540445e-02
7.155160511258631395e-01
9.342001779667580275e-01
-5.493062614914279163e-01
-2.349684021739742334e+00
1.530970195256015298e+00
9.690317825474062952e-01
-1.439509916104352083e+00
8.709523006488497643e-01
-3.391179993586917463e-01
1.602332972886007845e+00
-8.389961921022193181e-02
1.293159069797548577e+00
-5.406479829615753463e-01
-1.858276488787934388e+00
2.035605385244188548e-01
-1.719062762946770850e-01
2.430924005183408010e+00
-7.848536435437278858e-01
1.700048344720046511e+00
8.063896280807334449e-01
-8.361964266143973035e-01
-1.531314518721374363e+00
4.322555428568286562e-01
-1.549359194547778706e+00
6.991536550747798895e-01
-6.241146144461824363e-01
1.403784119043901324e+00
-1.055235673776007133e+00
-2.943691340148554492e+00
4.317947093856465135e-01
1.410586544010683951e+00
9.425037217605123363e-01
3.812801058511823826e-01
5.111620332725494986e-01
-3.868196295426665765e-01
1.104700810013016787e-01
-9.395434765881951478e-01
3.029939991393722387e+00
-1.659459953189770021e+00
-2.634359230420055820e-01
-8.385087419977071965e-01
-3.596989259639338243e-01
-5.694638213872823540e-01
5.385819499934620946e-01
-3.060059074935739809e-01
1.035164109219537609e+00
8.096414868863228698e-01
7.730114613989493844e-01
-3.666804266808113000e-01
1.297951712003788394e-01
-5.594408326815306642e-01
4.953805563902554110e-01
-3.263336504693732376e-01
-1.054122447548485164e+00
1.193822088692988448e+00
-1.558255687486146845e+00
-1.763683776899264144e+00
2.683544337635679899e-01
1.942376892377029041e-02
4.266330272452176775e-01
7.895889969153279120e-01
1.666646975373306860e+00
1.139213492253329463e+00
-4.481091815010603829e-01
1.296187129809476035e+00
-6.936752272197024838e-02
6.032097758208835314e-01
-6.643722668403103659e-01
-5.383365483840651944e-01
1.104763007950128884e-01
-3.812263440636583511e-01
-5.033601728139208697e-01
4.405462425218776623e+00
1.411678381973465735e-01
-1.568590772258633192e+00
-1.353432520785271098e+00
-7.142183224607065450e-03
1.079353576078055488e+00
2.302959748301237397e+00
6.929655807442020032e-02
-1.519189127188535215e-01
9.324352769462232460e-02
5.725699275841340530e-01
6.513428682060594388e-02
-5.722802041767474091e-01
-2.790870558936327406e+00
-6.688560296359723489e-01
-3.244794916117919037e-01
-9.308035421765853412e-01
2.258131823751557410e-01
1.611697435349582985e+00
-8.820791540404704367e-01
1.924056176535082208e-01
1.167529710592304593e+00
-8.808010833855007826e-01
7.062602131461662713e-01
-2.486514828867769922e-01
-4.909267450639344665e-01
-4.139288753977129476e-01
-1.396793197571655210e+00
2.216498983029721037e-01
-1.750049154119050154e+00
1.322280070593816914e+00
3.196658287200190851e-01
1.786505689704713351e+00
-6.755380888052326949e-01
-9.516697948462916612e-01
1.044250969527311002e+00
-2.990752990544794376e-01
-5.657579351564357983e-01
6.792321227090940550e-01
3.017670011871766977e-01
-7.422845491155041220e-01
-3.583037706596591820e-01
1.234221635692242636e+00
6.316259399197239333e-01
-6.421079413195293628e-02
6.930430483388785312e-01
5.701526575687019260e-01
-3.842421317869780251e-01
8.620091864628687262e-01
9.663853368287073087e-01
-4.347030682746875763e-01
6.341805315441957358e-01
3.839146878636505167e-01
-3.478740540845822182e-01
-8.788979224757303976e-02
-3.163739273375825722e-01
-1.393600641041045751e+00
7.822468933889679121e-01
2.285032137214360048e-01
-2.527480447041023925e+00
-1.715996895550639723e+00
-1.174797868870173900e+00
-5.804292076697592506e-01
5.556435067553031626e-01
-4.380655436551114112e-01
5.133276470362251320e-01
1.221095412518740764e+00
-6.005750802624651996e-01
7.120782861301500066e-01
-7.534874446802464210e-01
1.133026756708655602e+00
-9.995219414339445718e-01
-5.222930159903826919e-04
-1.236042966018018330e-01
1.379544039992499194e+00
9.400175084057149633e-01
-5.731370549431735739e-03
-5.331692311928919459e-01
-1.643125086620699782e-01
5.736573563339868453e-01
9.650614333478964024e-01
1.412145427178957968e+00
5.222239081116808457e-01
4.815046058572871601e-01
3.639045795292525365e-01
-1.010979857736685972e+00
-3.234398648501827789e-01
2.149380930126905676e-01
1.259693877205095014e-01
7.531435314277645787e-02
5.223609188234963341e-01
6.818368788501377731e-02
-2.008103265306671603e-01
-1.871633226911078585e-01
-1.542512780211884871e-01
6.252363198689832036e-01
4.858474310190870060e-01
-2.172259163173463126e+00
-1.322779883905983223e+00
-5.814232697048069554e-01
3.354861366353480978e-01
2.175372139274931893e+00
-7.604741406928232639e-01
-5.319178459847597740e-01
-4.632408126058540354e-02
5.527924130030671679e-02
-1.943253349770432681e-01
1.693771646783714058e+00
-1.391379708701438567e+00
-5.106944091866784108e-01
2.066946817740012432e-01
2.043906549829392461e+00
8.095012266563427206e-01
1.893605827079847703e+00
5.473660637635178183e-01
-8.332167491583224450e-01
1.917203660003954924e-01
-7.253025852017669362e-01
1.046389670429493046e+00
-2.416387438080952466e-01
5.986313516614436558e-01
-2.902647527903637892e-01
7.189995877710869676e-02
1.003816607778405201e+00
-1.589248169183879345e+00
-6.760853524468719566e-01
2.155342210781989287e+00
-1.092128594778315476e+00
2.037762681900060713e+00
-7.486918024986208842e-01
1.671974871761777726e+00
-2.562465757175625969e-01
-6.582776406877181019e-01
1.145783189843716965e+00
-4.293162975348426835e-01
-5.915704600883191500e-01
1.024315225198909829e+00
-4.031616115344709428e+00
1.236709157584560681e-01
-1.783488416729661408e+00
8.350808814639973932e-01
-6.329372015195144918e-01
-1.599631011846083917e+00
-3.446687266369836272e-03
2.176827049103382983e+00
-3.541906123387792427e-01
1.587640676059737466e+00
5.047394818625834390e-01
-3.666465384087763124e-01
7.528455109003122647e-01
-1.705143165704358088e-01
-1.079975301884145700e-01
5.150346556064006043e-01
5.993821539264554410e-02
1.559226706015606645e+00
-5.972082621066856500e-01
1.320704132692815669e-01
1.148303295674430791e+00
-6.609274543563903315e-01
3.922122397559598683e-01
5.491128551497990173e-01
-5.197224100693524917e-01
1.884802422897586816e-01
-2.994214659728107186e-01
-6.764766355691417266e-01
-1.021910003358352137e+00
8.398890522157426153e-01
2.610022012673364422e+00
2.557676107547209865e-01
-2.533992499403729948e-01
2.540177164296550494e+00
1.482199818754760479e+00
-1.134654012711756366e+00
-3.668109615939043611e-01
8.236138308718530254e-01
4.461273197222044851e-01
8.279507485287573854e-01
1.465505955979359509e+00
-4.974919265440664873e-01
-1.165288081052398561e-02
