3.166703100530868231e-01
-8.881994965244679463e-01
-1.618453801606487330e+00
-9.962300584059680109e-01
-1.415356129177870237e+00
-1.734267705006938831e+00
4.158028592998768702e-01
6.358574325151518103e-01
-4.538514909984029400e-01
1.970248379806687766e-01
5.198297347530175250e-01
-4.270225884685363571e-01
-1.999373022984952675e-01
1.038463987786282461e+00
-3.472749517222546434e-01
1.238390795452284809e+00
3.940446356014375429e-01
-5.389833036042147585e-01
-1.268051646513637554e+00
9.227476568423652603e-01
1.371426609031721755e+00
-1.391213282295030274e+00
-4.490616541917950566e-01
1.487019653099933780e+00
-4.888994663145959096e-01
9.894065545378096793e-01
-2.188301151874480210e-01
-8.336581554130686467e-01
8.808568184695289016e-01
-1.923577385151359787e+00
2.501303653184826281e+00
-1.627032951220317436e-01
1.411758276769631948e+00
-1.236551999072116770e+00
7.760729055090094253e-01
1.088820191868143494e+00
-4.583120011063627430e+00
-1.035919622235569992e+00
-1.428252639211547992e+00
-4.853639601630387324e-01
-2.657850900103102543e-01
1.664046626836761078e+00
2.918013942325594634e+00
-2.056072698642244401e+00
-8.491602770529707023e-01
1.370131314642604403e+00
-4.229361630483142953e+00
-7.721879842875918332e-01
-5.380578930248786307e+00
-8.752008174705080967e-02
-4.908694264546742958e-01
-7.502329848898833253e-01
2.019299830636968052e-01
6.067043384543219231e-01
5.280083147490121503e-02
-3.474331426848505378e-01
-1.197252806132910852e+00
-5.869037158179568614e-01
-3.294839567892943188e-02
-4.355275288418686053e+00
6.734967398645542724e-01
7.192166913701155684e-01
1.044966697492461183e+00
-1.940884450849798826e-01
-6.023458176646964146e-01
-9.351402091268636863e-01
9.383869673682393442e-01
1.515857279191767937e+00
1.974050085965379120e+00
7.079001518931531400e-01
-1.048754852134474058e+00
2.191073004795809354e+00
-5.145729101253726512e-01
1.803822341547469899e+00
1.963734059567691648e-01
2.813171195515154488e-02
4.168501589424601916e-01
2.592073354777023830e+00
-2.081082893980631177e+00
1.097724532442280188e+00
-1.090062061674730742e+00
-3.004236276474809397e+00
2.567717681427873488e-01
-3.766667047837780835e+00
6.152609517311981024e-01
6.951475475850488195e-01
-1.249248560098252803e-01
9.286398810144290694e-01
9.892843640792539084e-01
6.891809824579026023e-01
-1.144951441064985698e+00
-1.714198213252102310e+00
3.503725711369618523e-01
1.355862101631136518e+00
-4.615074536283149120e-01
1.996612418223707497e+00
-5.326993965931823283e-01
-5.777768643851279862e-01
-2.649669844014676201e+00
-1.193349556051939597e+00
4.415049825588323595e-01
2.562273873105757716e+00
1.952348946334906132e-01
-2.400683534843878197e-02
9.061656488408510457e-01
2.548280550197279393e-02
-7.764204838828221433e-01
1.112171619501790831e-02
-1.177114783840675027e+00
-5.712313606328274229e-01
-2.760081021129512813e+00
-2.434187031211547392e-01
-1.263198474643296265e+00
4.336097436124807802e-01
2.951509005540314590e+00
7.009002880220742693e-01
2.744923889356174485e-01
-1.538792288903815475e+00
1.210892893577583118e+00
-2.229679183652277796e+00
4.330908149682936026e-01
1.474243552412801472e+00
-5.992011452221711609e-01
5.287520200372336499e-01
2.554762718242855057e-01
2.139316518913518816e-01
-7.570621863415860631e-02
7.222404340292094549e-01
-9.675236725880826949e-01
1.078030936009082730e+00
2.755521546284175338e-01
-1.569355236821495581e+00
-2.319118955586564113e+00
3.458414247532017038e-02
-1.048506011414155115e+00
1.885004070074062010e+00
-3.206756385651949315e-01
5.183536224663982672e-01
3.031296649586940894e-01
-1.443392907828833227e+00
4.745310379549232405e-01
4.580971024244628875e-02
3.610665714974965468e-01
2.003386255870232002e-02
3.024413024557752738e-01
3.076519221168881213e+00
-5.492221600564915818e+00
-3.831561134086297615e-01
2.628452379565511254e-01
-7.300037284234177359e-02
1.472563838005371273e-01
-2.225856424424906610e+00
1.132272154762240968e+00
-1.492279795592278635e+00
-1.312856076570323660e+00
1.282984779768876704e+00
1.121124795625652704e+00
-4.162930208852979597e-01
1.297821567964840828e+00
4.294706084345980557e+00
-1.143016694814420919e+00
-1.458906820721854736e+00
-1.902569608323457118e+00
-1.124736438234067160e-01
4.620315692891850956e-01
1.147855097588770024e+00
9.895661191011555502e-01
-1.103002256851750795e+00
-5.729471954948428980e+00
1.268331348668359615e+00
7.093050560425556705e-01
4.051899081005709391e+00
-7.200595361215549328e-01
2.318938417025394882e-01
4.921659737454286282e-02
-1.014782423743577411e+00
3.033007319080409214e+00
-7.028688399420346400e-01
8.213251803919481286e-01
-8.723968454670090189e-01
-6.806244732339680192e-01
3.509969610559707798e-01
1.728196510216129411e+00
-4.979924152037625840e-01
-4.018738344378897653e-01
9.088775778851655440e-01
-8.562836841122751785e-01
