5.236784080448214640e-01
6.764308853654534825e-01
2.959513575584817868e-01
4.120155528222409491e-01
8.137147087550106184e-01
6.197436365288916393e-01
1.604940415008750676e-01
-4.176858151119668405e-01
8.403940444774642415e-01
-8.695806114815148868e-01
-8.921674047723755496e-01
-2.381902377939827953e-01
-5.496190595010704699e-02
4.070323811994690510e-01
-6.847127822110194995e-01
9.410431419842152367e-01
9.459305670947688871e-02
-3.274590375628527172e-01
8.509890031331344140e-01
-4.040006608801430810e-01
1.076654950578670999e-01
3.466799228859341886e-01
1.472275618721748058e+00
-4.703231530558671381e-02
6.984464491774031725e-01
-1.234052855173806140e+00
6.752785843677591160e-01
-1.255740255479308676e+00
7.498976277153537318e-01
-6.619540456796574324e-01
2.826419850109435083e-01
-2.342530231468378521e-01
3.649398002728032608e-02
1.040697315693601910e+00
4.358809736264704360e-01
9.154052061684644359e-01
-7.275985327327395558e-01
6.684133099744915540e-02
-8.890976112806255882e-01
3.872565585489093909e-01
6.288380129236603722e-01
-1.568490817109604030e-01
-5.925241994008412227e-02
-7.047316189297385680e-01
4.353450696398611375e-01
4.815312787547102458e-01
3.723987129242094241e-03
6.958782059925566754e-02
-4.191751845302699175e-01
3.090164066216826710e-01
-8.626883014229664859e-01
-7.923015567815338001e-01
1.344897544737497508e-01
5.262138117782489966e-01
1.191394905629147072e+00
5.120348482193393114e-01
-4.551024040632494772e-01
3.570078448945807059e-02
-1.134808118912297603e+00
-1.158737148469294320e+00
-8.987588563881451775e-02
-4.188983524870351083e-01
-1.239746932667841861e+00
-7.714233383755345619e-01
3.413035166641611995e-02
-3.025349091833557380e-01
-8.376690086273521629e-01
-3.448465749525554958e-01
-5.122924779307485021e-01
-5.223053025323409759e-01
-3.204781971246457584e-01
-3.865285142694768750e-01
7.135112571621705924e-02
4.024680396275494565e-01
6.241237219054871499e-01
-4.078341526825809416e-01
-1.751391253103105061e-01
-5.656528799826060494e-02
1.144884738711413608e+00
-8.754396771637033003e-01
7.961451985013674459e-01
6.426308357304706398e-01
7.019025824333028352e-01
8.517819295024485760e-01
5.066148749204997248e-01
2.930203404283442392e-01
-1.675148855694578720e-01
1.039514231677366451e-01
3.329272828849694221e-01
1.895287671290920573e-01
-4.766878112854770477e-01
-6.552630888335667647e-01
8.493327635918882512e-01
3.119750580180888910e-01
4.176136604636627170e-01
-4.178753717036980397e-01
2.174363151497679114e-01
2.667622703679327079e-01
1.583391504695029484e-01
-1.316398741760927138e-01
-6.686533069417811559e-01
-7.566449328570462596e-01
1.028482252123652518e+00
-6.776456579273559822e-01
8.519821224685951710e-01
-7.554065017272393323e-02
1.011819146883056630e+00
1.091586556744899683e+00
5.040888424769052190e-01
-7.719301336392783153e-01
9.532663395643278248e-01
-8.546370259743900633e-01
-3.116184060129535416e-01
-2.442165476303032323e-01
-1.149716760726583020e+00
2.214736415877667508e-02
9.446946668790803248e-01
-5.087081132346256140e-01
5.673527099811901397e-01
5.076829957136992366e-01
-4.141630637136894943e-01
4.365814805018445321e-01
-2.533720654403756045e-01
1.905873014410695010e-01
9.308119867728852359e-01
-4.576179306662079282e-01
-1.444135872375219010e-01
9.754236618067124720e-02
-1.807978028589099784e-01
-1.871836545720927392e-01
7.371355893614937038e-01
1.816861515472466271e-03
3.638580938166648959e-01
-6.251502966478763579e-01
1.817910330307198064e-01
-2.051488926645189670e-01
1.091532474332670866e+00
8.447126827624187317e-01
1.212937835365288208e+00
4.076367640785330537e-01
-1.425350790111639676e-01
-4.625582220118604759e-01
6.098399830342599026e-02
-6.902364794751567056e-02
5.762948141985371198e-01
-3.970082780843272596e-01
-7.741047752311663865e-02
-1.344958211597237219e-01
3.927112187415615630e-02
-5.627104187643461319e-02
2.593931601754175809e-01
-8.164279174816776452e-01
-2.974860991367075380e-01
1.095576350685550704e+00
-7.267658376638052031e-01
-1.404987922317687266e-01
7.343511484297945424e-01
-6.070427851329145419e-01
4.660320430496150967e-01
-5.757889742597250837e-01
-2.074689324538058210e-01
1.018376001187735747e-01
5.530114315571248440e-01
-5.496423174137314849e-01
5.639816303548237375e-01
-7.926017990074754049e-01
-6.948712001250011427e-01
2.003908604348454969e-01
-2.151958866288967154e-01
1.859891040879675106e-01
1.200385032222934356e+00
-1.851004595091951532e-01
-2.805441759535344803e-01
-6.610809519418039404e-01
3.335612307755525530e-01
3.654044288747178015e-01
5.560335745357811721e-01
-6.188816366385007095e-01
-1.773341757845219857e-01
8.552362259055947824e-01
-4.756222777321794659e-01
-1.106415311212327335e-01
-1.006148069633512332e-01
-1.004990145966677018e+00
-5.942569667603814221e-01
1.195710496511854348e+00
4.150352925685182881e-01
-1.205359310211795432e-01
6.418659329984353068e-01
-4.711685481756491822e-01
7.794304373323338031e-02
5.854961898274807508e-01
-5.314187525030977799e-01
-1.094207917020040721e+00
-5.985036502541544179e-01
6.918546400427050269e-02
-7.144213661160695450e-01
7.686205364717884070e-01
6.140718752742339026e-01
1.146206671959878187e-01
-7.538445256106736103e-01
9.384701985709081873e-01
-4.741826560550972403e-01
-8.964203519965628919e-01
-1.650288615351315491e-02
3.319442195249838190e-01
-3.465744214772281673e-02
1.037535080365061813e+00
8.431582154848481225e-02
3.920332320758029843e-01
-3.729096940561419382e-01
-3.706497513022793955e-01
2.655515168659229319e-01
-8.041015588037467299e-02
6.703421413471994939e-01
-7.858690825569665250e-01
-9.152517534377725417e-01
-3.117592893963509471e-01
2.802153716414801377e-01
-1.114729587107975650e+00
-3.862946499782130005e-01
-6.848054703866177650e-01
5.843588261445358256e-01
8.682998120723595115e-01
-1.769924843395407899e-01
8.520983993839894577e-01
4.906779709970378045e-01
-1.813586790200794330e-01
-8.652733471743963012e-01
1.348846200778063276e-01
8.236190875316723448e-02
1.002044558144564279e+00
-8.731228633948674434e-01
5.934038045858514021e-02
-8.719001419100830264e-01
-3.968845851855971052e-01
-1.398976196139489203e-01
-2.468667578334929613e-01
4.437650713393936353e-01
6.550287025786019068e-01
5.186536796341998379e-01
-4.268360645973854339e-01
7.957457896488306925e-01
-2.547998727771314531e-01
-2.057100336699748122e-01
-6.653172545044078179e-03
-3.990838870260977611e-01
4.737914558066833037e-01
-6.425139649540108078e-01
-6.032311094469433588e-01
-2.015508573519350366e-01
1.680170074821473181e-01
-1.118605589994917660e+00
7.659368856066461895e-01
-7.918433875198900296e-01
-1.215587800055058842e+00
4.278994431635053663e-01
-1.694005612860005894e-01
-1.078888583680476909e+00
8.148641815432069446e-01
-1.023186132424133588e+00
1.431525274473767761e-01
-4.099563199792542745e-02
-7.632118273349524085e-01
-8.608903210220270052e-01
6.486383073618072759e-01
-5.724354106730171754e-01
3.864565721678769883e-01
7.899660708163508405e-01
8.464285952365243615e-01
3.705695859457960872e-02
1.469544277186622394e-01
8.190306799591329234e-01
1.154441452979362071e+00
6.188639843379978300e-01
-2.259743231121796869e-03
-1.100208489352247243e+00
-7.754000371149409876e-01
-1.026926386651273004e+00
9.236660550064430542e-01
6.281690505328532126e-01
2.145542131622420884e-02
-1.921135023185509549e-01
4.630683069975884969e-01
3.031723834182529775e-01
-2.676228945343505083e-01
-1.205821235375420297e+00
4.529261088223925924e-01
-8.794607579400977038e-01
-1.461281681217931894e-01
5.440582740367263526e-01
-4.951467904587388835e-01
3.034306852281839495e-01
8.171021545486792936e-01
-3.931702815299092935e-01
-4.889359883376291349e-01
-2.892242774161801755e-01
4.811782916406650568e-01
-8.100565453232422275e-01
-9.794199866309379887e-01
-5.090528449532943922e-02
-4.948094819792077104e-01
-9.514663990253275916e-01
-3.965427635630834335e-01
-6.967945586444550532e-01
8.927809770523082999e-01
1.035612436517314494e+00
2.570914324409763752e-01
-6.491730389640925081e-01
3.976933438427378009e-01
-1.356975256115898532e+00
3.457833288417042628e-01
-9.208154138860885629e-02
4.705173359337153638e-01
1.447315865307139404e-01
3.853059281528411484e-01
3.939085096300816713e-01
5.814226834783187137e-02
8.150634393937924438e-01
-4.726551576094463192e-01
3.152530429331767969e-01
1.093539091219351000e+00
8.535419808151865073e-01
3.654273594549720672e-01
-7.410849639628088736e-01
2.386296146921482453e-01
-6.041054230403428704e-01
-2.997095692855739624e-01
2.591473139988095808e-01
7.371436052452273735e-02
7.080910637679935782e-01
9.626114847913225248e-01
4.184637351323308718e-01
4.085736320863669890e-01
-5.023553117777136423e-01
-1.015059750532612215e+00
8.074725151896106068e-01
8.418198609248833675e-02
-9.136854940436363037e-01
-6.275498620626963897e-02
-5.928788072271823362e-01
-1.760198532925948689e-01
2.417265033678867026e-03
7.648870390985618162e-01
8.127661347509136380e-01
2.686173716184862004e-01
9.425311369366551340e-02
2.384205849470632244e-01
9.017023541252673358e-01
5.389228218605699450e-01
-4.028681899495079044e-02
-2.166145047315680139e-01
1.069788803544624134e+00
5.002141002803898173e-01
-6.342185746040335248e-01
-9.343187150398791774e-01
1.395407653381854629e-01
5.048993223994041601e-01
-6.691013819263651463e-01
5.141484405819738424e-01
-5.163932201548158130e-01
-1.734400240300987273e-01
-8.214771411462539197e-01
7.098230116226339481e-01
-4.717817445805355669e-01
8.465273165306544945e-01
2.914594816351989692e-01
-3.527947132080603287e-01
3.455568771497454783e-01
