-4.469783130742208122e-01
-8.065237070962977262e-01
-2.279741644840441728e-01
4.827581351892199502e-01
5.034751280090352665e-01
-6.299335913787483532e-02
3.436336350523809813e-01
-2.110031093866264751e-01
7.540063746421563629e-01
3.797809565743925225e-02
-7.024000560186572928e-01
1.412755958520236943e+00
-2.664703294901372144e-01
5.641198216698615209e-01
-1.476824335287700407e+00
-1.182322526747018987e+00
-1.468430209895086325e+00
1.001233237298718937e+00
-1.842275863965321392e-01
-8.236904632079311561e-01
-1.310368464125490073e-02
1.534367904833881635e+00
-8.723722503725671595e-01
3.083082384577173762e-01
-2.581643170141312282e-03
6.077110716163238724e-01
-8.327056298090618203e-02
-1.040584812878189297e-01
-9.312665067130401209e-01
6.088488192507335306e-01
-1.630638597996425077e+00
3.003251912671852653e-01
3.429683503223801555e-01
2.908063006448695642e-01
-1.155300467118545837e+00
1.089228441055997421e-01
-1.347950342461395334e-01
4.527653133365474591e-01
5.658676318116970805e-01
2.453613544712364425e-01
2.132732146713242349e-01
2.024600000019636248e-01
-8.452726867478800310e-01
-1.440099328276775559e+00
-2.064853140511154095e+00
1.751019784642626059e-02
-6.198539561103846296e-01
5.679038703831695845e-01
-3.154922600285153811e-01
7.564263538285082022e-01
6.373453491697300688e-02
-5.597219087625815437e-01
-2.183738986842013174e-01
3.584035049470849499e-01
1.474549149969376360e+00
3.056859365434856368e-01
-5.325639212878917617e-01
-2.139212337198759251e-02
1.816447354853026885e-01
1.133026862716405514e+00
-2.520024390064110609e-01
8.034582172350803742e-01
-2.134901034718121871e-01
2.069038471685508140e-01
1.517377635141921033e+00
-1.398479494966970327e+00
8.008930716776371250e-01
4.706258872506560720e-02
-1.646869404700896655e-01
-3.427871989732114710e-01
3.537470408059775751e-01
-2.035857389697405040e+00
3.651467942044832604e-01
-4.729884152848031764e-01
-5.111335943112857993e-01
4.794118594534944044e-01
-4.903836282532388902e-01
-5.062504495072176480e-01
-4.685707547142001217e-01
1.967715056293519726e+00
7.715919513494320370e-01
-3.476127470113180018e-01
-1.082533760942708811e-01
4.868006960140877082e-01
-1.071257158962162892e+00
5.481526429913877174e-02
2.515928953364342524e-01
5.839122448028295498e-01
3.206018310231489310e-01
-8.553625892115321872e-01
5.379139447638877636e-01
-9.089234421840407530e-01
6.618859644320308488e-01
3.791369459735738356e-01
6.952952750671829163e-01
8.723594015032825055e-01
-1.626866984720488629e-01
-1.323264462332971680e+00
-1.794109856071105513e+00
5.207978279860810966e-01
9.598055821756690253e-02
2.656261668597827419e-01
-9.060492423913787396e-01
3.925997618910429532e-01
-1.604789082525066024e-01
1.178551512722652017e-01
-1.860260950366712684e+00
1.745608657535797414e+00
4.160898024268851469e-01
1.226835919914083028e+00
-9.341364253243862326e-01
-1.554722341448554479e+00
-9.894641133697110735e-01
2.255904116928564018e-01
-1.215719298629644340e+00
-1.269377933744142428e-01
1.433175732062942132e+00
-4.753402953675113785e-01
8.867974424999531813e-01
-2.099845144084697246e+00
9.349232820513816433e-01
4.907032317927004783e-01
-1.318620440226547230e-01
4.101263530551247372e-01
-4.875508988561086388e-01
-5.855884169426028851e-01
1.179560362449886046e+00
3.369105367698349562e-01
-1.367143063562939798e+00
-5.215363719381252983e-01
1.124152829227233363e+00
-1.905216103980461595e-01
-1.428809620441635619e+00
-9.494638307842915292e-01
-1.248169860964468914e+00
-2.132365822398781585e+00
5.688175670481943058e-01
4.976858841488133178e-01
5.131711379720748090e-01
-6.204299125238589285e-01
-7.737477915629271674e-01
-5.642601540429086349e-01
6.136067758160800301e-01
8.768374206370457280e-01
-1.468964227610900730e+00
-5.411248794204202017e-01
1.378034233241583140e+00
-1.117148978740513332e+00
-1.794299324056738865e+00
1.315420409215359632e+00
6.316373683815545981e-01
-4.166526386051826181e-02
-6.288306975160919965e-01
-1.130449560040767354e+00
4.729208241510368671e-02
1.128789880633510601e+00
-1.484489407911449010e-01
9.951051381790974038e-01
-2.073430130935345783e+00
-6.317041215647059005e-01
-2.990344574010942447e-01
3.580654098270252134e-02
-1.688731953848382039e+00
1.042478307454433595e-02
-6.622506260025140534e-02
-2.042470291932239057e+00
3.508575890889776838e-01
8.918049043843613299e-01
-7.683848074245994697e-01
-4.381660665169074265e-01
-1.152559452807774054e+00
4.592644738522047576e-01
-5.381384190640580156e-01
-7.205254811094104206e-02
-3.819000714930494977e-01
3.078468971133230259e-01
-3.625752837977101461e-01
4.184108788073963581e-01
-2.672826772730139688e-01
5.407254208026365250e-01
5.048472132346095709e-01
-2.885031732231580492e-01
-4.489665722853007634e-02
-4.718638819508885751e-02
9.337154730887610166e-01
6.716990329652765546e-01
8.668009571840799010e-01
