1.541020937861872220e+00
1.132208669163205839e+00
3.103470091703245615e+00
4.006118429843980033e-01
8.286646320936522647e-01
-1.667131262686822435e+00
-5.804611729769322270e-01
2.689925553052094909e-01
-7.314469972029700173e-01
-4.417601687712182645e-01
3.248296181822353801e-01
1.175946725117063885e+00
1.033186984015161292e+00
-1.999324693790037966e+00
-1.934699950257776080e-01
-1.021323811326920072e+00
1.499727823401359128e+00
-1.345738579317703847e-02
2.307103905812963873e+00
6.613647766175387854e-01
6.109178888433233756e-02
8.277654904292868210e-01
-5.281273268008414984e-02
-1.092096355710344024e+00
-7.256789594559882872e-02
-2.174138587184388238e-01
9.533138444819202473e-01
-2.274084721514307628e+00
4.405362817223076322e-01
8.665663780282346629e-01
1.461048090956093949e-03
3.394246491002620991e-01
-6.060351995035769823e-01
7.955490445151677248e-01
-5.081722307654962245e-01
-8.981348622668748893e-01
-3.834812240452328158e+00
5.959867370338614023e-01
-2.060821948052878660e+00
1.459317991111863666e+00
3.089106783124681913e-02
6.722778078553302006e-01
-2.581702337914877354e-01
7.254421242707671524e-01
8.000794305088863023e-01
-2.353471664949850772e-02
-6.605902496246314204e-01
-3.251449329128107690e-01
5.362728818712944046e-01
7.161174979851165912e-01
1.336222270001894419e+00
1.441093557249891743e+00
4.115503511088777766e-02
-2.027176773043229296e+00
-7.310421791106802569e-01
4.163931165036876436e+00
2.789790510346514263e-01
1.260230197261659857e+00
-1.159617399337001142e+00
-4.169005037961666382e-02
7.932374109676085805e-01
-3.683314092737213774e-01
2.364490089790044269e+00
2.819822352851079073e-01
-7.440509085789891452e-01
-7.544495607678441962e-02
-2.557217164527065267e-01
-1.617500912865874607e+00
-8.672013052983191805e-01
1.150013790399200486e+00
1.424753126295493222e-01
1.770973251046582320e+00
-1.032691196942150169e+00
-1.684276682334840736e+00
-1.350081681673469813e-01
-2.131338118749136479e-01
-1.197803882358855487e-01
-1.524336403328829803e-01
-5.420816725456641949e-01
-7.900088761819076266e-01
3.020499872920511031e+00
6.206453826936166873e-01
6.667890132527588554e-01
1.127580988209870849e-01
-3.787922403919667391e-01
1.143186371906641380e-01
5.431249301252634165e-01
-6.385894850266281564e-01
-1.657816573189140552e+00
1.852252706470427501e+00
-1.968533999262744028e-01
-2.590853545206852182e+00
-7.058655303543392989e-01
2.410855441685257894e+00
1.215232947266239094e+00
-3.397263271749545455e-01
1.374340109533307208e+00
-9.824061480134636815e-02
1.219124159727123846e+00
-5.778278406104029319e-01
1.845993553992705927e+00
-6.519766457631849255e-01
4.033009585583576140e+00
9.528396010319848397e-01
-4.913206263330455181e-02
3.926028544898355621e-01
-3.961724047372967572e-01
1.996120235167609502e+00
-1.195575627218958603e+00
-8.599010220256779746e-01
-4.472256019928113058e-01
5.031774195655019932e-02
-2.103780653268400580e-01
5.066450488669631547e-01
-1.202811127463793373e+00
-7.769679784075174123e-01
-5.972173484027061274e-01
-3.499173905629265335e-01
-5.891150844465525838e-01
1.258738263529836976e+00
3.457374972914199068e-02
1.750535827128781197e+00
-2.913811938068113339e+00
-4.382542599916480069e-02
-2.697963087060443327e-03
1.051848509857797875e+00
1.365384411539852572e+00
3.203510277751505653e-01
-1.687598790778615854e+00
-2.032019414840476879e-01
6.542936559908995031e-01
1.053408586156321380e+00
-6.824946883508894446e-01
5.226207397497791701e-03
-1.017622583194825125e+00
3.740520118352923529e-01
-9.285379856550833866e-01
-6.186825100080379780e-01
-1.430425615655881000e+00
5.021580687581783664e-01
2.737179997295174916e-01
1.547104082811827874e+00
9.018424322867908405e-01
1.841342616194478143e+00
-2.873167183245336487e-01
-4.509081930414672312e-01
1.079971548470868070e+00
-2.059954963643142012e+00
-9.713144837223346428e-01
1.339935741281806036e+00
8.387394381655086661e-01
1.558412541229933446e+00
-1.731288479995464424e+00
-6.668354880542468610e-01
-1.450700925610618475e+00
2.442914297615898178e+00
1.369616517347821069e-02
-1.329092360026703501e+00
4.103731160470896477e-01
2.747753599182530593e+00
3.308720075723908582e+00
6.398066401781867807e-01
-6.651636602549924060e-01
-7.537329740185177984e-01
6.860129312866738438e-01
-2.515153421196310024e-01
1.286714490155073998e+00
6.155966535988276478e-01
2.198558017744865367e+00
1.093779012714190674e-01
5.521667008252797437e-01
6.895820279605296976e-01
-5.809894106069231068e-01
3.238527347593492589e+00
9.157964090652405131e-01
-2.974976938133186977e-01
2.233072303312612306e+00
-1.871270033317631976e+00
-7.694987676852840242e-01
-8.756749990252120364e-02
4.696185344028948050e-01
-4.703157045779770562e-01
-9.102051559663973945e-01
-2.481534544726820446e+00
-2.200278132002200238e-01
2.181968585232009872e+00
7.633575569226740409e-01
