-1.771324256226201599e-01
-9.104688292813948314e-01
1.102548126172320231e+00
5.670287895723848948e-01
3.766338453372760631e-01
-1.551247863600199450e-01
-2.085623105349185824e-01
-1.671112796830715452e-01
-6.000137711027028198e-01
4.586694338059898318e-02
-2.391357615781964374e-01
4.209582931941092676e-01
4.830090156293674331e-01
7.068547545168012425e-01
-1.483717790362055977e+00
2.722369308376945130e-01
5.817461479562456850e-01
-1.100168487903549597e+00
-1.673769133196722769e-01
4.008732054288955959e-01
-2.184987618909000617e-01
1.081939775665019976e+00
-6.162258235678045315e-01
-4.020933503076282167e-01
7.886856926459840933e-01
6.856911780817543933e-01
8.284444843329434871e-01
4.228520039848344680e-01
-1.156221858741173447e+00
-9.197321922974609487e-01
-1.767939966554163134e-01
5.323339104529872801e-01
4.454325715967024646e-01
-5.111685164256282166e-01
4.124015917679132448e-01
-6.887878117784738130e-01
-5.450750732758455896e-01
-8.323627041416601369e-01
-1.666248865015278469e-01
7.337055625436326167e-01
5.572210250709650481e-01
9.596831016303616346e-01
4.699156024039971014e-01
9.205125464646387590e-01
-4.422664680454369002e-01
6.034166646228851238e-01
9.178234682840195058e-01
1.130931399860185760e+00
1.031562159668951151e-01
-4.178477613864324258e-01
-4.245974282411664746e-01
-5.066076593967654418e-01
2.022817720056584723e-01
4.217822305229361191e-01
-1.002593590569430759e+00
-8.934668322865844947e-02
-5.447069391225280999e-01
-9.943233494239678283e-01
-2.578693651975123569e-01
4.868363572370565384e-01
8.436040940236854135e-01
-1.509539864237050111e+00
-4.758675133448774797e-01
-6.609228402058635599e-01
-3.020983512548282568e-01
2.835589533263683237e-01
-3.491597230139852903e-01
-1.314977858827465207e-01
8.013111753642890300e-02
2.083259226239931039e-01
-1.437982830594751293e+00
-2.559972559459898767e-01
5.289971571952380991e-01
-5.310418038710910255e-03
-1.748218458023670027e-02
6.821760381823508412e-01
8.543725541036129023e-01
-4.934490366805830974e-01
3.476458350618472082e-01
8.451248324185107741e-01
1.152032852338336300e+00
-3.495309909085251299e-01
-6.842335928958976909e-01
2.275377983091742551e-01
-3.545945585013148826e-01
7.521913995801075004e-01
6.510568186253619383e-02
7.801517196236070761e-01
8.402613228101925014e-01
1.576972994702990349e-01
6.486193504443205082e-01
9.973374188605529378e-01
5.880091990390348133e-01
-3.924388552732236413e-01
-9.845991561913786105e-01
3.103392063008567070e-01
4.543646721094551366e-01
7.511837027136739620e-01
1.256061075284675699e-02
4.223781793754957103e-01
9.304139620274179956e-01
2.140129922838616139e-01
2.091615570284852954e-01
2.860056229703189512e-02
8.245333842694534399e-01
1.150631416763236992e-02
3.982718942113694927e-01
-4.790288249798634879e-01
5.649631130875255591e-01
8.287740534480525501e-01
-1.082133546254446577e+00
-3.550123402185675348e-01
-1.840337666600125321e-01
-2.882189745630436839e-01
-5.645701276677635855e-02
-1.473483310030491156e-01
9.804058596780591550e-01
2.767913555933909642e-01
6.056285544950659044e-02
-3.883773220803252157e-01
-3.483771164639927753e-01
-6.191776689638166520e-01
-3.853036452252998623e-01
-2.643664183073669016e-01
5.096565421360450543e-01
1.175036024156865144e+00
-8.626786308395003600e-01
4.655745465176386322e-02
3.495273787662672160e-01
-1.073037950118531092e-01
1.220430651729846883e+00
-1.782288412900207009e-01
5.042751543823353888e-01
5.763857994666891083e-01
-1.095487972202592974e+00
2.963843364727526408e-01
4.209709472852435352e-02
9.961475320158894586e-01
8.438363421435685074e-01
7.836492531044134680e-01
-7.015306191903365463e-01
1.095907312198655559e+00
-5.333901082854075604e-01
1.024195120402887627e+00
4.508051582885014841e-01
5.175025749037958089e-01
-7.957851149411583336e-01
1.336647664098992161e+00
-9.236746073479569219e-01
-1.854917821357275343e-01
-8.579749867265171748e-01
-3.534631730570918229e-02
-5.228998312043072749e-01
2.849068206095581868e-01
-8.655456285992577659e-01
4.232092655068436793e-01
-3.867852049565942418e-01
5.885565815518938315e-01
5.200588830374742733e-01
3.167540372138827331e-01
-3.113191069186695414e-01
-7.341207386406531366e-02
-1.162719261877323218e+00
-4.613285667517911803e-01
9.127479735881158796e-01
5.382943795209526039e-01
-9.077602431511835324e-01
-7.420153151993308382e-01
-4.636723882360191396e-01
-8.988026848054976592e-02
1.721660048511280128e-01
7.921425544546236708e-01
8.309809190511846522e-01
-3.571900986320149518e-01
2.286762252801114448e-01
6.436531632728574870e-01
4.022245048482085972e-01
4.446482685659324252e-01
9.833074723215114998e-01
6.762831765527537176e-01
-2.319503262477958794e-01
1.420434397679523342e-01
-3.212097301413302519e-01
-9.943809561663032037e-02
7.510493212877253910e-01
3.580507576198332376e-01
8.864296713022828955e-01
8.743513325333843178e-02
-5.901351353906970632e-01
-1.008233859336462451e-01
-3.925868385954620621e-01
9.922396328567283375e-01
-3.065476879721914516e-01
8.136359741978657079e-01
-7.046613151815279696e-01
6.561186823171913929e-01
-8.153625954896384087e-01
-4.858879751974647943e-01
6.558052061158735624e-01
9.796113489356318427e-01
3.180820023708581523e-01
5.315942943196509327e-03
-8.427890312345817647e-02
-4.190721159812773600e-01
7.618006157462491046e-02
4.439203188491014362e-01
-5.603596054063010312e-01
-2.125535369175810679e-02
1.248791980867441698e+00
-6.622017708451692630e-02
-1.390494214404802698e+00
-2.198158071274461389e-01
-2.419683643019912567e-01
5.289043439034110117e-01
1.838339661365262501e-02
4.031443129928420355e-01
7.408129229673983129e-01
-2.223641441101606997e-01
-8.345636512579526212e-01
1.727339017605748817e+00
-2.565680757398116629e-01
1.763960358520955118e-02
-4.843556407475938519e-01
4.522331150065246330e-01
6.180359062912419432e-01
4.001322587894581839e-01
-6.244809636835967348e-01
-2.575874615878416263e-01
9.922778066850742595e-01
-8.397663254061005222e-01
-6.490056052886709059e-01
1.547481678581470677e+00
1.447742773629804303e-01
-9.017815358307562645e-01
-3.048203400538807561e-01
-7.115077088611289069e-01
-3.516185523411566871e-01
6.241376171227616121e-01
1.457608955031766129e-01
3.714527194933649190e-02
-1.732808745160855590e+00
5.503952568765346776e-01
8.996483132474473177e-01
1.499905438979205474e-01
6.413498410932805260e-02
-6.525206165488064425e-01
-7.878447267972581436e-01
6.312438426539070946e-01
-8.102344353391495169e-01
-7.305822560366639351e-01
4.946329176580310794e-01
8.319851758108388617e-01
9.746618720537372216e-01
-1.050527829986295014e+00
-4.286490721346711275e-01
-1.464975766027446724e+00
-1.226745555499154205e+00
-8.965259521432317191e-01
-8.637846444493660902e-01
-7.463238921730375175e-01
5.669071333766106946e-01
-1.232683721041587965e+00
-5.194011007718560280e-02
-3.836437800350986915e-01
1.322426461262085740e+00
-4.253008483737172885e-01
-6.679237966275516358e-01
-6.947459450754049914e-01
-4.283807327640465901e-01
5.910797269089671513e-01
7.428239716352479372e-01
6.781208810188593672e-03
8.814487248366346117e-01
1.022200643722619429e+00
7.021978448917094440e-01
1.147546148828190393e+00
-6.654676603575798710e-01
2.051292980799078181e-01
-1.482209225350347714e-02
-8.603155344265690507e-01
-2.468874424908381604e-01
-8.314662119044129440e-01
-1.641195281056669064e-01
5.167911677085337274e-01
-3.357023049254291847e-01
-5.202162232696030397e-01
1.462220422721972612e-01
-7.553668200451999493e-01
-2.929550344815937679e-01
3.942957793752906448e-01
2.375429879164362990e-01
4.320550323084240141e-01
2.744573711825423756e-01
7.250365667246683188e-01
4.212962301520418729e-01
-4.773619767110536816e-01
-1.013789354746853499e+00
4.941444995803209728e-01
3.864847867441136842e-01
1.899844791870396454e-01
-3.351788114116116546e-01
8.969278737181123062e-02
7.568868734828033962e-02
6.009391347975818753e-01
-5.828003164979557171e-01
1.017158297640697207e+00
2.163477330349677374e-01
6.524592861572514613e-01
-7.927727673237694450e-01
6.358298337711933979e-01
1.361698634861343571e-01
7.374148368208932602e-01
2.931973181859166000e-01
-7.606819062736203119e-01
-9.187554323831248482e-01
7.885207049642799504e-01
-5.442047280689821243e-01
1.274743228108046744e-01
4.896874408827034397e-01
-1.182841187143349460e-01
1.159366240589813746e+00
1.262863793776348054e+00
-7.028744290357705760e-01
-7.063983151140712513e-01
1.074710119292145327e+00
3.778414808293548144e-02
-7.579331962496924091e-02
1.032825303994499233e+00
9.314411200545904546e-01
-3.771823030233105167e-01
3.724935165895231215e-01
7.162324929994221545e-01
6.268923660187469826e-01
-1.401595197838138851e-01
-5.427713170758891037e-01
-2.699358592369520693e-01
2.616410741337761303e-01
-1.507674583088541020e-01
-6.190757007297080783e-01
1.441378750975231826e-01
-4.445149870211579368e-01
-1.453054608640780954e+00
8.647380838309250972e-01
-1.022268355771210002e+00
-1.817822638870558727e-01
-3.672391807930496244e-01
2.897048550005492107e-01
8.108658660993244283e-01
3.098969433578531163e-01
8.264906944148175949e-01
-1.102016700480617395e+00
-6.501115745757748976e-03
-6.483114959484598261e-01
7.431008284123632457e-01
8.661538762708825834e-01
7.118364364942725286e-01
-7.350952691587747667e-01
7.279956743830974242e-01
4.565706595558884362e-01
-9.011406556499113041e-01
7.824212314440127658e-01
-7.020098873623459301e-01
7.572485552879544279e-01
6.031976423025477985e-01
-1.733711773705375880e-01
1.203338012793688239e-01
8.810598232326094514e-01
2.484220485035042170e-02
-4.725562049889720506e-01
