-1.883282681425871630e+00
1.314433012161631886e+00
-5.508432786612442733e-01
-2.395584686398911645e-01
9.885357845507768415e-01
2.808683223486257430e-01
6.667358371417666518e-01
-1.225347447112196786e+00
1.631574617957715745e+00
-3.229821275068187614e-01
6.816938368198820208e-02
1.057974753059613970e+00
-4.937404189434055901e+00
-3.013620419591938049e-01
4.092260534556144691e+00
-1.514640192976814514e+00
1.371281011400572236e+00
1.282296385847143005e+00
4.192893498686983023e+00
2.885901761252644526e+00
-2.355264885720650958e-01
1.125120844000182974e+00
-7.529376683109234580e-01
-5.494803560783103613e-01
2.196636340114982988e-01
1.967120535244185758e-02
-7.532617537687434917e-01
3.587447835954175268e+00
-2.158955032439676458e+00
-7.913175893053636667e-01
6.009855089036034714e-01
4.022399420037316153e-02
1.412231786623404095e-01
4.389942875141639611e+00
1.140818587976150766e+00
2.200764325861257475e+00
-1.424908392524296907e+00
8.687074725172452272e-01
-7.023585419614760683e-01
9.085801306967011826e-01
1.190877498193304618e+01
2.984337272215256132e-01
-4.813639097608053419e+00
1.235236134984988743e+00
-6.635695276162958400e-01
-9.483687860815074311e-01
-1.004249864553892646e+00
8.344190268327443816e-01
9.158101530963186354e-02
1.972707819323000766e+00
1.708823872934898569e+00
-1.924544046263763353e-01
2.061555531441451039e-01
-2.010025612615257806e+00
-1.576707960358335048e-01
9.003631874518416289e-01
2.367039242807507105e-01
-2.830466568140539430e+00
4.264847520058735464e-01
-1.048578177550675505e+00
-5.758458810283708512e-02
-7.743838846453949820e-01
-1.101993511764669087e+00
-3.069659181315481655e-01
-1.634381743654516495e+00
2.808077349485194052e+00
-1.198598589013400995e+00
6.492241560783652554e-01
7.834710123449210029e-01
-2.856733183566723677e-01
4.905347440416957250e-01
2.158644406828254425e+00
-7.247200801703141959e-01
1.659641309343342419e+00
1.209043957035349226e-01
-2.401074933786298438e+00
-9.663814560674025556e-01
2.066819653746158725e+00
8.044656617654329933e-01
-9.369637246505595485e-01
-2.085777079309948934e-01
1.077392700202693954e+00
1.166617663451447129e+00
2.739169320517106154e+00
-9.109825937756267367e-01
-3.778133608721833125e-01
-2.643037635715242306e+00
-5.646479945596392103e-01
-5.924080505729717450e-01
-1.177065504208295366e+00
3.344240097871242767e-02
4.237121296921819713e-01
-8.635710027654299736e-01
-1.251981985004314124e+00
-9.339620924811519176e-01
1.552050686475485275e+00
1.916528574138351981e-01
5.444094164529794666e-01
-4.913713978636982671e-01
5.541760355351394995e-01
2.474499758708898600e+00
8.869922434165251612e-01
-2.329114707052049482e+00
6.177002112192381267e-01
-8.643682791596938308e-01
-2.992609605422026919e-01
-1.779336254905325987e+00
-4.255401105959455421e-01
-9.645946422774895890e-01
7.433517306763390287e-02
1.355968650832054756e+00
1.445429857793974815e+00
-1.255223079034851752e+00
-1.172990855622681461e-01
2.635309846147662505e+00
4.582802754149059021e-01
-1.794014982996376739e+00
-5.848216233858244406e-01
-1.326080603861741203e+00
1.029136262720680817e+00
-1.062752345174248436e+00
-9.203686216595377001e-01
-2.048994427493959214e-01
-2.236260569250525521e+00
3.820284855326057105e-01
-7.806471937313322895e-01
-1.733846509684989989e+00
-4.369088318336067367e-01
-1.299059523440778963e-01
1.203406874543033744e-02
-3.035227197687401457e+00
-4.765527314522184810e+00
6.304761716858220399e-01
8.360972316875328048e-01
2.635515262525921720e+00
-1.480045308015269789e+00
-3.073055893287298668e-01
8.103186380076207174e-01
1.239790284146665034e+00
6.684866147778067980e-01
6.640434730616923131e-01
7.162597773222363351e-01
-1.256043055087446181e+00
5.081145951040014763e-01
-5.413194003494992135e-01
1.422270512579311141e+00
5.986009783223614766e-01
3.313104319362203398e-02
4.432620105672265831e-01
-3.807708511827093689e-01
1.044244297519334452e+00
-2.732065334739556817e-01
-4.373508389416862485e-01
2.074918915187194735e+00
1.607192135977449921e+00
3.733079634498595922e+00
1.742420350908897131e+00
1.595464121707827143e+00
-1.957514001623388733e+00
1.161163118801203709e+00
1.102026356847120248e+00
4.943307241883045933e-01
-2.154090795194657515e-01
1.800292840242851078e+00
2.335218923975269423e+00
-1.175954375990589718e+00
-8.748727563549412167e-01
-3.185415124241393059e-01
9.152514463843232084e-01
-9.227275327042634423e-01
-9.155473605956755412e-01
3.798542114922059953e-01
9.301146847009845731e-01
6.219911381821944252e-01
-5.331513486167127613e-01
2.360928118247725749e+00
-3.536696514257962609e-01
-1.987393083618707479e+00
-1.526274754206534134e-01
-3.674589019618404451e-01
-6.026387010409224310e-01
-7.058976696611782842e-01
-2.810192092554428811e-01
-1.676330442517109498e+00
3.669828293146863096e+00
1.593933017606980140e+00
4.402078106846793459e-02
