-6.429295555609861879e-01
8.742072737524122505e-01
-6.125583752413854555e-01
2.126601975743548090e-01
9.943330817010680445e-01
9.922235624179567282e-01
3.271505042259258422e-01
-1.082969410842443692e+00
7.622368391315831326e-03
7.312922556387130291e-01
-1.779198464084793541e-01
7.246571477508868542e-01
6.884135589141437972e-02
-8.141188566384126302e-02
-1.456323697322656208e-01
3.477089494710479400e-02
-2.319927230426922227e-01
-5.902682379838930515e-01
6.951346780075390308e-02
-1.532941851260083865e+00
9.295726391685702472e-01
5.285329423172180352e-01
1.444896990950967686e+00
1.002577902212125338e-01
8.170694373968284685e-02
-9.535492546123972568e-01
-8.029244195508157267e-01
-3.107044616550371785e-01
-1.218915963494134669e+00
3.368430782297044956e-01
-8.457403917526336024e-01
-4.316142380394903388e-01
8.980923250368862132e-02
-5.219613797646541764e-01
-5.137483588165100423e-01
1.509618555816475638e+00
1.243201284556632480e+00
2.213782564976085887e-01
1.622897860035146689e+00
1.206688543215746812e+00
-1.135023444481460808e-01
6.243539346874186213e-01
-6.954673372567840017e-01
5.541057252380101605e-01
1.091575982934529288e+00
1.253759961069839335e+00
-8.157176339430013412e-01
4.116843202983439531e-01
1.089560642751129738e+00
4.771729284651071712e-01
-2.750178575330460007e-02
-7.508218937555077854e-01
5.716704810033247375e-01
-2.776673954032870539e-01
-1.329570837163666919e-01
-3.291060133089146467e-02
-1.282881567417851310e+00
-1.203182101078444366e-01
8.340900746665594889e-01
1.308442562307620127e+00
-5.325293523829407460e-01
-9.593840367824361115e-01
5.310317432911088043e-02
4.625222751830497248e-01
3.803722893502629043e-01
-4.004741542533946097e-01
-1.023176879759579716e-01
-5.935308348632611919e-01
9.117664388173640777e-01
1.232705294541109886e+00
8.787332973073155307e-01
5.110971208576624569e-01
2.233180603530256214e-01
-7.997192493592400475e-02
3.902482509083477491e-01
-8.287429368452868816e-01
-1.217998277430660803e+00
-7.015940762897181493e-01
9.823866182725117246e-01
1.137086294781032292e+00
1.070176465053703119e+00
3.882232406228502408e-01
-7.694589298475560391e-01
-3.718226067519397882e-01
-1.319289455353079177e+00
-4.247461697986547602e-01
-5.023641861673742159e-01
9.540657642105354608e-01
1.624309874607074766e+00
-9.738885562502902493e-01
-7.264419730670563791e-01
-6.413707242948503140e-01
-2.602438705546217257e-01
-1.610175584213116018e+00
-2.375135871782122626e-03
-1.769672505632330639e-01
-3.566039739268516695e-01
1.147028664260865138e+00
-1.142802473807370683e-01
2.776448711830730165e-01
-4.532754162761319372e-01
3.691464091533215586e-02
-5.507117994390374749e-01
-3.187970339465219238e-01
3.814098863686506968e-01
9.633822263492932692e-01
-5.199933381454300285e-01
-1.516014396664421726e+00
-1.108588072512201483e+00
-8.910024953707862405e-01
-2.403025844018654156e-01
-2.679712611658996435e-02
-1.216663869751151816e+00
7.571069948164149688e-01
3.894288903880068209e-01
7.344912588294740807e-01
2.845762081924240183e-01
8.414464263063278215e-01
-4.635253280950314414e-01
1.582852507051007163e-01
-2.964689157211155002e-01
-7.040001215494058329e-01
-7.551384111566008528e-01
-8.846228980615192805e-01
-5.187802436627116931e-01
-2.978781788622650306e-02
-1.430552707889025110e-01
-2.770868492331666766e-01
1.226428782034502563e+00
7.647920367741760650e-01
1.226222881069896298e+00
4.941617390406660704e-02
8.244051981276059315e-01
3.318912950096759851e-02
-3.536081305992840318e-01
-8.317203429322502783e-01
-9.304889871342266749e-01
-4.562756230955583026e-01
3.617349284198380088e-01
-3.509125782916638348e-01
-3.127318581539478837e-01
-1.478079633658658354e+00
-8.397737454423379599e-01
-5.575523083209258379e-01
-4.583169137429919937e-01
-1.012989416100925633e+00
2.096466817968004048e-01
-7.076576331567205336e-02
-5.430957897176771354e-01
7.175753090369584308e-01
-4.092878654937394112e-01
4.223300955218214914e-01
-8.432730795058663853e-01
-2.439135619722321291e-01
-6.114425758348895207e-02
-1.914188406202927295e+00
5.896380939346804739e-01
-3.843328744948508735e-01
6.356494486538289967e-01
3.162062914741038955e-01
-5.959953207779205009e-01
-3.479181937777185429e-01
2.687219511392023863e-01
-3.553258697355780038e-01
3.381985753667604566e-01
-1.004069344721987500e+00
3.664695135095972223e-01
3.921278437517593529e-01
-3.023273632439132941e-02
5.563296251804320525e-01
5.256308336279926774e-01
1.419915164130773677e+00
9.166400267504305754e-02
9.004643003529450018e-02
-8.535733971152406063e-01
-6.183848371394011778e-01
-4.099809333152729662e-01
-8.908549651203467867e-03
2.610197315558229758e-01
5.276968038682675610e-01
1.857428004386043607e-01
1.347959993136428114e+00
-7.355769029377012824e-01
8.989533440337985626e-01
-6.170566888595405142e-02
2.036248702134921817e-01
8.259171474620967679e-01
-1.288139019674583441e+00
-5.651046143876904404e-01
-5.493810614892042921e-01
6.687330884480651161e-01
7.639768996236322440e-01
-1.929486832090014037e+00
5.597750128591236773e-01
2.865836346874979235e-01
1.011171831057388060e+00
-1.313736250551674756e-01
-2.016733952256956064e-01
2.754264090361944195e-01
-5.754525976536196685e-01
-6.694119801081649390e-02
-1.072243442010926695e-01
9.474937703068102290e-02
1.705198695779057416e-01
1.231839633562409997e+00
-2.946986392192627036e-01
-1.039432141798865450e+00
-2.980131367666986053e-01
-2.253529802592921516e-01
2.030227914676068501e-01
-7.335062001281247301e-01
1.719684043134748208e+00
-1.839757456725554796e-01
1.207691218301826019e+00
5.482779659005516670e-01
-1.100299904661106443e-01
-6.338842789225153096e-01
-1.220895591324330925e-01
5.423515070472542110e-01
7.798351874852341714e-01
4.416509161417512819e-01
8.619302352596095451e-01
1.245504455348180661e+00
1.393649735987011196e-02
-6.268940191638253112e-02
-4.140564472575299915e-01
2.671078909971726922e-01
-1.002372864623153559e+00
-8.258205083380933953e-01
4.557231382642419892e-01
-1.195737408160114923e-01
-1.180516200459218679e+00
-6.276305736908905919e-01
-1.140588418696920181e+00
1.337013287973336295e+00
2.607862122294016261e-02
-9.502243736222313331e-01
9.020714270668666046e-01
4.343226386929582850e-01
8.880233706868492227e-01
-7.271873409092745044e-01
-6.334597869228855149e-01
-1.141585923694609983e+00
-3.701375798049166832e-01
8.467396510616291838e-01
-8.222144400533851760e-01
1.659026270657837643e-01
-9.414638085426221270e-01
-1.162915951792119262e+00
-1.052242655890220924e+00
9.405233338800134124e-01
-4.239086324800256378e-01
-3.225173054771873771e-01
-5.473652039382227441e-01
1.099544745829252435e+00
1.823958258311961234e-01
-4.543286079111902298e-01
2.633109503762845471e-01
1.035605560453742635e+00
-8.301893982431596264e-01
-8.316151773651917489e-01
-7.141467651334858502e-01
-4.859981267892479750e-01
7.674152975037265012e-01
-1.247671371535082230e+00
