4.574350550446835695e-01
-1.889789542338872197e-01
-1.149053208369051893e-01
1.377795790044372415e-01
-7.314359148498548180e-01
-2.206986067529339290e-01
1.188403357427438634e+00
-5.223379458720794899e-02
1.427108994935759601e-01
8.184380470318205480e-01
-5.819462913582655883e-01
8.121990716130109145e-02
-5.767359693002609422e-01
1.900250124686534425e-01
2.376950390451226108e-02
-2.213330920763110221e-01
-3.499623182435359081e-01
8.589930624210913024e-01
1.106544794914487984e+00
2.203135002891016825e+00
-6.548626349043528139e-01
1.475278665016709345e-01
-4.901142807768602561e-01
2.235210980616569587e-01
6.698347783354009488e-01
-1.938083549768542468e+00
2.447290885209383593e-01
-5.681321087594093378e-01
-6.261688324373209102e-01
7.633292062614465134e-01
1.923970425955232599e-01
-2.615096782130281114e-02
-3.337254683606810657e-02
-2.473117420178774228e-01
8.671119500486611509e-01
2.649155167879324035e-01
-9.957385638578616915e-02
-4.582411085418772179e-01
-7.988092751828712590e-02
3.658546026768567661e-01
3.042695204849429347e-01
2.762291613160674508e-01
-4.456924376504723950e-01
6.021149333916677726e-01
9.412664252347785476e-01
-4.529581371209421281e-01
4.028274253208622424e-01
-2.677439007366110291e-01
1.004286111665372516e+00
5.033595921637351589e-03
1.441770710500528629e+00
-3.937654360036021983e-02
-9.308451322435309927e-02
-1.754263982956440759e-01
-3.930033619512422471e-01
-2.464654656616290657e-02
3.323672404463197672e-01
-9.746182124887494691e-01
-6.709899281719403086e-03
-1.546832143525301607e-03
4.470590311518251592e-01
2.813602598770165164e-01
-6.044187642980862751e-01
-2.254547752006777372e+00
-6.187452559020509280e-02
1.548057162561892408e+00
6.935168401988907050e-01
6.740986976995928526e-01
5.333078683381167195e-01
4.209394488549324242e-02
1.070991032974557999e+00
-4.435151601154816992e-01
-3.264513082211174533e-01
2.811212542177911056e-01
-6.895944571079326568e-02
7.195731335701693876e-02
2.099980787273631577e+00
9.822268727969538649e-01
1.388528444293429587e+00
4.342172198270775052e-01
-4.537192432063413272e-01
8.428115423120976502e-01
-1.799582207696700520e+00
-5.615214370604131311e-01
-1.054134500989502898e+00
7.377625574231099215e-01
1.472916448310697402e-01
-8.176259784032322009e-02
-6.288922417564526413e-01
1.746947144381327810e+00
1.299772308894784123e+00
3.830944224312719193e+00
5.195518890053436589e-01
2.512083500997465135e-01
-1.580229610638010374e-01
-3.013574657462149697e-01
4.026338630131365282e-01
9.469711348767162473e-02
1.133682881319744151e-01
6.619803446008805103e-01
6.515026752526407172e-01
1.855380268928295884e+00
-8.153571425467178724e-01
-8.330621443114052393e-01
-1.023535432235272546e+00
-1.451094457916236369e+00
-9.073735554886173116e-01
1.056028765052490215e+00
-5.656805202225805296e-01
6.805109680919584347e-01
4.859295815797729512e-01
2.406100995214070615e+00
1.186433691130484025e-02
1.031309421983507502e+00
-2.770834377518130998e-01
6.846816311694174928e-01
2.689977380809815966e-01
-3.397305485796181523e-01
-6.192494989562147278e-01
-1.321293571525751886e+00
-7.810857282159506809e-01
-1.089678411892371468e+00
-9.723847852369151834e-01
8.349686058951219514e-02
-2.054235502216404663e-01
-5.409081026178601537e-01
-1.107574780178294693e+00
-4.065566871837278384e-01
-6.021571666145411061e-01
5.573106268268510632e-01
2.012675190973557959e-01
-8.052349525958794052e-01
1.767455711699072562e+00
7.135349480819871970e-02
-6.635801036158963662e-01
-8.033974579203449762e-02
-1.156926494885162360e-01
-8.176309043699717671e-01
5.007714674969414581e-01
1.199190309338750149e-01
1.027729080688538632e-01
1.823654475933882635e+00
-1.657028399940298491e-01
2.041043976136747151e-02
-1.955575079615825551e-01
8.629111752028911786e-02
2.884779406006970914e-01
4.932002919878065716e-01
1.909688789107409634e-01
-3.652479581773911965e-01
-1.668366046467345543e-01
3.824341169657237138e-01
-3.323862926410254270e-01
4.854247306575260046e-01
-7.559826493841812489e-01
-1.847320493163371768e+00
2.278609635359479135e+00
-4.489739019721671331e-01
7.359819023229767776e-01
-6.563254899694370703e-01
-8.823708575957391886e-01
5.326533749750008706e-01
-3.475610310785212098e-01
5.076016097819122663e-01
7.564232480059835950e-01
-4.854209336563630184e-01
3.136569869726427151e-01
-9.471412839032344877e-01
-4.572030629885555086e-01
-1.381516362391814190e-01
1.440070100909314754e-01
-4.563295801302992283e-01
-1.798010256218044445e-01
-1.759057935939244421e-01
-2.029057107275969329e+00
2.197561851588518134e-01
3.403674349864982407e-01
6.394532909391659192e-01
4.535319835991968862e-01
-2.737376581109137730e-01
-5.284017536841900675e-01
2.408083769473854663e-01
1.340704818938927678e+00
-3.322448299647380310e-01
-1.266084145166493258e+00
1.370623991639995598e+00
9.842523459222489723e-01
7.121101341713625965e-02
3.208341586610327645e-01
-3.187709759978545887e-01
-2.261137563126200400e-02
-1.302300873493497102e-01
1.057033947665381834e+00
1.351223029710114432e+00
3.214402370595541569e-01
5.863975592991543806e-01
-8.539785748236938812e-01
8.405495168831494945e-01
1.938200028417355614e-02
-1.032078579600014701e+00
1.156090017337675357e-01
9.567649400093544698e-02
1.669006375316683943e+00
8.874330883126932967e-01
-1.112690370344619151e+00
-1.094420192237276074e-01
-8.691660307400795871e-01
-8.254839782124530068e-01
-7.941859144221039557e-01
6.018753879588290001e-01
3.755268826153839168e-01
2.662919086092313536e-04
2.800625252058476233e-01
6.384231661503512179e-01
-1.138952021593843345e+00
1.021132871071385839e+00
2.963196183581583432e-01
1.463458811270561766e+00
1.100084369004470930e-01
1.149120757781827873e+00
-5.145090915092149775e-01
-2.890856622515466379e-01
8.785222462621528061e-01
-5.155684910486149075e-01
-1.600694240652359990e-01
-1.230126221771068007e+00
1.254949383773454885e+00
1.440293595684623451e+00
4.451411668100719865e-01
1.497664115337115631e-01
-8.231188622000626953e-01
6.873800073680328415e-01
5.060343702182308334e-01
7.674525410529031699e-01
1.269882550366200069e-01
1.861728549087177331e+00
1.946392010633340719e-01
1.123145092841682791e-01
3.145093871252951923e-01
7.017989126898016572e-01
-1.793126905385511449e-01
-6.082099502272837466e-01
-1.387398630576769654e-01
8.886204214090014375e-01
1.149944531778955559e-02
-1.611959691805507633e-02
-3.254740724632617654e-01
1.820031785376959865e-01
3.956000456694400702e-01
-3.826517321365123792e-01
1.555854157493802736e+00
-9.222355794071618318e-01
-2.523377160847072309e-01
-9.019805003383621900e-01
2.778702018464370482e+00
-2.993537504428983587e-02
1.659255234164696446e+00
-6.612901385255267606e-01
4.960334132706371024e-01
8.141963733159857108e-01
-7.812326813353077659e-01
-1.026655925206137798e+00
-1.408152415040579974e-01
1.466645645417486987e-01
-3.489570692345584924e-01
