3.786259110807524420e-01
3.074900508073801775e-01
-1.875704143482176178e+00
-6.326261974747424688e-01
1.216372884375803265e+00
-1.020557716085657152e+00
-1.536806879888547028e-01
1.309454531874705063e+00
-1.734236242868365308e+00
-9.241744750576548206e-01
-8.739608382120395147e-02
3.143975310810804280e-01
2.745593394402037202e+00
-1.023390226451692531e+00
2.727737203220475859e+00
1.085960223903731814e+00
-3.785750511228465343e-02
-8.589056427616108547e-01
-7.400317250260814994e-01
6.280291177116847923e-01
7.061135881109468215e-01
1.773739563414209255e-02
3.246482629968690414e+00
1.955223364373871897e+00
-3.624256533891735410e-01
3.886981318606695934e-01
-2.205240354178877649e+00
2.318023774010662397e+00
-5.317853566030816825e-01
2.366774735781854710e-01
-2.603405627747279460e-02
1.644074098715961885e+00
-4.169453271533331562e-01
1.135634100819523207e+00
1.238132914093164505e+00
2.696115144289629839e+00
-1.218799268442873895e+00
3.896874777159994863e-01
2.218095530138350924e-01
-4.712779643258045992e-01
-2.137872653405052059e+00
1.295904915834673821e+00
2.190325556587064071e+00
5.573496058082444415e-01
1.275356268221382594e+00
-1.086024254853469317e+00
-2.442855588395373978e-01
1.805762458172839868e-01
1.426614454311507352e+00
-1.647928382231296895e+00
7.834737465692983571e-01
2.223362450454595962e-01
-2.257673570949981112e+00
-1.174567670832630029e+00
6.972787390254935325e-01
-5.239264000317688241e-01
-2.880427360936332337e-01
3.042028179137561406e-01
6.037892132668442713e+00
-2.308657614040715789e+00
1.342904836821847248e+00
-2.597018107934824238e-01
9.694376680669045676e-01
8.532769238253982147e-01
-2.639983231553638121e-01
-6.333274544439314591e-01
-1.669969622754713612e+00
1.618060389300501889e+00
-2.247293513446129154e+00
-2.966349129081548019e-01
-8.738192724402399358e-01
7.334783112517617720e-01
6.066176034334374023e-01
-2.313243152879867759e-01
5.819192395141639107e-01
5.793658612331680224e-01
-8.181499789025059588e-01
1.528948166278865095e-01
1.924760837239224864e+00
-1.285268874114135818e+00
-5.490805048931823862e-01
-4.136818567795105928e+00
1.636412406523293228e+00
6.436576958322797193e-01
-2.946576120427194523e-01
7.312348302452711390e-01
-1.019825238027614933e+00
3.889285027771449132e-01
2.103957866874773153e+00
-8.989213468562037290e-01
5.333491019208444484e-02
-1.272118424183213692e-01
-3.152905149692245779e+00
9.452209150283276129e-01
-1.275672176771871946e+00
1.218837156760248730e+00
1.058443627347294802e+00
-1.674982231397358579e+00
-5.947610199827357391e+00
-2.080475430017190153e-01
2.443109255795094636e+00
1.306823291966966893e+00
-4.301170983478779242e-01
-2.353433124717378977e-01
9.316489343070034623e-01
1.760138025747402857e+00
-5.096448035567651136e-01
-1.492919095482228897e+00
-7.806963492988858722e-01
2.730765700119408557e+00
-3.103913841709547983e-01
1.434547705238633508e+00
-2.028886240310892486e+00
1.135334942477054243e+00
-3.266139922245525629e-01
-3.104182587188401010e-01
1.202396157286985456e+00
5.353841295972479042e-01
-1.453735275685605011e+00
1.297190639143635194e+00
-4.756487426914211003e-01
1.448290463021854269e+00
4.518623930200871275e-01
2.111658720627059005e-01
2.197489010764449802e+00
1.534956273912410629e-02
-4.656617247412394023e-01
2.028778657369401106e-01
1.147882740395899326e+00
1.866828815385702001e+00
-8.485008170197327892e-01
-4.209518381977202517e-01
4.849286674328766034e-01
-1.266040486649343100e+00
3.594594118965394047e-01
4.056931788964785457e-01
1.026091425212029562e-01
-2.530232865163913214e+00
-7.365359673095563942e-01
-3.699983347547364243e-02
-3.366843936303490215e-01
6.207387803690349593e+00
1.583773994286014064e-01
-1.542754678949490366e+00
-2.349495270290917481e-02
-2.279540594403614229e+00
-2.226853900497637873e-01
1.527410078562471130e+00
1.201907648124015848e+00
-8.300708800745967286e-01
-1.526851981368872568e+00
-1.148390106751013828e+00
-2.774528382991654496e+00
6.921633091456262932e-01
-4.860567659653073913e-01
3.798565194961482927e+00
1.472851072410913176e+00
-1.829710717415877319e+00
1.884841393494983031e+00
-3.424569258150871320e-01
6.357102852320122288e-01
-1.964008633557748240e+00
7.222361704442448183e-02
2.836780164688680328e-01
7.405506504176734284e-03
7.841988617539261686e-01
5.074917466992384663e-02
5.338560912495925237e+00
-4.198393650249713893e+00
-2.196939163995172417e-01
-2.904197031457899758e+00
-1.575176166821215196e+00
2.729817140573604028e+00
-1.332890136777837853e-01
-2.599828887501091756e+00
1.645661677327027395e+00
5.634260837917677289e-01
8.022823529826067501e-01
1.571163931256566726e-02
1.048455088872802810e+00
-6.532632318546499617e-01
-9.088239344942270481e-01
-2.519116331970368883e+00
-3.388014171801415841e+00
4.680579270446631135e+00
1.008561969016120496e+00
1.074804865423907962e+00
