-3.136990375187325708e-01
-6.150393574671076946e-01
-1.476993192504926222e+00
2.039346482286044648e-01
8.159083317019288906e-01
-1.367829680930704228e+00
1.905045206597631435e-01
2.620811141358430074e-01
4.668850218236006988e-01
3.589973230429679973e-02
-2.364085467933943474e-02
-8.651812867954992159e-01
-1.067845461347699088e+00
-5.364330618469961287e-01
1.224606075118279958e-01
-1.171454493298361293e-01
-5.011518607884843934e-01
-7.104785955378626339e-01
-1.264252009680804978e+00
6.211677224398071129e-01
1.109468290517875877e+00
5.985276409940711861e-01
6.329683467261019159e-01
-5.497449278682097207e-01
-1.258482779458067746e+00
9.580624591894911779e-01
1.119301723152984707e+00
8.183660258308077529e-01
6.884031952061379078e-01
9.677605257961110485e-01
1.435387517494091547e+00
1.064744416417375411e-01
3.831542252653056257e-01
6.889414547487358043e-01
-3.614293106722282767e-01
5.839176816925254476e-01
7.968522156589263883e-01
-3.798429897773881181e-01
1.860074270564193721e+00
4.784410135482762283e-01
-1.769417461336816877e-01
9.135666775253057370e-01
8.621514236125346065e-01
-2.667430288564971441e-01
-1.545661999092387884e+00
3.451009343622726822e-01
7.349769574776520153e-01
1.848823110100570100e+00
-3.204351533508824623e-01
5.396701262101527563e-01
3.485142564038217761e-01
-3.632562211675068736e-02
6.086933900973980904e-01
-1.048879809386260353e+00
1.453877278657573213e-01
-5.149489450816003844e-01
-1.112964772955137516e+00
-2.954937483750678107e-01
2.059062602126254249e-01
1.237108878431319114e+00
1.027257093146005440e+00
6.072975285633526177e-01
-1.274933946832106646e-01
-6.330768016029905132e-01
-4.713817511171408126e-01
5.689379823624827193e-01
5.817283533923658934e-02
-6.174379191026607705e-02
-1.647721602272889663e-01
-1.040805268623518076e+00
2.808682027066397580e-01
1.101886196347101166e+00
1.171299879661273691e+00
-2.007705588952319042e-01
2.678561050608071481e-01
-3.892492169964196363e-02
-4.346666939263640894e-02
1.164342373732446756e+00
-1.476102655928091201e+00
7.383136080699481685e-01
-1.189254615499866663e+00
-3.693905736142278351e-01
9.992140841374386184e-01
1.175278354937744352e+00
-2.524417363708507667e-01
8.021861908508037819e-01
4.556030467771062797e-01
3.646551014276444014e-01
2.994850848794454179e-01
-7.814670965644426870e-02
-5.030156105752749962e-01
-3.276412646731665101e-01
-5.541384391051992764e-04
-1.086643761636444161e+00
-8.088855983198761646e-01
-4.989846505840057206e-02
-8.287512894139312802e-01
-5.487519256650127408e-01
5.413587191848597824e-01
3.802517620457294689e-01
-8.744422851266704377e-01
5.914382369596680178e-01
-4.442127017029758873e-01
-2.894148040268536559e-01
4.399678335697758125e-01
-8.840744554482802275e-01
-6.237914159478662457e-01
4.789580235296077015e-01
1.304434944943250185e-02
-2.874823567635610422e-01
2.606853443048505747e-01
-5.973830712064990278e-01
-2.034948614862262806e-01
-9.345153215046692052e-01
6.071141503154078300e-01
-1.092992042811595510e-02
-4.752579467374720701e-01
3.051699914058378926e-01
-1.820218356950644434e-01
-6.036641990623474729e-01
-1.787989517365738745e+00
-1.203481538807974482e+00
2.723220750145697866e-01
-1.771446273148169492e-01
-7.249074740257369642e-01
4.820671580235280085e-01
-6.809029944520151867e-01
8.788056916938201679e-01
-1.219846363524004634e-01
-9.897596440405419527e-01
2.901783588283182169e-01
-7.540291046059656166e-01
1.815585096497038808e+00
-3.583828526813958026e-01
-7.176218162328760197e-01
2.387113296441217836e-02
-5.786956865853036813e-01
-1.546436819747881719e-02
-8.168328523501534599e-01
1.097075480537434283e-01
2.509684398527340932e-01
3.014522170644894361e-01
8.190552849990541118e-01
-2.230299550497126804e-01
1.114354947881069924e+00
3.169947522030586162e-01
1.546312496794777891e+00
1.332830077671495195e-01
-5.728997722077192600e-01
2.012081998646876313e-01
4.860170051931062551e-01
4.152092257091215544e-01
-1.308476000526682448e+00
5.282169981174993367e-01
1.074564827611320661e+00
1.099577406089876086e-01
3.630080162320453163e-01
1.178833188454142811e-01
2.028135347799924215e-01
3.861728956714982619e-01
-8.103289113516202180e-01
-2.021138606024270312e-01
1.183133015992299253e+00
-2.569653162242233613e-01
2.023384780509825398e-01
8.600925399179064346e-02
-6.227138834147373236e-01
1.472974749845482323e-01
-4.255943185877926194e-01
-1.859428065943897757e-01
3.152564019523032002e-01
-5.008637760490280977e-02
7.789159119652941943e-01
-1.348237136989062446e+00
7.844407757310071228e-01
4.820152308312957157e-01
-2.124568981986718619e-02
1.694836728298687034e-01
4.578139813301074224e-01
7.860644726918846192e-01
-3.782992137385626785e-01
-8.176914320200163733e-01
-6.403331864290248143e-01
-6.109796428940624802e-01
1.944755232371842557e-01
-7.258755774786671555e-01
1.039958555393010409e+00
2.431567592739045658e-01
4.678793697995981549e-01
-1.535653825117974325e+00
3.814451940316879730e-01
8.577763300295580817e-02
-1.203479009460449861e-01
-6.108911740885996089e-01
-2.719264353344561513e-01
5.001256824916471277e-01
-8.495547743589456635e-01
3.471071280748454502e-01
-1.002280196480338725e+00
8.488406254575853183e-02
-2.026032110404551306e-02
-2.588319190688797566e-01
-7.722544140840362781e-01
-2.901689686513780897e-01
-2.557259409462254718e-01
-3.610543369175847617e-01
1.139104857508140278e-01
6.824047231656176216e-01
-5.542688228803041572e-02
-3.942960605052568956e-01
-9.667779697839518072e-02
-8.439694696677115804e-01
9.260947372110779341e-01
3.105961142910366735e-01
1.847987552656619181e-01
-7.977180903705739512e-01
1.037355552259606961e+00
-1.131328512403947828e+00
7.326778609363422401e-01
1.292451825302797452e+00
-5.282168849681094791e-01
8.325442839786900695e-01
1.975175986900935265e-01
-3.951833701771105822e-01
-6.510406246364579541e-01
1.225799992810970018e-01
7.476977662554639137e-01
3.151229052702462230e-01
9.180839624464052218e-01
8.754457447761818667e-01
-1.911892493114850933e-01
6.806240300256463094e-01
-1.195771703756581816e-01
1.843007005264960252e-01
5.455209375961660445e-01
1.652192018172336185e+00
-9.759243394694717688e-01
4.084018249710347215e-01
-1.189143206931107866e+00
9.313594208485727055e-01
-5.958748769694189457e-02
-1.081117793241895386e+00
7.600745750212501983e-01
4.110717466282637345e-01
-5.878070859530684089e-01
-2.873982222547675769e-01
4.876890627796479638e-01
5.583393845192857752e-02
1.767452272659673085e-01
5.939137907510623204e-01
-8.306729986848327973e-01
5.092496217286291982e-01
1.031859163548991265e-02
3.856106267275900001e-01
-2.963697537021554584e-01
6.876540257172442105e-01
4.964211507840624038e-01
4.192735495427267201e-01
2.861564007763628403e-01
-6.896943833730023732e-02
-4.344435444326262552e-02
-3.521934506887220984e-01
9.729624655707641567e-01
3.439886906517438669e-01
-6.081779849484888478e-01
