-2.980193520236215088e-01
1.160004572507652570e-01
-1.154629679502353179e+00
3.290635789654396404e-01
-8.053156097273904690e-01
-1.258290721747659768e+00
-8.082588731611066446e-02
-1.041976758955464488e+00
7.771110789291613141e-01
-1.763092691776625698e-01
-1.056063038629304618e+00
4.706055003683706772e-01
7.191934347654534987e-01
8.458147192744697174e-01
1.278050099621388380e+00
1.053631074372179399e-01
-4.003973801945523436e-02
-9.945688379522155120e-01
1.096179480555864005e+00
-7.942212497680297689e-01
-2.210343681768404123e-01
-2.529344096089483629e-01
-7.230003472545540322e-02
1.312290013592312676e-02
1.657739094462499785e-01
5.973788030754498823e-01
-6.538536105133103682e-01
6.731857023431928599e-01
5.131674377377645757e-02
2.192226299772811693e+00
3.916539135161443141e-01
-8.855877385752337627e-01
4.681207363746879846e-01
-4.902843421883616437e-01
-1.672563309107105156e-01
-2.610847424041673470e-01
-8.290332031155418502e-01
-1.491483223113530820e-01
-1.920434158370626643e-01
-4.802925294677626300e-02
9.369002034714801752e-03
6.994921715401972717e-01
5.632607331983652266e-01
-6.951053052495084206e-01
8.374092373944205248e-01
7.195426808558412768e-01
-1.992173909515917718e-01
1.024014013646587840e+00
-1.128971762512430699e+00
8.199946557974089334e-01
9.909729374563081006e-01
5.648564025787641135e-02
-8.283622515585320478e-01
1.649528412017446932e-01
-4.878354328504102000e-01
-7.120650836087236840e-03
7.703863996719436669e-01
2.535463146259890332e-01
3.392798177675027671e-01
2.410603188788729700e-01
1.908065953185595909e-01
-1.327357246050394846e+00
1.980732924144253948e-01
-1.043259919991362583e+00
-1.383666907868104978e+00
-3.231220491609300138e-01
-6.617406750100581769e-01
1.035669692958947508e+00
7.927085251273826572e-01
1.105852618474671978e+00
-1.274392027738296740e+00
-6.283205481989875274e-01
-9.292572525229364500e-01
1.035863845580287101e+00
-5.563459378346635731e-01
-1.234664883461908724e+00
3.467295559417784556e-01
2.217252494798006568e-01
-1.180643213717178952e+00
3.193837619031470454e-01
-2.438529292649842528e-01
-1.570502249477856216e+00
8.298680715423295551e-02
6.560585805706160845e-02
-5.707179807385950321e-01
-1.439026371600296561e-01
-9.445727204841046776e-01
-2.482957267294720605e-01
5.392901777434135069e-02
3.071130462018163976e-01
1.641310824084787345e-01
-1.202417070172149050e+00
-4.984417260132797400e-01
-5.942553311557751128e-01
-1.504285684265888601e-01
-4.394912532499919422e-01
-3.075532872988104849e-01
3.859451113075406670e-01
-6.942923534809233299e-01
2.913304997695838061e-01
-1.185935605917039504e-01
-8.729691426398534793e-01
2.998219664389973893e-01
1.350384972358071423e+00
-5.961749219531109478e-02
1.351284432288404336e-01
3.130722723026510002e-01
-7.628712933965929865e-01
1.240898933273278715e+00
-5.207816146195699547e-01
-1.293529851838855382e+00
-9.061714033008494429e-02
7.620490307026570598e-01
1.912622962131538484e+00
9.503641363780319651e-01
-9.612454354653804378e-01
-1.014841484171214336e+00
-7.424076304109499258e-01
-1.279820655734966284e+00
1.289890681852690624e-01
-1.997135333611892993e-01
-7.127177333655065894e-02
-1.068378836296752565e+00
1.709692757159549381e-01
-7.212498678498052707e-01
4.738137661125608191e-01
-8.439035728060717556e-01
-3.828535472129410144e-02
-8.066377517474921932e-01
1.330565183169936772e+00
-7.671736000762340302e-01
4.961945264893479757e-01
5.684272644213181902e-01
9.713752004249356919e-02
-1.105390485365889408e-01
-6.458719138463793197e-01
3.588178228100535883e-02
6.176325412074389343e-01
2.847770249363225648e-01
-1.110410961531405949e+00
4.197485143668606145e-01
1.335609093515646717e-02
-5.785065223818540714e-01
2.996272113668003723e-01
8.432112501174153507e-02
4.925638017361005927e-01
-4.045909072147885754e-01
1.499108652601360558e-01
-1.032212097937216938e-01
2.504562889252281987e-01
1.288493932125231112e+00
-1.515371775488022044e+00
3.695086957966184915e-01
-9.143790132872025023e-01
-1.803919144040683764e-01
-9.182727722573875706e-01
8.558694118293300734e-01
-6.499984913145989696e-01
1.176346282298517787e+00
5.112251143303156997e-01
-1.817955594789875673e-01
3.641491018539602664e-01
-7.869644509450891556e-01
7.417596816301564866e-01
5.998550480967190790e-01
-5.319274140602818779e-01
-1.057211269334974446e+00
3.538959329073637639e-02
1.037105285825176137e+00
9.927916785651640375e-01
7.763521620160007686e-01
-7.991736833691194253e-01
5.410068146087246843e-01
1.245599801485294256e+00
3.479140247331799496e-03
-2.400621639203477653e-02
7.751178506153049153e-01
-6.129792749566367327e-01
-4.485513220851265470e-01
1.226623035146502672e-01
-3.381700414525273812e-01
-2.010024349631239771e-01
-1.065653612769446035e-02
9.716038414359787767e-01
-6.457948740542291954e-01
-6.920387012050601694e-01
-1.127603015264208697e+00
-5.932939166840303646e-02
2.888554131376931955e-01
7.642739396498124949e-01
-2.221041043081788402e-01
-1.283676851079701420e-02
1.026425211442406393e+00
-5.247492483918052564e-01
6.080571135719307074e-01
-9.227417204856458444e-01
4.690101519773161032e-01
2.427724232550678984e-01
-2.156394054893341905e-01
2.399360380032650175e-02
8.962194937569553099e-01
-7.358200781273627200e-01
-7.973499697122611307e-01
-2.715353580789061638e-01
-2.053047226698101468e-01
-8.803636475499106162e-02
-7.868993734622967695e-01
7.245782590962958347e-02
3.463694789505057936e-01
1.456109763870218510e+00
3.475855582470276373e-01
1.197720112929136604e+00
-9.790196958025252361e-01
-8.051421261096765036e-01
-3.105410012717722823e-02
-1.361628224644072294e+00
1.119002242338805297e+00
-1.671791539547971217e+00
9.237012126614989604e-01
-5.335235376299857224e-01
1.465562907584057051e+00
7.587974305193717628e-01
-6.765752910922244734e-01
8.884434595288305259e-01
1.172225520932872467e+00
-9.685469736857550416e-01
-4.531838408572189114e-01
9.545168434178967765e-01
-1.343913912122429721e-01
-2.224021152489929765e-01
3.663393782491972117e-02
-6.476938700421355222e-01
5.333018391215322423e-02
9.952526766711581319e-01
-1.414501684522666003e-01
-1.518473702662237468e-02
-1.576549607680937326e+00
-1.115265709626902385e-01
-2.324100948332252226e-01
-4.723791285138455587e-01
-1.225744473881762997e-01
7.369545398509591561e-01
-3.000102080051893494e-01
-8.206325004129086387e-02
-1.184852622827462953e+00
2.678286113579426142e-01
-1.161342442773493744e+00
1.005911671613909819e+00
-1.635104881684589784e-01
1.020593943336389087e+00
-8.554489884919533882e-01
-3.177105241142375719e-02
5.039644764662692261e-02
1.208313840979798215e+00
-1.006018584114781067e+00
-1.771391990300534292e-01
-7.696564647797984327e-01
-7.118597246690271385e-01
3.112319472126542919e-01
5.979581759332959212e-01
-2.470801807613010881e-01
-1.990985460859723277e-02
-1.031168343492409711e+00
2.426497078294359011e-01
-9.458397740061931236e-01
