4.475623713626706301e-01
5.226214678424213611e-01
-3.674201860039534862e-01
1.631576349439041451e-01
9.298355742763109166e-01
-1.023485505838011012e+00
7.830875324946354188e-02
-1.046783445462366791e+00
1.329776697115294226e+00
-1.993684300269366327e-01
-9.314631060894777992e-01
-1.199288065932627267e+00
-4.305576349513725032e-01
-6.789762441439841645e-01
-1.538809303438600562e+00
-1.194115359015230471e+00
-4.950078432525420458e-01
-1.739081172104765649e+00
1.187804229330120115e-01
-4.854108386346873694e-01
-1.693254940598875324e-01
2.273553628615595235e-01
1.183964329466967724e+00
-7.638604995336526482e-01
-4.928928520260607293e-02
-1.311922164722830741e-01
-1.357502938220205568e-01
7.691499327452069878e-02
-1.512407218142599874e-01
9.499986839533247629e-01
4.561463014149210737e-01
-1.257721596110120910e+00
1.206410444985689834e+00
-1.919670606105521982e+00
-1.675688600978714859e+00
1.666697608484421611e+00
1.056935671087455786e+00
-1.007464521326691287e+00
-3.557415712051869017e-01
-8.720181276039420393e-01
6.293844729411175454e-01
-3.811602464039599569e-01
-2.837603969667071846e-01
2.804330773754335482e-01
-7.269152305820054671e-01
-5.772923426308936845e-01
6.036844092216957502e-01
1.763839011318195871e+00
-1.990748969655890876e+00
6.925343882302760212e-01
-1.270551614837638343e+00
1.132392173810530478e+00
-1.382833730590759813e-01
1.525885921158119496e+00
1.127939698055413498e+00
-1.760159897137483886e+00
-8.995251371266999030e-01
-5.810929626780378943e-01
2.225434250459579211e-02
9.676595317502790783e-01
-1.451446434462941304e-01
-5.613190480603642563e-01
-1.523593132942546724e+00
1.892627536323057136e-01
-3.413549492058146617e-01
6.177072569288064585e-01
-3.470748019026338727e-02
-1.366907705816533758e+00
-4.048973678214684013e-01
-4.731167852921824846e-01
4.892778273681501755e-01
2.616679001433582230e-01
1.093129504744068115e+00
4.991795821762260582e-02
2.685923481001585289e-01
8.811079280674951608e-01
-1.881659816705309463e-01
8.353350809910162766e-01
-1.122634242440458729e+00
6.014710730244363091e-02
4.504367483430232744e-01
1.297229167556478657e+00
8.951905230986075823e-01
-8.811591029116522256e-01
5.185096563941939962e-01
-2.927316107489674746e-01
-9.172237956337569997e-01
-6.564646054074119164e-01
1.454569622907750714e+00
-1.837107372571315178e+00
-6.635384344271832990e-01
-5.701089425981563652e-01
-7.469127040942304951e-01
-4.170209858458506225e-01
4.155865158605607235e-01
5.055965930837823530e-01
-3.040698616015987676e-01
-5.094335570217101150e-02
1.956046567289766031e-02
2.192537831365419354e+00
-1.143476320132915003e+00
-1.145149374610245019e+00
-1.581476868136508118e+00
7.290877125675576664e-01
9.304633680524520001e-01
4.524992883759500484e-01
-6.093315905178039449e-01
-8.621109060404450464e-01
1.068309090767666891e+00
-1.219956477470683032e+00
-3.262528122052235635e-01
9.925558830105313257e-02
4.089757525844605057e-01
-1.044957557394262215e+00
-8.439852888419127064e-01
-9.939299102757606086e-01
-6.332040722479939099e-01
9.554600775311469230e-01
-7.793810363540912833e-01
9.273178159426604950e-01
-1.211914848925878196e+00
1.373234181878970617e+00
-1.935260800376620516e+00
1.061879398390946694e+00
-5.175654013388292229e-01
-6.088517725200202069e-01
4.859857150677446835e-01
-1.246897761193029641e+00
6.481398136843208313e-02
-1.732968815480283586e+00
4.490602354173980904e-02
-3.753720845596982825e-01
1.763089181591840804e+00
-9.268757982647403415e-02
-2.082324034244769528e+00
5.130070048600865462e-02
-4.715328070457129872e-01
1.228686854806260831e+00
-1.341622687408296599e+00
3.383137466912274904e-01
-1.507904312866068075e+00
2.836034869121639712e-01
-1.012625905591766795e+00
-2.051625720194776015e-01
-9.541776185786501330e-01
-2.020364828418907410e-01
7.754125673805893904e-01
2.539167308877479545e+00
8.766872256560732934e-02
6.856144224266227938e-02
6.078074628100472721e-01
-5.151423406014635775e-01
6.340848083828333204e-01
7.781347763139606633e-01
7.886950563520023216e-02
7.697367959702156037e-02
-1.050449403819646577e+00
3.204624056890186812e-01
-3.331356710824648348e-02
-1.651466298750473127e+00
-4.904209602717390926e-01
1.083250195528512982e+00
-1.428375352147513988e+00
-1.024713429108954355e+00
4.797080390264348848e-01
-2.051376894468782019e+00
-2.638569644798839375e-01
1.531817182462955618e+00
-8.969800234427767194e-01
9.303345647535293805e-03
1.138167869321674353e+00
9.279070072199273600e-01
-3.704315322926822751e-01
-1.994419417998400945e-01
7.977476362120756725e-01
-2.081130497043443828e-01
1.247009330164504382e-01
-2.004022341236985305e+00
-4.463742627405122287e-01
-9.672532540145090119e-02
-5.171839671398631433e-02
1.021848688615776046e+00
2.929048011940132423e-01
7.365959984051329013e-01
1.675094247792746974e-02
1.127023537637865225e+00
1.660070936683647025e+00
1.268986075154758142e+00
1.271434117264853780e+00
-1.482794993929286820e+00
-3.776079305676711129e-01
1.913544293811342278e-02
3.653116278903146275e-01
9.643614736750181216e-01
8.953258039159638360e-01
6.310350462269200822e-01
-4.948347146076727959e-02
4.057712438398639598e-01
1.245787332148592386e-01
1.187920088790036521e+00
1.244576243181655162e+00
2.673690953747164256e-01
1.546481939722874621e+00
-5.178391347031314762e-01
-1.644110176022818837e-01
-4.180492876014910153e-01
-4.017777829446116944e-01
-9.856737040987937348e-01
3.961067286801470688e-01
6.477427823460208955e-01
5.635186217453536095e-01
3.756818531621749502e-01
4.006233319376215074e-01
-1.912155893126005479e-01
-1.037894423205791172e+00
-7.715459204258067194e-01
1.547572235449780065e-01
-5.495991027292626008e-01
-3.749949014380254964e-01
-4.800274234836151566e-01
-8.624740963101962254e-02
6.243499309002314979e-02
1.411810904508279951e-01
1.156532308270906473e+00
-7.902032784473016491e-01
-4.312180773183115767e-01
2.784445279121174899e+00
1.381846183026985919e+00
-1.075687430991381088e+00
-4.690854517924215594e-01
5.939132493934311530e-01
-9.888518937449665147e-01
1.542132383697571107e+00
2.149710296696670797e-01
7.386022087417447590e-01
5.388990822489698740e-01
-1.026608755745583412e+00
1.205446083765068677e+00
-1.333633028251994146e+00
-6.460226955423727935e-01
6.612069105762223842e-01
5.253064349339041372e-02
-9.346864259937174291e-01
1.243183914470103124e+00
-1.137008937826188948e+00
1.520301862101407053e+00
-7.127092379624078156e-01
-1.103498537662507939e+00
1.551876491016898285e+00
9.967783399848159642e-02
-2.036929972738733774e+00
-8.964847551609567144e-01
2.631979475111205224e-01
1.016707785243774032e+00
-4.881673656310563936e-01
2.326004366593722450e-01
-1.853462940233444378e+00
1.529149190634442546e+00
-1.830818868763474105e-01
1.379684088145238519e-01
6.423440380177847242e-01
1.468924032764288568e-01
-6.405265513019035017e-01
1.825392607471673978e+00
-2.553654528410715940e-01
-1.160064404310622965e+00
-8.130540061323902057e-01
-9.552449739104740267e-02
8.592513473488018472e-02
-9.742461474779754438e-01
6.815252426396991581e-01
-2.606603168904761403e-01
6.727737673839739863e-01
-1.352327518444351506e+00
8.400124427846915598e-01
-2.053253484324622402e+00
-6.221808478592150138e-02
-4.730817522825201960e-01
4.695952707981730923e-01
6.176862788751648070e-01
-1.213870272160703312e+00
3.681440501281267319e-01
-1.577869268959892990e+00
6.839334736108150237e-01
-1.143599331887773102e-01
-1.369971974724146557e+00
-5.975342305409230281e-01
-9.665750970791188168e-01
-1.078541814395080484e-01
-2.693682254693328115e-01
-1.357798188968122766e+00
5.235528527967880930e-01
-3.140954012230494641e-01
-2.588779183164977571e-01
7.335500890667570051e-01
1.172596656525799252e+00
8.175457264156795745e-01
8.947675235686294304e-01
1.767428688230766876e-01
1.675932195595916996e+00
7.958006464281923709e-01
-3.347797987726410796e+00
2.067637660633926178e+00
9.859606999258400117e-01
-1.283707190137751919e+00
1.190219019244425525e+00
1.839289359257869405e+00
1.351730929991774133e+00
-3.926024887776130012e-01
-5.240954964240430725e-01
2.281377109809383241e-01
9.075146322184263203e-01
1.722850435887291198e-01
-2.328691219611620233e-01
2.226407079623158314e+00
-7.367851018933107010e-01
9.798504233065044033e-01
7.440133468754994706e-02
-2.112022715249990135e-01
1.243000613817235145e+00
-1.077210766475865888e+00
-1.405872618319284617e-01
5.275217481534477670e-01
1.118811036341767817e+00
5.043471057427709736e-01
8.905289712586846873e-01
-3.320608043758908612e-01
-5.753653240934389901e-01
7.807181397837243964e-01
-1.186720943489343316e+00
-4.457014315679994065e-02
2.665051180122059160e-02
1.029858145302707140e+00
1.962359326997658859e-01
-1.367043453773334472e+00
-1.215867225429296594e+00
-1.737467560056703109e+00
-9.651882934446359696e-01
-7.548259086912246785e-01
1.405683486459433196e+00
-8.467050741075312636e-01
3.359298770970703396e-01
2.789144266255466631e-01
8.346667159950340587e-01
1.427240732967937298e+00
-1.007319757333499100e+00
6.350405290476885956e-01
6.299828163868038677e-01
-7.346700441870886167e-02
-1.735559146099941996e+00
2.767978131464849390e-01
-8.579758097016240148e-01
3.101957025234711174e-01
-1.113416322785571788e+00
1.197056299432599058e+00
-7.172741348560452979e-01
-1.000957337016888271e+00
1.440620967908102346e+00
1.062446741336988909e+00
4.663181868771781868e-01
-7.814483756217046606e-01
-4.546952185170513583e-01
-6.692513008596018276e-01
-2.077810935745720400e+00
-1.075999149920756182e+00
4.093767688199889676e-01
-4.114363020135721749e-01
1.216248035555621998e+00
-1.013504598301077975e+00
