2.269750852706828859e-01
5.898998387028830948e-02
9.546813399431661740e-01
-7.252079088245286798e-01
7.629001206629348886e-01
-6.901479394478164942e-01
3.846439929607923247e-01
-5.954609275915567768e-01
-9.378299819986875008e-01
-7.271896646018138899e-01
3.441517587042142168e-03
6.706119828387309134e-01
-4.362518324443545037e-01
8.958419718970001000e-02
-8.659587209643846428e-01
2.121047576141270596e-01
5.482078326272905588e-01
-4.468353356826579859e-01
2.000762298954150697e-01
4.435045858785358064e-02
-3.766672511880342356e-02
7.665027168637863486e-01
2.362145588938013852e-01
4.070092275713430574e-01
2.389748674741564993e-01
1.115896438593101392e-01
-9.343528799605205215e-01
-3.846630914859656691e-01
-4.533457522266137740e-01
5.987928360156302698e-01
-3.143711475341609551e-01
-9.427422284693531829e-02
-3.037884362566847241e-01
-2.800344419646134675e-01
2.198525772985049365e-02
-3.864645934397408222e-01
-1.414656016464872490e-01
5.396791192836443152e-01
-2.876842276578659430e-01
-7.214659860965497717e-01
-3.441994219011863532e-01
-6.001919228163847819e-01
1.708630666910353479e-01
4.730734955363415928e-01
4.989510132685188726e-01
6.617578993510170315e-01
8.633113436070996016e-01
1.399574394409162093e-01
-5.961532865190251052e-01
-3.448095492260658812e-01
9.487175537342016352e-01
-7.324107757198221602e-01
6.481070677451556961e-01
3.560167439622536900e-01
-3.307654548429428409e-02
1.822700743838558957e-01
5.141846335500528387e-01
2.071553059853070700e-01
2.950338760018111905e-02
-3.912168761881054113e-01
-7.453876010214215420e-01
-2.263758106729517050e-01
-6.024502243075267049e-01
-2.918441466466037415e-01
9.009336771287821399e-01
8.835379014572775080e-01
2.787756045843685637e-01
-1.850057878571100822e-01
6.121467958002496657e-01
4.057412718351457448e-01
9.690954433329124207e-01
3.071428514179517233e-01
-1.599068936025660470e-02
-6.770949248044021429e-01
-7.217252924184210938e-01
1.134335433403947713e+00
-6.165743061636502764e-01
-9.963332982341843724e-01
6.879836416278850564e-02
2.767509800534788678e-01
4.885697876597900891e-01
3.105761427641486883e-01
4.078392406222353106e-01
-1.159481763308181090e-01
-9.725144729090196005e-01
-6.729656180886842698e-01
-5.089083358382144873e-01
-4.750241374570889352e-01
-5.474092405963606467e-01
-3.098354603615341984e-01
-8.102560613649774091e-01
-3.852560589009867975e-02
-3.376984645607759017e-01
-9.405578054026366708e-01
9.529119940834644975e-01
-6.063276602499128032e-01
-1.114698102616661135e+00
1.024996658279775374e-01
-8.521770417564800137e-01
-5.645974189260569709e-01
6.623306596437317229e-01
-7.308937491910689754e-01
5.316870166052289903e-01
3.672186819834415417e-01
2.609989754577273224e-01
-9.719581232446385943e-01
-7.349248374392047811e-01
9.883488704707072969e-01
3.328699495127360741e-01
5.146297844676162025e-01
-4.842042608404677484e-01
-3.724530074084002607e-01
-4.901823782257843654e-01
-5.546129332925693323e-01
-9.273787023011321740e-01
6.382149791306817033e-01
9.468062547731097567e-01
7.147404758460436103e-01
5.428313108945899135e-01
4.200439651599632285e-01
4.678393521810937372e-01
6.770725919177640328e-01
-3.542911304310212284e-01
-1.591294477392692919e-01
5.000133853004125051e-01
5.464590514586391556e-01
9.600355253196537486e-01
1.377952629379497473e+00
-5.200918104552993970e-01
-1.599384729596128873e-01
1.750674284941788894e-01
-2.871438852889836024e-01
8.012651503999899116e-01
-4.751169338850247392e-02
9.425773504062784358e-01
-6.929801978512825089e-01
-1.349498326607032617e-01
1.827356382785438882e-02
-8.900605212129981680e-01
1.032842463465268423e+00
-9.089555062641747618e-01
3.491704442331342584e-01
6.122730064458214994e-01
3.176545537746651160e-01
7.676154137230049024e-01
-7.590217607672333777e-01
9.902583093822654448e-01
2.918389816603925713e-01
-6.860881420874371805e-01
-4.073404116079935022e-01
-8.234173030421806372e-01
6.845884509445381294e-01
2.098552043229689468e-01
4.045434568085579663e-01
-2.631105200412048317e-01
6.725979343991783654e-01
1.366837622937928653e-01
9.967248620902451339e-01
-9.652369816397472491e-01
-1.357472682095595795e+00
-3.242202863539489499e-01
7.630279026655333308e-01
4.851281756961285385e-01
-3.529058321965148348e-01
-5.771897474933973538e-01
5.633383318064154321e-02
-8.744717184691134237e-01
5.601744576328751002e-01
-2.632361875773564508e-02
-7.186085679020082218e-01
-1.458678620001503390e-01
3.103332874238515782e-01
-9.710872395233043353e-01
4.132929116179373530e-01
-7.714638409636538352e-01
8.302870907341519668e-02
1.732873348698893423e-01
-4.618692703872211425e-01
4.742645522883188747e-01
8.434708296485415868e-01
-1.992543864511366614e-01
9.522614916001153063e-01
-6.832247237521369421e-01
8.264321764086217659e-01
-7.104031642390442602e-01
1.207898717860831361e-01
3.298469531665439991e-01
4.226722084727854156e-01
-9.286088722735221790e-01
1.029730538303892162e+00
4.758847249811939406e-01
7.027061062285717696e-01
-1.882006438691490313e-01
1.076557198509149327e+00
9.854270865708402161e-01
7.687636392459840096e-01
4.320870569176415987e-01
4.126823312599592342e-01
6.431882870932554841e-01
3.342793268922117367e-01
-9.892095692858997591e-01
-2.515631423998572203e-01
-7.316385528855025022e-01
-1.698088634470631408e-01
3.986096978470448082e-01
5.207712307572780475e-01
4.370561204688363510e-01
3.251272554995823238e-01
-3.679321334061228521e-01
8.783222569937023660e-01
-7.769513212498518895e-01
-2.548817789093633657e-01
6.312971711978305756e-01
6.932438341705176033e-01
2.438125002805824337e-01
-5.801074762810167762e-01
-3.352828490862713728e-01
3.155567478608543031e-01
1.767955273899175506e-01
8.466088839483860706e-01
2.028472319106593424e-01
4.629780929446245530e-01
9.520233596734060111e-01
-6.282719324369341329e-01
-6.676361366785048546e-01
-8.738113947846193330e-01
5.902609300090366773e-02
-5.662953466695161975e-01
4.007418805860978872e-01
5.152936594015178340e-01
-3.399592378572022788e-01
-1.829101067770113609e-01
6.588321997551920273e-01
-4.337794643135095551e-01
-3.340045543195224731e-02
-8.243658261526769504e-01
2.549813387275643439e-01
2.051348463990183557e-01
6.094835477721660677e-01
-3.838250776850682389e-03
-1.556368740037509558e-02
3.792659938491691474e-01
5.762893472055123922e-01
-1.788487617215697434e-01
-7.670285900827746861e-01
8.888115266334684073e-02
-9.577999397589298525e-02
2.234232524246371199e-02
6.658738792502261195e-01
-9.590098725202889085e-01
-5.845907940199259745e-01
-1.654692805015327561e-01
-5.642027254602534070e-01
1.573101307902744495e-01
8.652658718957260131e-01
-8.562739334215254683e-01
-7.870155955458431052e-01
-1.292347073234303423e-01
9.572880317953078588e-01
-5.347404911559723306e-01
-2.213352921795734007e-01
-7.840841677394760900e-01
2.904049313666382526e-01
2.165247426592586955e-01
-7.965581193752302447e-02
