-4.110299151625875780e-01
1.064324536804191368e+00
5.774047311917500647e-01
-7.355022823350623185e-01
-3.207887945656812123e-02
9.746766760420133568e-03
-1.048935544429683508e+00
9.811135254229574887e-01
2.493049154627667852e-01
4.382634074201702257e-01
-5.880302741529278565e-01
6.553042217083243637e-01
-1.001224750114189238e-01
-1.121230103061724881e+00
-6.095769450168447845e-01
-3.328477133342024885e-01
-1.274752949877121511e-01
9.948403874615960318e-02
-1.323982176919714648e-01
1.259503229525308798e+00
1.009751752417848092e+00
8.323830585827313167e-02
-4.134319927576740605e-01
1.836541140122396332e-01
7.227345635982351801e-01
-9.237945438836986378e-02
-4.555243486448306012e-01
5.065151446351741082e-01
-8.700565936426682967e-01
-8.729051239542426899e-01
-4.762682288809084730e-01
3.981874412934029994e-01
4.292954691877829965e-01
-6.210104721622596857e-01
-2.615161839055769599e-01
-1.033736865390360693e+00
1.215069828760710013e+00
-2.067085277879046612e-01
-9.013693613455245890e-01
1.463508628455302940e+00
-2.548104916089272698e-01
1.085113206572967615e+00
-1.037572684014968383e+00
-8.796989014545221197e-01
5.515839649218709506e-02
6.699187569463254111e-01
-1.237137999785619336e+00
5.740475650761522886e-01
2.628797262963339931e-01
-1.295498909294116874e-02
7.633305071453846402e-01
-2.451617587066507453e-01
7.911224999691507387e-01
-5.833540139915852768e-02
4.768723996307639990e-01
8.742297757639556632e-01
-5.005392326760911281e-01
2.637163459738670057e-01
-8.173884302928791090e-01
3.686614528974091476e-02
7.168852486474948105e-01
5.309769826186127029e-01
1.057621607671736380e-01
-3.780081574285935053e-01
-6.929585043026509350e-01
6.623485908707014147e-01
-1.282124557284431754e+00
-4.098326595001648698e-02
-8.506549248082782011e-01
-7.088555893955028608e-01
8.005396561615508721e-01
2.124286490896826196e-01
-7.020290094682362092e-01
-4.065177479517387282e-02
-8.982937714434319210e-01
3.385757937426652209e-01
2.072020473345459191e-01
6.476803442739671457e-01
-7.166741867902556296e-01
-1.297145273452031400e-01
3.363529729925291423e-01
8.640582222619390684e-01
1.093673342146204819e+00
-8.014864800499224007e-01
-4.422202546742486917e-01
-4.899360508285472982e-01
7.623042399602151242e-01
8.099920530488124992e-01
6.127621444422453045e-01
-1.098006527963744761e+00
-2.344189597458311014e-01
1.151858155747383483e+00
4.426894173447220027e-01
5.566407185691818471e-02
4.046944391544602948e-01
-8.161885784893553319e-01
-4.201162654514229988e-01
7.885130330243796948e-01
-9.010944105986910813e-02
2.055983201282356454e-01
5.836886416859161653e-01
-8.661131078564651142e-01
2.119087348362121981e-01
2.670063618203394329e-01
3.262985886968604032e-01
6.703860570503297756e-02
-1.170334495998803792e+00
-5.225816797373850076e-01
-2.448119502843227324e-01
5.406082279816124547e-01
1.455232149388500096e-01
4.319082247738179614e-01
2.870872780474875707e-01
-9.261129368316864952e-01
-1.081704292097303677e+00
-3.168068036551918709e-01
-2.103048479843421248e-01
-6.360407015955491516e-01
-7.527135215471869589e-02
-1.005517823330669636e+00
-3.547485961417290445e-01
4.454667730034184148e-02
-8.497563489038968410e-01
1.699225671346719091e-01
8.075209532270732904e-01
-2.808519398838583703e-01
4.535390369065185334e-01
-3.150510626296124106e-01
7.255223108266838083e-02
4.289820545939079244e-01
1.936104201636324462e-01
2.780155173542143698e-01
-4.048392446419435964e-01
1.568875685478877235e+00
1.675648498789828467e-01
5.124455842764500391e-01
-5.919628253259837658e-01
-1.013627095905871300e+00
4.926650494557821003e-01
1.656132527917572039e-01
9.293277499279861686e-02
-1.184679860098757587e+00
-5.545818348258770847e-01
-6.150548394840984479e-01
-1.220976350437434022e+00
-1.415133054384251077e-01
-4.349000764921873152e-01
-9.544221347019019031e-02
2.207243388859264355e-01
-9.808921967106721818e-01
4.376563003280831143e-01
-2.672208688902890095e-01
-2.754577934676967210e-01
-1.489087363984375328e-02
-4.071682444396366174e-01
-1.713192521892470677e-01
-6.307204600501039593e-01
1.479236577068582525e-01
1.799066418597833339e-02
-2.924363797347419580e-01
-5.460699877241854683e-01
1.056845908891646868e+00
9.168886684158088496e-01
-5.377477965903886270e-01
-1.010105776519239162e+00
-1.115454942237648517e+00
7.790181228482895293e-01
-2.738664390806451743e-01
8.016907089739571113e-01
3.155983111435816113e-01
1.372819920816090944e+00
4.361480943689240442e-01
2.217428586909317434e-02
1.513092824562671801e-01
-1.698597344865304670e-01
-5.055809317139590142e-01
4.361836362620639118e-01
6.431139367104133919e-01
-6.745516201370678200e-01
-7.135282830880772531e-01
-2.752945827510367427e-01
7.007901044502856669e-01
7.112446737425117682e-01
-1.637074442742777247e+00
-6.022254123889554389e-01
-1.683761261992375302e-02
2.715353451294637011e-01
-1.002445262635481393e+00
1.881240146016773251e-01
7.836459492422451767e-01
-1.210524701630088851e+00
5.081771242729455906e-01
-2.678654159631219112e-01
-5.749516376652991090e-01
-1.001322351282125656e+00
7.060032242040709116e-01
-7.200804284045760895e-01
-9.913710823430271768e-01
-2.278510799107955065e-01
4.551582279162715294e-01
-2.759353139440705038e-01
-2.455960496077116972e-02
-6.528412141005452973e-01
3.259079271662773669e-02
-7.824253954505375752e-01
1.219845485297014198e+00
1.385394926642301572e-01
2.988705444166572800e-01
-1.001005993254494297e-01
-3.705480569164872895e-01
-1.188514395544603142e+00
8.238018944486128481e-01
-7.816239595337257651e-01
6.154331818490755834e-01
-1.088410947192082423e+00
-5.632082848818382309e-02
1.596808364714261685e-01
6.236918509718343273e-01
5.121619357582828380e-01
2.958040763718799981e-01
-7.025569203074371050e-01
-3.532386935196921152e-01
3.997845474215006578e-01
-8.704564552594907800e-01
9.804135246882886290e-02
2.664165882103912697e-01
-8.909511231676801035e-01
-1.231037995211874403e-01
1.092519039687927851e+00
1.211392631064033498e+00
7.007800193536368738e-01
7.386591969427966919e-01
-1.018938130787796714e+00
-8.465103355329262058e-01
9.713237521690097909e-01
-7.269486466153796123e-01
-1.466972744437756937e+00
3.815889002822436260e-01
7.190816844296110677e-01
-4.576739004463009630e-01
-2.722805960675016568e-01
-3.451123634286467623e-01
-1.949737912827147757e-01
9.645073960128004442e-01
-3.514330556924211840e-02
4.594749226212083149e-02
-3.536750775334081554e-01
-5.076217114059705660e-01
8.502419564979145361e-02
-2.458515769716716481e-01
5.851776943541222575e-01
-6.223542174067275834e-02
5.868344249743020491e-01
1.714917454748551839e-01
-3.165141329377609836e-01
-4.886089312547137187e-01
6.380175560029439641e-01
3.599762479198491683e-01
3.788779144368097374e-01
5.396530959140162231e-01
-9.339751427129870665e-02
-1.450888455703862878e-01
-6.041802690761048922e-01
-9.160666532589135658e-01
5.890839395090398112e-01
