-8.953098084433470660e-01
8.485445668030984212e-01
-1.223476434851184180e+00
-1.569513773059219464e+00
6.899664691008347006e-01
-1.718885953620388651e+00
-2.174486005313740755e-01
-5.208406771920222056e-01
-8.768085289489672141e-01
-5.012589098928629250e-01
-2.381779930119456878e+00
9.253282554811116389e-01
4.269608135153928341e-01
4.144030608345896649e-01
-4.954079994171007861e-01
8.688282957156809871e-01
1.256230969094971894e-01
8.357802533687637148e-01
-1.329182509863185091e+00
-1.056166894982738524e+00
1.413959510941088960e+00
-7.309569965973133909e-01
6.106487519031016387e-01
-2.465821806990642628e-01
-3.560165217174417474e-01
2.205013554705994583e+00
5.373275125035662514e-01
7.075428664900397235e-01
-2.996039941545236562e+00
7.008006523636869378e-01
1.984827624728805473e+00
-1.656153537384903035e-02
-4.521068039889805101e-01
1.993940212883929863e+00
-2.142115532906789799e-01
1.288057106565942522e+00
-1.233692661685082542e-01
2.505461529649783414e-01
-5.192579454060446409e-01
-1.936122582778332823e+00
1.688157020797132479e-01
8.851503890670660013e-01
-4.349500425863363495e-01
-1.803517003363674931e-01
4.859186558832485209e-02
-5.652538700737695931e-01
5.912557635164399361e-01
-1.542102753891756217e+00
1.951696928908844969e-02
6.923130638312665619e-01
3.966890643199908473e-01
2.509906976767294351e-01
1.501120717271011429e-01
-2.480353425730477401e-01
5.021222337987918394e-01
-4.360324361931520731e-01
8.143229140742451744e-01
6.864516363267365584e-01
2.765804543127512449e-01
1.564309237714077483e+00
4.526953529443428215e-01
2.461763288926827331e-01
-9.833166386732017372e-01
-1.675545111674472953e-01
2.080715556538929312e-01
2.218708706004504982e+00
3.972904898344294944e-01
2.043269230340598042e-01
3.356381533946178886e-01
-1.063101492045158025e+00
7.521326442798432765e-01
1.996242876981303871e+00
1.704717767405314000e+00
9.160174997173539668e-02
4.609422868749391000e-01
2.764484712346821471e+00
-6.079173220432271263e-01
2.502089359541509461e-01
3.153395602534984077e-01
1.058244412366271092e+00
8.178864495753010999e-01
1.154312949996850080e+00
4.367284058741467689e-02
1.252951667187764295e+00
-4.710987129989261391e-01
-1.278184951531829761e+00
-1.833622724433392470e-02
-1.016583685949415533e-01
-6.850816218046058559e-01
1.923093746232303891e+00
-5.037106558097647485e-02
1.022551696346012173e+00
-6.898593051273680388e-01
2.092492655042850203e+00
-3.555236564688466494e-01
1.267255226724146033e-01
7.038157619917263519e-01
-2.667759533304640829e-02
1.638575322412475721e+00
-1.115286106705111635e+00
-3.484759769162859566e-01
-1.471505833831585175e+00
9.099143340503962341e-01
-1.628919847508488061e+00
1.020190030010164950e+00
1.030141162560343382e+00
2.707523943135947242e+00
1.246974380301247576e-01
6.885879119052545905e-02
3.453409876511827070e-01
-1.929771468219483033e-01
1.181094854763212187e-01
-1.115777631618528609e-01
-1.359284025699126985e+00
-2.022221164978892816e+00
-1.504308127646716287e+00
-9.297334729259456587e-01
4.275157065468120798e+00
1.026848777028711135e+00
7.726111173122658660e-02
6.397100133268850131e-02
-1.916593442488564669e+00
-6.642802387339618031e-01
3.600855555321620938e-01
-4.236640765006223774e-01
1.821701717649207186e+00
1.623787480816879514e+00
9.766990788219034325e-01
-6.051604855840267971e-01
-3.708354704226264897e-01
1.241531540594595917e+00
-1.158474706772387730e+00
-1.342995000400926564e+00
2.723561672521325749e-01
-9.244294392129862037e-02
2.035889276664738234e-01
-1.167558509447224946e+00
-2.623619666853050925e-01
6.732290112747356670e-01
-1.111254209747048360e+00
-8.007162787635181411e-01
-8.502535042861913972e-05
7.524150660684049419e-02
-1.801597654728403164e+00
-1.329509029466831471e+00
-6.805166446682274772e-01
1.818235260267616615e-01
2.363048780888140410e+00
4.078717104575566577e-01
-9.673666403672380731e-01
-6.712820324940022010e-02
9.020492375436378607e-02
-1.748938897944957160e-02
1.048679816156683486e-02
1.867382648732785366e+00
1.156979525116341279e+00
-1.435850297967104616e+00
7.949755846335493370e-02
8.650969362480371849e-01
3.864005605726335002e+00
-1.058908388242819631e+00
7.599261902788347900e-01
-7.226525517746374971e-01
1.250121830522008537e+00
1.421943401566157394e+00
2.314922201773446375e-01
-2.245637099814186577e+00
8.577798938962378772e-01
1.946668036165153937e-01
-9.755231507308148586e-01
-7.596293628546235688e-01
2.726370602784686237e-02
-6.232796180797931518e-01
-1.652138432288944303e+00
8.627828479065271505e-01
2.099358671807100563e-01
6.140498726376697469e-01
-7.772495659759649511e-01
3.844459324858480742e-01
-1.832218392844653154e+00
3.038287132523368461e-01
1.352515300534327558e+00
-2.688792438005354057e+00
-2.604234071273140660e+00
2.462172243745853528e+00
9.512695310323627806e-01
5.021498592621042034e-01
