6.986274648058967696e-01
-4.276268018661607551e-01
-9.300803111917721466e-03
-2.722927246844938920e-01
5.069158683905273799e-01
-2.231991609120001496e-01
-1.143207352753333517e+00
-5.375613706864720287e-01
5.162951936570366884e-01
-1.294356624807124767e+00
1.040845840996545979e+00
9.101720977240383981e-01
8.987502636341715423e-01
2.048151008471696122e-01
3.503393332027783247e-01
1.404242208581867324e-01
-7.414880149569751389e-01
-1.852120674984548687e-01
3.061727369142888677e-01
-8.048959151080339325e-01
4.713598226370631361e-02
3.563846160998689894e-01
2.033543876832355490e-03
-4.039233807479432059e-01
-1.009733476989843892e-01
9.290753462257729245e-01
-6.202093117239557696e-01
3.113712992595180640e-01
4.788028577319523027e-01
-8.502129990115010472e-01
-4.168870299777174826e-01
-1.327187820000935270e+00
1.302156002123936007e+00
-2.477000548039769434e-01
7.197996667394191972e-01
7.237726280977035964e-02
-6.377468238371385434e-01
1.544850780613182817e-01
-5.517071110506154286e-01
2.503095414776772554e-01
3.492994285113529829e-01
5.951876845242457525e-01
4.064726537918419424e-01
1.307000603445276077e-01
-3.326483403044231402e-01
-7.509531830198616920e-01
1.199055601259511883e-01
-8.004090821067302297e-01
-4.366486133599044028e-01
4.854913443745615398e-01
6.911868871335342668e-01
5.253851274265990412e-01
3.456906646922819348e-02
9.015191413845481394e-01
9.989427820664942281e-01
6.272880235238710300e-01
6.041987980642437028e-01
-8.567811202482278343e-01
6.662515899755580007e-01
5.226958715920100307e-01
-4.615070199161052655e-01
7.589926311500891920e-01
6.708977830677923526e-01
9.437574056545510182e-01
5.015743938064307628e-01
2.789450745438211698e-01
1.009361312426653168e+00
6.089224598653563136e-01
-7.285668774438553985e-01
-2.455227115048016218e-01
5.749560475489988443e-02
7.639666725576149675e-02
-8.743188352463359125e-01
8.229674097988609605e-03
8.985710338146156717e-01
-5.283361072355050037e-02
-2.570878412839554539e-01
-4.173701615098654449e-02
1.628472149565145244e-02
6.120504616137329990e-01
-8.135563284658589023e-01
3.038570553171942024e-01
8.825018496446896954e-01
-4.769426845448203611e-01
4.685125388158632997e-01
-4.647987082615720467e-01
1.267540468974800882e+00
-5.315462392644585421e-01
6.153817346678912559e-01
-1.018558547278443083e+00
7.197700943236573501e-03
-4.195107936168444573e-01
5.883313473629985246e-01
1.571012503948234496e-01
-1.020985500271224700e+00
-1.401323179645006967e+00
-1.067160257155139291e+00
6.431687122180373972e-01
-8.148258612380762100e-01
1.141889268227874732e-02
-6.279229968462028966e-01
3.214056424692996461e-01
4.549016527756869488e-01
-4.633795497943055813e-02
-2.634218248913869909e-01
-5.381525988280641548e-02
1.597227282243281199e-01
-1.325269722845772380e+00
6.048371326648469548e-01
-8.901281176091520309e-02
1.856598892289442471e-01
-2.352687050755877252e-01
4.554180839121282909e-01
6.308481648863565328e-01
-4.104272722692290376e-01
-4.657139202635662278e-01
8.271377122458118958e-01
-1.080611622676282746e+00
-7.815724871474608038e-02
-5.586695620575271581e-01
2.930268435741581468e-01
1.223150307406767112e+00
-4.601195221011687986e-01
-7.950616120671812892e-01
-8.679211036590706030e-02
8.387218850214219756e-01
-7.047687902951321748e-01
-7.074631298056375250e-01
-8.351819297999000247e-01
-7.393371738910095026e-01
-8.026255483742010810e-01
-1.269592428825951469e+00
3.132665362008167920e-01
1.321690565031274633e-01
7.339426496309621462e-02
1.051041684792858033e-01
-5.310278094142059091e-01
6.217413683155365023e-01
8.435327566623320728e-01
-4.160800207214753743e-01
6.259260037512738295e-01
-3.814883242121988594e-01
-3.903342909192831778e-01
-8.539544479892045015e-01
6.476588787544703685e-01
-7.160241715407400509e-01
7.004802349036820530e-02
6.655550323241340993e-02
8.604438462529563625e-02
1.005655901954044529e-02
5.254254715741921711e-01
-3.756047393467299433e-01
6.308453848052637813e-02
6.171648267600147175e-01
1.262066819957904817e+00
7.797494482963482909e-01
2.622848938025466592e-01
6.762705109088955613e-01
-7.743564147676109677e-01
7.711823143997384999e-01
2.286046781000739270e-01
-5.485951916047960841e-01
-5.994529184301861102e-01
1.185183805778750044e-02
1.854420879732210925e-01
-7.614409015850829299e-01
2.464320331368511918e-01
2.953877894419154049e-01
7.189984531261098821e-01
-8.372619935713114803e-01
7.876847687147279231e-01
3.729384220020965368e-01
-8.235163072259454875e-01
1.543818183963011903e-01
-8.332162554489878081e-01
6.411546404313729353e-01
-2.917988469155361614e-02
-1.011051305192549155e+00
-7.142137206552310325e-01
3.092007748851924864e-01
-3.899034526032849057e-01
-1.230511534138040597e+00
7.022100835506203675e-02
5.040795228220185109e-01
-5.864404215813379118e-01
9.152214449377378269e-01
1.110498115936869867e-02
-3.661061983203425796e-01
1.828060103909949774e-01
4.710277954089098773e-01
-6.298412762017224775e-01
1.180018701895020561e+00
2.287714685051692176e-02
4.731109859470648549e-01
8.482695061226027677e-01
-3.669005118586617931e-01
3.125303138344162068e-01
-1.170994988710093887e+00
-5.062014376766099666e-01
1.616894013463700541e-01
-5.143000261654235850e-01
-4.314101053087245896e-01
-7.760142918332115780e-01
6.137534723977579043e-01
-2.160794469421969399e-01
8.005145426460212876e-01
-5.925415772285589355e-01
-6.193987984534199409e-01
4.998440636758162414e-01
6.442951088604090271e-02
7.547365059210939253e-02
1.136264964080856199e+00
3.600197522742036860e-01
5.332642782917408342e-01
-5.664340542343760943e-01
2.989813185345880919e-01
5.562325885921812763e-01
-3.619835135596874420e-01
-5.316466638184953464e-01
-8.148188769159589451e-02
5.376954478627098410e-01
-1.905717819018385439e-01
9.553546047925098872e-01
-8.039306638739703859e-01
-8.470179575076692835e-01
2.065233150123228778e-01
6.780846553116715025e-01
5.490740355383658677e-01
1.161589336537893091e+00
5.715467846544109998e-01
6.264209154681923408e-01
-3.684057012823045429e-01
-7.726896579876140203e-01
-3.239299311657639069e-01
-4.863207873508398338e-01
8.314230654240808427e-01
-1.836234516239779735e-01
-1.039838600600106799e+00
1.093130247644118036e+00
-1.322196260557074288e+00
-3.189276971587944320e-01
1.128383183464531925e-03
-1.433358212913206642e-01
-7.791565634489474590e-01
-6.905683098708863543e-01
6.888220782307191703e-01
5.168326464406534093e-01
-1.214973648866639389e+00
-2.312504546375983017e-01
2.501977415287877093e-01
-1.226701207586157860e+00
-1.239407008194031379e+00
-7.591062067690723669e-01
-3.919306833132629175e-01
-1.152763121081343156e+00
3.504358168538759255e-01
-4.490671336683758064e-01
1.099116087535470521e-01
-3.025622351250403103e-02
-7.723283740628887895e-01
-7.389812507874804481e-01
-1.138535427353196017e+00
-9.054943823806177461e-01
-2.896763580947543382e-01
2.619794784072971283e-01
7.209881439045662255e-01
-3.229451489795645558e-01
3.523276520276896751e-03
6.085305341435838233e-01
-6.902955529172031257e-01
-2.079515756871644638e-01
-4.382812755951838168e-01
-1.204327072085289885e+00
7.035027135853391123e-01
-8.687849852438587206e-01
-1.030106757230558889e+00
-2.676709223538513704e-01
2.933002331462207235e-01
-1.157895043266502944e+00
1.560022753553142461e-01
1.693427293946104251e-01
1.065592082235903515e+00
6.278590032341313520e-01
-4.672863022905737740e-02
5.065510369276686742e-01
-8.720300975663241028e-01
1.070487407538267099e+00
-1.394693910057842157e+00
8.586564342189878518e-02
9.101579148343268422e-01
-8.968865090668374229e-01
-5.856562041433388544e-02
-1.060198297538693435e+00
7.317995470982947559e-01
8.678270088670988480e-01
4.408449632982031074e-01
1.655276407691416707e-01
2.505951717285328506e-01
1.084117336279507848e-01
-6.668188910482164555e-01
-9.158038707186699767e-01
2.618509338388519403e-01
-5.146906473800066939e-01
-9.727308626435260397e-01
3.126728824192223644e-01
4.804824195157217925e-01
-7.045665272605733387e-01
8.400755514893187836e-01
-9.377403029168827064e-01
-4.192729018329846569e-01
-5.404983176089938057e-01
-4.080340396384107837e-02
1.273271784594753653e+00
8.473805390567999973e-01
-4.548197254038348625e-01
4.382117980008212732e-02
9.758619854645449454e-01
-5.595325602939931198e-01
7.687201031972932253e-01
6.365837301995366238e-01
-1.293213778265293046e-01
4.603969959848557281e-01
7.634420937285962827e-02
-1.059375393116369773e-01
3.224731907914439311e-01
-2.455078776369702676e-01
1.259484092361418395e-01
-8.210101443581913072e-01
7.601223234207701296e-01
-9.800697895922623193e-01
-3.942594574129576479e-01
-6.577595175539923122e-01
-6.557774582598445701e-01
-1.261650071752654645e+00
5.166415864104585420e-01
3.605894114015947283e-01
9.210758762820555612e-01
4.233438108632211483e-01
-7.019637305023257445e-01
4.536769399470938491e-03
-8.350154253092608725e-01
1.672305836367815324e-01
-7.341685381786052789e-01
-6.046289270846163522e-01
5.576765158611074469e-01
-6.598437417515485848e-01
5.330391719965362762e-01
7.074511674063546085e-01
1.016694259730700267e+00
-6.016079750689716787e-01
-2.938250212272008888e-01
8.353289108570907118e-01
-4.598589398345669932e-01
1.229056931357591365e-01
-5.414589856360478848e-01
1.892460008218615347e-02
2.324355331498650923e-01
2.920560026566155765e-01
2.846351344565789532e-01
-8.345660639368883693e-01
6.239409858331317338e-01
-1.360107888963423051e+00
6.268223397666501384e-01
6.189951366194808013e-01
-9.399967737901412379e-01
-5.068029456368048358e-01
-4.766793272226637623e-01
4.161710050171463227e-04
-1.353026058983793911e+00
