5.091262018530358091e-01
2.896707475474205595e-02
5.568690986567641499e-01
-5.704312975902814387e-01
-4.968433241165685077e-01
-8.953894928329784175e-01
1.568649608879899016e-01
1.898550915491183710e+00
6.099507150245445652e-01
-7.847578313470081335e-02
1.591937672523261238e+00
-9.960404503309431279e-01
-6.463976723243758382e-01
-2.799572237826767340e-01
-1.003832952527800026e+00
-3.553656912441401916e-01
7.137680997442308328e-01
1.425618901868686561e-01
6.905517031729708766e-01
-5.891095622939588328e-01
-7.209198129875444838e-01
1.771892519381731423e-01
-2.318220501240227105e-01
6.672750430022418300e-01
-1.177093927718770416e+00
1.169377599852746252e+00
3.062226824399418290e-01
1.978399364724687803e-01
-8.049138912164373050e-01
-2.779398417582479852e-01
-3.431806596404592125e-02
-4.467801099182608926e-01
5.601918048285553509e-01
2.008709439355168547e-01
4.178098111041091967e-01
1.226797288218399284e+00
5.897920998383938684e-01
4.530882600366789026e-01
-5.632199981532544086e-01
-1.210913966504215011e+00
-2.017037266105816129e-01
-2.232248016618085251e-01
-8.876789405115310672e-01
-1.511566946447761683e+00
-1.009706615389567519e+00
7.747788507323576379e-01
1.364564169292433737e-01
-3.695505172825630513e-02
-1.114819945422331537e+00
6.501914616856605544e-01
-1.110377227558227431e-01
9.003400958181825287e-01
-1.282697531672986502e+00
6.928789889327791052e-02
9.967717757987331062e-01
-3.222778234136291498e-01
9.022295027089957120e-01
-1.002059796397182234e+00
-2.216248263423095111e-01
1.352174701567594672e+00
8.910370588199021391e-01
7.360500533875474760e-01
5.356175199008418319e-01
5.154862086823421841e-01
-4.256949057883052667e-01
-1.758309838815025561e+00
-5.992232251892868344e-01
-9.433693055217861057e-01
-8.242976752604804780e-01
8.441772272739825889e-01
1.064566556053954532e-01
-1.493689369006783452e-01
-2.455198741507502169e-01
-5.740185559396516757e-01
5.420960183517783415e-01
1.703184943539285956e-01
-2.588391155333593652e-01
-5.494581119627395260e-01
1.138927390193085643e+00
-1.455572137056688309e+00
-8.317428443833976281e-01
-9.953278387716546494e-01
2.232291765709389364e-01
5.850248931471213609e-01
-5.712399153434963295e-02
1.382946691937341210e-01
7.163615005107486500e-01
-1.775472037867906083e+00
-1.157869328607301407e+00
3.715711346369515167e-01
-8.423654390067809583e-01
8.846913989811741597e-02
-1.342153214460864996e+00
-4.904172532019593356e-01
9.928074282346561752e-01
7.762607468028516200e-01
-2.609477762650784793e-01
-2.179973563080700449e-01
-1.534462778596631383e+00
-3.524889532275770065e-01
-1.072561490703770604e+00
-4.962895205024001055e-01
2.386845656352144518e-01
-2.636600575764593835e-01
1.817540663003733847e-01
-2.344529634799420725e-02
-1.059349294102795991e+00
6.159390987952877428e-01
3.008295735752978817e-01
-1.235675794742576272e+00
1.440792739089200802e+00
-5.632312183129002392e-01
-4.214267802919692274e-01
5.406321098607444475e-02
1.227301979324438408e+00
-1.712894337820038415e-01
-6.647364336265544349e-01
1.172953147470621460e-01
-3.628622173069102064e-01
6.323592376867750442e-01
1.297430195932685493e+00
-5.580521515940912725e-01
4.530222717598840765e-01
-5.068261645834462037e-01
8.329528673032884356e-01
9.831295800747069658e-02
-1.172303322884925836e-01
5.371997124962508696e-01
-1.792704284117832836e-01
4.529835782812344225e-02
-4.549902011029269833e-01
1.234024848695557397e+00
-5.053398550711403203e-01
-7.112123729205865885e-01
1.822686746356493304e-01
2.015118405741319840e+00
-7.910946812815189411e-01
2.335043528292523318e-01
5.502145209707455242e-01
8.726236294911861036e-01
-1.021223185783745269e+00
6.984098716566878862e-01
-3.127001826600328549e-01
-1.247560568355716493e+00
9.579156374829346232e-01
-8.917699527014513738e-02
-7.609802323255101530e-01
4.722316931184787903e-01
-6.925170766178386783e-01
-1.965107206606775958e-01
4.010407718107875108e-01
1.141964245180710769e-01
9.976479761487753173e-01
-1.538040386669054793e-01
1.334347068429256433e+00
-4.434069456632123707e-01
1.073536568504079192e+00
4.280896918050630662e-02
-2.320375434892802957e-01
8.450354895092635488e-01
4.916775849094323636e-01
1.118203545784064668e+00
-3.417836724042291330e-01
-1.158388795643206848e+00
-2.411788941126193075e-01
4.847557153520342665e-01
-3.944003660782851584e-01
-2.010710949234290279e+00
-4.791911788052778398e-01
1.137063377314159185e+00
-5.089571902620888544e-01
1.179169199824006420e-01
9.467815735937569199e-01
3.624807087264096950e-01
1.304372108233782246e+00
-3.393706986843016415e-01
1.586367107603569471e+00
8.618392761017610315e-01
4.849962323342810189e-01
-7.102136787386872929e-02
2.217029629202033059e-01
-7.635512944388666012e-01
1.661541961936192913e-01
1.936470543589227378e-01
5.126906469105710906e-01
-2.896854943254318360e-01
3.938087253471874716e-01
1.460134392181844099e-01
-1.248401950831641155e-01
3.414928722091895019e-01
-6.543275666905885579e-01
-8.714030544256921029e-01
-3.378267212425312138e-02
-9.512539055750806050e-01
-9.635793981897463611e-01
-1.287925739949068893e+00
1.137747529780742672e-01
-6.405735781349525260e-01
1.410790174885266035e+00
-9.635236431580982419e-01
4.538463167384370611e-01
4.175540044246035531e-01
-6.338845010386524592e-01
1.504243004155077224e-01
1.551128196746109911e+00
9.775675048121006128e-02
-1.068183106709035490e+00
-8.902691525270799433e-01
-9.207540414201331735e-01
-1.740460491339383298e+00
-1.586953585356855712e+00
8.838032726754361246e-01
4.829030892537274078e-02
-7.797896846440917074e-01
9.754228525589778154e-02
4.911362531779260854e-01
-8.161442288124385325e-01
1.163853915555157936e+00
1.066326294589187373e+00
-1.053089308196984764e+00
8.732585775945861384e-01
-6.203841072403810664e-01
-5.894905150214208023e-01
-1.678851047230694726e-01
-5.098321801193661518e-01
3.984644265785842188e-01
8.127816608870144233e-01
-5.332013768650581964e-01
6.418878779697929637e-01
-9.454767775567125554e-01
5.221311946816604710e-01
9.201918322730521238e-01
-1.307208801489978534e-02
-2.812943551604104586e-01
1.358988793765964209e-01
1.164336886272800520e+00
5.170082014655605906e-01
1.730601120854917685e-01
-1.372891515795036765e+00
-2.559276040556417997e-01
6.363221270187628953e-01
-6.018194632479190176e-01
-3.717029686397468335e-01
-5.881011438902896682e-01
-1.883323016627558300e-01
-5.190771618884968408e-01
1.028426464523102546e-01
-9.286470914422590983e-01
7.749647827063985694e-01
-5.504138412158747773e-01
-9.576410191235348313e-01
-1.296597131352441812e+00
7.353109777467488062e-01
-1.886009118363241033e-01
-3.574428291870958285e-02
3.268492786404048056e-01
-1.267812999494502824e-01
6.024380549617761593e-01
-1.608898894538646207e+00
-1.513992352082083492e+00
2.311582950642386558e-02
1.034058716026209579e+00
-4.417737011876258779e-01
-1.038614871670733519e+00
5.500106826402519911e-01
-6.632517594775380054e-01
5.354079771644433272e-01
2.604333773861312040e-01
5.918071071914876580e-01
-2.399758331722183780e-01
-9.681287208692921364e-01
-1.409611041999027536e+00
-9.300252889861923000e-01
-1.303683705458867914e-01
-2.401791763999201468e-01
5.175169804807083773e-01
8.889346067340442303e-01
-1.057570961508025098e+00
-1.676941612022349481e+00
7.898362297614451855e-01
1.900045281091837790e-01
-9.956871809693347286e-01
-6.095773529252934003e-02
7.851265562719018931e-02
-6.085907384974682532e-01
-3.499235521463146537e-01
8.291044233503015448e-01
7.353365890176559727e-01
7.427141942815583542e-02
1.615600983366449750e+00
-1.550671438637242494e-02
-5.639153168525506965e-01
1.409052674642722769e+00
9.592278195711767541e-01
2.799367024742072663e-01
5.056205602752170680e-01
5.571011868299262648e-01
1.317207439017633153e+00
-1.007841393310352274e+00
-9.583436989727778244e-01
7.689076175837943339e-01
4.501904964209565430e-01
-1.053711314052407033e+00
-6.580197464256081208e-01
-5.631351686872239082e-01
-5.670734322107994219e-01
-7.244001545365355010e-01
8.110006512964805514e-02
4.263919160197924274e-01
-2.272199027503733482e-01
-3.567024964557857780e-02
9.493124520589759641e-01
1.148596822136798562e-01
5.081014272245202301e-01
6.868406893421428183e-01
-4.278894900161509529e-01
-6.622934356024838820e-01
-3.392951102432142374e-01
-2.025791928568436151e-01
-5.370788187886649245e-01
-4.393885853804370134e-01
-1.599847222773666200e+00
-4.324233785816830045e-01
1.153180984918011243e+00
-4.628884493216797180e-01
-1.024867449205252856e-01
-9.166312093269597394e-01
-3.186133729976918794e-01
-1.374889652196608081e+00
-4.150816523921758150e-01
-5.381968200240243583e-01
2.734189340012744829e-01
5.543117494230985765e-01
-4.183793724523798829e-01
-3.302909269193873287e-01
1.587504260549127966e-01
5.586342690430212699e-01
2.674986304396965719e-01
7.498290101560981524e-01
-5.623705566939105616e-01
-1.198265038086949064e+00
4.943994961823747203e-01
8.633792177550505542e-01
7.469693687125040782e-01
1.128413695339115508e+00
9.121580095528477594e-01
4.105811920582431995e-02
-5.767892805383982580e-02
-2.224521214636321909e-01
6.359436791061309768e-02
4.228109281552134280e-01
3.403539678913164446e-01
1.063363512390981036e+00
-2.335018707070399269e-01
7.310017005598552498e-01
-3.907361430505049138e-01
-1.237851063211990565e+00
6.883099299698337559e-01
1.018981465836251266e+00
-1.171817741245062994e+00
-3.501586207697766628e-01
4.542183690414401953e-01
4.747340894741376438e-01
-7.553159085061499356e-01
3.197494278522425987e-02
2.377537704429335985e+00
-1.251809753093625632e+00
8.639960190265085771e-01
-4.577853935153646248e-01
