7.892901792462063693e-01
1.529660661123344312e-02
-2.993090376919745332e-01
-1.781215721056869539e+00
2.009645550972635475e-01
-9.203737457443795789e-01
-1.057836709580406875e+00
-4.362434670709474660e-01
-9.499282844356746747e-01
-7.067097319730042404e-01
-1.266656488416951498e-01
5.074062813545946460e-01
3.734702541112537855e-01
2.101328514419963656e-01
-1.365557313833907771e-01
6.386944751105160245e-01
-9.558698584653974040e-01
-1.714100314887121668e+00
2.248997075802449536e-02
2.201791039252270488e-01
1.016870895641189598e+00
-6.336611639501975590e-01
-7.205691421970235044e-01
8.844991888228730392e-01
6.610932106135661290e-02
-2.365679714519581811e-01
6.867451733780659540e-01
9.136747102491865613e-02
3.215025544812871727e-01
-8.224847499007388318e-01
6.981182680037449906e-01
3.849279302537009784e-01
-1.071117406275959638e+00
5.396586226123405161e-02
-6.042390825197855309e-01
1.064859179798649080e+00
4.821664078276408083e-01
-6.133189964502067104e-01
1.233914942516766977e-01
-4.498282310598396005e-01
4.155675781034987581e-01
3.277096373273045704e-01
3.884755946556024964e-01
-1.154660870570096476e+00
-1.073595111249365130e+00
6.034084747460972675e-01
5.952634473867854936e-01
2.689424619629845470e-01
-1.468803493613968225e-02
-1.065124722133969026e+00
9.671615396540148568e-01
-7.128626618038959029e-01
3.654042444449784321e-02
-8.997476574408017624e-01
5.594770986106887278e-01
-3.099033592582026153e-01
8.563650106555709129e-01
-6.274187558224991745e-02
8.755425876995338585e-01
9.684186495736772926e-01
-1.412434294601015716e-01
8.612681090114119309e-01
3.868372024378848306e-01
-9.554986467493220559e-02
8.210412686003970562e-02
-6.637168422764134768e-01
1.454939186067448209e-01
8.601272174018684824e-01
-3.850753777518535204e-01
5.428508716341227114e-01
-7.249104985790523203e-01
-6.470400980811475966e-01
6.831499088639556572e-01
1.944309565887879232e-02
-8.035511774085528636e-01
3.106098695043028601e-01
-5.553638792896287146e-01
1.130526482967509683e+00
-7.845300747192979207e-01
-1.042945303242167471e-01
2.976808100104555987e-01
-2.972413730320356828e-01
5.559742197845169986e-01
7.550960440068588131e-03
1.040096430650965909e+00
-3.462981305908949814e-01
-7.016545826238742567e-01
-8.503016480460284798e-01
7.733831592330909777e-01
4.270161165546869086e-01
-5.888262828083392630e-01
-3.488910187748596736e-01
-1.353042130606890492e+00
6.617330719283067708e-01
2.115317980778585460e-01
-8.274829701120486325e-01
-1.332574979326722753e-02
-1.887434299447401653e-01
-4.234254620208703912e-01
1.220197539988888552e-01
-4.631258556862136722e-01
-4.433302609753807522e-01
-3.034371235326815408e-01
1.308168793633954330e+00
-4.630601032021456342e-01
1.038331902109510763e+00
1.064501460438326053e+00
1.359848638367945339e-01
-8.594715201654885561e-01
-2.096956819151490625e-01
1.106646681236260532e+00
2.217589975091790733e-01
5.999295676864619953e-01
-3.507606159128323076e-01
-1.627706351470055990e-01
-1.244518305147180204e+00
-9.212274614500712833e-01
-5.437034044269328098e-02
-1.851336130147810122e-01
-7.190891601054967275e-01
6.797735460111278272e-01
-3.468290456638004615e-01
-6.828679638357265658e-02
-8.738028714652924800e-02
-5.215284145867153942e-01
7.880254329816864800e-01
3.096015504452297451e-01
-1.076337747885061535e+00
5.155286353373093045e-01
5.568124709553295970e-01
-1.519463185669857330e-01
2.375964947602306754e-01
1.435171213148072056e-01
-2.969644896388591859e-01
4.544830823255571056e-02
1.143040710942563321e+00
4.993455681464307738e-01
-4.037696315331070207e-01
-4.745978857406477069e-01
-1.072486775452237806e+00
9.668792157800605302e-01
-3.315636739164122826e-01
8.884741508089792905e-01
-8.004760204531905510e-01
-1.389422153361162815e-01
4.307612091780440022e-01
-3.945379590471316256e-01
4.662866726587279464e-02
-8.506944376086289505e-03
-8.263861406994721381e-01
-7.634213634772102353e-01
9.332615046207837217e-01
-4.957384378492791233e-01
-8.904137495709462113e-01
-8.295444366776660861e-01
-1.221907113868452299e+00
-1.470327795350747646e-01
2.321223382266179858e-01
-4.607958625179693346e-01
5.912332620736250322e-01
-7.385391923610243881e-01
-5.184440915997279298e-01
-7.046480714559284486e-01
-4.403287903531633019e-01
-1.483992088385512886e+00
-1.209613092161085479e+00
-4.878284003631352950e-01
2.406893939987088671e-01
2.142232269777126774e-01
7.491077748971225470e-01
-4.437138192028509259e-02
8.265752765241571876e-01
7.012054615094396315e-01
-2.694726196563210219e-01
-3.194324768993611618e-01
-9.346729724037095011e-01
-5.241418235798678271e-01
1.614858282701197578e-01
6.764104362967175987e-01
-3.806279376651383051e-01
7.952218659246238497e-01
-7.879201432349626499e-02
-1.395327095210103341e+00
6.401704179780152160e-01
8.968343804639260508e-01
9.880040750949158346e-01
-1.131557588407657411e+00
7.932283701320946845e-01
-8.160503760961546060e-01
-3.889041060368018110e-01
2.076148842504352277e-02
1.241446277307103774e+00
-6.264462153211662887e-01
-6.498203429397388931e-01
-1.646075078337265740e-01
-4.469519590624130845e-01
5.861926951244637030e-01
1.470717074890641740e+00
6.247870382671750766e-01
1.116975157912738270e+00
7.551432889395881531e-02
4.355499564052442985e-01
1.070043448240403372e-01
6.396832707912583071e-01
-1.430845111179069651e+00
1.096581151010176836e+00
6.361391216326475750e-02
1.545030198547978406e+00
5.794431594386518780e-01
5.096920901567988382e-01
-5.760638675655912477e-01
3.150897750757718496e-01
1.037918488574328002e+00
8.793618945123196085e-01
-7.777584178724472608e-01
-5.996363199662096966e-01
1.540708422183927118e+00
-3.289992505702994952e-01
-3.002469191513035818e-01
2.558133671658108232e-01
-6.966923210289714952e-01
-1.587534172428664681e+00
-8.894111052479944379e-02
-5.968051546105986871e-01
-1.076879239296435253e+00
5.620255216629914674e-01
-2.827137561314161385e-01
-5.127824395721780615e-02
8.708357259704467834e-01
1.530666018773379489e-01
1.170696890547019198e+00
-4.682499592358345120e-01
-4.739467790417356552e-01
-2.499224533170397722e-01
-1.055489379123023319e+00
-1.322967566100061165e-01
-6.763345192437415498e-01
1.236213663468320734e-01
-6.865632100542190530e-01
7.300653406430283043e-01
-7.125837249354519676e-01
-4.165856426307520954e-01
1.450858408692738966e-01
1.787317200836759934e+00
3.219408800927228143e-01
-1.192857920461117605e+00
2.716125697876898282e-01
2.188008361048238704e-01
6.063754129197787002e-01
3.597360219825351813e-01
5.920192368337476863e-01
4.457824965434461495e-01
-9.435723870151533355e-01
-6.024983093530298373e-01
-2.074626285378727286e-01
1.077686693337267743e+00
-1.652023444136953012e-01
3.647039327842142020e-01
-5.352178778066688514e-01
6.114638389016961995e-01
6.831121298477136339e-01
5.291788740029276239e-01
-2.130946397007321913e+00
-2.406940852833874822e-01
5.159772864840137530e-01
1.354863526703401488e-01
4.209282636094194840e-01
-8.372515104958827559e-01
8.435722810193394539e-01
-8.904421654887351156e-01
-9.071666643488611737e-01
-9.297080697340773803e-01
-1.148953186752994737e+00
-2.828190457251193446e-01
-5.371739097844195898e-01
-1.217972041000262018e-01
-9.303695859738954077e-01
8.883558672209478368e-01
-3.372207557873899697e-01
4.143265732555861391e-01
2.773948381292234977e-02
1.079411762030473731e+00
-1.563690808814355016e-01
-7.913782487753034944e-01
-2.548979594995545161e-01
5.956494457588067115e-02
2.670769661393879169e-01
-9.129112189535679711e-01
-7.765963588244328974e-01
-1.308023138409464714e+00
-5.854938831613766270e-01
8.262013147060822682e-01
1.059397181306227509e+00
8.410944025527324064e-02
2.188468252652064627e-01
4.718427886972375029e-01
2.785267993656341812e-01
7.102399796107928820e-01
-3.601403733681228791e-01
-1.182784842675972614e+00
1.235150608280418533e-01
1.163687451251131932e+00
1.479142482551944360e+00
-6.815113163543422281e-02
5.584293719504910269e-01
-8.266538835071617353e-01
5.797269233797677224e-01
-2.590810289388979504e-01
6.850358065118719031e-01
8.110717088789310969e-01
-1.050331026172417026e+00
4.071386941651771729e-01
9.739021999654821071e-01
1.458990276744727144e+00
-8.804003707144527624e-01
1.215489055331305357e+00
1.050989601788438754e-01
-5.771146800446897984e-01
1.092229641661646156e+00
4.968451114102293564e-01
-1.984961124291736156e-01
8.230191700428806101e-01
-5.502815835958272395e-01
1.847077757520252661e-01
-7.659706978401971122e-01
-4.700760033530714255e-01
-1.077392543768488586e+00
9.617196844373043785e-01
-3.471402847567556238e-02
8.561065791460248375e-01
-9.036229012926647042e-02
-9.954183478782385741e-01
2.877535659133167445e-01
-1.189451421886779325e+00
2.992937582961537890e-01
-1.235349452525413838e+00
2.215413496283262229e-01
-2.215229392849081269e-01
-2.909004756069235587e-01
-3.660182731463696992e-01
6.662243357051127468e-01
-3.614889492274684368e-01
-6.974329989804142760e-03
1.418805476520940800e+00
4.736531434962738540e-01
-1.042344300044539152e+00
-4.660584149453612657e-01
1.219000403780693187e+00
2.760462338281061134e-02
3.792382660529812766e-01
-2.969622391636748127e-01
3.297834745907499143e-01
5.096003246766772632e-01
1.131560739388114412e+00
-6.768277970951933620e-01
-1.715834268970148901e-01
3.639200967103871642e-01
-6.036437016046942716e-01
-6.363539782908919085e-01
-2.060554387264523779e-02
1.035502007782557632e+00
-5.472853898246001769e-01
-7.596339008508889989e-01
-7.450254645337939241e-01
2.651497269998044359e-01
-1.370226600695716224e+00
3.508978306021030835e-02
5.224440524719385637e-02
-1.797346956855711830e-01
