1.266848556267833548e+00
4.834597228314190254e+00
6.011732956688624618e-01
1.005979066063810157e+00
4.964762470228633040e-01
-1.362300279151496263e-01
-4.228479616514541628e-01
-2.835680434043130749e-01
-1.452960669530839244e+00
-1.778380569168153125e-02
4.779781786070913530e-01
-3.308729935547297663e-01
-1.084996920184473912e-01
-1.281952975792904015e+00
-1.168731467590902046e-01
6.935031405449330055e-01
2.735009230137104286e-01
-4.134099130757623586e-02
-9.428252945698779586e-01
2.596399627938177357e+00
-1.703056736720369280e+00
4.806853175925894228e-01
2.177991108204509807e+00
-1.841440057589519341e+00
6.102539836946371254e-01
-1.648435118142274503e+00
-6.910581127437807059e-01
1.131891910312360361e+00
-4.699989155561056231e-01
-5.002734666990975576e-01
3.356362812314723360e-02
6.252582119920759851e-01
3.495223717824440524e+00
2.516006862122658116e+00
-1.901464924895690245e-01
5.398918875931429939e-02
-6.331555528953031198e-01
-1.692780678793420535e+00
1.192614182921063248e+00
-2.037479592691162633e-01
-2.134010345593755631e-01
-5.458900743585934912e-01
6.379224157598710476e-02
-8.008837235675168031e-01
1.094647327747395371e+00
-9.845375393795208208e-01
-1.444753511137297552e+00
2.393655346362617120e+00
1.859612275533553571e+00
1.600713047852442505e+00
-5.904439699303171141e-02
4.968349108147465665e-01
-2.338617584759407286e+00
4.837108766516355907e-01
-5.399622987923620165e-01
1.368789989432407594e+00
-1.556179936726480140e+00
1.095956736793798625e-01
4.654229685920763249e-01
1.537599593350944316e+00
1.061048088248506271e+00
1.435730841891241782e+00
-2.139403503627627656e-01
-1.009197708097022472e+00
1.571675280554717946e-01
-1.281544220909431431e+00
-3.547595854632733525e-01
-4.494597755559153640e+00
6.947977333486935470e-01
1.286293761846706740e+00
-2.771171449481129034e-01
1.190119918642472546e-01
-1.712671769720417236e+00
1.169547739484561699e+00
9.231661353000342185e-01
-2.400725230983919156e-01
-4.924510150826603150e-01
-2.449395113052442063e+00
1.258915684632838872e+00
1.108638221911054877e+00
1.655298576051051462e+00
2.229147270126480507e+00
-1.054183709747324782e+00
-5.190138094495621787e-03
2.140081765261409696e+00
-2.923434114744760670e-02
-2.300622470285786647e-01
4.356460286978001695e-01
1.809634752699121218e+00
3.147822000542171983e-03
-3.411410261778730080e-01
1.048757252509402438e+00
2.906691293911383145e+00
4.201675929708992285e-01
9.173421515033441942e-02
2.418711911135851267e-01
6.285408934787266588e+00
-2.540481317566954278e+00
-1.063751029695200856e+00
1.487450608085206127e+00
4.009114487910016567e-01
-1.542772738468916716e+00
1.022451813442234736e-01
4.977998458886111477e-01
1.575165702762358011e+00
-3.231680187180615782e+00
-1.654881366302033197e+00
-1.959518744339565910e-01
-1.476294346929501788e+00
-1.085955797056428196e+00
-5.781297438188807147e-01
6.793491526001801395e-01
-2.185923181531711279e+00
-1.250677776111137396e+00
1.013046329409674096e+00
4.368359782663501223e-01
1.097048088635542484e+00
3.723211135904103686e-01
1.558440520015486275e+00
3.011717551210716937e-01
7.950780263564549699e-02
-6.189582896291724590e-02
-9.173820510608671208e-02
3.045861996818320705e+00
2.080478112757474296e+00
1.053047713050582868e+00
-6.362815421648971848e-01
7.335162823714802549e-01
8.137163848219227669e-01
-1.308006577528117331e+00
-4.048754727410461385e+00
-1.137294850788701794e-02
-3.021646175776814269e-01
-5.824341407207600518e-02
1.654592476307322757e-01
-3.947969571989238258e-01
7.780231334855637337e-01
-4.352925017834430754e+00
-1.772393444766424242e+00
4.158680893704237214e+00
6.872333078669252693e-01
-9.491402876285005841e-02
5.783629385290787184e-01
-1.735631836218856083e-01
6.324211525510583520e-01
7.959911176507586950e-01
-5.462534594630312768e-01
5.668743413262191666e-01
-4.379946021396068367e+00
1.144622383546845951e-01
1.362378670628954014e+00
-5.035203403430114077e-01
-2.116495719784247942e-01
-1.739098407599971363e+00
2.871360936918382123e+00
1.186333100942339014e+00
-1.349584159412653694e-01
-2.165074289825692944e+00
6.623663303217659504e-01
2.115221973573455927e-01
3.268179250620272813e-01
-3.582849243319988219e-01
3.837781564347968466e-01
-2.367238915798803300e-01
-1.871472136844674505e+00
-1.642104784665587625e+00
-3.985915490194215760e+00
-1.797575103747678371e+00
-8.718512424899420576e-01
6.865747771448559300e-01
4.405195924015058440e-01
1.704693620601931414e-01
-1.778149470468179505e+00
4.919405957239855187e-01
6.657376167695693014e-02
5.879367481596500244e-01
1.297704005303171648e+00
-3.801066340462621040e-01
-2.579211450449142351e+00
8.734332190565008425e-02
-1.309766363633333985e-01
6.569594753328121817e-01
-1.483452161420016013e+00
2.205751755366302636e+00
-1.463274671107084313e-01
5.837204940685791765e-01
1.171030210063355614e+00
