4.357230099711997262e-01
8.543641436035133152e-01
-9.268183731632535505e-01
-5.375641935865371757e-01
1.091662160614616850e+00
6.523166968237489316e-01
1.423685046242740615e+00
4.730155963117169127e-03
-7.026571099506584428e-01
-3.220463125149111705e-01
-3.414314506870343435e-01
-3.512173285179355231e-01
2.423687690740678191e-01
-1.897495908532766118e-01
-1.461923384154153460e-01
4.421970482015291637e-01
1.052668616314206829e-01
-3.434824844770805741e-01
-1.027500017018118994e+00
-2.557628665271725610e-01
2.898833737133563737e-01
-3.156907416767419650e-02
4.674201350232008445e-01
-7.070926764977394363e-01
-5.137104077742526975e-01
-5.077581982762449098e-01
8.861318428156931271e-01
2.861644604790711810e-01
-5.098409836258979144e-01
-4.985058733433876954e-01
1.068158549979280503e+00
-7.834924292608681784e-02
-6.694236035746615743e-01
1.108704452361663900e-01
-5.014991069514650457e-01
1.052535383163462512e+00
-1.106744751907095203e+00
-3.883667972539804336e-01
-5.907748389630024244e-01
-1.153822692828305296e+00
9.234155993793827233e-02
-1.862406955482988902e-01
1.796767706379797658e-01
1.234718392844443707e-01
7.098496164351378868e-01
-3.149617369195130134e-01
7.509516929953897746e-01
-9.520739767537842457e-01
2.511820309611187407e-01
1.246354733647558610e-01
-8.289247652989338855e-01
4.951779498941188962e-01
-6.399310425791668866e-01
4.360072456357064752e-01
1.021019022265667875e-01
3.715625551750166289e-01
-5.427974906979295966e-01
4.933120527068797223e-01
3.391026614508883541e-01
-6.397407827695769100e-01
-6.479326387120802888e-01
-4.974754077488087733e-01
-3.313434786804525523e-01
-8.322467820365285762e-01
8.133819760917258002e-01
2.599942077564634246e-01
1.995512049151392520e-01
3.913138271888247921e-01
-5.207378682946289805e-01
1.031014565311823006e+00
-4.018057893218322518e-01
-1.031066770358601614e+00
-9.865647512088134841e-01
9.813261969346852298e-02
-5.201646925988019365e-01
2.487070072904522811e-01
-1.088341756977204144e-01
5.034146404356368842e-01
-5.695063277980018102e-01
-1.071472819577941271e+00
1.194900648564260148e+00
3.003620357383753880e-01
-8.128596021628531343e-01
-1.157870654308072123e+00
-1.844206808808033365e-02
3.441665703947450750e-01
3.148610646614234398e-01
8.400799550260025506e-02
8.593367687042756387e-02
6.103280000279177608e-01
-2.345255074709166609e-01
7.995015898636330665e-01
5.787646279929233861e-01
-4.893749040428030384e-01
-1.085125196112755180e-01
1.142770748946290826e+00
1.193951638108182167e-01
-7.893605286943210508e-01
-3.605000676984971286e-01
5.079797325663807372e-01
4.488428635652981225e-01
-1.267180237437591506e-02
-9.626156502757835520e-01
-7.228408621357603758e-01
4.128838600565279959e-01
-3.147986956621550148e-01
1.140867098623784964e-01
-6.670748166641167487e-02
9.272608246419535849e-01
-6.685114679586651176e-01
-8.170889974694351965e-01
7.007485347464585956e-01
-5.992721930691968790e-01
-2.262922124239578614e-01
4.490976737169581345e-01
-1.455329061056793716e-01
8.898338395401389489e-02
4.568685542957126589e-04
1.036874462997948276e+00
-7.078025958625891456e-02
-5.655960480484841790e-01
-6.980870281114303078e-01
-5.530253846008598151e-01
-8.378995241978701713e-01
-2.388496397005532568e-01
-9.908408919533058246e-01
7.623514589434814415e-01
-5.682274753029021852e-01
-5.392511815381744178e-01
7.175384426088687873e-02
-2.116152149369936453e-01
3.246650008246413921e-01
-3.171984365914199411e-01
-1.235334391157815459e-01
6.032922602353241182e-02
8.754503004559485158e-01
-6.438460586910932371e-01
-1.402468905446184522e+00
-1.237414094422389255e+00
9.577206610619768412e-01
5.922589156292353829e-01
6.449649566622360775e-01
-5.452785529700497902e-01
-2.114279139410105701e-01
1.108633884108204681e-01
-1.167117426995307294e+00
-4.656795523285139349e-01
3.179026245795111283e-01
-9.916845274468922833e-01
-2.696235794737752989e-01
-8.262504856376946816e-02
7.281939679943785215e-01
-1.170257892106268294e+00
-3.374610977787950161e-01
-4.050899306607543826e-01
-9.390261699574570242e-01
-1.233028634744742336e+00
-2.048525164611438854e-01
6.107064229981356007e-01
4.181298556626687479e-01
-1.690368885376779540e-01
-4.674685165093857009e-01
-3.647093952038478748e-01
-7.099667038807689901e-01
1.036731217104752023e+00
4.146465126974229198e-01
6.120023970222620013e-01
8.879170936075064802e-01
-9.196132821857126993e-01
-3.987653583115438050e-01
8.627004034572444136e-01
4.918214648197729577e-01
2.004302996901627665e-01
-9.480233786079726999e-01
-5.422699848721808102e-01
-1.602363155068157741e-01
-2.293542464185807650e-01
7.314334179039085893e-01
2.669339441305212945e-01
-9.854314940864865591e-01
8.467850840107822574e-02
3.358623299682903310e-03
4.262653410556925260e-01
4.321634115740585202e-01
-7.122545441993133331e-01
-5.445584808835655100e-01
-4.494905290966878519e-01
6.247662630097183811e-02
5.656413604277494844e-01
3.091847474386636568e-02
-7.699448040335862276e-01
7.340487292345604375e-01
-1.916731681264833287e-01
-5.112709326419722089e-01
-1.195727940594821570e+00
5.763528634367283132e-01
-1.274712728123783112e+00
-7.358824716284299017e-01
1.144074989905160544e+00
1.167000064711647966e-01
-2.651942868273532428e-01
-4.681092922090214214e-01
-8.022071903508638524e-01
-4.085520925897057620e-01
-9.094721227097940508e-01
-2.948846602883750112e-01
1.036206208217723246e+00
-5.023836871386962999e-01
-2.538989435519961035e-01
8.936210039136339711e-01
-4.838977804840687846e-01
-2.290647412197882593e-01
-3.146405426645771386e-01
6.720708844370290036e-01
-3.906275602427293769e-01
-9.794719476944421799e-02
-2.362995414145294681e-01
6.255520666529302831e-01
2.516984011966442170e-01
4.487730865641836320e-01
1.986395762858655378e-01
1.223068706922488258e-01
5.916498200730230250e-01
-6.492768027654846064e-01
2.317752379570336974e-01
4.288413473314245938e-01
-1.076176684868560773e+00
-2.125344003204586441e-01
4.091391277280620464e-01
-4.552162245337171842e-01
-6.383563191225710698e-01
1.540669129288020356e-01
4.888494392365715369e-01
8.181177472453198263e-01
-6.363346966907387214e-01
-7.602889921414573982e-01
-9.467869594358833130e-01
-1.989040642570124306e-01
2.547680154416649689e-02
7.041423960466373089e-01
-4.995490172400572360e-01
-4.333337199938621653e-01
-4.694508011088633359e-01
4.007972692318856334e-01
9.107457860764249791e-01
1.785296093702584130e-01
-4.932506294526850521e-02
1.005587511586681249e+00
-2.883141718035424350e-02
9.203515301240078328e-01
2.173756507793737636e-01
-7.568207022088417890e-01
4.085936125028918342e-01
-7.142667412631864554e-02
-5.641826259350599670e-01
4.644173754682126010e-01
8.872523890805076308e-01
2.714817072345993565e-01
5.428727181850302452e-01
3.224150331059114638e-01
-5.129771172201896823e-01
5.424769239081727035e-01
9.062363174158745149e-01
5.739717406839642821e-01
-4.777599920665122624e-01
2.215687162337216520e-01
6.839028858647558939e-01
1.332833242313327948e-01
-4.029395061887381391e-01
6.102898262920486427e-01
8.827344981191617146e-01
1.024519065586990019e+00
-8.538067657061989557e-01
-4.236444575321833828e-01
7.996898131503560325e-02
-8.683719703259107359e-01
-5.695332912024421157e-01
-4.388418471758226969e-01
-1.323420122505822194e+00
8.057566146655811279e-01
4.900660618905490762e-01
5.998000092880480250e-02
2.879429017526478063e-01
5.092724171370145436e-01
7.362334104160197512e-01
-8.498695532240441164e-01
3.554935974500175178e-01
6.988509657189028168e-01
-2.751283914603859793e-01
-5.757142916244072373e-01
-1.057480663701316770e+00
