-1.508262993625988369e-01
-9.193699890753412873e-01
5.408971672516038609e-01
-4.749695545458678669e-01
5.316404123269438120e-01
-5.309473409447023062e-01
2.999306107760628670e-01
-8.879973426618790189e-01
9.847255863964341493e-01
1.110657704356163844e-01
7.554599394113710176e-01
0.000000000000000000e+00
-8.380085213192223215e-01
0.000000000000000000e+00
6.759363894765892944e-01
1.000000000000000000e+00
-1.000000000000000000e+00
6.054090028861029982e-01
1.000000000000000000e+00
-2.167991767785495405e-01
8.667670568246177432e-01
1.000000000000000000e+00
4.893717836093074425e-01
9.224076533401373013e-01
1.816399632712140111e-02
1.797141604843197626e-01
-5.181593611264119215e-01
-4.877827847791953442e-01
1.000000000000000000e+00
7.801372043531646927e-01
9.259022854152429982e-01
7.510426425986662657e-01
0.000000000000000000e+00
1.000000000000000000e+00
0.000000000000000000e+00
0.000000000000000000e+00
8.896390475132440745e-01
-8.390966331485001373e-01
-4.969721749406252886e-01
-1.000000000000000000e+00
1.000000000000000000e+00
1.000000000000000000e+00
-6.543129781840808512e-01
-3.096030625018935112e-01
0.000000000000000000e+00
-1.000000000000000000e+00
1.000000000000000000e+00
7.220732048884292986e-01
6.446268517440674195e-01
-3.594005162920810292e-02
9.218555014541365278e-01
7.247514159048424887e-01
0.000000000000000000e+00
3.041901427527409218e-01
-1.000000000000000000e+00
1.000000000000000000e+00
-1.000000000000000000e+00
-8.852302875470114962e-01
-5.039211723229599649e-01
7.301130669301914011e-02
3.854655797691659558e-01
1.000000000000000000e+00
-1.000000000000000000e+00
-1.728148890137581883e-01
-1.000000000000000000e+00
-6.176010877440456515e-01
3.579939500303377375e-01
1.000000000000000000e+00
0.000000000000000000e+00
-7.885861891442498273e-01
1.346836602277570183e-01
-9.977624504507611736e-01
9.193237194869057216e-01
4.149242584755652441e-01
-7.157450876583173471e-01
0.000000000000000000e+00
4.740139493312129915e-01
-1.946728636966073012e-01
-9.000619277579580135e-01
1.000000000000000000e+00
5.754799673285924122e-01
-9.897052837325552854e-01
-4.772436397842392264e-01
0.000000000000000000e+00
1.479186172679141098e-01
7.442387212929033602e-01
1.000000000000000000e+00
3.669017899663733484e-01
-4.416154753684611300e-01
1.000000000000000000e+00
7.600925409834267121e-01
1.000000000000000000e+00
1.000000000000000000e+00
0.000000000000000000e+00
4.070674086441239403e-01
9.776292483377997389e-01
-1.000000000000000000e+00
-6.889516140041653802e-01
2.136717311261677743e-01
1.000000000000000000e+00
1.409939915449365255e-01
3.793071793935427483e-01
-2.588982842571252441e-01
-5.638703687687240951e-01
0.000000000000000000e+00
1.210463658077307603e-01
-3.228348118921318122e-01
-7.180554336930728976e-01
1.000000000000000000e+00
-1.000000000000000000e+00
-8.440753843117676514e-01
-1.000000000000000000e+00
3.217618446166945478e-01
9.814582265494418145e-01
0.000000000000000000e+00
9.993100162836565659e-02
7.369664036873393442e-01
0.000000000000000000e+00
1.000000000000000000e+00
2.446989817701519243e-01
4.092455153744900542e-01
-4.567746611476730667e-01
1.000000000000000000e+00
1.000000000000000000e+00
5.925846343341951705e-01
-9.441686991805311457e-01
0.000000000000000000e+00
1.000000000000000000e+00
6.754556888313003604e-01
7.210659729804200779e-01
5.901859919505298979e-01
-7.436631684031103084e-01
-8.013006701119120834e-01
1.000000000000000000e+00
-2.051879657054467287e-02
3.097502556200169010e-01
-8.861943289258396028e-01
1.000000000000000000e+00
9.534275472255724360e-01
0.000000000000000000e+00
2.707023084710939997e-01
7.475152004268026396e-01
-5.776015345618188412e-01
5.114413901173071597e-01
0.000000000000000000e+00
-1.000000000000000000e+00
5.741000291973614722e-01
7.857038842297432435e-01
-1.000000000000000000e+00
-1.569492035602240154e-01
-4.778250748728303243e-01
0.000000000000000000e+00
-4.070522834830310188e-01
4.762391714256217767e-01
3.331303029006067451e-01
-3.410472741970749233e-02
8.903588581893759901e-01
-1.000000000000000000e+00
4.880486480233929836e-01
-7.680099008353831191e-01
-2.215392427177735879e-01
-7.194657457826310054e-01
-3.449264447456159566e-01
-5.045622981935375950e-01
-2.073351267376533080e-02
-2.943426421146642102e-01
9.234415387124506047e-01
5.672685941561070866e-01
6.770548687402735411e-01
9.127837435809653677e-01
-6.723417905778716896e-01
-6.205108257312248465e-01
-5.130417711951551496e-02
-9.041131508319029120e-01
5.109893271959842220e-01
-4.598594488119529533e-01
1.000000000000000000e+00
-1.000000000000000000e+00
-1.000000000000000000e+00
-9.429544628805410778e-01
9.073542066532860328e-01
-1.000000000000000000e+00
-1.442223570463918580e-01
-6.912208572137379381e-01
0.000000000000000000e+00
-9.420207407026317536e-01
1.000000000000000000e+00
3.106067864597108485e-01
0.000000000000000000e+00
-3.192241449503760986e-01
0.000000000000000000e+00
0.000000000000000000e+00
-5.461892319785788263e-01
-9.749547095562960397e-01
-1.173151213978693708e-01
-6.552290092739077032e-02
0.000000000000000000e+00
-1.917872251555508001e-02
-2.037757996122677717e-01
8.066706187137544504e-01
-1.301790742381006005e-01
2.002298682317509293e-01
-8.348412701789920121e-02
-6.312250275179276393e-01
1.654846288635809515e-01
8.256677483842445042e-01
-9.395270804668753861e-02
-4.951464409709944725e-01
-3.104489865949768834e-01
6.675664647241805749e-01
-5.838839802391901923e-01
5.573047980637180210e-02
-7.727522577951839722e-03
-4.552884232758103167e-02
-7.910428920240673012e-01
-9.177304724477948206e-01
-3.513351016752288558e-01
4.688297474138496401e-01
-8.111169684297909743e-01
7.035922788154620466e-01
8.432314781270691117e-01
-9.319851515667409991e-02
-1.518953505935276560e-01
3.920393940161717161e-01
-4.467117302587064742e-02
8.378043109049237991e-01
6.580183770905563279e-01
2.671806935557481388e-01
1.747640248557584819e-01
5.780701663679439495e-01
-3.420448695191371513e-01
9.438588552419722166e-01
-9.953010023478221502e-01
1.190312139819627024e-01
-8.861776648193786521e-02
-1.220448505205511402e-01
1.341043685745613168e-02
8.458200098404973222e-01
-2.246572560989827938e-01
-1.120588323460629532e-01
-8.717178824067095544e-01
-6.207102304409204407e-01
-8.190122154087113859e-01
5.350447848136032913e-01
5.590514486028919094e-01
-9.872027672448373536e-01
2.729578174096691789e-01
7.801668200061793179e-01
2.668417947763084275e-01
3.512663629388981246e-01
2.062177412258368037e-01
-9.371231584996875252e-01
7.538420157215486306e-02
-1.945571302037074624e-02
-8.242528506911657171e-01
-3.020187993419467531e-01
4.775290883212233162e-01
-7.275161143129700303e-01
4.118249316831046336e-02
0.000000000000000000e+00
-9.991151919960914451e-01
-3.250509136769450524e-01
-1.867593138139103104e-01
5.437568904561245198e-01
3.808485565804751172e-01
