1.016085760084777467e+00
-7.083550798687722472e-02
-9.728268426669581803e-01
5.616959447488328872e-01
5.145226997111942424e-01
-1.243699675578216590e+00
-1.977136646964651745e-01
1.341235524779515131e+00
-2.508145564336512034e+00
-1.513626052227148744e+00
6.808955436635394376e-01
6.650086430547683114e-02
-1.366939395303679694e+00
-1.464596542593820994e+00
-2.160226829654582070e-01
1.100431636674577218e+00
-1.048453317960194031e+00
4.860772249583653615e-01
-1.341051096656336483e+00
-9.011724546923067791e-01
1.077754061644551120e+00
-8.152202597967623809e-01
-7.076737509886005251e-01
1.235102986987154816e+00
-9.611955423779841023e-01
8.598980453073439278e-01
1.092046906486949132e+00
-4.764610592079428497e-01
1.000921702160133320e+00
1.696221153248579361e-01
6.955511026536255192e-01
-2.495352362407284030e-01
7.421611857726133632e-01
-1.064590219099888158e+00
4.762252096984551097e-01
1.364928030815688365e+00
6.271663705685219525e-02
7.295616588107886047e-01
-1.573091170504657077e+00
-1.533342417997921370e+00
4.038457336234015926e-01
1.489041453099301915e+00
9.773385768116983341e-01
1.146533978154502087e+00
1.593914233933374502e-01
-9.454598792098765081e-01
6.350698931821310289e-01
1.893009149482286047e+00
-1.491804721424201174e+00
-1.185389714364239455e-01
1.029810972015297588e-01
3.020930642647949860e-01
-1.282953981536786303e+00
-8.487062603067946354e-01
1.153576513822602984e-01
1.117795535824683162e+00
-1.726698384876532266e+00
-1.600069136292818994e+00
-3.519017284736297158e-01
-3.033411760984640049e-01
-2.879450377254708648e-01
3.606213822009118886e-01
3.530960472530217387e-01
-2.625914977078045998e-01
5.883801784869595319e-02
9.213093324353416325e-01
-1.482335789381727720e+00
-5.101976318444854108e-01
-2.268065958095027701e-01
1.357570503655822325e+00
4.750924922321639321e-02
-4.445955078138630889e-01
1.965271789402981140e-01
7.944351745104195617e-01
8.052035060312475734e-01
2.351655576615688248e-01
-1.363097864704327256e+00
-1.875543459093423071e-01
1.069084569879307889e+00
5.519896053660242607e-01
9.810945540768423179e-01
1.586311684927517840e+00
7.284133203184361971e-01
3.453685762829408201e-01
-3.320606662797234709e-01
-1.763276214618457738e-01
-1.356219532123173144e+00
-2.156480288427610748e-01
4.900745376296686828e-01
5.565164951984886699e-01
1.058655872837684919e-01
1.370278857526616267e+00
-4.616922916956582856e-01
-2.568545106670070410e+00
-1.657837132250330692e+00
1.444764118610570858e+00
7.422552543388702961e-01
-1.357846191426542282e+00
-1.067827055802526681e+00
-3.027147873224875219e-01
-3.820360998227145810e-01
7.251244644710190812e-01
-5.136076207987663733e-02
-8.419275224192690477e-02
-2.871807705977544312e-01
4.956755284993990540e-01
1.106302308013159680e-01
9.977406801173949180e-02
1.067811086971896861e+00
-3.179017667725702045e-01
-5.958250612349795805e-01
3.684372914684841405e-02
1.068087511962002578e+00
-8.793258862706692103e-01
-1.309934887022156325e+00
-7.811554793050862200e-01
7.477770368364118347e-01
2.290859545271217712e-01
4.293060034435264294e-02
-8.915558663766373071e-01
3.138367880991456138e-01
1.422828357509698494e+00
1.154721941342341296e+00
9.166489955371998066e-01
1.204959679144297358e+00
-1.378413626087804822e+00
-1.071419165538150420e+00
-8.995431017135450957e-02
7.142795981214332679e-01
-4.545189404359672447e-01
6.359975607163924627e-01
6.360902419082767878e-01
1.484690800364426577e+00
-4.749546557388209522e-01
1.090612645903103362e+00
-4.708613510182483308e-01
-1.333007713790226090e+00
-2.462544891360833876e-01
3.124935931860262639e-01
1.545111588464642249e+00
1.545962959243790402e-01
-2.961552818863502634e-01
-6.434336886313276604e-01
1.485553289486168271e+00
1.033076974011179594e+00
7.092550856990973429e-01
-4.771112731878786595e-01
-1.101166984853459763e+00
-1.446330089656649109e+00
4.219863918894677796e-02
-2.143786447749487678e+00
-1.183137179409499362e+00
1.676496345896639761e-01
-3.573430269988797092e-01
-8.448785061649605188e-02
-6.406899005306939676e-01
6.944695738549052644e-01
8.013250456301066471e-01
9.171860683507837564e-04
-6.985034010901880475e-01
7.277402701480864544e-02
6.244730876325980118e-01
3.802865564001438048e-01
-8.592111048999750977e-01
2.087490398575074235e-01
-5.952227916032546418e-01
2.112646591738329138e-02
-6.866626236384878457e-01
-3.620866598290166105e-01
-3.170161548069744928e+00
9.474235656789999904e-01
-2.930409536356666234e-01
-1.688474281533064225e+00
4.335136475334977479e-01
-8.812303822186240421e-01
1.187986541263845452e-01
-9.537579965199345366e-01
1.483140837407304291e+00
6.198917443476004152e-01
-3.013784588948976717e-01
6.654108519336386918e-01
4.818904866819093136e-01
3.022843318780308111e-02
6.316450480064154105e-01
-1.278568639086464342e+00
-7.975321634533234505e-01
2.469743023415474359e-01
1.366756704764945818e+00
-2.872679708084046601e-01
-6.833057178412997867e-01
-2.826635814249494616e-01
1.155546999283706855e+00
1.555724351200523436e+00
1.540515633177334198e+00
1.038336688880873993e-01
-5.792979460333597119e-01
-1.371565169117644478e+00
7.517623221130774747e-01
-1.028862833310682512e-01
-5.493237305642995061e-01
-1.918350634603410432e-01
-8.293054669901028797e-02
5.513774958099330048e-01
4.066336210987335220e-01
-1.605959311787226729e-01
-7.962549663367901598e-01
-3.719873640480703125e-01
2.191545189899325452e-01
-3.684370866843829639e-01
-3.038286867848721817e-01
1.844112033341423484e-01
2.681812454859074935e-01
1.143760366887912466e-01
-1.092660578245166381e+00
8.940806311924649474e-01
-4.936529223052166238e-02
1.035961612234029605e+00
2.326500152937365784e-01
4.215883032477017456e-01
3.452716477137049433e-02
-1.021535030557082280e+00
1.059183900919752785e+00
-8.581448725247976528e-01
-1.541410888084636666e+00
-1.550146912609712935e+00
-1.106846908305231691e+00
1.241991711014286681e-01
6.008102317441660345e-01
-1.788774300118971317e+00
-8.973057000205028610e-02
1.106915411788652048e-01
2.214654977097980093e-01
6.037970052061595316e-01
-1.094760745159181647e+00
2.170200098037739611e+00
5.758616053651091082e-01
-4.946798268905756579e-01
-1.725189803480880579e+00
1.079869197788528717e-01
4.242883565853122763e-01
-1.019146191669973334e+00
-1.826070419923910004e-02
1.454311477364137239e+00
1.201841149196025693e+00
1.454897331387499326e+00
-1.544025547693858025e+00
-3.885016467142732299e-01
4.412630757564171557e-01
-3.172541608269424662e-01
-6.571880714596638473e-01
-9.583987164606290188e-01
-6.865468753773183996e-01
1.743615733197609319e-01
5.716977058149246282e-01
-4.034160832561469734e-01
-1.002907618353403585e+00
-5.698153979290916382e-01
3.354431417573371377e-01
-1.108170624040510699e+00
8.006397586062463656e-01
1.294301168624526266e+00
1.372339383369297172e+00
-1.179587631848003193e+00
-3.462457072316292850e-01
1.482922396094258577e+00
-1.602546558693713208e-01
5.579875497582797994e-01
-1.145206273411026654e+00
2.127542985282795604e-02
1.875997000774416446e+00
4.934567623617818199e-01
4.436543154655285814e-01
-5.877183294999510643e-02
-9.568772981133691902e-01
-1.327013626923406742e+00
1.048076060959134415e-01
2.372157861609124341e-01
-1.367461654656714432e+00
6.737609383610332348e-01
6.096773890161845122e-01
-3.103445445857645479e-01
-2.239474795026627496e-01
-7.956548980576755303e-01
6.712709938044116864e-01
-3.081091932294365288e-01
3.144011436552407446e-01
1.369108757418965983e+00
-1.132090141808682615e+00
2.326406265027116671e-01
1.578845323048488680e+00
-3.981505040061478762e-01
6.764770642887119045e-02
-3.323551369404301181e-01
-2.605252933534168425e-01
-1.365580289093699884e+00
-7.821331991779454373e-01
2.730082325984820590e-01
6.174345290297131306e-03
1.299917508979298697e+00
-7.497854263593676238e-01
-1.344650081606576286e+00
6.668315973216154546e-03
-4.411159059203408339e-01
-9.973538438446716281e-01
-3.580691748125280904e-01
-8.132851159530374296e-01
-6.973867396166553156e-01
7.742823442694548586e-01
4.639422031447916206e-01
-3.425148188600998234e-01
2.516798866250442579e-01
1.535142277844198766e+00
4.490620763663879522e-01
-9.299885451800529168e-01
-8.836160199628451117e-02
-1.644428522430818607e+00
7.503101711730769674e-01
-5.449157206242845053e-01
8.104760805824025027e-01
-3.180458408532939041e-01
1.417184405281376458e+00
-2.556841407193441995e-01
5.801559497795018006e-01
-9.783969693395846434e-01
1.757980413943654729e-01
8.448597072682946241e-01
2.092212118930713682e+00
5.128222442275132131e-01
-9.119990375253604897e-01
5.697985273696837272e-01
7.275265655839221468e-01
-1.196957491536163598e-01
-1.819172017793336149e+00
4.748845893992484357e-01
-1.317208671873057568e+00
3.757901923119317811e-01
2.195141961079056792e+00
-3.426717833774723942e-01
3.559353510628630035e-01
-7.005908950926277301e-01
4.996613885149562284e-01
-1.665299981660633533e+00
6.028682786580368269e-01
1.044518780601657593e+00
-1.269039322506164968e-01
3.774271246988185613e-01
-1.128475716873880597e+00
1.176673925764119832e-01
-8.412456121805902409e-01
3.493836842196857972e-01
5.061796401928453371e-01
4.760079850790412959e-01
2.160286033552552443e+00
6.097360090973679148e-01
3.040483718534227608e-01
-1.301837031237244924e+00
9.709202320866099356e-01
-1.897954733585656806e+00
-1.099049899692418064e+00
-1.152955035130649231e+00
-2.662938371725245834e-01
4.468587805782778255e-01
1.445007788132974813e+00
3.521156606186661708e-01
-1.044443820198452499e+00
4.732997232860067793e-01
5.122972982330696867e-01
2.654368899325257880e-01
7.440399160082048491e-01
