1.162227928361860285e-01
9.369777863319344036e-01
-5.967683095016051986e-01
7.978260962960244118e-01
-1.657620280466675755e+00
3.080725165838029689e-01
1.751412432710159894e+00
-1.912336147859588498e-01
-5.782066167341975982e-01
-5.246253617809391034e-01
-1.699991256744044055e+00
-1.709083008689119554e-01
3.255712674855760769e-01
-4.109131162316415620e-01
-7.416677896754315658e-01
-1.153364041275589391e-01
6.818204141041928068e-01
-7.205701190672109124e-01
-2.061674299816285139e+00
7.248953398195771003e-01
-1.253778206017827301e+00
-4.921859838935798148e-01
-1.018616606245775991e+00
-1.179712610183356158e+00
-5.013867183391709781e-02
-5.550412034214546875e-01
-2.061402215560552253e+00
-3.788670914338679307e-01
-1.049595905563269094e+00
1.459037541468961585e-01
-1.169046952659856586e+00
1.687285995999188715e-01
1.608143181444034342e+00
-8.192266865089624372e-02
-3.252313268499897880e-01
1.026784489191494121e+00
7.660386345577463452e-01
4.043962200336737034e-01
-8.843410649485459185e-01
7.813418597655917841e-01
1.541254984843492215e+00
5.060759270622604555e-01
-8.092352467638896929e-02
1.150667912229619977e-01
6.738007205463047988e-01
-6.082495004939950101e-02
-2.876479049063906945e+00
9.599184157331899225e-01
-3.064204669936049230e-01
6.521703719149110068e-01
2.128753518998002026e+00
5.918585188816331139e-02
-6.041470897410408103e-01
-9.507274630072934940e-01
-1.610809093824051574e-01
-4.173033632786296021e-01
-1.802411238538327298e-01
-8.934159179027780784e-01
-4.647446919217519679e-02
2.217283757395255017e-01
9.644117915187331302e-01
7.468036217594840043e-01
-6.709381522521160601e-01
5.849464422856662793e-01
-1.386552720622263424e+00
5.649375838283187123e-01
-7.185097083863315470e-01
-1.882766276500777103e+00
9.943902448799136762e-01
-7.708854977528175612e-01
3.444800038201057402e-01
3.066145441551726414e-01
-1.574833578367137998e-01
8.477771646051539545e-01
1.298156405420459070e+00
1.412142385239639086e+00
4.759676330690447710e-01
-2.624503814836651183e-01
-7.564106416048978210e-02
-8.802498233383750925e-01
7.660860924720693799e-01
-4.795308504330217936e-01
-1.083672000236170607e+00
-4.363875101827903169e-01
-7.625172453112014637e-01
2.447968735306167876e+00
-2.419746823476320863e-02
-9.141853390515304323e-01
-3.143223915519020029e-01
-2.326152692722425197e-01
2.037684399278175018e+00
1.004545619635050624e+00
1.111211231748816974e+00
-7.391971304697342315e-01
-7.292775172384353688e-01
-4.409889260770366581e-02
7.460542786736790166e-02
-1.875663154542934336e-02
-1.584515482465489900e+00
5.941562519023244615e-01
-6.022582699800429484e-01
6.877511337740216391e-01
-4.127962421054839348e-01
9.656235072331610381e-01
-3.707850772657403926e+00
7.447004543161424017e-01
7.221419390440100283e-01
1.258942399022464353e-01
8.585545367474689549e-01
-2.135946761120294801e-01
2.243324840722744185e+00
-1.095068022366705307e+00
-1.497025564137193454e+00
1.113962676680878783e+00
6.724071637973670634e-02
1.522250086744584063e+00
4.369305728589860105e-01
-9.081618954488140938e-02
5.722834266810312709e-01
7.871259051415707697e-01
-2.738688247912590690e-01
-1.339704011140862683e+00
-1.261986536372289081e+00
-3.601980917963282791e-01
5.789672508093448577e-01
-3.648157990776093040e-01
9.146102315173731956e-01
-1.200614789802964433e+00
-4.818494673338134526e-01
2.486517422622226692e-01
1.606489791591228511e-02
-1.388843055239916136e-01
1.372737220244599210e-01
2.766722570579935869e-01
-8.559248684473440560e-01
2.914708912097676019e-01
8.751028108342224776e-01
-9.580484454917259640e-02
-1.590806919854398593e+00
-1.157241465464007302e+00
6.466140720566280198e-01
-1.047491622360490426e+00
7.015547517458513571e-01
1.552403007909564092e+00
2.124018915279711761e-01
5.623133876096648720e-01
5.779646360421850648e-01
-1.456720988757291835e+00
-6.088981685865400006e-01
-8.756307988219073080e-01
7.374043586692963226e-02
-2.413025275835553596e-01
-1.231394670648171985e+00
1.447855306074649412e-03
-1.407626529919860925e+00
1.054937675851579826e+00
1.598066904900215940e-02
8.801740643392750307e-01
8.154962942567804962e-01
-2.947886581393256364e-02
-1.068302983261621097e+00
-5.076525757324427124e-01
-6.745458684454346265e-01
-4.831166571677696364e-01
4.247108748369879949e-01
-1.540184544825517143e+00
1.910602173519918345e+00
1.225381114575365693e-01
1.392662464843049230e+00
-9.132108556776700192e-01
-2.685124073690598467e-01
-4.408387811873364925e-01
-2.539261735946020115e-01
1.178502647066323572e+00
-4.066689754393360001e-01
1.335923828648894363e+00
-9.106086521621129526e-01
8.899661608420847969e-01
-1.124021926271280947e+00
3.660897420508668620e-02
-5.442942179323715379e-01
-9.576304551607868198e-01
1.030094180047245317e-02
-1.742074458093243239e+00
-1.816848402317957634e+00
-1.251982705047056423e-02
-1.382814863560757557e+00
3.011854303608174632e-01
-1.282496735458314441e-01
2.957361008256072510e-01
-8.044185913910467667e-02
-4.508759315565420422e-01
3.156942954595730599e-01
8.893144072274979939e-01
-1.535437698695439612e-01
-2.180405437433844962e-01
-2.666435813551678580e-01
-5.047688958406688631e-01
-1.406565618705999943e-01
5.916921824289406162e-01
-7.303453177267302809e-01
1.682210538443801306e+00
6.136503248166264024e-01
7.367755884651885356e-01
4.336600461537421514e-01
-1.464183604465041921e-01
3.586916878369693640e-01
-1.100543232726121368e-01
8.541930726168038834e-01
1.276184595847915215e+00
-8.312027745164469739e-01
-1.804680277295194202e+00
-1.220047571118634488e+00
1.224586453046325518e+00
-1.285608384490399825e+00
7.404466579260999826e-01
1.974379031380150362e+00
1.590925633732382105e-01
2.048019451559407678e+00
-1.105154123052188853e-01
3.815600023361750970e-02
1.638802592214244069e-01
-7.869123288941903827e-01
2.041856514202762263e+00
1.336016709270459568e+00
-1.622647271658247403e-01
-3.969413732035563802e-01
1.372184942412994602e+00
8.614598840384560252e-02
2.440018200443904994e-01
-1.186441684335961311e+00
4.468985872140961435e-01
-1.771053473067887296e-01
1.201537695606068601e-01
-5.661907588909733668e-01
-2.081899909494727974e-01
-5.952004972465014809e-01
9.030951366523459756e-01
-4.498413197992944257e-01
3.033402060514842624e-01
-3.546658626884009013e+00
-1.026101471663020348e+00
8.707437693786693189e-02
-4.582150292729769703e-02
-6.114837533539860814e-01
-1.213652857570295396e+00
-1.320117739417054459e+00
1.262106885825236002e+00
-2.210272111344813162e-02
-4.736893932764747461e-01
3.930847923340697880e-01
1.447961467815805703e+00
-8.111527352603375984e-01
3.322273794283134296e-02
1.430452122220549294e+00
-9.644807229472855958e-01
1.334826278221788176e-01
1.357247775665068601e-01
-3.216353812295169590e-01
3.619627811503162707e-01
-6.291850773099250116e-01
2.084969393598198550e+00
1.654527341645363192e+00
3.227763382277848425e-01
-5.294501908826977354e-01
