1.852175181325069198e-01
5.848556903883049829e-01
1.883281715792916255e+00
2.369084674460994744e-01
-1.104915669180052129e+00
2.610135195934528141e-01
1.067346942063766235e+00
-2.621712359597580533e-01
1.416780842351931247e+00
5.467369093580151107e-01
-3.414991685528043330e+00
8.571661660296139296e-01
-7.663886766531319283e-02
5.220047492624200203e-01
-5.056596313637253814e-01
3.226592008138290391e-01
1.288269035738668578e+00
-4.119038148541096511e-01
1.063342917075024596e+00
1.533791862854877674e+00
1.528965402900806847e+00
9.333539871087694895e-01
-1.587493508553617372e-01
-1.471755970516687384e+00
-2.099395385034157346e+00
-2.235328958273311351e+00
1.107419033549317922e+00
3.290373497198081920e-01
1.076039590178818006e+00
1.936375495177431016e+00
-1.095545609300394574e+00
7.188846476460155621e-01
1.282544196729751507e+00
6.379968796833815903e-01
3.315707571223689976e-01
-2.736149217365543285e-01
-8.887005588596078587e-01
-1.212782409801090311e-01
-3.646294589015841581e-02
-6.289118637020070235e-01
-1.396543316813384061e+00
4.332392625457244684e+00
2.214865630636677907e-01
-1.190831542646997865e-01
-2.468377093703945091e-01
5.036581896764793509e-01
2.115420018849112072e-01
-9.475334381952743579e-01
-7.392564347176121542e-01
-3.225397785498330117e-01
-6.607070994881886206e-01
-3.657526429777308685e+00
2.208829931356766363e-01
-8.719141236909774273e-01
-2.351932526913100008e-01
-1.937779285005509222e-01
1.105368725620746506e+00
8.324482193908541716e-02
-7.530486313167525925e-01
-1.657573015357895474e-01
7.964249606545388271e-01
1.622709272269409420e+00
-8.438877529861169569e-01
-9.387410595853816764e-01
-1.682877751784039866e-02
1.057705584859561565e+00
4.791428158155426331e-01
-6.646654475360502801e-01
2.173839975302744865e-01
-1.349033234246067359e+00
5.270274321481843022e-02
1.082745401583322109e-01
-7.723827468234325533e-01
3.746460151376759917e+00
-1.378885158321245363e+00
-1.777800661094240675e-02
-1.062936269939708245e+00
-1.932305106147987339e-01
7.445216155297857963e-01
-1.030857350415876450e+00
-3.377761203732443374e-01
1.509343599186942775e-01
-2.859960378056804475e-01
7.030515601803285497e-01
-1.696273775746988677e-01
8.544613187126055553e-01
6.717990368800188516e-01
1.268484613626529978e+00
-2.410085796626842303e+00
1.100130668668231948e+00
2.297364111159288402e+00
-4.364400981241120525e-01
-2.147788503496441126e-01
-2.013689797723820618e+00
-3.705575306234035748e-01
3.420288601123073202e-01
-2.098165781173717104e+00
-3.699685740390074029e-01
6.688600258869787929e-01
-2.939580812070602622e+00
-8.114837210725887040e-01
7.597674957709383836e-01
1.324024582269151429e+00
-1.311191067183343772e+00
8.642767436048058860e-01
1.866147210424176972e+00
-6.979616830734660660e-01
1.066146333555897163e+00
-3.754416404199519608e+00
4.893768187413738424e-01
1.520537359767487086e-02
9.371767260841569191e-01
6.267974659241665192e-02
-4.567004528115189976e-01
1.385412034398426862e+00
4.818744879456122732e-01
-5.791985596223167554e-02
-2.013262301096104545e-01
4.191720143403943943e+00
6.510755693342470396e-01
-3.774533772731967773e-01
-5.180721936049017540e-01
3.209163563735194236e-02
-9.514793564417625138e-01
2.942550051504518205e+00
-2.951892311256176793e-02
3.805536108571980908e-02
8.304353753672678584e-01
4.200497384008872181e-01
2.774557430855830176e-01
-9.293655184047246998e-01
3.857213833403342340e-01
7.089285016370994175e-01
-3.442960492446034970e-01
-2.626325192945193621e-01
-7.920410734152520948e-01
8.983520764112951085e-01
4.430596958718230893e-01
6.468632930644620249e-02
-2.769126569623174827e-01
-6.379981783444850230e-01
6.500612256150065105e-02
-1.149200711173265832e+00
-1.132995695206657105e+00
-2.053836765986142510e+00
-4.498427805825589987e-01
-1.663145459949893490e-01
-1.573341731580163716e-01
-1.021907467097963540e+00
-4.015628399518655911e-01
3.558816797254753528e-01
1.741701162095011135e+00
-1.293437193188218537e-01
1.043944979901918479e+00
-4.331811633781260107e-02
1.083341243690240790e-01
9.852164181149095645e-01
-3.168302404060616695e-01
1.892999875358443607e+00
-3.354372146212536432e-02
-9.608911920634609638e-01
2.160055711951974100e+00
-7.711726932043507787e-01
-2.161959075786795470e+00
-2.024304869644639182e-01
-4.571174484155062778e-01
1.319498938893381990e-01
-1.309336489582288765e+00
-8.517938475223325590e-01
-1.433932272585653811e+00
9.087439954014342458e-03
-2.519543820037147830e-01
-2.400745134435447736e-01
-3.505699508051016711e+00
1.427211746601972475e+00
6.041118691299897092e-01
8.961634956013537767e-01
-3.699118276015671281e-02
8.782881564169599253e-02
-7.968241183863916000e+00
-8.237574890581880194e-01
-4.954224831511711002e-01
2.775816424946982997e-01
2.541431681250251873e-01
-7.191879001991973164e-01
6.401840933160412028e-01
7.046048441616005187e-01
