-3.089555548555171782e-01
-5.236575500562670182e-01
-9.745443257377015556e-01
-1.900431381932602859e+00
5.299295327093561658e-02
8.037193348404083615e-01
2.145472719502875769e+00
-7.081119098316783766e-01
8.430736489591151850e-01
5.959227751250353311e-01
7.210964969569048089e-01
1.368812750237784481e-01
5.643932860111040561e-01
-1.587143136875473370e+00
-9.865604163102492663e-01
-3.699069777563519512e-01
5.756346213410803436e-01
-8.370449806533886150e-01
1.410722854004218263e-01
8.921951935925303001e-01
3.797309829268946668e-01
-2.638948184526253016e-01
-2.580971045371024397e-01
-1.946774473059353916e-01
9.281718246580783482e-01
7.670347468222256104e-01
-1.784621985519971865e-01
5.392809537093825600e-01
6.433786345647107829e-02
4.344822931314464842e-01
-1.151921429818820286e+00
-5.509680756035584270e-01
-3.216991661007486680e-01
9.112768654436953497e-01
4.359872544025418239e-01
4.406687090724754619e-01
4.567253740823906671e-01
1.960574632309464160e-01
-7.831500401562512259e-01
7.692450067328647778e-01
6.210884209484617280e-01
6.886992920690098163e-01
8.666595254044291430e-01
5.057301425736298039e-01
-1.054951287380664349e-01
1.833562905404262366e-02
8.714764842755271523e-01
6.188087995873403635e-02
3.052596353228744785e-01
-1.446028879757392804e-01
-1.047942662721557117e-01
3.605567231161563857e-01
-1.266551852093270814e+00
-7.500177977844895150e-01
3.630624048137905402e-01
-8.502222819984428526e-02
-2.216961693934091926e-01
-2.462404866719030139e-01
8.175647372649820221e-01
2.494763399013253391e+00
-1.703406342397049134e+00
-6.295342947444406700e-01
2.898027997684282653e-01
5.372991815913454872e-01
-4.397565194846930758e-02
4.859629716636488794e-01
-1.241412430079296136e-01
-7.786277068430558224e-02
3.433873893167236346e-01
-1.262469537741949699e+00
-3.421929631540043815e-02
-3.896620983656894355e-01
-3.687694305298077069e-01
-9.064658216272729607e-01
7.954822447156781884e-01
-6.520926657968098006e-01
1.716593568568982597e-01
1.172514262835062659e-01
-1.684246490210610236e-01
-4.401013111855982540e-01
-6.261190541307171120e-02
8.236996223005492723e-01
-2.290268475307930540e-01
-1.669569631835547296e+00
-1.432110517103146741e+00
-2.642988403154382659e-01
-9.176371430081338154e-01
1.419139519675333361e+00
2.296927326188002993e-01
3.089025392501085765e-01
-2.052446365191902267e-01
-1.385841749068921214e-01
7.318162202605307254e-01
-6.453484680924888028e-01
1.143006090390596086e+00
-9.930671355148558144e-01
1.448145054891520900e-01
3.161581235884411978e-01
4.982542495001844873e-01
-7.544409112877881185e-02
-4.932616568811969415e-01
2.820596620910094110e-01
2.370321380551019264e-01
-1.309671107804102119e+00
-2.727687229764912402e-01
-9.880490422439225373e-01
-2.044316881171435174e-01
2.240259694540909230e-01
-4.996980290185097928e-01
-5.799803152767705194e-01
4.762662882291761601e-01
-7.922124048836156618e-01
-1.689066596795282038e+00
-2.388183397793337548e-01
-1.533313009050685238e-01
-7.030772577614234908e-01
-7.438947289919921602e-01
5.747396276531355763e-01
3.907387939936861621e-01
4.360035181396026971e-02
-4.683620856573602609e-01
-3.985905527716058216e-01
-8.066956477450537566e-01
3.715231637791729380e-01
-8.119294981135452005e-01
2.315255474152593251e-01
-1.169544725570887067e+00
7.758209741148052174e-01
4.044937286587944048e-01
-7.089518674179147162e-01
7.568148037581818866e-01
-1.980250227305712762e+00
4.287099595146008912e-01
8.265208910742103399e-01
7.087743455504134094e-01
1.262003052598530628e+00
-3.138425820173296188e-01
-4.858783418379606367e-01
5.099774483076775500e-01
1.662075919030658877e-01
-9.589047863251163317e-01
-7.514338204563386636e-01
1.048635941129662630e+00
-7.681132364538596491e-01
9.191869011860986927e-01
9.847807036089519794e-01
1.465206472562748052e+00
6.652269404883015547e-01
-4.703019947992470584e-01
6.375306833458196376e-01
1.302698173622545141e-01
-1.166300652998102927e-01
2.911052771996656130e-01
-9.586386384536043082e-01
7.838554364816923137e-01
7.729126279586582271e-01
4.848749172091482151e-01
8.669864367718744802e-01
-9.139226325551761398e-01
-9.610435661069287594e-01
5.570854774621534222e-01
5.853609018931620334e-01
-1.522306832387777531e-01
-3.056574373238039044e-01
-7.816348673667026237e-01
-8.894491790444321033e-01
-5.470514973845541640e-01
-2.642231944249835429e-01
-3.431160351218652593e+00
-6.553702735847399818e-01
-9.012816644838668179e-01
5.615772344213907363e-01
-8.525267117029777797e-01
1.028997872972583494e-01
9.249658309658910227e-01
-3.786069154908555667e-01
-3.837501401076346408e-01
3.548605276920067109e-01
9.167854905460584014e-01
7.032517573441667835e-01
-2.817134208458456079e-01
-4.937257208201075720e-01
-1.388911151322199666e+00
3.107543916973325437e-01
-3.360201182993380886e-01
7.190171315060585044e-01
-5.768793332147568176e-01
