1.292854397187346294e-01
4.534221273779804329e-01
2.848108591693303548e-01
2.414894471822305322e-01
-1.688182518474402594e-01
-7.988270509121637719e-01
2.061904620622607431e-01
6.839521561039989539e-01
-7.924168112470504344e-01
-3.429204595825006696e-01
8.546383078739816508e-01
9.304625079739491378e-01
1.880748372259672396e-01
-1.863496612659192586e-01
-7.811520111098188002e-01
5.131762237507092594e-01
-4.604745303102127374e-01
-8.772010745319394620e-02
7.635006437012872293e-01
-2.360074706882637485e-01
-3.477385463394052079e-01
3.321533326322269608e-01
-8.810726010150031484e-02
-7.359481755763488398e-01
-1.167227281553225859e-01
-2.586951146128910750e-01
1.933110733202159925e-01
9.238810669625054928e-01
-4.059720159509995763e-01
-1.938333374622448757e-01
-1.236696098255135046e-01
-2.024950419578432081e-02
5.528204380168395549e-01
-6.493936892960756602e-01
5.703650529918533607e-01
-1.112584207146242038e-01
-7.764351577162145190e-01
8.813763662149338707e-01
-7.828517198335749327e-01
9.939445236946218287e-01
2.839913001899538325e-01
5.774265331640781040e-01
2.341316072747603172e-01
8.425077479311245954e-01
-6.275129688327378830e-01
2.336365997450499665e-01
-7.503527596749192119e-01
8.631569587060030635e-01
7.576944112878234439e-01
-5.200332339061654041e-01
5.795494426388899667e-01
-7.790234092153975887e-01
3.925988041091825753e-01
1.411794609418511037e-01
6.671527866271407259e-01
-5.864780321904641269e-01
1.745584801795999064e-01
8.924753617115511739e-01
7.519335009131663528e-01
-5.080897176623683231e-01
7.676897242502042085e-01
-6.975699830109909350e-01
-8.941613335149707631e-03
-3.280809896014574845e-01
6.374526480843023535e-02
9.686759701447559268e-01
7.925175472096565032e-01
-6.420506446891548480e-01
1.355026568975642443e-01
-4.394953675345895650e-01
3.263511470492243549e-01
-7.981927439265551483e-01
-6.843765400134925736e-01
-3.810203600160451676e-01
5.224037690560450198e-01
-7.500845615782426590e-01
1.968566630266169459e-01
3.219328452814405050e-01
-4.088542552431057020e-01
-2.127642064237287856e-01
5.410349274051647894e-01
5.345850296828807968e-01
1.036563995116048353e+00
4.978485912948782399e-01
9.232212397437759011e-01
-4.884948311888278050e-01
-9.200155011809703076e-01
-6.239974011410213128e-01
6.235765439814886513e-01
-5.683686449857681122e-01
-2.810141512182902090e-01
-7.491414212676327233e-01
-9.762709571012675447e-01
-2.166476945048619873e-01
4.953728531387989187e-01
-8.866082242807002967e-01
3.355301522434117611e-01
-6.045562211611554826e-01
-8.725124558457019175e-01
3.749908276241070704e-01
9.530750458449062101e-01
-4.734848200429733200e-01
-1.591550892778165749e-01
-1.010598859704255670e+00
-4.994038405362511424e-01
-7.650005529184154829e-02
-7.634515753803251537e-01
8.671009195377545886e-01
-9.870075719701558448e-02
-1.184556933155004183e-01
1.778993533347369982e-01
-1.457813082553459094e-01
8.699089653249366672e-01
8.809204512962987010e-01
1.961747215474208411e-02
-1.193179287168031344e+00
2.330433765513397204e-01
9.395197055971615807e-01
-4.358172280145912736e-01
-5.699949350492335975e-01
6.772206037941441714e-01
9.379858468588152531e-01
1.113409370000426057e-02
4.653569534636829014e-02
6.905208569405196783e-01
8.403923455073125659e-04
-9.327013007936488242e-02
4.019640276490148434e-01
-5.815351554898898212e-02
3.506615379992459314e-01
-2.015626060657141894e-01
7.332308049095472846e-01
-1.386511029610575929e-01
-5.946676833125577044e-01
-8.267609619862448245e-01
3.217695339444175406e-01
5.990413046732617763e-01
2.679867538780958403e-01
-6.086073962790825576e-01
-5.161700815603067483e-01
9.658787790058338540e-01
-1.723186689055665188e-01
-3.230311104731597993e-01
-8.308073100224655505e-01
4.113113642073923382e-02
3.135250571088724625e-01
3.716091344004244235e-01
-6.701377164856560098e-01
2.207157460906738200e-01
-9.297327373145608531e-01
-2.161088965240131610e-01
1.079379425752098262e-02
6.299613797080819699e-01
-4.299467754705115774e-01
1.345076117013344619e-01
-3.121106185254535204e-02
-6.954185805884844918e-01
-3.459643886950794500e-01
-6.557242443418043187e-01
-1.086087253159293775e+00
3.113670938828508317e-01
1.925166511859243701e-01
-7.630486364517370390e-01
2.312748507945825982e-01
7.477740496881380983e-01
-2.697210659222354368e-01
-2.373648873871856413e-01
-6.521336916000329831e-01
2.370622938722689588e-01
-8.302868786251110800e-02
5.348827599116477982e-01
9.525216415406755344e-01
1.656345626020660489e-01
9.222033705812082705e-01
5.607735603137882219e-01
-1.804066214495241294e-01
1.039256650933847448e-01
-2.054209555681170696e-01
2.853009693551802339e-01
-1.368988106826287410e-01
-5.626850366278052240e-01
1.940281199120142686e-01
-7.328018278876784475e-01
5.370349226101746032e-01
4.034497510223282180e-01
-1.497136657076848509e-01
1.725825113189404236e-01
1.680226976506942749e-01
4.303889776557124347e-01
8.817828068141969622e-01
-5.693226816428860471e-02
9.606517685107778259e-01
-6.897981184468077176e-01
6.214163496177005364e-01
4.062758036232289038e-02
7.188426028668061241e-01
-3.437087693614794270e-01
3.326049826434752110e-01
-8.546653700089913430e-01
-4.646266384131125804e-03
5.479911082918282883e-01
1.344981537849604669e-01
9.083874527935247301e-01
-9.069098203602208308e-01
4.690750270850044812e-01
-4.648187338383258371e-01
-3.789825951701528695e-01
1.398217096328941422e-01
1.613980397177374737e-01
3.636383102796414413e-01
-6.570118620155047939e-02
-2.653879398020002056e-01
4.586790024740927674e-01
7.867215354010788086e-01
-8.248630320967691443e-01
3.326067640052075003e-01
-7.364207245628303644e-01
5.739176138638032443e-01
9.619674289302699854e-01
7.131894771009480438e-01
-4.849606120576867574e-01
8.980993851997930433e-01
-2.602658279183204804e-01
-8.674537172397095430e-01
-5.777222978954168475e-01
-6.510263381830162510e-01
-8.926020965248138150e-01
8.446723477089556065e-01
1.921039091612836702e-01
4.337406087282398570e-02
-5.747145836672070685e-01
-4.675854872992925571e-01
-8.457218219277966575e-01
-6.730425256221193031e-01
2.175120776022980706e-01
-4.959830018066699320e-02
-4.220637236288439231e-01
4.991419765579530599e-01
-3.081657326445438883e-01
1.406043065669162484e-01
-8.454915772696793841e-01
-4.838066662517147010e-01
5.629285018090370851e-01
9.472746166329951700e-01
4.560173495983846359e-01
-6.344502762742723068e-01
-8.862962991168590321e-01
1.055940055638844965e+00
5.325914965557887459e-01
-8.386141704290775989e-01
-2.849908555114489261e-01
-1.789276101714001865e-02
6.642476240501015150e-01
1.305245279776768436e-02
5.346251424195954671e-01
6.042895797242509026e-01
-7.008620665626960067e-01
5.213318960123903417e-02
-5.290426717005881629e-01
6.732420202613413895e-01
7.697899629932922760e-01
6.487568467737142575e-01
-8.001475798236535875e-01
3.588613991319549723e-01
-1.754150698363980687e-01
