2.523097549856586630e-01
-8.651200374119660808e+00
2.772680880287973881e+00
-3.726141792960829147e+00
8.477248133413027575e-02
7.966005597176062381e-02
9.401372166087079707e-02
1.684353938000960005e+00
-6.046621253883265323e-01
4.797971809571026647e-01
1.991193300163661029e+00
1.992989432939846317e+00
-6.182537767611704371e-01
-2.630204975539471857e-01
2.822911043089129102e+00
-7.525986734200511563e-01
-3.906366659357354276e-01
5.511971850920385219e-01
-1.261643172109336186e+00
-2.326686125066680599e+00
-5.054014131721356051e-01
4.977089933310025471e-01
-3.297429473502788699e-01
1.174314698198447582e-01
1.229149934740662475e+00
-1.747933047693166486e+00
1.645170377023372099e+00
8.553250874086785194e-01
-7.034071607743385357e+00
-2.274187173729318001e+00
-1.728739135117672188e+00
-8.218520217609109890e-01
-2.269702391060949842e-01
1.077243377611003083e+00
-5.092671480398527351e+00
7.759085701256657197e-01
-1.247042549598050165e+00
-1.294694506458395011e+00
-2.996334337064671116e-01
7.373523115873719114e-01
9.934788724003557059e-01
-1.102566675118568540e+00
-4.894035535294976036e-01
-4.044470500688528980e-01
-1.076381007047978899e+00
1.181892731204476910e+00
-4.032679106370291588e-01
-1.620587246091365063e+00
3.641144784386576294e-01
2.054514181536612472e-01
4.769120779719375203e-01
-1.019105446685148131e+00
3.993472459023073018e-02
-5.344308091198723965e-01
8.458674070798083422e-01
1.651264631625982138e-01
8.275659367905938701e-01
6.153530430396662032e-01
-1.595082198701998077e+00
-1.617040596149843523e-01
4.836065825783610883e-01
-2.132220494331730443e+00
5.626236609708159531e-01
1.652492914740417262e+00
-2.979576803267023344e-01
2.137032402727027325e+00
5.167154288643636129e-01
-3.013604745984888034e-01
8.101317892756837447e-01
7.767808494112691253e-01
-2.861062658838957162e+00
-3.360467919749107857e+00
-1.510175664210683943e-01
-1.436001074132172928e+00
-5.329873843947179335e-01
-2.520137742311942652e+00
9.494661856314936532e-01
-1.537402472572106715e+00
-4.994927997213230997e-01
7.810551781990600073e-01
-2.661995547450584532e+00
-2.139234312448902386e+00
1.482645996501352981e+00
2.453925820042237582e+00
1.241518939773863295e+00
1.018048530160081455e+00
9.817546421535494616e-01
1.965625714680078850e+00
-4.687785163021715107e+00
1.612897631187696135e+00
-5.345797754772321220e-01
3.647688234248910172e-02
6.388193952735016445e+00
-1.047180359285104112e+00
1.139730205422004206e+00
-4.967609623218076642e-01
-1.602055537496498872e+00
1.718263711895759993e+00
3.200093649017154984e+00
-5.496847956275230374e-01
1.267464944469833599e+00
-1.574803643504756767e+00
4.028417549447061985e-01
1.431422845464625504e-01
-1.425193996794852591e+00
-5.928197918057205307e-01
-7.905750925585111055e-01
1.223547273560826820e+00
2.401052054206055386e-01
4.372999094147678179e-01
3.557174795952848800e-01
1.008789629531458676e+00
2.282682269556026711e-01
3.856296990823946391e-01
-4.641379300466048630e-01
3.912630225657289795e-01
4.642312826075573051e-01
1.064646173687328057e-01
-7.657159396776985760e-01
-3.190359440483963027e-01
-1.191769861632897776e+00
-1.996065145709124689e-01
3.523499928873540799e-01
-1.258689654902929167e+00
-5.215223707400200581e-01
-3.404593211743808800e-01
8.706186200409158360e-01
1.616085936178276672e+00
-4.052014685599914401e+00
6.081622086707309804e-02
1.575429636201974404e+00
-6.504492015921592429e-01
3.394878002151092478e+00
-1.835896700102887857e+00
-1.944282287853446256e+00
1.273600556692571661e+00
-3.292380225320731491e+00
-1.026195505824694765e+00
1.176261062261396706e+00
5.782805476647019383e-01
-1.603228585550987850e-01
2.706372414563814388e+00
-1.684517795753288638e+00
3.775902852781005681e-01
4.616528152923170536e-01
-4.616930111275581172e-01
3.391214514758544851e-01
-1.373330546309110556e-01
-1.462094914266095502e-01
1.472581955228878581e+00
1.687302463236454442e-01
-1.982809806389662088e-01
-7.029076586817941674e-01
-4.473210697837039618e+00
1.705332961693683647e+00
-3.884212326526124692e-01
-6.404346049517832817e+00
4.518331324464312182e+00
-1.938052735327223441e+00
5.246758991659032922e+00
1.289167597586030167e+00
1.195298791421960605e+00
-1.027994804574149379e-01
-3.446022298303258458e-02
2.250838682408713876e+00
-1.943162534626398763e+00
5.311825245957193520e-01
-1.000469460901236340e+00
5.367658806431599317e+00
1.975470480678619634e+00
7.690852934362938376e-01
6.065409474551742841e-01
-2.865010556117180140e+00
7.600045784865582243e-01
1.731114536357437395e+00
6.142472629300351761e-01
3.416467842776006236e+00
-2.646759230235573135e+00
-1.371510412290636305e-01
-1.630619996171318864e-01
6.765251812018452382e-01
-1.146153467959471817e+00
-2.433669327563242613e-01
-6.596117625668217466e-01
-1.497729042664144306e+00
5.722269310583599777e-01
9.131131740570659350e-01
