-6.752136078476446424e-02
3.607872611991166933e-01
-2.998751957115923517e-02
1.466530209388051231e+00
-3.363872536265218871e-01
6.535255671012630829e-01
2.220033813919738419e-01
-5.255304132808702455e-01
-4.842386983502975362e-01
2.422310678145268154e-02
7.626674451198239835e-02
9.639504557278885111e-01
-9.927949736996146690e-01
-2.401395772199836076e-01
-1.443790682369803458e+00
-9.392410015773333676e-02
1.926962702051759901e-01
9.750212247182223901e-01
5.666358731581185859e-01
6.703139193549106922e-01
4.841034844032468532e-01
1.000648295497791329e+00
-9.487612066711315073e-01
-8.880534317800283794e-01
-8.685954133789459686e-01
5.503867586392268141e-01
6.883578395140008688e-01
1.140930833780765263e-01
1.855015444823628901e-01
-6.283810550939070705e-01
-5.671023154439179814e-01
4.170920258126228908e-02
3.429774360109021925e-01
5.047416157108265411e-01
-4.954905865747303850e-01
4.772241853290432045e-01
-1.764810255256584193e-01
6.936253413602218032e-01
6.384960543616081674e-01
-3.570544832350375231e-02
-5.060034218391992189e-01
1.028366810359160333e+00
-3.131237321483233971e-01
-9.508438462442414529e-01
1.656821403993186115e-01
-8.339245084922541906e-01
-5.351603731122136498e-01
1.210059594501668445e-01
7.212869442733380598e-01
-6.744608913193461674e-01
-6.391336406152844929e-02
-2.329688531105088001e-01
8.354592640823059746e-01
8.631065879085416670e-01
1.284464255219994744e-01
1.978450558372489287e-01
5.013327634168828206e-01
1.459884232491106826e-01
-1.477994327518884939e-02
6.607178750940666534e-01
3.395640688652512562e-01
-7.179163349582857734e-01
-5.941090183921937662e-01
-1.988250516795216916e-01
8.938777100540847842e-01
2.911617375693625331e-01
-9.624787522084724545e-01
1.141515238046431069e-02
-1.534037118228132879e-01
7.421263848774652949e-01
-6.406789888989496973e-01
1.425359168449583436e+00
-8.571973931819698578e-01
-5.047203446673362848e-01
1.102495927820692279e+00
4.930521586883351848e-01
-7.871074039643886078e-01
-4.785543745687076411e-01
2.768123694089128645e-02
-1.013482308246093977e+00
4.299049670937558076e-01
-1.619896665968476035e-01
-1.146628090050030968e+00
6.074419322087069029e-01
-6.948091690308024759e-01
-8.384325322807801850e-01
-1.073160182510020766e+00
6.455963363687485801e-01
-9.877647623424684609e-01
7.438677328313386683e-01
9.212143831179040454e-01
-5.940550814446329264e-01
5.982475208796835808e-01
-3.603122880502822034e-01
-1.833200999488142080e-01
2.712393468134556285e-01
4.028055323106234931e-01
4.960337426034739927e-01
-9.741379759565020890e-01
-3.126657320651798355e-01
6.617238143996598820e-01
9.286927276329399739e-01
2.834973803742619758e-01
-1.020548139061270287e+00
-1.015055845793585848e-01
1.685811556925853882e-01
4.336530141967377405e-01
2.637289447011941235e-01
-8.807427588127447748e-02
-9.210026560868819212e-01
-1.371461108027162978e-01
2.671881801198218165e-01
6.712072016018583165e-01
-3.437490675506750248e-01
7.960644395095837211e-01
-3.201787700974236262e-01
8.065260447453123094e-01
-1.489980228824819619e+00
4.017969559060458051e-01
-1.581556303955997111e-01
2.277950805033420456e-01
-1.647443324957837130e-01
-9.141604751229156500e-01
-1.203447870264767516e+00
-4.809479691420711633e-01
-6.394251375637903800e-01
-2.199201921737747034e-01
5.933689199570546524e-01
-7.940237965154987032e-01
-1.280514995973675685e+00
-3.087671484364610253e-01
6.120788055626755209e-02
-9.419764876263995168e-01
-1.224177460655857086e+00
-1.007979434746019365e+00
-5.528311977367196262e-01
-2.471892290581875207e-01
8.268271599891626744e-01
4.766241709155227824e-01
-3.891392883635572675e-01
-4.333889260822785805e-01
1.417351951711401936e-01
-7.084259495164819675e-01
-4.297909277208094014e-01
-5.439533072344180376e-01
3.528535254806288712e-01
-4.146595778650767894e-01
2.303569921532051534e-01
1.104871237950269203e+00
5.163925101164446030e-01
1.995311089305970009e-01
-2.580500389439519537e-01
1.092664307112974242e+00
-4.438850309230399360e-03
-1.400766361278078520e-01
2.229282326951501636e-01
-4.927913114624765112e-01
-1.186973858595026687e+00
2.459878340752403303e-01
-1.137506863376874094e-01
-1.839021438935218855e-01
3.643723601508239707e-01
-6.046242333387871204e-01
-5.661962932834180284e-02
-3.110688401489234423e-01
-5.504857865498216096e-01
-5.730431409941577625e-01
-4.945724080150112889e-01
1.261881640148067030e-01
-5.068331988427707824e-01
-1.426572615264656146e-02
4.581747845294703581e-01
1.555502195203188609e-01
-5.547716255473038593e-01
2.999008977485082550e-01
-8.014332797854197832e-01
2.180231145555052708e-01
-7.648761790268641114e-01
-1.025848884934320360e+00
-1.364399787849518209e+00
-1.179732737453062841e+00
-8.477047091723002303e-01
-4.985268630594058559e-01
-4.124377708497970474e-01
-3.526640464028570898e-01
8.173402998210441694e-01
7.921153058736710717e-01
9.531391426420441348e-01
4.392441067911415642e-01
9.713093481478419777e-01
4.080009832926598246e-01
-1.044950863825777843e+00
3.279895003733825365e-01
-7.785017629652392079e-01
-6.829311750603141995e-01
-9.678522605215154062e-01
-4.592607717225170583e-01
-6.395527715675204672e-02
6.639812355556163892e-01
5.608449823134685763e-01
1.591378212042574014e-01
-9.493392497584238754e-01
1.016088924695055518e+00
-2.507415216061409935e-01
-1.843035840656988555e-01
-4.039783046025393065e-01
-5.452690434726268354e-01
8.244830790492143624e-01
2.228776057247128795e-01
2.903162019202301658e-01
-3.014895315687056154e-01
8.714583118033214504e-01
-9.382196500181667620e-01
-1.036874340483592061e+00
-6.771380517014826683e-01
7.564666937625366128e-01
-8.011809750778280392e-01
6.202751776095312142e-01
3.615228330390011235e-01
-9.376760836407167510e-01
1.565396761329339304e-02
6.965902560141943312e-01
-7.184947431004360396e-01
6.191344062970772777e-01
-5.171093265039963249e-01
7.180548519079749115e-01
-1.165509070600760033e+00
4.213083275370403946e-01
1.029658281396367059e+00
-4.378895177787998638e-01
-8.757139785908973906e-01
-4.911666258384861372e-01
-6.963990145703240486e-01
-5.582707716942487686e-01
-7.239255098036485592e-01
-8.696475296305762326e-01
-5.742354840820880213e-01
1.014807198050965198e+00
5.501514651205698936e-01
3.250342354848130833e-01
4.139757591367748679e-01
9.494712686296036264e-01
-3.248727509410731518e-01
3.782786668062107505e-02
-4.743755340447318170e-01
7.623671212514806506e-01
-1.001384576769079437e+00
-6.537127298753392379e-01
5.023516057649612954e-01
8.145074815821630176e-01
3.384114529439036234e-02
-9.015017840265407978e-01
-1.232644000733512102e-01
-1.316036873490125103e+00
-2.292877735931602434e-01
-4.009020979547536223e-01
7.359975677926257065e-01
8.715548382985387477e-01
-1.115422113312366070e+00
-8.550061925819931741e-01
-2.323543381269519703e-01
-4.019796353471714045e-01
4.448966362111770323e-01
-5.365741960476358985e-01
1.087164792704468308e+00
-2.789187193008751953e-02
8.867535321589792296e-01
-3.205997792796288492e-01
-5.224267872636100263e-01
6.370707015204981616e-01
-2.345919425332500252e-01
8.290418601929637754e-01
-9.513540321907155706e-01
-5.849205071010159518e-01
-4.597056194971860243e-01
-8.641199731900571779e-01
-2.784139607571352037e-01
-5.003712956735196782e-01
1.066101718171256763e-01
-3.391928238420571784e-01
-6.869267322832554867e-02
7.496378714334354099e-01
7.309454748362943510e-01
-1.621187230034281113e-01
-2.602773332123240468e-01
1.446514937709783288e-01
-8.128056170064261732e-01
-8.309838492695221790e-01
3.778965379290520343e-01
5.983372620899947147e-01
3.338012626424717300e-01
5.864579872048040210e-01
-3.078138066760599534e-01
2.381816437461463654e-01
4.728155373360357072e-01
9.924719953481598855e-01
6.714947170536794685e-02
4.842529505576521620e-01
-1.919823622383346473e-01
-5.037911828739746745e-02
-5.322924040332368545e-01
5.103315970958853809e-01
-2.112938787239011518e-01
1.216514831276056752e+00
-8.919477417478361980e-01
-5.092010446052201988e-01
-3.477178509362145453e-01
1.030720546897927470e+00
6.101514437729649298e-01
5.545340185364309171e-01
-8.419527957504662208e-01
5.937310141079537029e-01
-3.118336366899904788e-01
-1.112180566883596566e-01
7.442034591501477392e-01
1.188885901465637662e+00
9.227644606025642293e-01
9.650118176072834952e-01
8.244715734517481520e-01
-1.134120730868473759e+00
-3.017197717135878809e-01
-7.879769871647668289e-01
-3.074088266976954809e-01
-9.074680077377800247e-01
5.575408623756886728e-01
-5.019527424105230118e-01
1.262430012718174233e+00
-1.020619828229818449e-01
6.500263013375071619e-01
5.032444797736649322e-01
5.172656429861591798e-01
-7.890883973800000284e-01
-1.487808583110666882e-01
-2.481909898075248533e-01
-1.101047980459474385e+00
8.146058325120900112e-02
8.391199318667753593e-01
-8.103286337463420919e-02
2.164374897745885429e-02
2.494777692647206224e-01
1.161394673480458384e-01
-2.663090236262593558e-01
9.225364765732099182e-01
-9.220712765307590431e-01
8.994481119364292621e-01
1.035438498003728336e+00
2.125934450882647486e-01
6.252714957153444608e-01
1.051785582623023518e-01
-2.877414995041238099e-01
6.089546032410959597e-01
1.685569626444728408e-01
7.627098184753630106e-01
1.216805636186130135e+00
2.596784414291478660e-01
-7.977985630024138075e-01
2.085171395761367119e-01
-1.774237075885926884e-01
-8.071541493114865462e-01
7.217985128236820147e-01
2.578873440571352593e-01
-6.356450212006101719e-01
1.215956828975227388e+00
2.347987377677723808e-02
-8.785340821986882265e-01
-8.239555597234712314e-01
3.065996669678193176e-01
1.091009481309181295e+00
-3.606303024292417669e-01
