-4.922456741636300759e-01
4.422232756974602275e-01
-8.375849461329432089e-02
-3.741830404388195586e-01
-5.625761323245026535e-01
-2.326965136255285671e-01
-4.143884519736069638e-01
-4.898406240210226859e-01
8.151634942320946653e-01
2.437373255853536591e-01
5.580465164112382581e-01
-8.069945533778382085e-01
6.610488705120540764e-01
0.000000000000000000e+00
5.140154131491483369e-01
9.801534425932567629e-02
-9.690205771546485103e-01
-7.059818350331363845e-01
-5.581321592935168940e-01
1.000000000000000000e+00
-9.228565816019052015e-01
-1.538316074513064180e-01
-2.309017234197849877e-01
1.000000000000000000e+00
-7.843622600168449477e-01
-6.044825344209272533e-01
-4.897444642374315649e-02
1.000000000000000000e+00
9.225558381719793921e-01
0.000000000000000000e+00
-1.960481823524871103e-01
2.490994883158070827e-01
-7.581809806446717648e-01
0.000000000000000000e+00
2.572594400032435225e-02
1.039083682281898291e-01
1.000000000000000000e+00
2.264311879442368891e-01
-5.149845470284173388e-01
-1.000000000000000000e+00
-4.958663230196749261e-01
9.497235208667009765e-02
-1.000000000000000000e+00
-5.969152797166166202e-01
-7.485854109325762451e-01
-8.063431884978393693e-01
5.043925827656097205e-01
0.000000000000000000e+00
8.723509138279974540e-01
1.000000000000000000e+00
-9.629580800055912437e-01
-9.461882171461439839e-01
1.000000000000000000e+00
-9.846749742375742187e-01
6.208415189591025563e-01
-1.000000000000000000e+00
-3.210561603006469866e-01
-7.974534098492092049e-02
8.905000665954161398e-01
5.840984804122084650e-01
5.018657626465645727e-01
-9.067318907962618191e-02
-6.392135604396980142e-01
-2.283198079376727030e-01
6.593276417881492879e-01
-5.635019453925229627e-01
2.843319968729631775e-01
1.000000000000000000e+00
-3.148842838156828972e-01
-4.098347720262669469e-01
1.000000000000000000e+00
6.322228167717169889e-01
7.743727123526749079e-01
4.360062581944115223e-01
-7.425704048338499508e-01
-9.482159938819190170e-01
4.785507381135023497e-01
2.432959872396898149e-01
7.287592181469764174e-01
2.328283514713351821e-01
1.000000000000000000e+00
-4.330928299702239137e-01
-1.000000000000000000e+00
4.976381715455526766e-01
-4.305446349141004436e-01
-9.440075764341584463e-01
7.069103830978356040e-01
1.000000000000000000e+00
2.666807295371049769e-01
0.000000000000000000e+00
8.742379005836724559e-01
8.513916372185499348e-01
-1.633002101362706071e-01
-6.286876211056513508e-01
1.099566973827537097e-01
1.202968778579920350e-01
1.000000000000000000e+00
5.317183015563993198e-01
-4.954751476656706899e-01
-3.905602078481367201e-01
0.000000000000000000e+00
0.000000000000000000e+00
1.470514457437284150e-01
-3.213147891693548530e-01
-1.993738086298382228e-01
2.346756310343269814e-01
-9.416348743675722055e-01
-2.495855291231279249e-01
2.001909884189490008e-02
-2.640711350918425460e-01
-4.630455614599942038e-01
3.844355223992024229e-02
3.076459033666196774e-01
2.603585064271274341e-01
7.223850108189666663e-01
0.000000000000000000e+00
-2.709636058036646311e-02
-8.924717715050456412e-01
1.343827873242184889e-01
1.000000000000000000e+00
4.019197884937308896e-01
6.884894302549859901e-02
-6.198894672722217170e-01
-4.309038410573775568e-01
0.000000000000000000e+00
-5.088540812382191802e-01
-1.000000000000000000e+00
3.022432549323448292e-01
-6.031412777280933391e-01
2.377417353718065396e-01
-8.541357720769984230e-01
-7.575998821424276830e-01
-1.000000000000000000e+00
1.000000000000000000e+00
1.000000000000000000e+00
0.000000000000000000e+00
4.208692746857813916e-01
4.576166857519592401e-01
0.000000000000000000e+00
-6.687169858351842411e-01
-1.000000000000000000e+00
9.277845403861071372e-01
6.600997861917401455e-01
-8.386899398570353270e-01
2.323913125467871321e-01
1.000000000000000000e+00
3.982650482627536626e-01
-1.000000000000000000e+00
-9.038402323821579376e-01
1.000000000000000000e+00
2.291880256902356638e-01
-1.000000000000000000e+00
-3.720643671126220298e-01
5.558240394629023751e-01
2.807649346454639261e-01
-6.995918586062526145e-01
-9.005412260581562300e-01
-1.000000000000000000e+00
0.000000000000000000e+00
1.000000000000000000e+00
1.000000000000000000e+00
-1.000000000000000000e+00
0.000000000000000000e+00
0.000000000000000000e+00
-8.712466364711677347e-01
1.000000000000000000e+00
0.000000000000000000e+00
-6.151304476002850130e-01
1.000000000000000000e+00
-4.723194250131255156e-01
9.483478272449190616e-01
4.810508055981190800e-01
0.000000000000000000e+00
-7.709536782420876033e-01
-9.924995212629394992e-02
-5.909780285677717071e-01
-4.505401708541791894e-01
-9.967102540777361686e-01
4.588794724396880742e-01
1.000000000000000000e+00
8.828661252693337236e-01
8.348987327647054979e-01
1.636021204897499803e-01
2.737696627221253287e-01
-2.065073702987556548e-01
4.704026552928857186e-01
-2.798037377550859350e-01
-8.158102814730188168e-01
1.537509451942358218e-01
-2.419527069779234818e-01
-8.241489001525725833e-02
3.283007178467434173e-02
-8.281012385258610387e-01
-7.910266255512536926e-01
6.033216428413381571e-01
4.261451139982055381e-01
-9.844688748402716794e-01
-4.898088589420581673e-01
-3.685297536276388453e-01
-1.000000000000000000e+00
-8.989692102990733957e-01
9.120908186285068275e-01
4.325112071390280200e-01
-6.432727613092394936e-01
2.816208229930874385e-01
-4.320136554927842543e-01
8.138546545971065971e-01
5.584517126119266095e-01
-1.000000000000000000e+00
-7.288694513444873291e-01
-8.854449128155044146e-01
2.431742378187082831e-01
7.143489675932324090e-02
2.121310877668833861e-01
9.480915821539381838e-02
-1.000000000000000000e+00
7.409675812367018111e-01
1.000000000000000000e+00
7.234158056325297181e-01
6.147825516212594987e-01
0.000000000000000000e+00
7.053150995014132452e-01
-7.121481667743139177e-01
-8.206351415058028564e-01
-7.510551215168157491e-01
9.228458086589208520e-02
4.956337896548212996e-01
-3.901365694729437283e-01
-4.154691963995118531e-01
1.000000000000000000e+00
6.993007421479047192e-01
-5.891650965688488562e-02
3.450047651282028838e-01
-1.299151234339495087e-01
-3.955344093905721614e-01
-4.553179186134730383e-01
-2.189895866377915556e-01
2.183994225885264040e-01
5.596312440213735417e-01
4.790721385903642382e-01
3.310272852858300308e-01
2.321301639964248320e-01
-5.953318087229009237e-02
-6.641651657272142906e-01
2.711567494677724621e-01
8.407048894560500418e-01
2.426800708704788256e-01
-1.210255235727937251e-01
8.911858470771953922e-01
5.605357852959043097e-01
-3.499943407103824899e-01
5.000501747925840679e-01
-1.000000000000000000e+00
-9.108102393843697797e-01
5.676180919415696469e-01
-6.421495633915823564e-01
4.561110409929740594e-01
-2.396515331716675412e-02
6.831616163678768672e-01
-4.810414388273493991e-01
-3.092692306504218891e-01
-8.473320089640263841e-01
9.208050121838369240e-01
-7.072808676539052986e-01
1.184893291271853499e-01
