-8.225174649006909977e-01
-3.534739677106745193e-01
5.655203226337032207e-01
3.856845797614127935e-01
1.832587903110386995e-01
-7.315273386060441863e-02
9.101884478274235857e-01
-5.259278893658067000e-01
5.925760207825292447e-01
-5.278680591107735021e-01
-9.535914143647633567e-01
5.189090196625171236e-01
-6.712099775830704385e-01
8.638830170258215979e-01
9.757208342565233394e-01
-1.164335196256811589e-01
-5.813480369436040407e-01
6.502144142103525315e-01
-1.511325533567692281e+00
7.986882768573460023e-01
-9.598398276464371881e-02
3.731116367567094416e-01
-4.228548215519131181e-01
6.478542807455424102e-01
3.397497693725876622e-01
8.233707024949998843e-02
5.341306429360483943e-01
-8.145263797530469807e-01
3.707398005384071049e-01
6.665328190813957221e-02
-2.394857991667222186e-02
-4.417213313743604264e-01
-1.480539559748982048e-01
9.020499462112498978e-01
-1.292768856136263356e+00
4.357701844273645930e-01
-3.950287709559592297e-01
2.954566878774525507e-01
1.855281536834979539e-01
-8.515992721155726253e-01
-1.921286862132501327e-01
1.082091345571283725e+00
7.075745327559483933e-01
-9.937543374269326435e-01
3.224156660017343801e-01
2.773472363217500125e-01
-1.865443891846389757e-02
5.012127724831999531e-02
-2.426458940624054150e-01
1.720160036990024954e-01
5.740375926749843316e-01
-8.753478181278032677e-01
2.239010437888788174e-01
-4.003279584379128564e-01
6.864963154146100921e-01
-5.490539466041695071e-01
1.613136628814596241e-01
-8.587976256304959977e-01
4.701520690433049765e-01
4.395389988611250187e-01
9.560050262759302031e-01
1.292615126430429084e+00
-1.293416023882704602e+00
5.351084514846161655e-01
-2.612117806603294068e-01
1.389650516400649516e-01
-3.196413331805300073e-01
1.063342961821559518e+00
-3.069632437602293207e-01
-1.771691959436898500e-01
-7.869602347036004364e-01
-5.044530237841575449e-02
-6.625453160510313966e-01
6.076508391491834971e-01
-4.467865496762382649e-01
-1.321089586365640001e+00
-6.592604298495322590e-01
6.002206419459363285e-02
-8.269842328448869795e-01
1.173879753479803723e-01
-3.034636539608181471e-01
-9.106318189037336808e-01
-4.300816362089844302e-01
4.803842506404797374e-01
-9.520283995941635213e-01
-4.646342314902310866e-01
1.175283697616787526e+00
-1.658525279636537675e-01
1.183240200294686101e-01
1.117155477231759786e+00
-5.652250831002811338e-02
7.836457648551540256e-01
1.191999296972407585e+00
-2.691998670919547032e-01
9.916354029984169038e-01
-9.894264825121368290e-01
1.409384677944254816e-01
4.360647936852355411e-01
-3.072276287836354092e-01
1.639202349556604377e-01
1.460434086426766864e+00
-7.529544984927074580e-01
-6.043875844561948929e-01
-2.995197676817047960e-01
-1.002001775926368632e+00
-2.686718065250211507e-01
7.002351612490790300e-01
7.878975609525153967e-01
-1.489822330030265429e-01
6.402774512036000232e-01
2.942018366559987497e-01
5.701474167140674343e-01
1.754573752374135043e-01
5.362886502470280981e-01
-4.090805227127728982e-01
-9.975874222268735769e-01
2.099882552402242836e-02
-7.336468114144800712e-01
-6.564438166213353298e-01
-1.372892778520327928e-01
-1.251565670300592292e-01
5.400133382913432367e-01
4.015401701302851456e-01
-3.037080052857819151e-02
-7.095059780582319009e-01
9.793966446972340867e-01
-3.298800765219545017e-01
-1.303169773611923266e-01
-9.186699173616368341e-01
3.382666819786508960e-04
7.948860240154047574e-01
4.513696559961503096e-01
8.163677014113088770e-01
-1.014671381575007025e+00
9.664458861091518305e-02
1.008494441502383321e+00
8.144044196170834304e-01
-6.615195950306327344e-01
4.224527656543253795e-01
-7.328693345631840383e-01
-8.546897094255498928e-01
2.386887535366983837e-01
-3.888585477423517900e-01
4.498228398249594084e-01
-4.436433792872629400e-01
-1.216944404953704595e+00
-3.706141444631273485e-01
9.099927103127846140e-01
-7.570383828966487094e-01
2.960690330279324156e-01
-6.734507869299415361e-01
5.304857093759135500e-03
-2.549560562622973370e-01
-3.724163835049981719e-02
-3.689354054511536085e-01
7.927991222412256178e-01
7.156917922508473362e-01
-6.884000611288683125e-01
-7.493986852234593710e-02
-4.016122357292503664e-02
5.860686603476971124e-01
1.278462158525026648e-01
1.350943798445505550e-01
9.830554887402670472e-03
-6.167373078683733301e-01
2.923435555352824622e-01
6.447728857204011454e-01
4.155998570727998942e-01
-7.316526913512079455e-02
-1.802408459964054133e-01
-5.887068817005800536e-01
-1.559430158136634881e-01
-6.407936015029177534e-01
2.873475472355401239e-01
-8.184903134262414559e-01
7.849882625705272288e-01
-9.474771423012733340e-01
4.388510576246772432e-01
1.047899711094674169e-02
-2.920987789720812522e-01
2.008720083896905761e-01
6.722494857184242723e-03
2.977395232885275966e-01
3.841948816483782281e-01
4.493697847923367461e-01
9.154050379999204567e-01
-8.874239082562400682e-01
-8.108377162221036549e-02
-1.266873188252143567e+00
-3.364626430714215410e-01
-4.772192571031008135e-01
-9.168643526245489062e-01
7.450469107264389157e-01
-7.043592748344318366e-01
2.578941736356318293e-01
-5.232500160495330288e-01
5.912576917168962387e-01
-6.914108506597070603e-02
1.108353466025026934e+00
-3.014973421644642215e-01
-6.285400839615817858e-01
-7.837616724841707239e-01
-1.392988821845505765e+00
5.763434548744588160e-01
-8.129640479140816112e-01
-7.907918663924768943e-01
-7.690325774146740123e-01
3.814293622617718205e-01
-3.826288437313307145e-01
2.330733850228983162e-01
-8.149862287779630066e-01
1.040461884370763590e-01
2.585308175427866173e-01
4.034049245054667221e-01
6.387356754784931923e-01
-5.546683334889218608e-01
4.135205926895983986e-01
-4.232596126767186884e-01
5.381101497135231115e-01
1.141416556791134074e+00
-1.286726036841545628e-01
7.407004007713324789e-02
4.927182153323204084e-01
1.013269108002412988e+00
1.058764495902551062e+00
-3.958328387787804492e-01
-3.410788549647651435e-01
-4.889851936841743685e-01
-6.599212249014897447e-01
7.736564087061965633e-01
-5.001485639125383686e-01
-3.030784661061621810e-01
-1.128553084756393765e-01
6.763881139237470919e-01
-8.644343683939041956e-01
-3.036881005400789424e-01
-9.603997171735637606e-01
8.435474518990015991e-01
8.500816310807540743e-01
-5.726953831403415185e-01
-1.770047356127381344e-01
-1.939576603086830553e-01
4.823780764027327805e-01
9.971663406811659414e-01
-9.349130775085945366e-01
-2.537644833364340879e-01
-2.831674648420608453e-01
1.187102403269173712e+00
9.417024883580946137e-02
1.208116435231220837e-01
3.061702950606267626e-01
9.262234154574069955e-02
-1.056122300847683604e-01
4.825282171435260059e-01
-8.803305054731354051e-01
2.984042911300460732e-01
-3.300003834790773416e-01
4.862017761250916337e-01
-1.127937752529941662e-01
-4.937640085145895141e-01
-8.303772325707716728e-01
9.684753976880006165e-01
-4.653692815613617029e-01
7.542347966749893828e-01
7.792716625119777696e-01
