7.829337260845394830e-01
-4.679611615278244652e-01
-2.519341504461546366e-01
2.096339242707292716e-01
1.272642746564340621e+00
5.822350604183580691e-02
1.761502950284692393e+00
-1.688385495540778880e+00
-6.441859464920077771e-01
-1.047834775563782683e+00
3.441566069326351673e-01
-1.006323093964922366e+00
-1.929239824894551925e-01
-3.679549727740425991e-01
5.765899727134363717e-01
-1.821827565225495382e+00
-1.422767095557833761e+00
-1.614046214078455055e-01
-9.304235495452237714e-01
-1.783544540932211486e+00
-1.034673979320175352e-01
2.694870923056389422e-01
2.639205664379506433e-01
2.485511682485558871e-01
3.013385420943788251e-01
-4.222687553410786609e-02
-4.540308074135178673e-01
2.997553500800481663e-02
5.814059714642949572e-01
1.101012270484466260e+00
8.168716772681434701e-01
4.504493589640062856e-01
1.014884863281206639e+00
-5.781887568943931965e-01
-1.050771307026081347e+00
-6.953966526409705029e-01
2.387331390889312066e-01
-1.557311232016457492e+00
-2.595140878246476213e+00
2.040859002601693173e-01
-1.520773566013701839e+00
-7.212325620595143594e-01
-1.288001328347127883e+00
-1.022093000064584256e+00
-5.447611621175930674e-01
-4.719648734588224315e-01
6.353307968946360074e-01
-1.788793901932883568e+00
-2.128894084338739834e+00
1.560007307721874015e-01
-1.143167702678054232e+00
1.679513022291418745e+00
-2.944280599409020427e-01
5.962224298729239258e-02
5.226132073981448745e-02
1.022048102053569441e+00
3.205627109859329749e-02
-1.030336111807874211e+00
9.517472252189476123e-01
3.377923513154494628e-02
2.629822788701143277e-01
-2.513062399261301039e-01
-3.504504086622460823e-01
-2.800206442384342576e-01
-1.494717754501163842e+00
-5.310762760168022956e-01
4.841286596624734817e-01
1.374366372687807036e+00
3.606914383204484209e-01
-2.488730893429149937e-01
5.260940989432275616e-01
-8.536300316531200139e-01
1.107143480175565742e+00
2.040874525785832283e+00
1.975154155986459381e+00
-1.681975159181339885e+00
8.801892088746327003e-01
-1.185133987520794907e+00
-2.767995622497600450e-01
-1.225528931777818409e+00
8.602706931253762956e-01
-9.389334677378053939e-01
-2.769925589794955401e-01
-3.893066659940977448e-02
2.469768339684328684e-01
6.123509104424722516e-01
9.004707697043063952e-01
-1.121254959236175797e+00
-9.643605664480023321e-02
3.366479891690187798e-01
1.040654247328035131e+00
8.885774589465583739e-01
1.332873670233603314e-01
3.508958250328663708e-01
1.069182904544114798e+00
1.351017383847146203e+00
-1.390276690566780271e+00
-2.695487214621755667e-02
-7.781172973175299878e-01
-3.486680932003650701e-01
4.045229541864318046e-01
-1.103572986038541703e+00
3.692503476356038261e-01
-9.164735495494811257e-01
-8.162144251777998516e-01
-5.191279851443254545e-01
1.685559250310801449e+00
9.447480586480823117e-01
9.874623653912596444e-01
-8.383241276995834212e-02
1.921027580613975938e-01
2.937090808586217960e-01
2.519574079947917600e+00
-3.697556287469073166e-01
-1.866899248712570736e-01
-8.455921167889202117e-01
4.732884511476417311e-01
-1.606699127086652357e-01
-2.742148569547707693e-01
-9.382445309582105875e-01
1.493854369759859635e+00
-1.895600956819911698e+00
1.207855455633064234e-01
1.970233709004010958e+00
8.095822825628243291e-02
8.676274538249073576e-01
-2.098335968763756221e-01
1.420112211414666370e-01
-1.102178952468098272e+00
-2.673539714000904843e-01
-9.717236825786780274e-01
-1.530053573896020591e+00
-7.664591302281537066e-02
1.094824262144725946e+00
-8.788256270168410822e-01
-2.183053871727443918e-01
3.701708964906456067e-01
2.369386123000313538e-01
-1.693278822832924746e+00
-1.540517447285462804e+00
1.033262383243604532e+00
-1.624057702692270899e+00
1.506685993853813244e-01
-3.588039519352805851e-01
3.903442477981406977e-01
1.435622630679592504e+00
-3.530296637728237430e-01
3.327765613741388573e-01
8.027111777895418188e-01
-7.442438369838307866e-01
-5.861921232066089615e-01
-1.552941780598888211e-01
-1.530230048375397667e+00
9.278710359043398359e-01
7.264559318358525530e-01
7.047183195405297695e-01
7.069646627382849546e-01
-1.580485047634366591e+00
5.445074766797182164e-01
4.636727907625369793e-01
-3.277577476848732019e-01
1.991857971720861098e+00
-6.235483697031116712e-01
1.244103703326280508e+00
1.624303620822950878e+00
-5.507074120536788880e-02
4.180301960229611535e-01
7.989207012738018809e-01
1.764621162521455844e-01
-1.654966197142519579e+00
1.498195660862918333e+00
-7.940487252083756609e-01
-1.542575638714324793e+00
-3.880502112619100274e-01
-2.322397840922091339e-01
-1.954995876016630607e+00
8.443004396216648999e-01
-6.513011995461662762e-01
5.044773783475730022e-01
1.852785733179765915e+00
7.156390936551061399e-01
-1.926064692723649385e-01
1.336014722335284732e+00
-9.018194628256172019e-01
1.177501601180783508e+00
-4.981022312039906086e-01
-3.107834126507943440e-01
-9.464471911783289837e-03
3.324432553743884577e-01
7.747464318861586596e-01
-9.017538448624752290e-01
-3.500614455295815719e-01
-7.729169516198189926e-01
-1.340937282072479864e+00
7.907136342651327476e-01
3.433621959947621427e-01
-1.192615815153997394e+00
5.883607925012195317e-01
3.178798080577497354e-01
1.201619181181784901e+00
-7.386852041660743051e-01
1.090402115530524074e-02
-3.667521384180928989e-01
1.862346286362922265e-01
-1.573461605348976111e-01
1.189071452039654891e-01
7.102925254188681148e-01
-2.047299976081794481e-01
-7.432237412692114242e-01
2.781430492088370898e-01
1.738705445696850926e+00
-5.120004973923072966e-02
-1.766936054116266641e+00
5.140011999591401759e-01
-3.972084498502896910e-01
-1.416997108254611226e-01
-5.770063333692710961e-01
-1.862119884485953225e+00
-7.803688032727806867e-01
-5.356482428253761530e-01
8.385723183879797427e-01
4.186067317600701554e-02
8.304566777028365987e-02
1.170542093310956988e-01
1.665216688558618929e-01
-1.644255086671909005e+00
-3.180834610135658824e-01
-5.919167549697353925e-01
-1.542121149806540581e+00
-3.505447540633010450e-01
-8.172039759060244490e-01
8.084594525300212720e-01
-1.281872171207043831e-01
-9.676218791428191635e-01
4.050802371281684855e-01
-1.304732770355772065e+00
9.610638135151442496e-01
-3.242501489805425519e-01
1.413554001773514868e-01
1.757773685265058061e+00
1.156123184596987707e+00
1.691983245551784920e+00
-1.903805919568923588e-01
-5.123434386342133884e-01
6.044897960234120182e-01
3.960607758275747625e-01
-2.129558194655485903e-01
7.759397573615564037e-01
1.821016590461098927e-01
1.069247254341567421e+00
1.799817679112172941e+00
6.732633753641229513e-01
1.606636800224541251e-01
-5.622392573640029312e-01
1.273591587139095260e+00
-1.510104121628824958e-01
-1.529629019203561313e+00
4.176975608871280610e-02
4.210429056104555284e-02
2.801785652180367459e-01
4.136783548302134239e-01
-5.323079457189117125e-01
7.914215434477063216e-01
1.152127869394679260e+00
5.544218135657603685e-01
2.986035881237857348e-01
9.967246140136223342e-01
-7.385415673179960283e-01
2.564496151826255871e-02
3.929254753595751160e-01
1.511057307016295537e-01
-1.344856006599537857e+00
1.822121644173355648e-01
1.359479886092073819e+00
-5.896166179178136124e-01
8.858439321311777082e-02
2.213143511194564927e-01
-2.269955179292277858e-01
-1.492523188170110371e-01
-7.102181014081413446e-01
2.332183047925010300e+00
-5.063267942212554829e-01
1.421470127112493653e+00
1.173583802682677701e+00
-1.793908381938376095e-01
1.096087150480489436e+00
-7.667671367397171922e-02
2.635301996941034064e-01
-1.229838871929476829e+00
1.048781238904066271e+00
-1.064079097031712218e+00
9.649484716351582891e-01
-5.505818931095369795e-01
2.130366062477983213e+00
-2.027095280846798742e-01
4.172674193518696728e-01
-4.626459352223444843e-01
2.677992534180574924e-01
-1.467359019059358838e+00
-7.003547540213013178e-01
1.012833073153379004e+00
2.252893747383249323e+00
-1.294343177147895263e+00
-1.539565176706679805e+00
3.738227748407443318e-01
-1.077002813276680682e-01
6.065091912882257796e-01
1.545495088735764910e-01
3.938823352034978020e-01
-1.748227640283920081e+00
-1.718110128126056679e+00
6.729900086511553248e-02
1.327954124419910897e+00
-8.041432557560318495e-03
1.239302454447173574e+00
-1.101767742531715832e+00
1.154537151552653906e+00
-2.096540684632878904e+00
-5.614314972345945121e-01
1.048512885557915109e+00
1.332269321439008447e+00
1.052963342553129511e+00
-2.153454263184458650e+00
-4.001178264072455248e-01
6.879863409652288153e-01
-7.943120880824130481e-01
-6.871185023706203321e-01
1.645424779237049551e+00
1.918442244185521173e-01
4.005828647636673900e-01
1.941763928506196057e-01
2.824778400528457634e-01
-1.014674281035935488e-01
6.058964015885227594e-01
2.959399268486573309e+00
1.502824731752574472e-01
-2.480775095746391434e-01
4.824156806656322294e-01
6.666374745436319804e-01
5.676473355555240463e-01
1.320064735339270490e+00
6.641985591342227657e-01
4.973850155435976528e-01
-2.102804687297824826e-01
6.731274323172343754e-01
1.163759641104824327e+00
-2.154836918779743371e+00
-6.119876390067217065e-01
7.723824603101150377e-01
-1.170676092273531754e+00
3.798552147164079296e-01
6.768311022039286140e-01
1.705396931456455711e-01
-1.019849060513575933e+00
9.368271051903737101e-02
-6.921577474571501964e-01
1.466113416892853127e+00
1.461149275120186664e+00
6.717748008278486005e-02
4.499675870668163880e-01
9.121794854661725571e-01
-1.029790752366687601e+00
6.944215229223644759e-01
-1.139049244767803004e-01
6.248422127676807325e-02
-5.958179535163737883e-01
-1.147521294343094134e+00
-1.196647287075764121e-01
-1.135585418524853951e+00
