-9.258415143604858955e-01
3.867894037892731784e-01
1.395909934493743121e+00
2.155932656462727359e-01
-1.011791854985502725e+00
2.017700089994209023e+00
-8.637160204414248144e-01
-1.431820132550011282e+00
7.220507952729101619e-01
-1.327201309247104444e+00
-7.844845223170207049e-01
1.997210409286625632e+00
9.928172287406314966e-01
-6.489174135077501182e-01
-7.132833614623380614e-01
1.017132365300193880e-01
1.386998177169868063e+00
2.819764374282873742e-01
-6.702726232550958452e-01
7.698178177821198842e-01
1.823205232174294754e-01
8.783234382480661351e-01
-1.373404693444167934e+00
7.287602754104455238e-01
2.809449453196721236e-01
2.520755994981970227e-01
1.621637547778728150e+00
-4.273130531890714789e-01
-2.630530315207066927e-01
-9.219830076298898280e-01
-1.317889923187037571e+00
-7.238764074228460910e-01
-1.256678545427405425e+00
-6.447463919240128405e-01
-7.509201050087398466e-01
1.032899923448745705e+00
2.764445709941967810e-01
1.166293336666912817e+00
-1.571662313703857450e+00
-1.364062166871862214e+00
-7.236064508952515517e-01
8.635526809649111957e-02
-5.487776440655509624e-01
1.136258956719842672e+00
-4.568548498252187340e-01
-8.107401440208616972e-02
5.090487099616726463e-02
-1.520347540078320070e-01
1.139522331052786441e+00
-5.570920903611011887e-01
-3.269698890987256940e-02
-7.099958695558833410e-01
2.947075907124781513e-01
8.817069659612731813e-01
7.325606473367891613e-01
-5.829259499414491952e-01
2.704902710973231539e-01
7.809319501141765985e-01
2.885762249125786716e-01
9.451846060562067997e-01
-3.959552499211099752e-01
-1.965245772338673147e+00
-7.900501068746461630e-01
1.184134501526129757e+00
-1.606218533135492121e+00
-3.075342681532639011e-01
8.800109615802399754e-02
-8.625051101599459091e-01
5.990080069462749845e-02
-3.478721557712724510e-01
-1.768196133634353462e+00
-1.447142837669917359e+00
-1.228884838386014922e+00
4.671475327128095101e-01
-1.329093031369027900e+00
-1.363893368814232510e+00
-4.886078131552171744e-01
6.889511663413331322e-01
-6.573364819137553772e-01
5.562871515312615978e-02
-1.992396784010742605e-01
-5.862652568561256272e-01
-1.270083647216712297e+00
-5.616433970349354876e-01
1.514077916063004015e+00
-7.603377570901511673e-01
-1.023996797655972735e+00
1.362862302846939322e+00
-1.195579588948594285e+00
-2.138036045520283590e+00
-9.857505085154232294e-01
6.826953070133952028e-01
5.583129794371732846e-01
1.905668552789531622e+00
-3.394680668277742785e-02
3.709895915704602976e-01
1.829238503338095345e-01
-1.885300358363273254e-01
-4.002961402598735896e-01
1.784863873295162273e+00
-6.216911073551218969e-01
-2.160670380712456651e-01
1.941249916272890452e+00
-1.343138900535040481e+00
-5.557320514766282971e-01
5.177550264041839156e-01
-1.340975945446825524e+00
-1.411129715525283768e+00
1.746749367308906953e+00
9.854890677477976535e-01
1.129625205316081793e+00
4.712995558035092958e-01
1.338162750207883001e-01
1.035703589357330978e+00
2.088506837915457659e+00
-9.778111849241764020e-01
-6.176183252959246417e-01
-2.074734582228988378e-01
8.150308504809130605e-01
-2.092114629602317422e+00
-1.845390353873460842e+00
6.241869258536287823e-01
6.686016469674511686e-01
-6.221548959682152713e-01
1.523890496008067474e+00
-1.584805164287828250e+00
-3.764279670548231205e-01
3.869520550260330816e-01
-1.904478458186772971e-01
-1.646874292638493831e-01
2.314377012774967990e-01
-4.772271144311629465e-01
8.259145253878380499e-02
-3.166684934979749899e-01
1.134883106660934171e+00
3.423256893121301991e-01
-1.256025547933117048e+00
1.021836173353764643e+00
-1.062448955051661814e+00
1.425995453764763998e-02
4.520936314883923224e-01
-3.453484483310397257e-01
-1.374332401363945078e+00
-3.173495203892581218e-01
-4.010674274664073335e-01
-8.390272420314954793e-01
-6.452210751866385152e-01
-7.407409346995810218e-01
2.034479587893805452e-01
1.880806711030549583e-01
-6.175388401980271003e-02
5.010339100132069068e-02
1.983325699475288140e+00
-7.860243640125357256e-01
1.895217562499196262e+00
-8.723122352191335915e-01
1.079692588418759702e-02
1.235421237971605635e+00
2.654323551526268421e+00
-1.684578339760828047e+00
2.487261657703308260e-01
-1.561913740801237571e+00
-1.654367313075800983e+00
1.962863893918484814e+00
1.530221509348732578e+00
-1.667892713576263897e-01
-1.482613411980573837e+00
1.055241827587285464e+00
1.074048998958316181e+00
1.493696621926487555e+00
-1.565112939683873883e+00
7.370826936471959467e-02
-1.852068079036299775e+00
7.594082130126028618e-01
-7.519151745667242981e-01
-1.147885435313013458e+00
-1.845415306604430983e+00
-2.881695654510939564e-01
-9.601542339237101320e-01
-8.891030171955892625e-01
1.079913282220403392e+00
-8.743556070083621234e-01
1.289812942231877368e+00
1.015854821128616248e+00
-6.547702302866708068e-01
-1.034271744581309216e+00
-8.648000737654891745e-01
-4.071329885357821143e-01
1.442337813076632225e+00
-1.074761778060634443e+00
1.178545053448891711e+00
-2.052661123124284170e+00
6.033620260438230520e-01
-4.776426816806257913e-01
-5.169555321921432967e-01
8.711883760269383270e-01
1.338858689436506877e+00
6.044163860364517582e-01
1.118047544394471959e+00
2.409464695092987663e-01
3.473594988676152462e-01
-1.056724716049971757e+00
2.385172589762628803e+00
1.037540634928470373e+00
1.223974985478646083e-01
1.111683816383068901e+00
3.556678770322801442e-01
2.375334940019646623e-02
3.594471736774721982e-01
-1.585345155949811624e-01
-5.205180749275163388e-01
8.218221657743338682e-01
-8.221448457668750764e-01
-8.019931159367652551e-01
1.208377243127659151e+00
1.142690818772498923e-01
-5.140844765391596738e-01
6.839923579095438244e-01
1.233556111136863809e+00
3.619177258354389082e-01
-6.021606849749024937e-01
1.634754358915565531e+00
5.395499057888006877e-01
8.312936385230829117e-02
4.160701747024697639e-01
-4.024359003717365435e-01
1.281210123421242075e+00
-8.932193522534032093e-01
-9.036834515223934883e-02
1.230215955501144709e+00
-6.819289180213259360e-01
5.849019844577858507e-01
-1.170340116195544011e+00
1.543123427034683304e-01
-1.350565547614323569e-01
-7.331848739954289762e-01
8.408662856891531145e-01
4.630744337998514149e-01
6.456033611247832260e-01
3.604901010857882171e-01
-1.306240754836820006e+00
-4.831809911562461313e-01
-3.655084918142226802e-01
-8.456369618347260309e-01
7.754062667095518169e-01
5.067884250946885771e-01
-1.852920589886017932e+00
1.800910416868570341e+00
-1.318613538500702065e+00
-7.724356882775147426e-01
-6.905744966720177569e-01
3.418149630504001557e-01
-9.222098526679587405e-01
-1.282388206881745596e+00
-1.773920923566877805e+00
-9.488027182171616669e-01
-1.596419300169379163e+00
4.663196448455274590e-01
6.437101696151148467e-02
-1.635844738893831973e+00
2.012808809033796109e+00
-1.978656755421462077e-01
5.401598770782167769e-01
1.363547570155307698e+00
-3.089194066401915184e-02
3.267417552839374517e-01
-9.086578896940604722e-01
1.879546962329032844e+00
5.717487747287461897e-01
3.579886843033645016e-01
7.375383595292800409e-02
-1.450411745245539508e-01
-1.091487712179527447e+00
-9.615259532413669152e-01
2.153171323875366916e+00
5.259214702573560274e-01
-3.382028641061950169e-02
-1.305933239312651262e+00
-7.787933557397366258e-01
-2.301786969209212164e-01
-1.282669427524156802e+00
4.695523494964967126e-01
9.980479879879863292e-01
-7.696449150491702085e-01
-2.271117266469815377e+00
7.324619603278172963e-01
-2.174910406264672247e+00
-1.020317968233680483e+00
-4.014800814092647219e-01
1.884256316888179850e+00
1.791556978560890911e-01
-3.666671133236608648e-01
3.488300975551389405e-01
-8.276678320333553662e-01
-1.382167312472273757e+00
-2.635963256357070961e+00
2.561429571327979993e-01
1.531983333955597493e+00
1.470062552054478555e+00
-6.435988211973022732e-01
9.389827659691977191e-01
2.705240725602907625e-01
5.386724811983925054e-01
3.946936122208927200e-02
-8.750140685582044608e-02
2.284368118454151553e+00
6.029785712760035721e-02
1.778071476825926700e+00
3.636175706269614838e-01
5.812700044543260836e-01
-1.129423351981498458e+00
1.959565010830205845e+00
-4.090595616097847387e-01
1.257773528296258103e+00
1.807105719437303026e+00
1.388081131053900075e+00
4.078027175049032116e-01
-7.996057596611056972e-01
1.513347693474776934e-01
-3.734545513427692809e-01
4.808880431697527547e-01
7.870672432428807985e-01
-1.312497449461308863e+00
6.377382122471828563e-01
2.030155070200170719e+00
-4.376461842664983726e-01
-8.152510303459262753e-01
5.707283269683742777e-01
1.693066316522265635e-01
1.711012575838306127e+00
-2.712407272744171705e-02
-6.670939479407199668e-01
-2.712631749004422721e-01
-1.560284019114892340e+00
-2.205395708566897095e-01
9.108169351826537197e-01
1.212161458809255521e+00
-1.878967637122713530e+00
-5.062907081514822494e-01
-4.128762249597017764e-01
1.852069047610424235e+00
1.345274299503824711e-01
4.193288835366331124e-01
8.242232631193083248e-02
-9.367437657759448699e-01
-7.779732955157283580e-01
1.765319210433326402e+00
1.360000323409296552e+00
-8.562546476308015020e-01
-9.237898705315668035e-01
9.457871666762146523e-01
-1.167499913229907538e+00
-2.126511839088190969e-01
-4.952495019334618442e-01
2.094830403213427950e+00
-2.145622228415117183e-01
-5.223289140303799538e-01
1.583027003052801751e+00
-1.949947574527804706e-01
1.698231989813738657e-02
1.203104433466967604e+00
-1.194754934132706836e+00
-2.031081012363195271e+00
-1.171262022377040468e+00
-4.702054945298503874e-01
2.181837358112838299e+00
9.896270976047938372e-01
8.970745520508554005e-01
1.978489481840946418e+00
