4.907051144360790040e-01
-1.979198863839818356e-01
-1.105549127250016639e+00
1.809722706010208571e+00
-7.135401709332681586e-01
3.099764717927375179e-03
-7.280548088904266191e-01
-1.086974975594307002e+00
-7.950475040299276319e-02
-9.532741803873683306e-01
-5.607578401395935108e-02
-1.081410709825953109e+00
2.278702455302903107e-01
-7.314096925365816126e-01
-1.375305575497584698e+00
-6.860934788513572968e-01
-3.162284559782571058e-01
6.386024509814465233e-01
-1.109707356099611575e+00
-6.592291713611788673e-01
1.359713242427690316e-01
3.856157418087997613e-01
1.237154659536047335e-01
-6.974412348053421473e-01
-2.078898551383399351e-01
-4.015200227570719926e-01
-2.865326378675893126e-01
-7.847710189107275358e-01
5.635573834419982386e-03
-3.113006455078044521e-01
1.414626983977508079e+00
-1.276022846825721313e+00
4.287277091087545594e-02
-1.285252198890265429e+00
-5.914881804816679578e-01
-1.093438779667460059e+00
5.925545620932179958e-01
1.088177211207558059e+00
5.489030794686589054e-02
4.758378759060560848e-02
6.241881361031493824e-01
-1.292662706444885901e-01
-1.365238448587390019e-01
1.099666449262698631e+00
-1.145636017715820909e+00
-1.229596624593286114e+00
-5.741039552419258118e-01
-1.556457093793629787e-01
1.290259742936770371e+00
1.223324060124356016e+00
6.619570143948608765e-01
1.049527460243842691e+00
5.671031850900972726e-01
1.522265321747223288e+00
-2.102514478703904288e+00
1.281525706519490049e+00
1.318979459098875151e-01
-6.217871178000256016e-01
1.374422266646148083e+00
-3.010437579890925530e-01
-2.936089280813798386e-01
1.034021686682845109e+00
3.872651189533614091e-01
1.723367927120898202e-01
8.836273950889814155e-02
5.811029165653032180e-01
1.326825788785017668e+00
-5.639374489755710762e-01
-7.167405851833859032e-01
3.094063916310555440e-01
1.896842810516335964e-01
-2.053807044984064412e+00
-5.925011314989829803e-01
9.671872389006663795e-01
-6.168637119803296875e-03
1.973037731119290095e-01
3.375886251974773433e-01
-5.919804608474397156e-01
1.116849057770846754e-02
4.251736598096553799e-01
-8.096369624737098647e-01
-8.606443701772937827e-01
1.192169740508173037e+00
8.376495701005172156e-01
-1.443899549168410790e+00
-2.180918051715939332e-01
-4.827026605798734327e-02
-4.256140218005085019e-01
2.592366508096653477e-01
8.175229062942780400e-01
4.743155570113638531e-02
2.355755614698782918e-01
7.766602895729417533e-01
-3.351271351060288728e-01
1.053248224536073474e+00
-1.274939961255948218e+00
-1.228959594357617591e-01
1.154062189422797147e+00
-3.737769899926660089e-01
1.187999137349965983e-01
9.163442943515882622e-01
-1.156835247190446392e+00
5.666285244450339764e-01
-3.224539417718969014e-02
1.583288617258958642e+00
-1.346314728207089306e+00
-2.138297109502660387e-01
-1.233233432746540403e+00
-1.126972003223869478e+00
-1.536248480475969347e-01
4.756467653677810548e-01
4.785439899889868537e-02
-3.620079695648962259e-01
-8.474043787391725147e-01
2.362194626951240606e-01
-6.853801012722890995e-01
7.314412428262813126e-01
-2.120027251479430941e+00
3.048317544466737639e-01
-5.653871750231000970e-01
-7.114290038443480402e-01
-3.870906657765568748e-01
-3.511251685946573664e-01
-4.305085181879451661e-01
1.373924317379466298e-01
-1.825832010357776092e+00
-7.059792317058368738e-01
1.154324850852162854e+00
2.829533099092683135e-01
-5.793485430556738480e-02
-7.701803543422985898e-02
-8.659866566299915247e-01
8.505894145541068596e-01
-1.785164846078348466e+00
7.542093907383959905e-01
-7.259896873879594370e-01
-3.172371584215310514e-01
7.618700048462492269e-01
-3.469049372150132537e-01
5.672713834500719976e-01
4.109528691794619437e-01
1.360108621825922293e-01
-3.820732254996422883e-01
-1.438244507791849036e-01
6.584690522256405609e-01
6.141184241717696501e-01
-1.410411106818999227e-01
-7.286527791214847394e-01
-9.945687315814962792e-01
3.887644096640068825e-01
-5.310137036170602398e-01
-8.697340787015087615e-01
-1.499848736057832754e-01
-7.328742806784703800e-01
-6.597301551289725952e-01
-4.665023007383851672e-01
-1.338002039332107651e-01
-1.254622809530624217e+00
-6.812312818458846619e-01
-1.952249929320722721e+00
9.679570017467963305e-01
9.870763613005563153e-01
1.016291548783407217e+00
6.414665097575589225e-01
3.292509294434288192e-01
8.522495667665539454e-01
-9.053727770287895993e-01
-6.242974707400489320e-01
6.440482931842630432e-01
1.541205167083978811e+00
-1.051515201448830927e+00
7.536023040596258327e-03
-1.026241664211326565e+00
-2.949552776366746176e-01
1.812802406265604793e-01
1.302232210835590376e+00
3.526121146169283738e-01
3.967247960609473489e-01
2.335274132769817435e+00
4.298880326937698504e-01
-4.840391032782623976e-02
3.859162172358281961e-01
3.036659534862001797e-01
4.009815528762766812e-01
5.642209600304028960e-01
7.843009984976750948e-03
3.744453790941252302e-01
1.049740942909714425e+00
3.238949390205322909e-01
-3.635575107948070261e-01
3.836842725608107241e-01
-9.403916752544059232e-01
2.567480525252405221e-02
-2.165319657351522098e-01
1.443394097209658167e+00
-9.896863540480806964e-01
8.847955047537865714e-02
-2.905643505233884705e-02
-1.077178903201748555e-01
2.943011375343727587e-01
-1.310697591001392937e+00
-6.705197461075106391e-01
-6.838499163398250591e-01
-5.104538682035928421e-01
-2.919518185731003745e-01
-8.633970001377336279e-02
-1.095976832839841597e+00
3.077379378957192241e-02
-1.397195337250592084e+00
-2.554099605679043261e-01
-4.267017599202987399e-01
1.164893597007160997e+00
6.767213955904731737e-01
1.639794459761802825e+00
-3.269823353803019694e-01
9.476996522991018024e-01
-5.158346308227326205e-01
-1.685182664049336698e-01
6.527475288139985565e-01
7.319094140302291329e-01
-1.014581609666071360e+00
2.857059657957731758e-01
-4.698334169286947359e-01
-5.396547427897642191e-01
-3.723928349830195605e-01
8.530701715971461541e-02
-2.814950303449934577e-01
-5.731929403453313032e-01
3.012122710690808836e-01
1.022769253562005654e+00
-3.835958615964520924e-01
1.383264317513055675e+00
-1.411379216666315550e-02
1.813067574923426795e-01
6.855912762959591733e-01
1.008587308798248428e+00
5.755332996330888573e-01
4.628208913223844090e-02
-5.863670326081544815e-01
1.328784066445012901e-01
4.197001716054543086e-01
8.684419436659769342e-01
8.575548758718355424e-01
7.908226449069435393e-01
-3.726771975041098806e-02
2.185741240678890085e-02
6.930097740530486439e-01
3.324309101713674997e-01
1.713381525013328188e+00
1.014059457374374640e+00
2.125165149602322057e+00
2.380912698741520783e-01
-6.785830215081078975e-02
8.443682599639360520e-01
1.973836067768498070e+00
-2.869357180254812623e-02
1.305404824113111761e+00
-1.730635819803499342e-01
-1.386531134812142851e-01
1.085846722807460418e+00
-1.971165213008214234e+00
3.347569778632648596e-01
-6.682144825727046600e-01
8.624678180472492017e-02
1.277519029776243431e-01
7.285303189096492549e-01
7.318222475265633298e-01
1.406456079609912813e+00
1.358146130244087368e+00
1.855150878461386377e+00
-1.311519362570702452e+00
-6.096299968084368803e-01
7.523118047987141788e-01
-1.155449719101130146e+00
1.753555559022205723e-01
-9.333011827072308642e-02
-1.338308944885951535e+00
4.501062675771867472e-01
4.938817387329701436e-01
-3.837273924795828184e-01
-2.718089347468921058e-01
1.414269057468219570e-01
1.469947499790837941e-01
2.409413230147319784e-02
-3.928863919792738857e-01
-6.916382122651373310e-01
-6.611141336499866128e-01
-5.579113322984687873e-01
-6.995035239365346991e-01
5.677570683967225751e-01
-6.356277759592174892e-01
-1.842479315723605238e-01
1.385173991797209458e-01
9.853969591834170760e-01
-6.352313749692721778e-01
-6.118954117732817721e-01
-1.812915464911059482e+00
-8.098434604124246650e-02
-2.375328611815246405e-01
-1.209963983460014880e+00
-1.768938272931786848e+00
2.343909481346584833e+00
2.735840972070240351e-01
-6.030474674941055380e-01
-2.027538371323913680e+00
-5.820299711068426252e-01
2.810981513107294050e-01
1.395185278218999680e-01
3.399189458159640465e-01
-8.353010708298108655e-01
-2.961734010949864659e-01
9.347499114382080698e-01
-1.342863848242389913e-01
-2.869834285242945371e-01
-1.454348974236247261e-01
3.223498051650426355e-01
2.925800508386237619e-01
1.232744518589917959e+00
9.390951759731824833e-01
8.373064741287383761e-02
-1.984743187173670265e+00
1.611102502900216560e-01
-2.476803706864206533e-01
8.061281021237072242e-01
-6.105084889172691653e-01
5.363200098122511417e-01
1.148987737979698665e-01
1.909411839723590409e+00
2.210797763193964371e+00
7.939515495199578332e-01
-4.099886056967289583e-01
1.171026958701578469e+00
2.004199893243515107e-01
1.290735374107412209e-02
-2.051067325615344161e-01
-3.014297761070514059e-01
1.201999589790290424e+00
1.208763637135762403e-01
1.008833657777221005e+00
-5.106353999826243051e-01
8.791131955193958181e-01
4.322493660281671035e-01
-3.521870851671332625e-01
-1.352635520349355192e+00
8.728434161890381571e-01
9.858142584774066686e-01
4.710343202347190283e-01
1.559493014872159744e+00
5.724700763809720261e-01
9.736645875889119450e-01
7.564070725113214433e-02
5.836579494639643206e-01
1.103993731542553869e+00
8.661513740994541966e-01
-8.660890795611382309e-01
-1.762425042127585550e+00
1.726867611616116571e+00
1.122418165904858656e+00
-8.146557757778359887e-01
-2.052244227411201827e+00
8.003282099690550710e-02
-1.239279545575149521e+00
4.084706566106899306e-01
-3.297606482241068337e-01
-7.373325438081470562e-01
-5.257356990539030495e-01
7.212109252365466183e-01
-5.704034752510833695e-01
-2.032881577850029320e+00
