-2.055691049720454466e-01
-1.536582826444353733e+00
9.854407938293938685e-01
-2.178063838182053846e+00
6.612381480728988237e-01
-1.051515455050830106e+00
1.207332792265766619e+00
-4.877183777515876062e-01
6.692033365886115304e-01
-2.366992849286938538e-01
1.067215504210856647e-01
-9.700254168767121765e-01
8.317536023796298639e-02
8.470632658224339639e-01
-2.683158854111437619e-01
6.920862770861806179e-02
1.800678318374985931e+00
5.618640743909060209e-01
8.074996394702980140e-01
-6.388266087819749472e-02
-7.137295590185548377e-01
6.389481167484324375e-01
6.010544852792223391e-01
-3.411864130047276844e-01
-2.020319735956400464e+00
1.041524196834688887e+00
-9.208013395142203850e-01
1.176000412796594397e+00
3.065993774792216797e+00
4.045507527321409724e-02
7.417835725569541516e-01
4.624684576005479442e-01
-2.695105731619147349e+00
-7.006816496719902032e-01
-3.310555050954958611e-01
-2.011358511698780813e-02
1.012183279506399636e+00
-4.121539362716818977e-01
-4.263183067348680910e-01
2.849399131771056526e-01
-1.082409628303334787e-01
2.568185695164106885e-01
-5.022319033153890278e-01
-2.383838590382173495e-01
-4.187722568171175497e-01
1.819340140650692050e-01
-5.957249654206830947e-01
-9.672489963999100215e-01
-4.021718564207342750e-01
-4.301932440095935783e-01
3.357723520739873124e-01
-5.824792532498539455e-01
1.458296399131760346e+00
-4.962802255467038126e-01
1.863684248161224577e+00
-1.448295043724258380e-01
-2.624768659538154192e-01
1.500471865883744371e+00
8.026934542308055143e-01
3.488342491008283863e-01
3.695334904034420775e-01
-1.459140339059125768e+00
6.544056989044186867e-01
8.176987810328509854e-01
-1.150738640395464918e+00
1.824432399024116802e-01
1.320128147542997565e+00
9.105683527765436880e-01
-7.422296430426936764e-01
1.451284664086190945e+00
7.223007721011934779e-01
-4.313449188612639151e-01
-6.393992801342859300e-01
-1.312969291089777779e-01
-7.935259627098154578e-01
-1.934661738407203790e+00
1.474692295360085392e+00
-1.100802614139039681e+00
1.200864036392491618e+00
1.398793594567375731e+00
1.114342627380404460e+00
-1.277140305848394553e+00
3.171912752459304374e-01
4.950116294460180644e-01
-1.330799725586875315e+00
2.883897052178779341e-01
-2.325673112080354876e+00
3.269278083230083010e-02
-4.383273432632513456e-01
-6.856333117635475816e-01
-3.441524135046566402e-01
7.825917211615422975e-01
-6.631514135087483997e-01
-8.826246260431478419e-01
5.938615458446585560e-01
5.225530189771310230e-01
-3.367276578337163873e-01
1.699385513156997374e-01
1.004552084128029987e+00
9.962966150885831373e-01
-2.246062974554856595e+00
4.663354845720129593e-01
4.892236573684500822e-01
-3.343531268961328351e-01
3.625236884153690275e-01
1.202911375172079911e+00
1.692124133754648596e-01
9.047122084782541762e-01
-4.653482591461928219e-01
8.677645127123650992e-01
-1.051948927591211502e+00
-2.267133406279749075e-01
-5.975340629670659043e-01
1.987553521559110026e-02
-2.178144313494834172e-03
3.521702513271826596e-01
-2.922119346610081991e-01
1.327149557168454397e-01
6.773143123283307254e-01
-1.625352088573419618e-01
2.579004967403120685e-01
1.326761241631096766e+00
-4.695806025611477530e+00
-1.194994077925263909e+00
-2.290643825563246416e+00
-2.919190117841169996e-01
-7.844230699804477513e-02
2.045075096707096862e-01
-4.545009666332485709e-01
-5.022332816841181824e-01
-2.461144645681863363e-01
-5.869886260153689417e-02
-2.833113575446060683e-01
-6.678199876508548183e-01
-3.605858650386958852e-01
-4.723724195970840922e-02
9.515911638303657938e-01
-3.134636954692492372e-01
6.173327715685270611e-01
4.755345347357799873e-02
-1.311984763033746448e+00
3.161892324320900172e-01
1.568334566443222666e+00
8.770936301706421245e-01
4.346093735424959026e-01
-2.900845503590387953e-02
4.201323042889101161e-02
2.843562157343403340e-01
-4.365962418614102170e-01
6.291044706615549487e-01
3.645624360327772706e-01
-7.009352531965685751e-01
-2.110941218103482342e+00
-1.155500743874215086e+00
-6.789305315978039213e-02
1.326174921709909471e+00
-2.355385639922436825e-01
-3.229790980147254409e+00
-1.275332523908306648e+00
1.357382711923809382e-01
1.552946003986841239e+00
-5.971505236579948139e+00
-1.531534429577934064e+00
7.302021565358346455e-01
-2.306108343905381997e+00
1.825399577698366027e+00
5.620207623931788160e-02
-8.609657797239885779e-01
-3.162392984973692034e-01
5.816094312310338132e+00
4.478593641834466843e-01
-2.269275253838611839e-01
-7.558184177643296753e-01
1.237669108935837425e-01
5.220236323529753308e-01
8.955027405989945954e-01
-3.433716504545378245e-01
4.183220327035190866e-01
6.461860834167565404e-02
-3.944316310499136891e-01
-1.506985251532372005e-01
1.621518075119613433e+00
-7.461608982695790981e-01
-2.692983805061761160e+00
-1.429372077459954760e+00
-1.007554713501392696e+00
-1.385792811089276544e+00
