-7.473693576502997704e-01
-4.976015741229649070e-01
-1.259984106230787937e+00
6.077397731492088784e-02
-5.291943728358583510e-01
-2.971305697730211581e-01
-3.781045460372630673e-01
3.900417737469955570e-01
-1.402932035625388041e+00
-1.126100803422555252e+00
1.555154083539177945e+00
-5.720971102003186148e-01
9.703252709661529529e-01
-1.132683667175936326e-01
5.984244365890001305e-01
-8.453873938460105819e-01
6.868729215232044494e-02
1.546840682574483816e+00
-1.119793210454567145e+00
-5.328689824414440945e-01
-7.285006985437516569e-01
3.782787321348554666e-01
-3.255530949131527629e-01
1.161947990386615892e-01
1.006679618095721818e+00
-1.629316438408412726e-01
-1.242245313282494878e+00
-3.738618811420921229e-01
-1.202978941273783908e+00
-3.884677914570023871e-01
-8.116996759718779764e-01
-9.504809022085703996e-01
-5.032964188179043230e-01
-5.769512886375137706e-01
1.691859730105042536e-01
-5.488793563487270877e-01
6.773455718597035657e-01
-1.275829757337220149e+00
-5.880913636705971115e-01
-6.006233149817200578e-01
-9.297392546750135045e-01
1.480751762324792331e+00
1.533357508619388465e-01
1.688913957355793194e-01
1.527993706106288707e+00
3.753126498338223982e-01
-3.940189740858650591e-01
-1.358540103832280410e+00
-7.424962263862022738e-01
1.241829520438654466e+00
-9.424641137764744325e-02
-1.107357474393410035e+00
-5.966531538329826745e-01
1.383762757592737591e+00
-1.119784518844301635e+00
1.012113792767667331e+00
2.340290825071190128e-01
1.427239593627301073e-01
3.458777476834205000e-01
-3.202988274326308282e-01
1.598149213485332287e-01
-4.751947989121660387e-01
-5.547388182610044072e-02
8.549055909357399230e-01
9.952824450852257865e-01
2.723272229674307265e-01
4.736920108742562752e-01
-1.467504419921430159e-01
-1.308054235786035413e+00
-1.122884252504917413e+00
-1.288533154388201929e+00
-1.544907691728419685e+00
-1.181544548322655874e+00
-7.957458459488825353e-01
1.644811482078770037e+00
8.215005363787901693e-01
-1.440479946602845895e-01
-1.896221403571689335e+00
8.609705548832149447e-01
1.765100258227776664e-02
-1.258319179896256190e-01
-1.357368823829307347e+00
-3.074860263384394249e-02
1.228788241904782197e+00
5.571426773717125247e-01
5.361623571806559685e-01
3.625220508161866584e-01
7.997806795536539504e-01
-8.603748381090863262e-01
-4.709153523894444859e-01
-6.656294741169477280e-01
-3.649837183111188238e-02
-9.207239075493811598e-02
9.600258033986148742e-01
-6.142194402470489978e-01
1.065661236146572044e+00
4.036803124963427303e-01
1.959998984800812138e+00
3.536398475093812666e-01
-1.109456882297585434e+00
-8.734456149231708544e-01
9.359906326650129227e-01
3.266479999802712197e-01
-4.197294021427586119e-02
-4.340678172588026684e-01
-9.887635228764011242e-01
-9.747039684053733222e-01
2.514792065079437533e-01
7.946231561534702892e-02
-1.285162131675848141e+00
1.068212326545011415e+00
-1.274208849733294624e+00
-9.793641815750845359e-01
2.277710793455671734e-01
-4.226301663253430596e-01
5.805017202253526243e-01
-1.197180502408800862e-01
1.244688785989943813e+00
-5.314496662936886162e-01
1.279388305938981452e+00
3.092477074285949756e-01
3.114951735453075909e-01
2.914956316457895658e-01
-2.375731062842161290e+00
-8.753013551670760228e-02
-6.291418312540864033e-01
1.049660526891529555e+00
-2.013120338626164796e-01
1.329053900897013474e+00
-4.917117091845015775e-01
-8.675309088591283135e-01
1.986863904946271298e+00
-1.605554054967540001e+00
-1.076853831938601846e+00
-1.176414025797826834e+00
-5.314692985926275925e-01
3.833933654836367277e-01
2.667063954814158144e+00
1.179810111841292475e+00
9.008224063064117493e-01
-1.495566981961258701e+00
-7.887426712621852243e-01
2.024106975908782413e+00
-4.488050722353343902e-01
6.127577148318468225e-01
2.961795073793009880e-01
7.702900785142209328e-01
-1.028500417872149963e+00
1.015347337317885401e+00
-1.199855903548098901e+00
-5.906073435802299265e-01
-9.419984614902567888e-01
9.128620868370058705e-01
1.684981648582213609e-02
1.068734522092563144e-01
1.963316400273557694e+00
-3.899026168457339625e-02
3.735338966952659323e-01
-4.102549754367627588e-01
-5.006064341730198652e-01
-9.864902838880085234e-01
1.353462317373312906e-01
6.169691009249986813e-01
2.622057178925766951e+00
1.520825053756319045e+00
-3.552402691871664464e-02
-4.304808588250071955e-01
-1.332763430363405277e+00
1.399518305371522109e-01
-3.946788866863398804e-02
-4.791216511256299326e-01
-1.066853451293625632e-02
1.390043863571609251e+00
5.279764105214534986e-01
-1.888417302520936369e-01
-3.403289159018315080e-01
-1.379136902172972134e-01
2.181093909568527778e-01
5.477926606027787582e-01
2.026847150477330661e+00
-6.094039076002046862e-01
1.146897240114505445e+00
-8.696388133368937456e-01
-8.178570627677738125e-01
-2.093856723719994761e+00
-9.223689591175869840e-01
1.268727420820839336e-01
-4.106211203910427043e-01
-3.035423448662590840e-01
-1.082532095844616071e+00
1.330146413720925569e+00
8.378566637305081555e-01
2.289923319636411880e-01
-8.091873847765806982e-01
1.924260072451348669e-01
-1.106163730706965609e+00
-1.362533598056043571e+00
2.673388063608674869e-01
1.118923037373897200e+00
-1.198727636317100664e+00
-2.354295138191528636e-01
7.991581698304166537e-01
-3.298560364917338394e-01
8.166269407387841683e-01
2.311393437975374443e+00
-7.229200569383231745e-01
-2.101595756891511346e+00
3.113038675533918997e-02
-7.609573308698278638e-01
2.061765133233639080e+00
-3.423541766285968513e-01
3.977868024375734723e-01
3.997735827662201591e-01
-4.753989265894930094e-01
1.499805064940639976e-01
8.315534133792203964e-01
-2.673680420445057049e-01
-4.132502364385625127e-01
4.611668391063437067e-01
-8.093115400585628727e-01
4.518116180018865169e-01
1.607979086072371666e-01
-1.762205203782834628e+00
-4.114024355431101232e-01
1.466567998950854268e-01
-2.015171368902564986e+00
1.972586836624530549e-01
1.477880483709352044e-01
-3.035541291891284965e-01
5.314401082205832960e-01
1.461628880497857219e+00
3.084760153998011289e-01
7.915128606913812703e-01
7.478596638119489048e-02
7.917100481528478451e-01
2.077353822299979669e+00
2.534130690720607593e+00
-2.451642024457341140e-01
1.868629527798460199e-01
-8.369491841957101830e-01
-4.881720603698498362e-01
2.984216982300658683e-01
4.791764927751379632e-01
-1.083625979981570397e+00
1.250447440869061566e+00
1.237147090622782386e+00
1.486349846499829541e-01
-4.285936584158586693e-01
-2.189299618700031314e-01
-1.059820352846877256e+00
-1.706210604042659895e+00
-1.144390962973897086e+00
-1.130968016509871665e+00
1.174014197678169946e+00
7.513056050160804578e-01
6.485789806977199090e-02
-6.157888864633758175e-01
-1.112755404839051721e-01
-5.563103376241740339e-02
-9.679220854723393774e-01
5.562687805553313547e-01
1.487008954397250005e+00
3.433200747855996715e-01
2.128770705113298134e-01
6.292781108160865333e-01
7.310516265714005479e-01
-6.000152408092745970e-02
-1.611698691776659170e-02
-4.364493057806269061e-01
-3.758573384595858546e-01
-3.533372402324150841e-01
6.760699470426999591e-01
7.299810234176928869e-01
5.396579195069278745e-01
1.082834111491225437e-01
4.698642216135437422e-01
-8.749058341755900914e-01
7.585664004270725735e-01
-2.866298347160879390e-01
-3.923987878933068996e-01
-3.822201421657615561e-01
-1.425147739608306541e+00
1.447353567157025012e+00
1.700058984130527584e+00
1.827934333323560923e+00
1.297946612697474800e-01
-1.140219418401377194e+00
-9.778912117512006397e-01
-7.078242900083712152e-01
-7.084400633947337544e-01
-1.649753059995454074e-01
-2.292926211041850793e-01
6.801452012687470017e-02
2.427723495993307501e-01
-1.011156713663531104e+00
-3.262998655815656512e-01
2.781028292444107208e+00
1.117912747552587849e+00
1.063939611173875255e-01
1.515684854089868194e-01
-5.892318317929854388e-01
6.013251712111291614e-01
6.503591747507939669e-01
5.615411729284557341e-01
1.286488188458257298e+00
1.329185577405135765e+00
-6.941840931472528786e-02
-3.209137622005981544e-02
1.727894585989804555e-01
6.200802372819398389e-01
-1.459855201932992452e-01
1.282222610314994071e+00
-1.167252214439030711e+00
1.814866993516424554e+00
-5.747928160800208630e-02
-1.156992023010711579e+00
7.372120888755824275e-01
7.465668619009104834e-01
-5.182293257520148577e-01
-1.662361255606505939e+00
-3.817190183080705901e-01
-1.072146226672381131e+00
-9.615603953197601195e-01
-3.001844828332140835e-01
-4.941602284408960211e-01
-2.030184555105545297e+00
-6.138919277202063984e-01
3.343066396947549368e-01
3.195443136504788617e-02
5.402275649157197712e-01
8.857314401820740590e-01
-5.192047789399744095e-01
-4.410088190773681083e-01
-2.141627633519926910e+00
1.316766972228172072e+00
1.868789922433583106e+00
-3.333386059246818411e-01
-1.110658249472873615e+00
7.392901646481637723e-01
-8.514697906257500115e-01
-9.530209709784868144e-01
-7.829387773311399790e-02
-1.065017664371957773e+00
-8.775281748419567762e-01
1.871811058830746832e-03
1.065998643910839982e+00
-2.057920009975932052e-01
1.177241424976986472e+00
3.301891339074880527e-01
4.159872458261039130e-01
2.097752218461790719e+00
5.961177609795635934e-01
2.735908593047584603e-01
-7.059819810416542163e-01
-1.895873436878485196e-01
-1.185096415595605635e+00
2.863187775378064348e-01
1.789069815233362837e-02
5.269542835400559122e-01
-5.023443787225496671e-01
-5.841868194701763661e-01
-6.236795469834339745e-01
7.257778019161642558e-01
1.150654649737857138e+00
1.026895507689739917e+00
-2.747769810224265363e-02
3.847431529164102582e-02
1.573448114651044172e+00
-6.208136577041796222e-01
