-8.070776193252440778e-02
9.258593511616544092e-01
8.551717310139435035e-01
-1.273849748829143591e+00
2.599125777022878725e-01
-2.960982378306599161e-01
1.117316403823775062e+00
-4.309565645724682814e-01
-2.640682593388106181e+00
-2.898605718072287951e-01
-1.008301600863414693e+00
-9.566796084996765925e-01
-4.976166925962013377e-01
1.597143347204071695e+00
-3.403201122487848340e-01
-1.079213306750085977e+00
-5.274462498433981628e-01
2.709696279740638758e-01
-5.389690274087074323e-02
4.179601391255921561e-01
2.812225531910519938e-01
5.720530080886744306e-01
7.847042230914453853e-01
2.163730795884753366e+00
5.590333100373077180e-01
-6.714866148783341093e-02
-2.042654512692831492e+00
-1.213221883537436208e+00
-1.951154263686604162e-01
3.808281573893889105e-01
1.501793371858868575e-01
-2.852320552708330625e-01
-1.275893565891739856e+00
-1.932470439349619262e+00
-7.511318550979296793e-01
-1.399289765253950435e+00
-9.813343333760975451e-01
6.608878816824447222e-01
1.011620802448072398e+00
-5.680993018271334183e-01
2.517333604374535572e+00
-1.392604505390634184e+00
-2.830186676637838628e-02
1.628671778697861894e-01
-6.083356433233250149e-01
1.666960639391776633e+00
1.271935907805518129e+00
6.138867133077978711e-01
-1.366173058691541042e+00
3.575616495079468882e-01
-8.270704897846425929e-01
-1.292699377893719914e+00
-2.479790124982952371e+00
-9.809165539683619706e-01
-1.173444285744397630e+00
-9.115320685612069429e-01
1.553718907129735038e+00
1.570740651557339884e+00
3.911515498438242755e-01
8.792165551090982412e-01
-1.254119017080541632e-01
1.020848897469297523e+00
-1.023121186206643829e+00
-1.199215137851573409e+00
5.149865660224569597e-01
1.261411483849952109e-01
-6.622745354227699277e-01
4.909661510876567325e-01
1.016958537962215914e+00
9.245498643011105244e-01
-9.486177945571726555e-01
-7.274641406293305135e-01
-3.973677577068133182e-01
1.153956006673078738e+00
-7.646005985812874828e-01
-4.620403771820372762e-01
-1.648582423992373425e+00
2.612815449998835415e-01
-2.960411710421438358e-01
-1.747126128679931334e+00
1.526580589278354827e+00
-6.307925963141665093e-01
-8.135644338673596598e-01
-6.535769393163247676e-01
-1.001883761491074054e+00
-9.297687057167050018e-01
-3.389724623574009721e-01
1.501940558894830025e+00
1.351926815650638769e+00
3.875192862247742731e-01
-6.413859460770282572e-02
-1.854624853478054725e+00
-8.559562925008924461e-01
3.766504696994704693e-01
-7.791088870066903427e-01
-3.816976524015556205e-01
-3.941481172102070940e-01
6.208588048428941297e-01
1.965513056414495363e+00
-4.710885136826505892e-01
9.798402211782382132e-01
-1.153777778669410337e-01
3.144098020904715907e-01
-1.280829132335224996e+00
-3.786009875151337134e-01
-9.820562782290678250e-01
6.203316503216643740e-01
-2.616367657933990065e-01
-6.123017249166463616e-01
-1.757789466178471649e+00
-6.789161018710138107e-01
-2.588628200387529943e-02
-5.570314813165884171e-01
8.450107910182718118e-01
3.675788600099412773e-01
-7.499004287101057598e-01
-7.534017337744410847e-01
2.549033133635488224e-01
1.982946792626566035e+00
-4.586568922553346805e-01
-3.656266886231481217e-01
8.640349288142479267e-01
-2.175468915876934972e-01
3.656804475124342257e-01
1.091236543587660535e+00
6.435652665735189792e-01
-6.925775295193614678e-01
-1.583590987519607696e+00
1.016864077467891203e+00
5.181394112184316281e-03
2.063651234318749639e-01
1.410689190403085602e+00
-1.599869870012876394e+00
-4.197527521817105978e-01
-4.838576841466277201e-02
-1.199618091963950306e+00
8.928314704929340984e-01
-3.658214422344056027e-01
3.427627759318166434e-01
-7.622897461911276595e-02
-8.071568900966185067e-01
-1.490397572720925545e+00
2.156955528520622334e+00
8.416011588052066950e-01
2.043940955007355065e+00
6.259922999956515910e-02
1.277513716723024162e+00
2.586944343238826161e-01
-1.768949043115319864e+00
7.634064183521269698e-01
7.323486377818489990e-01
-5.428973376063864209e-02
-2.041742072688568777e-01
7.819351818935865728e-02
5.279259988660293945e-02
6.005211107638204204e-01
3.996915555719113278e-01
1.762711025875733362e-01
-2.874686861511220881e-01
3.118982941356398531e-01
8.473055308976020772e-01
-2.173585414398094551e-01
-5.450301540524415955e-01
2.514239869197367749e-01
1.005752618841707857e+00
4.383967099257637251e-02
1.039039278183962134e+00
-5.165842954591823299e-02
3.278338027801243615e-01
-5.189127972485979567e-01
-1.041922767313131271e+00
-4.650431591259386321e-01
-6.211000031072343441e-01
4.724725047045176818e-01
-6.423577427510437365e-01
5.291035521650495899e-02
6.013378675082047264e-01
-3.466457450744984126e-01
1.990633888330739731e+00
3.022382512838175939e-01
-4.125105815109317287e-01
3.442114251819965443e-01
1.677923140763102339e+00
1.948253034783405946e-01
-4.672356192107923190e-01
5.646484563073037588e-01
-2.041585774191360780e+00
-9.542965235413743974e-01
-4.852434945420905921e-01
5.862560108889292021e-01
-6.148394214667785018e-01
5.226615919507860974e-01
-1.607942366300834314e+00
1.256082070649999105e+00
-1.803332156239012996e+00
-2.477099413966906416e-01
-1.680754910003604552e+00
-1.203391450641811966e+00
-2.260045445142843668e-01
2.231225855023662330e+00
-1.037896244723124806e+00
6.095908650136457885e-01
-1.676381450263595640e+00
1.593898026696876080e-01
-7.300844441001237417e-01
8.532360292033172033e-01
-8.291974310768921441e-01
5.648267976364389487e-01
-1.331900470139431691e+00
-2.430783943443393547e+00
-2.485368544906568555e+00
4.146630640935629053e-01
-3.332238369662363642e-01
-2.797535534282362679e-01
-2.923541279296284490e-01
7.811728478339701187e-01
-4.895852043396003439e-01
1.859458579925482580e-01
1.354649718351502274e+00
6.251899965512675017e-03
2.247660056756839442e+00
-1.054024444389430881e+00
-5.296180207650055261e-01
-2.903152255456483699e-01
3.530602356786809171e-03
-1.461630599456738011e-01
1.093956750547416812e+00
1.637060744906461141e-01
-3.213457520535542566e-01
-5.192489026367499982e-02
6.811205954474128799e-01
1.428425606344461363e+00
-1.410299389888675092e-01
-1.746305514987077645e+00
9.449785331146073331e-01
-9.381709938777662572e-01
-1.357847066860848884e+00
-1.091832420420081551e+00
1.090848972633709391e+00
-3.335999525509928954e-01
-6.232504258402054020e-01
6.660756974956341114e-01
-6.219906824702013670e-02
8.491768573496658590e-01
6.429506523763576231e-01
2.574948799947684996e-01
7.595340261994937281e-01
3.314724409720039677e+00
1.258947595186794000e-01
-1.486026218048182912e+00
8.514602776614220714e-01
6.523501086336526145e-01
-1.420239603338935730e+00
1.636045793398385628e+00
-1.594827963697909246e+00
-5.937642337514988933e-01
-1.035032987282863692e-01
-1.508316348037541221e+00
1.604931518621956765e-01
6.018930861370417329e-01
1.604073573465436831e-01
-1.567180345633260030e+00
1.777071882603028952e+00
-1.858967709832429760e+00
-1.051624848051197603e+00
3.249793896802467552e-01
-1.311699637231378501e+00
1.665451524172050002e+00
-1.576996776977257708e+00
-1.859128815875675356e+00
1.514653309763961175e+00
-8.229510906663503045e-01
8.252069211367571988e-01
2.951791842230432339e-01
1.705258714606436410e+00
7.277365845504570885e-01
-4.563680029669813787e-01
2.321348184188426700e+00
6.005872685799173993e-02
-6.449465149349719040e-01
1.193471722213348629e+00
-1.492327319816988851e+00
1.141613216455223401e-01
-3.615917509692475051e-01
-9.314744710446573039e-01
-5.627687302221503485e-01
-2.017186665793195832e+00
-1.535490292829680081e+00
-1.090431782536862348e+00
-1.544848146687094470e+00
1.096855323929031512e+00
-6.974519137160476445e-01
8.607430039911910802e-01
-3.978204916751892917e-01
-3.292350403105619439e-01
-6.960353776233277334e-02
-7.588566443821463947e-01
1.032587049706193527e+00
1.296286645031506923e-01
-1.077419979130119332e+00
1.408007476114520484e+00
1.260284738066122789e-01
1.804347492734772684e+00
-6.865109494977101878e-01
-9.902965151758196249e-01
4.746099135784606626e-01
1.098025599091809079e+00
1.232688738150684138e+00
5.337517313124826579e-01
-1.985738293128283427e+00
-9.955708867964750963e-01
-1.058836580338870847e+00
1.586906473002652085e+00
-2.081357313027727862e+00
1.854651502224315962e-01
-4.016335204264603886e-01
1.159070508992927406e+00
2.824937973621695630e-01
-2.985763414660907999e-02
7.770324732184363814e-01
7.390884203086490745e-01
-1.747534841561193319e+00
4.018643105558327155e-01
5.710115581310435395e-01
2.267601220093804049e+00
1.937529066632334152e+00
-2.020235093928609782e+00
1.989328205168877428e+00
1.836844060255392819e+00
1.112057418523818342e+00
1.505027310543518793e+00
-9.255203085039707123e-01
-1.191047094012852359e+00
-1.564309203527210895e-02
-1.574188414340083053e+00
-3.508889088381941801e-01
-3.161281135180853963e-01
-6.092713443483072089e-01
-1.348609058481405221e+00
-1.201098117517526154e+00
8.932994238820830546e-01
9.299227635517866020e-01
8.470152537193970099e-01
3.147785212528327325e-01
2.857178399031259364e-01
1.311771669034627052e+00
-1.211134153289540882e-01
3.315126440255506957e-01
2.018105050018488833e-01
-6.309485470486412284e-01
-2.318202841539203973e+00
2.829888544268962303e+00
7.269613907131399211e-01
-2.439467559090105486e-02
-1.386110700713722999e+00
1.961438793923609092e+00
1.362798343730142747e+00
-2.125434680408452293e-01
-4.521977335162027378e-01
1.400515183851095635e+00
1.358752014431085620e+00
2.039615442532887180e+00
-6.618145733324858337e-01
-1.779921994012934494e+00
-4.542946606985305280e-01
2.133868908604324988e-01
1.735232334639040808e-01
-7.564206331683223650e-02
-8.984868692440824145e-02
