-2.004983089816333997e-01
-1.652245041433328954e-01
-2.079530826677195243e+00
3.797533545998837412e-01
1.803716256086978387e+00
7.334454148641560423e-01
4.353234473148256178e+00
7.452541441530255995e-01
6.610819961501641640e-01
4.443158204007348622e-01
-7.186608311958253559e-01
1.537227248673767033e-02
5.985291870751534571e-01
-4.198131504590446594e-01
9.635120215413204292e-01
3.874368647443433566e-01
-2.167435925311095857e-01
-6.145904002111777231e-01
-5.564589227177491049e-01
4.584610991518378031e-01
-1.277221343151306865e+00
2.576318978059750631e+00
-3.541886061149995268e-01
-1.543587369154932887e-01
-6.160271504894112571e-01
1.216663693304343097e+00
9.098760595122257211e-01
6.233781809770728988e-02
2.068517770268932576e+00
1.339304167922201083e+00
-5.689199760465782907e-01
7.544505626347447480e-02
6.964458508967418249e-01
5.511775750306872057e-01
2.515606395917368010e-01
1.910671403269624591e+00
8.585387930242367460e-01
8.683281891048665047e-02
3.381409571610476394e-01
-2.531860844722872983e-01
-5.158721662611794656e+00
9.958593308131393762e-01
-1.038093412238198787e-01
-3.725186374549069868e+00
2.418001683922946787e-01
1.013739627635603657e+00
-1.208939174396102212e+00
2.233092482624654262e-01
2.855209362268855688e-01
8.454174950642401321e-01
6.172740482081688906e-01
-1.111292863979235213e+00
4.583928684122772212e-01
1.998625241679665432e-01
-4.957654374045030177e-01
8.135914827242385350e-02
-1.179288651890987305e+00
-1.553883615472759328e+00
-3.410339501902882597e-01
-1.276937512266407282e+00
-4.425671522422637283e-01
-2.519358791177419565e-01
7.496941768801153039e-01
-2.277095975733989253e-01
-1.444784679980270214e-01
-8.936510003891215970e-01
-1.185919077836563584e-01
5.830431337329735619e-01
2.045877935091643951e-01
5.076675832388636289e-01
-3.313332554194229340e-01
3.441831064531056805e-01
-8.860419501129745967e-01
6.424185424001503664e-02
-9.904556958196102379e-01
-4.894994908233042397e-01
-1.008412036113733423e+00
2.234054285506975379e+00
3.741652583470096438e-01
-3.035694985031862636e-01
-2.191367866230414518e-01
5.948116493733297122e-02
-4.386747145657790448e+00
1.441065730786176058e+00
1.132745313781844843e+00
-2.284524831751358231e+00
1.221915812905241205e+00
1.774701844207703383e+00
-2.663255405450658531e-01
-6.998580876534473694e-01
-3.260854047844510828e-01
2.782069471297502483e-01
2.399475856654936567e+00
1.285037672517803431e+00
2.068609803418850923e+00
-5.669387247364023885e-01
9.233205676873995627e-01
-1.603795590837263640e-01
-5.193607074702382143e+00
2.249319252333880303e+00
4.636884789309586030e-01
-7.750856185802177389e-01
4.040321631355432430e+00
7.658251299227369913e-01
1.093747004001146106e+00
1.283897100802494862e+00
5.988447265251652940e-01
4.199251867911080738e-01
-4.859246112002071349e-01
-1.714852855221807859e-01
1.061222749890241124e+00
-2.512159635698398841e-01
8.082393611001044142e-01
-8.971234659805284173e-02
-1.160073414190604169e+00
5.508205411931168527e-01
-8.083401672150809514e-01
6.130306379006892348e-01
-1.970185220297572481e+00
1.838887501334616481e-01
7.546477146938884717e-01
-1.739277208597911351e-01
-1.815067173059049521e+00
-6.078165345871564540e-01
-1.167678684898560526e+00
-3.231615939091502798e-01
-3.335882895006487825e-01
1.818419995689242397e+00
-1.789754987706181633e-01
-1.801080665977161210e+00
-8.246242757937252144e-01
-5.264049265171429681e+00
2.812525559004800946e-01
1.942152649049637470e+00
2.095384868904714981e+00
-2.256230805194314182e-01
-2.612827466416137945e+00
-1.041124202002902344e+00
-3.407701185796312426e+00
6.731862554379716146e-01
-1.852707566141820639e+00
-1.989387959495564628e-01
-2.391091986021216975e+00
-1.564402811900814372e-01
4.098448753939925027e-01
-5.728648203526538474e-01
1.261446616309204405e+00
-6.507334675144696989e-01
2.150954702151504527e+00
8.155657841340175906e-01
6.618089255407408888e-01
2.779238360959247478e-01
-9.508433248512446201e-02
-1.322627125091734523e+00
1.127033358152265408e-01
7.630266239608167467e-02
-9.522769583128921633e-01
2.872562473236695557e-01
4.832982480960511529e-01
5.315112587241815900e-01
4.570753235451662233e-01
4.806893822849332421e-01
-7.062861076757935841e-01
-3.541949878113600514e-01
-2.712312863673266516e+00
1.109692114057896362e+00
4.566163214750750265e-01
3.717598927087819582e+00
7.875132415642056571e-01
-1.065067240361999623e+00
-9.850866625508575281e-03
2.429038414014779435e-01
-9.151848837193971020e-01
1.478979744740955837e-01
-1.670274085900484984e-01
-8.236014022445174998e-01
9.421637671062917940e-01
-8.087355602958057332e-02
1.070652039814494527e+00
-2.108220785330402469e-01
-3.795309167593524879e+00
2.709534165659860383e-02
-7.560846848387302310e-02
-1.485088390599872965e-02
1.560218326124124255e-01
8.542348449812899869e-01
1.502562315541539073e+00
