-4.859959564251551400e-01
2.000851646462505906e-01
-2.747937670715078218e-02
-1.406062120673175556e-02
1.636602369020453696e-01
-1.258956114803246318e-01
3.370949090758863509e-01
9.059842381248405241e-01
8.407362987160766910e-01
-7.209694976930882682e-01
6.032363948511600127e-02
4.560434143730390799e-02
3.654512490172384109e-01
5.797748912828286638e-01
-9.049318486124405814e-01
-1.880736915254874742e+00
1.715444950611318076e+00
-1.484856838810586499e-01
3.217853467801506939e-01
-5.139389828866253174e-01
-7.659963007326839324e-02
5.788856560209254543e-01
9.130678157131467687e-01
-2.191206221628547279e+00
4.873040177701914999e-01
-3.413881066677580955e-01
2.979300205379987188e-01
1.160975454449247657e+00
6.926157908319661161e-01
1.040348149542104306e+00
-5.105161358213128331e-01
-8.150862130542692041e-01
2.163388785461847763e-01
5.462370826368712073e-01
-3.935889376546481966e-01
6.697296917194675014e-01
-1.209144742335518385e-01
-5.387249588152639435e-01
3.622023443583273217e-01
-2.659125311528255375e-01
-3.053925449023165428e-01
7.238310826252940533e-01
-9.862147735622511791e-02
1.593162009375110433e+00
-3.388717319089448177e-01
8.492360839536701178e-01
4.813833978753502274e-01
-4.027012728113792406e-01
-9.777072887646285348e-01
2.644342573451801570e+00
1.327072941886839885e-01
1.381922809783090456e-01
-1.739270466027856843e-01
4.799144948689834100e-01
1.155095878071788373e+00
-7.406234816530508080e-01
-5.454463727835064807e-02
4.165662756776291054e-01
-3.588890715806391518e-01
-3.244795630829891975e-01
1.299457895048395262e+00
9.513535598529697657e-01
-5.682887873980984050e-01
-8.359822015380891091e-01
-1.134434816065414520e+00
-2.695750326219692461e-01
2.774032404622727710e-01
-1.570598268035323930e-02
-5.687949373404364017e-01
6.462474450732152986e-02
-3.205638041347094180e-01
1.656066953502375760e+00
7.446935133916879890e-01
1.293290502486535432e-01
-8.058948820573919036e-01
-6.592317372857513513e-01
4.174066888425914668e-01
-1.564516851217543913e-01
-3.806856375987396901e-02
5.195425627988801143e-01
9.362286670346238182e-01
-4.621221741770600300e-01
-1.948341344613756743e+00
-8.278115389333832175e-01
5.182808385363423254e-01
4.126207856529082729e-01
6.791981468587013904e-01
3.831956575107031138e-01
6.611899882097058700e-01
-2.774506550692275586e-01
-7.186023351211350274e-01
6.786393608829827118e-01
1.722607747030040271e+00
9.565186016884829057e-01
-6.348915483554125050e-01
-8.308418042986745466e-02
-1.566866602132840208e-02
9.665530886845649094e-01
3.427573972360001275e-01
-1.334863115812272849e-01
-4.139413861152321239e-01
3.183539155054983527e-01
-1.535952081261679592e+00
-4.365831257503013929e-01
2.385670601530612611e+00
-3.012048194527209288e-01
2.663983414892291401e-01
4.073469541055439458e-01
-5.581429146149552434e-01
-7.453111134026697560e-01
-4.383242483017426028e-01
7.940081194414043697e-01
-1.079866039936383970e+00
1.098992333430038659e+00
-4.494330366498570928e-02
-8.712055075334643739e-01
-1.237576828880531804e-01
-4.127926673220765341e-01
-1.955096653681256402e+00
2.596464388001952228e-01
9.213505546234677102e-01
-4.306381734858174548e-01
1.142805213455031499e+00
1.275318966644406471e+00
-7.807129021350591724e-01
7.341180802356941371e-01
-4.361444657118944412e-02
1.396375225103516415e+00
-7.677991999780598986e-01
8.137869658479089940e-01
-6.403448354999506931e-01
6.717111902226634568e-01
-7.871556250462260484e-01
7.848024970125767608e-01
-8.914469455466169645e-01
2.051135568569324719e-01
2.627450989944776216e-01
-6.178801562678748471e-01
-1.183535098220391824e+00
-4.508911956477776872e-01
-4.466169424842627578e-01
-7.161834051746338026e-02
3.490335065758132793e-01
5.409322418746060901e-01
-6.839279465029817207e-01
-1.696239339583888173e-01
-5.060097179749667440e-01
-1.024242615096653708e+00
-3.981714841308043873e-01
-8.399043472419940315e-01
-1.077612525269019961e-02
1.860404062986164564e-01
-2.605107286985082204e+00
1.216738144323969095e+00
-3.108475600930293292e-01
4.698104464911330158e-01
9.588268497355701969e-01
-1.711956153851398321e-01
8.611646126515325461e-01
-4.772333798838809815e-01
8.649802545454844671e-02
1.862578432256515315e+00
8.649152106804602891e-01
6.129897276069377898e-02
2.434979100280503794e-01
2.049167266790437592e-01
-6.784626253802990004e-01
-7.004360356942926913e-01
4.604606356152471935e-01
-1.027377604860402860e+00
-2.398310403929181100e-01
8.696310306792889300e-01
-1.637094814248928776e+00
-6.365600101174461178e-01
-3.531177175207911301e-01
4.728301513027431957e-01
-1.229370547044936313e+00
7.356098583887233922e-01
-1.056674222364442306e+00
-7.166614789042679012e-01
-7.411592774713672560e-02
4.194136750092898325e-01
1.606924948616348159e+00
-2.339407932295288095e+00
4.399756596533348496e-01
-2.048482327144729442e-01
-1.364655692635682094e+00
