7.692431152598364630e-01
6.874875152471640050e-01
9.223913509534819033e-01
-6.961289596557541648e-01
-8.361890292839772032e-01
-4.661172206648465655e-01
-3.442599929366679246e-01
-3.872860994567590698e-01
-1.554835751551896517e-01
1.158230030898008023e+00
-6.042373238871363572e-01
4.901835500570172477e-01
5.625957299059523020e-01
3.499512557647630473e-01
-9.931179817279310595e-02
-3.224389222933503607e-01
-5.930286596043540248e-01
3.899590133591188112e-01
-1.182006696513180355e-01
-4.513398921552256859e-01
8.235145940631830586e-01
6.546894946226338163e-01
-8.235859126165703259e-01
2.555436747705377432e-01
-3.833428312674564964e-01
-6.424762144773022987e-01
3.101836401488513584e-01
-4.192299574179992327e-01
3.875563249806360244e-01
7.290871956619875416e-01
-1.020502905811128957e-01
2.355040012529802107e-01
3.382204870118568629e-01
3.018951558417041214e-01
6.793460260142905049e-01
-4.438384204663087251e-01
-8.280544356316140719e-01
-2.853394690023378089e-01
-4.715039616659274513e-01
-5.314841862624597457e-01
3.158247043385973840e-01
6.349263751396405642e-01
4.122755657817235853e-01
-4.216010799003918064e-01
-1.241510957555994832e+00
-7.055491247360932139e-01
3.813651398077932964e-01
9.027896681506428211e-03
-1.051698906644194853e+00
-2.127721526340675684e-02
4.660526506627215015e-01
1.779633198037642861e-01
4.832315522606907554e-01
-6.543213721186247334e-01
-1.124466000198115490e-02
2.040153991214977702e-01
-3.247153073581366400e-01
2.734243877932732714e-01
-5.763512824093864895e-01
-4.395404226396907865e-01
7.892373003302947110e-01
2.805301605239239604e-02
5.002020235563070516e-01
1.756793860963520026e-01
6.997112780382779285e-01
2.846418011127113123e-01
-7.495773743391495048e-01
-4.516353836443507408e-01
2.424221258919585509e-01
-2.408904438132309367e-01
4.100978632312806682e-01
9.266289277445655115e-02
-4.029091411744780693e-01
3.601808780577389624e-01
2.088565938155799162e-01
1.353027879469449746e-02
2.499302295479652880e-01
1.205249306015303279e-02
-7.972330048709027617e-01
-6.763474664061013275e-01
-5.819332235571091916e-01
-1.214342094560842827e-01
-4.385986248434569079e-01
2.785674662023692738e-01
4.883055772133621519e-01
-3.407867576118416286e-01
-4.892829707607845302e-01
7.455683355319104866e-01
6.060945680476240716e-01
-5.912070320205423668e-01
1.691911806564843079e-01
1.468705980714320347e+00
-2.046425709454517405e-01
-2.665432120394606863e-01
-6.801280259843073273e-02
-5.221843615617168810e-01
4.909496907391993070e-01
6.563407622384175300e-01
2.801409576394004453e-01
1.085575607993863212e+00
-7.579690697579588576e-01
-5.127238024419923379e-01
-1.451035033175079869e-01
-5.176628852183685625e-01
2.983192962209979537e-01
1.235120898296636349e-02
-7.947215670804733123e-02
-3.255772426975094280e-01
6.867586324841107315e-01
-7.023527448105671978e-01
7.807259370526834497e-01
-2.856877138661499949e-01
5.126979405536900014e-01
6.768403211987586987e-01
1.148990620542141183e+00
1.311275231384341489e-02
-2.464178075964086612e-03
2.282838200360031433e-01
-1.811909644332288516e-01
-7.894952101241831111e-01
-5.753463842408533813e-01
2.813669059951567353e-01
8.993499019044493004e-01
-1.331843923102102645e+00
1.352117960073945246e+00
-6.242830140967112751e-01
-3.719001359408805052e-01
3.973386228838097778e-01
-4.412656566277016190e-01
1.344858345632128138e+00
-1.804331476824405645e-01
3.314470199272400164e-01
5.970222042269439644e-01
1.375651972370632026e-01
9.704089811420498757e-01
-7.007522698728364530e-01
4.494667749234588783e-01
-1.322685461856372424e-02
6.475064154418077589e-01
-3.739344784751301720e-01
8.206629488522185767e-01
8.799804308751567605e-01
1.461540990938429152e-01
2.018445600117396710e-01
2.696555428167266011e-01
1.435092221068392737e+00
1.430100150555757343e+00
1.953949098761906533e-01
7.991007274958246143e-01
4.964559996055545668e-03
8.130232776550991858e-01
7.663478033171452486e-01
-4.832868569160739258e-02
4.016300941255315227e-01
-7.694600662878696706e-01
4.229631671344106225e-01
2.865401724001491734e-01
-1.033699354600655651e+00
-9.415152873189904792e-01
-1.578027913523725456e-01
2.132205984528896814e-01
-8.756245219791652934e-01
3.900492836196731705e-01
8.505535884852662154e-02
-1.771642979108255522e-01
4.215507386521549077e-02
-6.676292435717802176e-01
2.456347773724310013e-02
-1.041722885056770354e+00
-8.261637695756448574e-01
7.217053851315302637e-01
-2.358277861198276593e-01
-1.011050838571919019e+00
-2.054114530905796210e-01
-7.037175697120020557e-01
-1.786060679157287501e-01
1.367903045034279730e+00
-2.415178479777712883e-01
-1.322983651377981351e-01
3.218458177682179122e-02
-8.425819885237119111e-01
9.533732796745787441e-01
-5.563295008764839178e-01
2.103482757315536522e-01
-1.100017909081870471e+00
-9.514443715333640306e-01
2.342618542555218453e-01
-8.491758798318691515e-01
6.530800431424164110e-01
-9.589601044730537982e-01
-8.895933048882603833e-01
3.431835062387243729e-02
-8.352315447463767861e-02
1.373698787077397010e-01
1.938674775997963340e-01
-7.966393055331491002e-01
-4.910915754614781914e-01
4.011097739311624277e-01
6.642493018767520185e-01
-3.385936177539353720e-01
-5.957386417765360154e-01
7.895077140887535316e-01
2.225360651050139749e-01
6.842048922454871951e-01
1.026429830978806912e+00
1.122194556235422080e+00
-1.321631654218998086e+00
-1.048990176920767459e+00
6.244326937843658332e-01
5.328855208188281178e-01
-7.234094455846556970e-01
-8.299667083830923608e-02
-3.631335394972159958e-02
1.450824166335309418e+00
-1.190347726719169552e+00
-1.719051433366576842e-01
-1.232100038237822437e+00
3.807274501807229594e-01
1.038121926169175868e+00
-3.359195542726975403e-01
2.894808621160542828e-01
6.792624721924567233e-01
1.081349060505983450e+00
7.011690301498807454e-01
-4.994346367531396491e-01
-3.609404461442579093e-01
8.922480077354641992e-01
1.220314053151398292e+00
-1.169777681338118214e+00
-7.827571722120568731e-01
-1.090954731182710358e+00
7.327490732598087586e-01
4.604053173880759964e-01
-2.799116938487568040e-01
9.906051431551180508e-01
-7.796945495969216378e-01
-3.837630657388778621e-01
-1.221988135140593013e+00
5.191643398825203093e-01
5.381880204076415763e-01
2.734247888898596601e-01
-3.193691710267513306e-01
-5.625757850299062390e-01
4.433071948746231117e-01
8.478404285491227821e-01
-5.922307936094186459e-02
-3.018853795582186472e-01
-1.478642273838819854e+00
9.078386170530289290e-01
9.906133581043576886e-01
6.110342454981976257e-01
-1.726909855430824314e-01
-2.432278957013871146e-01
-9.838205220543737584e-01
-6.152079877200851421e-03
5.775486046791087347e-01
-9.781610062217401813e-01
1.395136155282917123e+00
-5.403165334938113684e-01
-5.283030697043579194e-01
4.887710793476979232e-01
-5.908549747997863255e-01
-1.511671211912798407e-01
-9.273761771123187336e-02
9.255267964448114781e-02
