3.377870189980355931e-02
-7.484534969838482210e-01
4.658314446584622681e-01
2.251768808753361328e-01
-3.834827317601742225e-01
1.273311612082020927e+00
-5.790038952808734818e-01
-4.933104013547814359e-01
-3.467185031594964828e-01
1.693143120076856523e-01
-3.659425785861290525e-01
5.895901364613770346e-01
9.426787104196970857e-01
3.810128410541001043e-01
8.681810579597492028e-01
6.541483538875431103e-01
1.200710112990938383e-01
-5.325395200462353928e-01
-1.227684775451140520e-01
-8.973564601907769722e-01
1.043361178616503793e+00
-2.096022520494169039e-01
-1.258623128576006125e-02
9.647307447048709683e-01
-6.980653311807935024e-01
-3.839524467309775313e-02
8.283851512495682412e-01
1.653237671758979177e-01
-7.068481457017459224e-01
-2.327867897736934033e+00
1.378924419495132503e-01
8.359962590425127349e-01
-1.658842358874988987e-01
-5.926229180926131379e-01
7.953658083199897921e-02
-1.229939743944822861e-01
-1.473291263321286015e+00
2.053045238882992063e+00
-8.062219854522757467e-01
8.936817125937934758e-01
4.859838784336740769e-01
-7.389049460380305856e-01
2.699385856004501427e-01
-5.270678548189734469e-01
2.089610376942657499e+00
1.194447475015370408e+00
5.118720362313760042e-01
-4.917280742355460005e-02
-7.624683160058266518e-01
-3.756910377645912846e-01
-4.240453621890954983e-01
-2.264491313896143942e-01
3.613919260542717282e-01
3.423615115670846504e-02
3.992868022487437996e-01
-1.546229216636607173e+00
-1.054608849092252276e+00
-8.243510196983548921e-01
-9.378505143282242495e-03
-9.342180059753755206e-01
2.584179657522973184e+00
-3.586737708408874736e-01
-2.594695430715281859e+00
1.617827936966201419e+00
-8.241121719889152875e-01
-6.221956818278849555e-02
4.170405467578358616e-01
1.915743493983679824e-01
2.610339621842320268e-01
1.114530065888693355e-01
8.211244754381392674e-01
3.529362702838941268e-01
-7.481494260356901238e-01
-6.989164253843798136e-01
-3.803463882283312780e-01
-8.112674541871151002e-01
7.656302271746785459e-01
-1.089260645217097201e+00
9.658251387560505552e-02
-2.683704661206340880e-01
-4.019635328033824839e-01
-9.072303303605343539e-01
8.606770367123820487e-01
-3.823006331580171557e-01
-5.304776390930003860e-01
-1.972086649386232404e-01
4.864572282557028116e-01
2.001965242759215613e+00
-4.174676922177923966e-01
7.901193478845135176e-02
1.856426815699912039e-02
1.993784411361055220e+00
-6.966749617213016665e-02
-7.565176454654947147e-01
-1.173964377516991231e+00
-6.779098142245584269e-01
1.382268729841538146e+00
3.423132360812348729e-01
4.307892616074353032e-01
1.762363096501808446e+00
-1.114317338574271621e-01
8.896186915590202915e-01
9.361805850254270589e-02
1.162874344575532515e+00
-4.696643787577305940e-01
-1.508421721474201109e-02
9.036828179072914358e-02
1.421472607785759124e+00
5.261122741000633374e-01
-1.297631620148263082e-02
-4.309963694405912621e-02
-4.752003320591461355e-01
1.459443757389182306e+00
5.488979571975058924e-01
1.158826754095734490e-01
-8.803404247211982225e-01
-3.762183612190422854e-01
-1.354175111300567114e+00
-1.547383404045976352e-01
8.160926660341710770e-01
8.472850441432093760e-01
-7.021180765042578376e-02
-4.846644876571202243e-01
-5.018103239163571594e-01
9.407596677894376480e-01
3.069320397941978640e-01
-7.658719108271694331e-01
5.224870922837462350e-01
9.615708517005203126e-02
-7.794702232855059698e-01
3.489446510369887400e-01
-1.139911071323033376e+00
-9.726135131897168939e-01
5.457957889892948999e-02
1.830652502312956620e-01
-3.733973192422167520e-01
6.461905158631559010e-01
1.007115945982720723e-01
-1.908679524004268380e-01
5.901167397865140218e-01
5.923815646133313573e-01
-4.846091081315936910e-02
1.785385085783035980e-02
-5.872942550604790535e-01
-7.524386512871217292e-01
1.512879806210249978e-01
-3.296756654254512919e-01
-3.773777587212817641e-01
9.553903332910972379e-01
8.959514468316528424e-01
4.891830629918221818e-01
1.565650064506869388e+00
4.011864730050098693e-01
-8.864831475887777756e-01
-2.999780905013758936e+00
5.517980903268630832e-02
1.685063467988539010e-01
-9.454756985211365539e-01
-8.455317659351032633e-01
-8.576977403094606656e-01
1.148919554499723494e+00
-1.604060048123538140e-01
5.719073125701788773e-02
5.769999848725367864e-01
1.189852393969762057e+00
-1.489016033554105833e+00
-8.895351095515600104e-01
-5.636393820302627589e-01
7.812663796142860217e-01
-9.355508262220394444e-01
1.010663284781241789e+00
4.264194942138923028e-01
-1.060385625315469094e+00
1.934233654422530257e-01
1.297008055357925516e-01
4.873584424355037470e-02
-1.048948037238445763e-01
8.307876529120729048e-01
1.579467817625186843e+00
-3.729251702190052420e+00
-2.545323750013432917e-01
1.639109265679378202e-02
3.204987369695240784e-01
5.219794343706819079e-02
-7.076612093332674824e-01
-4.331586504557893291e-01
-2.961037322111477743e-01
-7.390582078067563510e-01
1.775056639296343608e+00
-1.950709070969848025e+00
1.415198409227401477e+00
-5.036911467313124335e-01
7.316761986099253878e-01
-1.559621803764502879e+00
-1.162197368442813294e+00
1.328300825241425898e+00
-7.927381379451231558e-02
8.783432762194315346e-03
-5.673627147976660623e-02
8.722588988411225097e-01
7.943710263193724808e-02
3.650767851722134805e-01
5.935243521004668343e-01
-9.032776114387012223e-01
-1.420702008615842560e-01
-1.016182285869217106e+00
1.629990358982961407e+00
5.397470978033842570e-01
-5.937592996419664981e-01
-5.932792007815645974e-02
-7.241763777794943957e-01
4.566622503566149516e-01
7.734166139858463795e-01
1.100390694273380154e-02
-1.176643672048260481e+00
-4.046838455200523210e-01
3.377424701450655320e-01
1.398781387276523791e+00
8.381425911317694766e-01
9.505948106960053767e-01
-5.383225413929039471e-02
1.015992287873687339e+00
8.765874723421016035e-02
3.534341500108241496e-02
-7.437445893313868739e-01
2.150042647166932497e+00
-5.823553751379475507e-01
-3.333810885147824032e-02
2.597325197393430263e-01
5.964377126291267039e-01
4.961634202458228837e-01
1.473096773001147941e-01
1.309005332714160419e-01
-7.340829695544357492e-01
-1.409792495450410632e+00
1.219381966272989615e-01
-7.655561089653707407e-01
-9.931937315214562911e-01
-1.823655758652604209e-01
5.014528499609673118e-02
3.704784341070679887e-01
3.811242030450292528e-01
-9.140668932340720865e-01
8.299089387906595228e-01
-1.350503599992480125e-02
-7.747101852232850527e-01
-7.138628411851655198e-02
-8.595223555116693337e-01
5.609646796134094560e-01
-7.108709051461292727e-01
-6.529434376004449314e-01
7.386791136957074899e-01
-3.155357616155952116e-01
1.117398994233144288e-01
-1.170181700436197583e-02
-2.091347804507094621e-01
-2.519306537519540035e-01
4.426178445673260020e-01
-2.711954022309880363e-01
-1.512212189602021306e+00
-4.601725391363005180e-01
8.059838322044661219e-01
-7.464477011854927513e-01
1.912633553675375797e-01
-1.434350268459852806e+00
