8.281295829496565508e-02
1.466992841015820614e+00
5.352953669377468193e-01
-1.887310985055638657e+00
8.426682054769916164e-01
1.578825305508998689e+00
-6.964319661444854370e-01
-7.307188506780006865e-01
1.253085431973107289e+00
7.508456382361847758e-01
-1.047865219838082507e-01
4.827899414838329406e+00
8.265556066245020039e-01
3.483586296807947846e-01
6.375110494219834445e-01
3.662877785524605856e-01
-4.309962081207726059e-01
-3.849481263227649275e-01
1.496821043973183496e+00
-3.087747737526727931e+00
-2.059545641928663684e-01
5.817461218249171395e-01
-2.303971791284040282e+00
-1.659321248844986690e-02
3.055832763810787389e-01
1.854626295772689115e+00
-3.999676791968042044e-01
1.023422735752281820e+00
7.300927173855700225e-01
-1.042566536516681408e-01
-7.164513329524085927e-02
-1.180774215532481575e-01
1.133655993035247445e+00
7.904325549541276752e-01
-1.233524280072898355e-01
7.357379012130295104e-01
7.820908177035460485e-01
9.378538121916877301e-01
4.463522820170553462e-01
5.907886173601373248e-01
4.317433595600864926e+00
2.449845222331110683e+00
-3.324042510554029439e-01
5.289462008122450820e-01
-2.975594787516351314e-01
1.967778927540124290e+00
-3.051827052835807130e-01
1.939737356292161596e+00
7.563377239657684825e-01
-5.593859855677474791e+00
-1.259110093131622365e+00
-1.609104486018305691e+00
-4.120098338709576868e-01
-1.351504946561976395e+00
1.403341796528455365e+00
-1.589906916346623067e+00
1.933611213761034620e+00
-1.935357372376244334e-01
-1.075442117393426766e+00
-9.594419212594760271e-01
6.549282692680711282e-01
-1.018738128458509529e+00
6.582828113831652450e-01
9.527699610080131443e-02
1.702805901441882375e+00
-7.530818676323937366e-02
-1.418088025780591899e+00
-1.583746870620085234e+00
4.082500265492962077e-01
2.746383883608121579e+00
9.638886932881414182e-01
5.747798309493682423e-01
2.239494139265235662e-02
-1.486576613304585459e-01
3.424630217717052894e-01
-4.009753661027153804e+00
-4.272672912442109783e-01
-1.335455948560253958e+00
-1.407957891808290674e+00
-2.947049853999446634e-01
1.410431120357020784e+00
-2.412462030536877577e+00
1.405514631564484640e+00
-6.741892809738685433e-01
1.243695407038693412e+00
2.363308833029114930e-01
2.130388039607179707e+00
-1.038011290525475916e+00
-2.193607947955526605e+00
-5.767893946632511870e-01
-2.419110848749330689e-01
-3.223852131414271516e-01
1.705412121410787574e+00
-3.055291453540421309e-01
-2.227528277656298239e-01
-7.302558452360786712e-01
-1.943322200443699521e-01
2.568100521764168365e-01
2.025215524661845290e+00
-3.094698872880536022e+00
-6.538569257305563154e-01
-5.347589496151251565e-01
-1.254691909673852690e+00
-8.727094761718984239e-01
-2.217593430240108743e-01
2.877787946793810420e-02
1.274046328157960595e-01
-1.024539047470437170e-01
6.815925627770783590e-01
6.389438266371305630e-02
-1.678522909003100860e+00
1.944573500988105774e+00
1.102560845553800295e+00
-8.072346054095718149e-01
4.494373004176508424e-01
3.014895550741023555e+00
3.684669358804887884e-01
2.590307327175994101e-01
-5.562481831810710098e+00
-2.288286627221511882e-01
5.353058220438564607e-01
-3.374422307835338031e-01
2.658861527141142544e-01
-2.026102897467764730e-01
2.152198290343635412e-01
-2.271488672347660831e+00
-8.853403356451371442e-01
6.523260978774012564e-01
1.557472740705771796e+00
-4.388374119991264588e-01
6.164968656300205962e-01
-1.583735033244795698e+00
-5.191866477049026374e-01
-1.130959236352405917e+00
-2.790614641243427951e-01
-1.036717674285551061e+00
1.728556534430317315e+00
-8.013289207994794827e-01
3.239685390944347709e+00
-5.045113711288533587e-01
-2.207315969975439940e-01
9.099141660135570131e-01
-1.342152362323778769e+00
-7.604015492844615753e-01
8.150755426948720350e-01
2.416085271651760458e+00
1.355029208231483429e+00
1.218649312046388850e-01
-4.931462961023058145e-01
-1.454961992669513982e-01
-1.821746017260356953e-01
-2.350458541086664077e+00
-2.103090915033600794e+00
1.404671982048332879e+00
-2.545219768771685431e-01
2.476403499858203627e+00
3.424493731100755056e-01
2.073289330979637135e-01
-8.359867912053253747e-01
1.161608167223685761e+00
-1.303408917650551446e+00
-3.029481088531739696e-01
9.953348895031977062e-01
9.368953673868056775e-01
1.148842876411228398e+00
-3.617260452298812212e-02
-3.066198894876984715e-01
-9.636675163290061574e-01
-1.912603999854267656e-01
3.329158553167214096e-01
-1.046529359216098909e+00
-3.627168521371033627e+00
3.301054804875682147e-01
2.179813038012831328e+00
-1.771127491526730768e+00
7.084439198350805933e-01
5.740114694497335801e-01
-5.503483910349874497e-01
-1.293365766246666659e+00
1.247736322688367983e+00
2.192151405979588574e+00
-3.219702755475368772e-01
3.024648946126677451e+00
2.134171386676471993e+00
8.094295216185538877e-02
-4.297169838604638636e-01
9.713883599786814482e-01
