-1.359135628437270205e-01
7.086023165480961339e-01
-1.009927612945126452e+00
-1.076842223557707090e+00
-6.829404586497389573e-01
5.498778041140582884e-01
-8.722933994900985422e-01
-1.976944255231519176e-01
-1.003682995104445697e+00
7.540530294257821176e-01
6.150640151071546935e-01
7.883590924424950241e-01
-2.971692289700789136e-01
3.272928163925571954e-01
-5.385108714467021773e-01
-8.681865346547652518e-01
-1.171245178878097315e+00
1.106541499368083770e+00
-3.998136601617269248e-02
7.850977092327841023e-01
1.486580338791410494e+00
-8.764193972071068206e-01
-5.611174575608771087e-02
-4.009910682444043362e-01
3.702147755883694047e-01
-2.099380148427970050e-01
2.530114416673626132e-02
-1.010922338053380942e+00
-7.545990153954923452e-01
5.029283937888504585e-01
-2.060103615655506093e-01
-2.964306736204882498e-01
9.737511706050611116e-01
-7.617265876707799421e-01
-2.428072813909529504e-01
2.531819768416589955e-01
9.255176238070539352e-01
5.119396885228504335e-01
4.290135468889296755e-01
-7.436463231544331309e-01
-4.679070533970777768e-01
-3.571052411725218478e-01
2.640836468289003980e-01
-5.172885435574993140e-01
-5.731941782984704137e-01
-1.579113902129669622e-01
-2.363574568295827572e-01
7.216464756914692247e-01
-7.614303202564642881e-01
-1.009032871247005581e+00
2.737880727827526894e-02
9.840098921817106437e-01
2.011589564111426198e-01
8.011654424516729822e-01
-3.016397892794944191e-01
8.185931067606212475e-01
5.401487988463280487e-01
-2.956250216827379651e-01
2.584423870472882800e-01
-8.415678765323575394e-02
-7.673687603769240306e-01
3.297432625447836996e-01
-1.181832661722106714e-01
-1.590048338363842184e+00
1.128016214515749349e-01
1.094523638560931822e+00
1.364236328649599095e+00
1.792533116779599700e+00
-2.993494172964805689e-01
1.965998966236054413e-02
-6.917496079353905314e-01
2.266054805425876395e-01
-7.010322455946734754e-01
3.376146459107304265e-01
1.086098316179379963e-01
-2.099600829542130065e-01
-1.523696847497914286e-01
-9.332967112365587736e-01
6.286347735253605684e-03
-4.407175923144182605e-01
2.448769917028733589e-01
3.300321127209100980e-01
-7.129581116475638414e-01
-2.439733427164096913e-01
4.502379165598744959e-01
6.447447671805870417e-01
8.192978178321936866e-01
-7.132277742777202167e-01
-1.355652924344036836e-01
1.191779214352528760e+00
-1.632310227105387701e-01
5.919462509562402053e-01
1.521674090518552458e-01
3.898147980589149464e-01
-6.113334642005262554e-01
8.617713029515720047e-01
-5.549209960323286950e-02
6.824712339759415602e-01
-1.257932237935712294e+00
6.154082921057946187e-02
7.612810134078895619e-01
1.120914517814662004e+00
-9.588142443004852300e-01
1.414424501093752007e-01
-7.726417239828121675e-01
1.179040300633387828e+00
-6.381644409981077626e-01
-4.677903820036271032e-01
1.047249805498153830e-01
-7.195280268763049047e-01
8.621694802690779147e-01
-3.454411562517094025e-01
1.366945983979092061e+00
6.430851120842715485e-01
1.082262596164090263e-01
-7.378281569742162205e-01
1.427532187894594573e+00
-7.044413209673314746e-01
4.146545387490001566e-01
4.648871063496598510e-01
4.435950284872943183e-01
9.025204824712733664e-01
8.194422481591627505e-03
5.850482242361042529e-01
-1.866853821949134296e-01
-2.799828207489919452e-01
1.048464776286830158e-01
-5.027101833364612249e-01
8.673347748087053555e-01
-3.272811819940814049e-01
5.976039289807258958e-01
-9.758385449503161058e-02
3.511556554492278881e-01
-7.047115043903791065e-01
1.282674963841015980e+00
-2.056667349913323672e-01
2.741291549303257469e-01
-1.062856192284265866e+00
2.182538544141354730e-01
-3.514263381219219218e-01
-2.900402879166186221e-01
4.116575841556467386e-01
3.831180737390965096e-01
1.048980239552712357e+00
-5.869961052252260503e-01
-1.506442559249427715e+00
7.193635996882945527e-01
-6.286857349308244691e-01
3.939837760152368751e-01
9.231517334176018164e-01
-1.020705107028618608e+00
7.549496413872889278e-01
3.460617116146260663e-01
1.102176843746249107e-01
-5.750427571857568143e-01
3.116884539303037549e-01
-4.675301224641006947e-01
-9.289273541366536158e-01
-6.383325171484122151e-01
-5.700505346302305043e-02
-4.509607761139439730e-01
-9.444260656778904472e-01
1.041836253484478281e+00
-4.237878254389113586e-01
-4.589631532950369519e-02
-2.594891559983121820e-01
3.557017793694331464e-01
-2.201044989985173062e-01
-9.925076640782314330e-01
-7.835696035628431089e-01
1.862800988162539861e-01
-1.761262044017432582e-01
-4.403472500319477456e-01
-4.104186995205332256e-01
-3.432004569839840202e-02
-2.080971911438183608e-01
1.234475981334709926e+00
-2.763059535557528257e-01
-2.615061777930260956e-01
-6.885554500256506338e-02
2.342130205850554425e-01
1.077142018363794973e+00
-2.103992995062281546e-03
-8.671462489656056594e-01
-6.126728127067309071e-01
-3.969636389097216389e-01
-2.551206417781628488e-01
8.114638802175444532e-01
-1.237909943689285974e+00
-4.375735647863349675e-01
-3.197232721501938046e-01
-3.271770714509645295e-01
-1.853786139094483754e-01
6.872441284596583766e-02
7.475846360534064150e-01
-1.141731442899247995e+00
-1.234543298424998214e+00
-5.093235970921752287e-01
7.927407265077957010e-01
8.604376994515859911e-01
-5.654971835878298547e-01
4.845496697224926930e-01
1.662531555807638117e-01
5.208357750968112265e-01
-8.736644147464470711e-01
3.048563602803268102e-01
-9.452711554934977167e-01
-6.140575686699867308e-01
-3.920923460052863629e-03
-4.427581129414747685e-01
-9.950481442105256757e-01
-7.657076763707351130e-01
1.057874414488218617e+00
1.448671858098993015e+00
-5.555916984629292177e-01
1.632918372974317966e+00
-2.569484707286378011e-01
-1.028291174178676548e-01
-1.793605376128779794e+00
6.984917933932450751e-01
-3.868692548068351500e-01
1.017042120696309615e+00
-5.868136031679108688e-01
1.325526578993056814e+00
-5.831623552400539978e-01
3.751800048172043711e-02
7.076401952809581175e-01
4.569382581192323878e-01
2.949920951507754019e-01
4.648197292209889364e-02
1.313177122938422592e+00
-3.256638265080701866e-01
2.464868566790680282e-02
-1.191499898167693194e+00
-5.225868955928136828e-03
-1.697540980464376403e+00
1.519943150089912431e-01
9.101472817649787495e-02
-8.092246901060528019e-01
4.462518580057952544e-01
3.705207596376574042e-01
8.146237837401623660e-02
1.217547266608376866e+00
-9.373678428023972664e-01
-6.612933292641625105e-01
-4.216895917681300898e-01
-1.209806948959631256e+00
2.867609168702052180e-01
-6.108115668392810615e-01
-3.663628297268275436e-01
3.425939731503807595e-02
1.012487788834175895e+00
-6.442470890779834480e-01
6.868572872320342082e-01
2.425761618763218330e-01
2.966265053408636554e-01
1.121974035456612395e-01
1.158651133529774307e-01
-5.189428772197813844e-01
-2.288105605897069461e-01
4.391728480705343607e-01
-1.708228465978453570e-01
-6.711708008300921735e-01
7.344187972625001448e-01
-1.399139038189423784e-02
