6.116215186134116299e-01
5.958063349012643339e-01
-3.977789944046654647e-01
-4.104452630340766489e-02
-1.122717009468143790e-01
6.299402987824807010e-01
8.674676878216338594e-01
-1.914092188859868593e-01
1.720194383996248022e-01
-9.041003607699253930e-01
3.752513792596261499e-01
2.952433467601136563e-01
1.151164242460712694e-01
8.207366727898913750e-01
9.213618064653110729e-01
-1.449986863629353917e-01
2.711621911267364515e-01
3.408226753446314677e-02
-6.202856757841169744e-01
-5.816777639772550135e-01
-8.273423321534585373e-01
-3.249840474529983037e-01
-2.568525767535418947e-01
4.520577960670464912e-01
4.739875541112802959e-01
3.011982062588430820e-01
5.927573235456786716e-01
6.567902576380474367e-01
1.956106294050781180e-01
-5.637500672210992159e-01
-7.704099636750673108e-01
-5.359963903254617579e-01
6.345950045833707032e-01
-6.873310221676520726e-02
6.311038694777042490e-01
2.628902378887246760e-01
-6.511919044365558351e-01
-1.283034691437189290e-01
2.403159001281648388e-01
3.671941830179070720e-01
3.820530233352344984e-01
8.444166539659622162e-01
-6.551437639881675379e-01
-3.560894048205551221e-01
-4.847820926144817966e-01
5.258385320871166169e-01
-6.272998991103706512e-01
-7.672326782360526787e-01
-8.629929412655863441e-01
-5.988905425803322385e-02
4.911704218365697816e-01
6.457345561670803091e-01
2.686455868006638603e-01
3.157434730769718700e-01
1.464314159898224832e-01
-5.334023144887696244e-01
9.789814609222062813e-01
-4.753341089600012781e-01
4.683805751891876312e-01
6.816789770651444647e-01
-9.099320098339661600e-01
-6.313225604809652447e-01
-3.456507355539907844e-01
4.710363138070213229e-01
2.801712826057220496e-01
-4.682420974485841381e-01
1.252606163971239639e-01
8.370937063967349712e-01
-1.033574668141453490e+00
-4.444045947157729270e-02
-5.948928051276219930e-01
3.733627146428157295e-01
3.682531809668561085e-01
-3.668251941250738057e-01
-4.075656922068252586e-01
-2.338182479910823064e-01
7.153931711157859308e-01
-6.734025171597668447e-01
4.587262459493133826e-01
-9.612168816157653506e-01
-6.469125726784961117e-01
7.749798014129006818e-01
-3.053265347369023552e-01
4.307723331547683721e-01
9.974460043082716831e-01
-7.612933699201849258e-01
-6.934925019500409737e-02
-8.501854723197685426e-03
7.089919181152952721e-01
-8.351642968584429561e-01
7.174219586757047962e-01
-3.140426829199153280e-01
-8.440535993990417873e-01
1.285164301732930614e-01
-3.487145396917147866e-01
-4.498200187730450050e-01
8.744602953436887427e-01
8.105645707184677695e-02
-9.588590160323258171e-01
-6.131575310723752503e-03
-3.005668177541709341e-01
-3.945385772227090471e-02
6.568310308159622801e-01
8.496825235634204443e-01
-3.253239343766818337e-01
5.183748893400725866e-01
-3.648040661821131958e-01
6.439550029602216785e-01
4.372644586608361306e-01
-7.361054920512835054e-01
3.287734025267106119e-01
2.488769164236049880e-01
-9.117174997630865807e-01
-8.192227881723386229e-01
-6.822030279488104920e-01
-5.410640471620926650e-01
3.529732611452554014e-01
8.860756191470999799e-01
9.636357021999306660e-01
2.459883106138065489e-01
-3.329165528195642265e-01
-5.284920848235973301e-01
-5.432007921981202303e-01
-7.274803832205367637e-01
7.845723875832130156e-01
7.246873878226292032e-01
1.867286502546435800e-01
-7.926168261167122475e-01
5.072365219496535182e-01
3.835697374911472002e-01
9.227486080610842745e-01
7.121255053886377251e-01
-9.499013620882279518e-01
5.722753356755979626e-01
1.208719561626039329e+00
-5.074570228671659855e-01
-2.018349487161760492e-01
-1.599105642958204704e-02
6.268674656696128222e-01
9.671926952169463965e-01
-7.229980870992819275e-01
4.643848746204596312e-01
-5.933646589716677910e-01
-2.775555577505384730e-01
1.043625491864504262e+00
-4.054242398991821789e-02
-8.558714280875853175e-01
9.390934517490117095e-01
-5.985426225580061654e-01
-7.698020065974312542e-01
5.605595556148946779e-01
4.609841865004349892e-01
-7.294554617536205265e-01
7.300288653516910919e-01
9.920822469077362760e-01
1.001625111288213965e+00
-6.239201186675567001e-01
-7.916784405972063787e-01
-4.731985864872999548e-01
-5.803429358074378985e-01
-1.888465253585304982e-01
6.232210829748963121e-01
-2.501826951680998223e-01
-5.967166440220752488e-01
-5.998709045192982536e-01
-1.273875207875183602e-01
-4.800966610799861645e-01
1.006480918429009108e-01
7.234351546575418235e-01
6.512354434291888206e-01
9.996828747889603406e-01
9.803144620552902699e-01
8.834526436059976229e-01
-2.313474043031621408e-01
-9.060176655984253369e-01
-1.295442455170293106e-01
-2.609393025897678298e-01
-9.182052947224895734e-01
2.675326491487824421e-01
7.854306214684577681e-01
-6.446790416010277358e-01
3.808116776692179600e-02
-2.417413033524156707e-01
4.409545214777624289e-01
7.263437847233356059e-01
3.153426489384014153e-01
1.696223803708376554e-01
-9.022649832953948401e-01
-3.774511637267705666e-01
1.958372638955158118e-01
2.523440283945590501e-01
-5.419326118397990166e-01
-2.930915621944095162e-01
-1.825353920679817499e-02
6.413774859658114558e-01
-3.603622601596412345e-01
3.721312486456538338e-01
2.572153139895363427e-01
2.583171251824647463e-01
-8.547912069673593294e-01
7.079725812453341316e-01
-2.067752926126349977e-01
-3.749557416582188774e-01
7.618555362857903912e-01
-8.911849867158143645e-01
-1.766708913988506158e-01
-4.131234477426503487e-02
3.404867969554504215e-01
9.271876949429718184e-01
9.580022076683599730e-01
3.322721305713223217e-01
-2.061677861235251263e-01
-7.919581633967128775e-01
-1.352818588460420746e-01
-5.212207745783627999e-01
-6.001739589345088666e-01
1.445431109003776360e-01
1.970684865133892627e-01
2.732702771947963516e-01
6.843919053959313104e-01
-3.034325801076117046e-01
6.794137007307281539e-01
9.247960831425355854e-01
6.948195527432209362e-01
6.308904599987058548e-01
7.323087034595138212e-02
-6.352286433723143277e-01
5.047071500454418658e-01
6.887561489969965534e-01
-3.872088666232400556e-01
-4.434685256382916441e-01
4.664537217456021789e-01
9.033219680343275090e-03
3.039728013040265964e-01
4.326162943972444719e-01
-8.998663324700605370e-01
-4.850682990828014685e-01
4.407807738301590672e-01
-6.397695946645944876e-01
6.319347395702622494e-01
6.287975277851329814e-01
4.152201292659228882e-01
1.034355149105538496e+00
-4.387652502632212181e-01
3.436282582361352422e-01
-1.961547345381752239e-01
-9.999965652095238466e-01
-1.626135034917415845e-01
5.714749093281378256e-01
-9.096863697496216927e-01
7.983365611352244429e-01
5.938928356913408813e-01
7.553265460180499380e-01
8.601756671795632858e-01
-5.713139249927155772e-02
-6.250524997574187225e-01
-6.847071559817551334e-01
1.074050063224971652e-01
9.290258135886511059e-01
-8.541510323040450992e-01
-7.207310494883217844e-01
2.035838806789740385e-01
2.614530285341842841e-01
1.098614599356663835e+00
-1.219196436463338973e-01
