-7.019259854745351079e-01
-3.446844919995544210e-01
1.090099021746564256e+00
-9.217918427994263864e-01
1.864979103879113587e-01
1.981760280540764696e-01
-5.095595374235597497e-01
1.059344991029731453e-01
2.891182434347284724e-01
-1.054761679137798058e+00
-1.568363567963089622e+00
2.236337447285572377e-01
-1.511675286988580780e+00
7.062599662089574792e-01
8.477723456300101379e-03
1.819493260031421755e+00
2.516995270967188336e+00
3.540254632025007231e-01
-1.299278481184672485e-01
-1.756348593011803239e+00
-3.064107529006963038e-01
1.007394721278404681e+00
-1.586239763517699020e+00
-1.601781134796859352e+00
-6.020615812351014229e-02
4.060543920987670363e-01
-1.998582597985236298e+00
1.337592937719151553e+00
-1.233680832542461081e+00
-1.976268352339218826e-01
-1.204500710995480173e+00
-2.513286533970959247e-01
5.396370720383167896e-01
2.509064006220588783e-01
9.085367629192633299e-01
-3.114672062138169606e-01
-2.746085147246235536e-02
3.832969586674356277e-01
1.220938738022168818e-01
9.367387346237223689e-01
3.696507449752823304e-01
-2.730068395295911721e+00
1.875764407585423177e+00
-1.632247628866230427e+00
4.585127275371191358e-01
-6.798832948483521932e-01
8.698278343401061319e-01
-2.877699438975828139e-01
-4.921706567636386365e-01
-2.045229047438735570e+00
-8.623280297850531850e-01
-2.075260248740399494e+00
1.653998416696381701e-01
7.413788575998379038e-01
1.686232427319716565e-01
-3.051701929836416749e-01
-3.609074712433403276e-01
9.146980543571480160e-01
2.604327550931315294e+00
2.470486064411916427e-01
-9.685153132154361577e-02
-2.122807129415795746e-01
-1.750855270954546072e-01
-5.601622945787740893e-01
-6.731194309506516316e-02
-3.221954691336695875e-01
-2.140878962479559056e-01
2.222752128912525826e+00
-1.208627641207617343e+00
-2.001452565893883317e+00
2.094116326060855737e+00
-7.249345766321418916e-01
-5.699770310319124400e-01
7.281242610746726518e-01
8.174029740048681658e-01
1.389891302006437124e-01
-8.095356150199320977e-01
1.311513865320345362e-01
-3.670327242337982909e-01
1.746334225672796781e-01
8.721978480934442501e-01
-6.036185410616790037e-02
5.696800631401166548e-01
6.653019671672547042e-02
-2.541491978108069705e-01
-8.264053150889603128e-01
-1.932422319277155909e+00
-8.009904841150382593e-01
-4.237845763752151607e-01
-5.881983424059762655e-02
-5.153455199194505454e-01
6.116338122033608826e-01
6.851845826957169150e-01
1.525159883903588476e+00
-4.585442961332260592e-01
-3.727379783959863802e-01
2.289452903997164057e+00
1.407778814411725019e-02
2.503422103603207827e-01
2.723595097453515912e+00
1.075908423322478880e-02
-5.112378197026398174e-01
-2.167373646997901471e+00
-1.072352701290515853e+00
2.996920420134329688e-01
-2.812159821141599458e+00
-4.705505255866955228e-01
1.247772422373520262e+00
-3.031383652264042494e-01
-1.205075939058584567e+00
4.459144836972492865e-01
-5.054082532078016943e-01
-5.078650273492760769e-01
2.089801051088611278e-02
-1.386244002574733125e+00
1.572286900380883701e+00
-2.229042157134081492e+00
1.779080844238941417e+00
-1.614695972514250455e+00
-9.164660494823301251e-02
-8.424968508453661853e-01
2.425894269593701358e-01
3.407983849286470579e-01
-3.922620998767301082e-01
3.415365128277271900e+00
3.786520708343140695e-01
-2.197107265671078002e-01
5.984315738214414093e-01
-7.498197072726942025e-01
-6.978001223455496671e-01
-1.257667964761511215e+00
1.510161294921745112e+00
-1.796778649542593254e+00
-8.371554518650527188e-02
4.050319652619797095e-01
5.566716330494374532e-01
4.522922649389657934e-01
-2.387487083744667393e-01
-3.079398427332884935e+00
-7.466593709704054671e-01
4.755875249304913344e-01
8.526671160044545505e-01
3.605025570959540238e-01
1.591078441031221480e-01
1.165614001513818471e-01
-1.584524868834516376e+00
-1.899567682640692923e-01
-1.356451826088195256e+00
-8.233969042957018925e-01
-4.746759649299139294e-01
-4.657395868998756017e-01
-3.738561960367944303e-01
-1.275892714143615492e-01
1.470481612596634236e+00
-7.469122096806799505e-01
6.982491476981959044e-01
6.125709691155700742e-02
-3.590100962119394112e-01
-4.577911725699896905e-01
2.570283158761908382e+00
-1.235136647829515044e-01
1.109204490678328270e-02
1.477284817343307965e+00
9.892822198129356259e-01
4.750668083758026461e-02
3.821634730638983068e-01
1.207044123184938922e+00
-1.132825079701448856e-01
1.649744202811868288e+00
8.808603493705318144e-01
-6.722161988435881863e-01
3.382101525063233582e-01
2.368044146008585482e+00
-1.881952039864154713e+00
-1.323693744644980907e-01
1.960742982053652606e-01
-2.188666797980941325e+00
-5.261059333236692837e-01
5.895453005261895862e-01
-6.025969057011313357e-01
6.210622137751664606e-02
8.352868046212995612e-01
1.197778876848811569e+00
-2.763478238154975841e+00
-8.818611251767038972e-02
-1.001786126810372490e+00
1.180434530787188852e+00
1.745172904312764506e-01
7.457895869007421519e-01
-5.416205572781407351e-02
5.270493491822314525e-01
1.364621277485503104e+00
1.101720830460827916e+00
1.370374493568003782e+00
-1.007135824647958700e+00
6.301380851764906144e-01
1.978822662015707889e-01
1.376321953283873301e+00
-3.586962089997446923e-01
-1.241025990381449340e+00
7.029760712748242546e-02
-8.180242227226883767e-01
-4.969832318258053938e-01
1.815340786941661289e-01
-7.384900470036459552e-02
6.027292919918789682e-01
2.817871279773112470e+00
9.017917060198807899e-01
-1.035706833900580826e+00
-1.930323735408068786e-01
8.735292430585148149e-02
-3.877490174849433924e-01
8.859988199905890482e-01
3.188359579042783221e-01
9.407652502021710550e-01
6.688433980890111652e-01
-7.665359925578767442e-01
-1.377571275229902303e+00
1.284973718923115293e-01
2.577777991478558128e-01
3.017779907856720234e-01
1.764217645136360590e-01
9.850847354803188294e-01
4.938995715879295756e-01
1.486790796433129502e-01
-1.465360945857768105e+00
2.099204188876752919e-01
8.786297440626682498e-01
4.991896449344956910e-02
1.056434806508940394e+00
-1.094671913860922441e+00
-3.338291035877867241e-01
1.221533733189952731e+00
-2.175373356028937000e+00
-1.187091911850451265e+00
-4.163870877094055789e-01
4.341347215431775597e-01
9.854413895909189813e-01
-2.705212346559646708e-01
1.120265746913534866e+00
4.454337592879953345e-02
-3.825361759564690711e+00
1.348426654164100180e-01
8.152786057913496975e-01
4.052123228319061687e-01
-7.930123066107268581e-01
-2.688125604637628951e-01
6.329648230355153782e-01
-5.877673561851780581e-01
7.101566851077332210e-01
1.739605163043765057e-01
6.597392362160332535e-01
-9.485376803546532454e-01
2.260441463623386049e-01
-2.139352366866058119e+00
7.190160732997399329e-01
-7.511717990015068236e-02
1.510107729080608918e-01
1.009116902598984122e+00
-1.303492862331681934e+00
-1.942679355774475924e-01
-2.385525024738738287e-01
1.201373515503806555e+00
1.008904924517583929e-01
2.992853548180645085e-01
