-8.901393445797424198e-01
2.913447481743873801e-01
6.241704169509892930e-01
-1.317254283117608393e+00
3.568388055717145457e-01
-8.991310625086657016e-01
-1.410818347333879119e+00
-1.154554727822364013e+00
-5.136248151652132998e-01
1.469004181341721782e-01
-5.059974313833349724e-01
1.221677613981587918e+00
9.470253686099174839e-01
1.682882757727881540e+00
6.604387381613427976e-01
9.040233066007957730e-01
1.054019356821122688e+00
2.447447790402914047e-01
-1.315236655551770939e+00
-6.984842324541170600e-01
9.192338738782456220e-01
-9.198118466070132060e-01
-6.729658083116006884e-01
-7.283631303476723051e-01
4.778633293306016050e-01
-6.762005245023733346e-02
2.873793386347808787e-01
1.122239636656312545e+00
2.296319544143332614e-03
-5.213466334775205269e-01
-2.925603446143026920e-01
6.234945452251714482e-01
-9.758571403722665627e-01
1.052543009705851462e+00
9.259928347531498627e-01
3.106415434669193010e-01
-1.444928607761122752e+00
-3.639523103702065332e-01
3.612063726616039361e-01
4.373608381993447924e-01
-8.455968278608284594e-01
6.358476766888438991e-01
-1.293096263798223955e+00
-9.791108916440210974e-01
-7.658626151467463616e-01
9.632639420517474793e-01
-4.446772861364110818e-02
-6.788192586828460939e-01
-1.072504876281396013e+00
8.777980042510141745e-01
5.269241549991678930e-01
2.945153907414946870e-01
-1.466189488593074020e-01
-1.228338959910769024e+00
6.221857790975863223e-01
2.296611902840723918e-01
-4.943369002527631118e-02
1.213705434151775897e+00
1.849877680249387979e-01
3.882452757367406138e-01
1.023732952720003420e+00
5.107217365814354926e-01
1.029101614421701560e+00
7.349462100097370332e-01
-1.393102703465076919e+00
4.873533879354257081e-01
-9.406523409978113648e-01
-6.345969684371498554e-01
-1.081191809145008120e+00
1.545452667172850791e+00
-1.056408032987979473e+00
8.864962747749283167e-01
6.353312198923966037e-01
7.900013264488419118e-01
9.695370906297103852e-01
1.173750921053962060e-02
-1.062164718642073929e-01
-3.182236844154324173e-01
-4.559910036783657583e-01
2.341213164183105766e-01
1.315903521789704711e-01
5.865325211923118065e-01
1.360955824390968627e-01
1.188883050183271006e+00
4.343879211850005806e-01
-4.780646716235141813e-01
6.960941847759788415e-01
-3.820511454160295250e-01
1.516546087330068460e+00
-3.194516542182836427e-01
-1.552155289343720490e+00
1.263729710767698133e+00
-8.395057435674215807e-01
-1.028861364861574756e+00
1.835061780305524415e-01
1.034310542276417610e+00
2.805665854349011501e-01
-8.449550162218848470e-01
2.164373562691998543e-01
-1.416476418650910896e+00
-6.923093661008374866e-01
-1.433022328013891622e+00
3.742713262632597626e-01
8.608776398558128928e-01
4.698992929457385115e-02
-3.234736074538105965e-01
3.093848061077121570e-02
-3.923261506660626341e-01
7.250946370910003047e-01
-2.224327505312175546e-01
3.911220929703592697e-01
6.036512494446892862e-01
5.116838525260750670e-01
-4.938544478993524001e-01
6.216709354900377127e-01
-9.173672628929994965e-02
-2.227177468763785473e-01
1.020764385464286716e+00
-6.522366783972011195e-02
7.534258790420952923e-02
4.272220524586490820e-01
-2.968637537402976090e-01
-1.176064840470063544e-01
8.079600410234168972e-01
7.289047659455762940e-01
4.467982549769895506e-01
-5.150169464349234616e-01
-7.858681758021969221e-01
-7.839853484297012454e-01
4.242675136546272263e-01
-4.761339100886130549e-01
7.982766514660131207e-01
8.843878357742496199e-02
-1.013672617596274028e+00
-6.405946316245716421e-01
7.983624111451641525e-01
1.446496293685959333e+00
-5.669944908621354918e-01
-1.527615903973548850e+00
1.000756639659656777e+00
-8.527565441759591414e-01
-7.572470576707569512e-01
-2.841425682453329049e-01
5.907538966814973591e-01
7.422890884652295629e-01
-9.941591815336910942e-01
-5.224375782241282018e-02
6.115659765173535600e-01
-8.302021325072327096e-02
9.113744093148548608e-02
-1.255491750785992400e+00
-2.143411264865028865e-01
9.179948846383729766e-01
2.804764047859841236e-01
-1.118976724132008937e-01
-2.451620605841363654e-01
5.103771021363513460e-01
-1.510431086592971539e+00
-4.125786586810944456e-01
8.110940250272566931e-01
-6.973604496993754953e-01
-2.720952648490717607e-01
1.625512820474438236e+00
-1.570228447446712083e-01
-7.120657890567017034e-01
1.535415884663919872e+00
-4.173000885170883856e-01
3.502350032805939262e-01
1.296095396476782124e-01
-1.286522027181272287e+00
1.150175074940060355e-01
-1.809928025335248436e-01
-3.012800052703700771e-01
-5.653150190255916696e-01
-1.054512416036735400e+00
-9.060743829316932896e-01
7.782582152941053266e-01
-2.109020541410669136e-01
-4.245114659074784580e-01
1.455337093791788883e+00
1.002079082447548952e-02
-4.388957585791368743e-01
-2.205973279121073438e-01
1.479330994113953635e+00
-1.264363525759545137e+00
-1.183955131135299710e-01
8.438030307899113680e-01
1.012812492526554697e+00
1.145922233626500697e+00
1.313573576496876560e+00
-1.449536801922050311e-01
5.818621295826993389e-01
-3.193326167321366982e-01
4.698749241847422486e-01
-7.253441491838938937e-01
1.046131520323713593e+00
-3.470747529622429384e-01
-3.953068966809527018e-01
8.847657984492034444e-01
6.403198486416626922e-01
-2.976213553331117923e-01
-2.891439256828678972e-01
-8.537430840140979305e-01
-9.323618024443878216e-01
1.399473390385637950e-01
-1.930467095430518754e+00
3.752058704104612175e-01
1.659071092292566885e+00
1.889389856473007723e-01
2.132248119053392343e-01
-5.006591899974649484e-01
-1.020183477725346011e+00
1.023025567221304666e+00
-4.504285953443385448e-01
1.139878562683592556e+00
-5.144901789121640867e-01
-8.352109693651681432e-01
-1.272713330051221448e+00
-3.665931066026792418e-01
2.077480146180900877e-01
-1.149858671479555783e+00
2.078062463723700723e-02
-4.816189473552019013e-02
7.893184428173142253e-01
-4.635223269559036741e-01
-5.624528326962705549e-01
1.822163721433543160e-01
-5.607796840709629027e-01
6.783545130108439292e-01
-4.223080074247218541e-01
-9.283839882999924686e-01
-6.369861007884441984e-01
-1.671235014722572076e+00
5.986193710933085388e-01
2.615117255396196549e-01
-5.361578511734848007e-01
-1.020580195338297719e-01
7.116143605301992192e-01
1.359530555905051230e+00
-1.102694758122592100e+00
5.680588045193076807e-01
-5.818862557214105058e-01
6.528786565342659109e-01
-9.207004880030265070e-01
9.363199136438814241e-02
1.133431768731976375e+00
-1.414046366012063238e+00
-8.072397909027663188e-01
3.706820085992166280e-01
-2.636036539935074363e-01
2.401710915564200799e-01
-1.126106154730810882e+00
2.803129721587941381e-01
7.557401160949173136e-01
-1.860461157532353305e+00
1.210234798211228036e+00
-2.591867103346862100e-02
-2.552096131211765151e-01
-3.343308321368192448e-01
7.025978032763692260e-01
-2.655791466651729604e-01
1.284217343442690229e+00
-2.790679341833199878e-01
1.603496537719329540e+00
-6.244626003411744147e-02
