-1.953914790180457661e+00
-7.041071857831042724e-01
-1.816771639284000539e-01
-9.911741203150838952e-01
1.080053819993655878e-01
-1.825236101430091074e+00
1.237505764210926840e+00
-9.928604239509989382e-01
1.037500557532918144e+00
1.105775252187409241e-01
2.461239330763346778e-01
2.040851112233215581e+00
-1.103103301013886456e-01
-2.911586538941036695e-01
5.162574553490397733e-01
4.955502945660253955e-01
3.649775457594842121e-01
9.418296521781177599e-01
-1.428931747958183562e+00
9.691183140854752187e-01
8.180648181920928408e-02
1.655944077840384665e+00
-1.116965153114541698e+00
-1.574856526500041654e-01
-8.840589316546895726e-03
-8.319481194245126332e-02
3.332727267872054311e-02
-6.776539696777097443e-01
1.813010203065854864e-01
-3.269708844449451535e-01
-1.037578931125817533e-02
8.476473650627872614e-01
1.249089035213439169e+00
7.557312414216639240e-01
4.264644579896987864e-01
1.108445432897667615e+00
1.774087188200531851e-01
-1.826026795573138628e+00
1.812744521855190305e+00
1.242619998786365310e+00
4.513208207307047859e-01
-1.172595242681416794e+00
8.431093203313738682e-01
-1.663051300933304333e+00
1.072257201804728277e+00
6.208555803521931260e-02
-9.416176962819725604e-01
-9.584531927094417370e-01
2.430008914366550143e-01
-9.099775621572279150e-01
-1.074341376844584195e+00
1.505955785158610727e+00
-1.116856275702493795e+00
8.681586559853374241e-02
1.455062657918889113e-01
-2.005766632864627308e+00
-9.916504326344143250e-01
1.560031633958717245e+00
8.761129832789299465e-01
-8.901077600609625939e-01
2.976716819092052324e-01
7.944690393936970629e-01
-8.340445240902036317e-02
1.587438983471711973e+00
-1.688810055056783055e+00
8.611936261418551286e-01
2.386670682979284142e-01
4.552155182498331953e-01
-2.397004879125104182e+00
-1.459372274965112570e+00
-1.087754758588553416e+00
-4.636623649188560403e-01
-6.773741409646664158e-01
-2.407068158688641546e+00
-1.961769071071213233e+00
2.221883140114017385e-01
7.797611283239742619e-01
4.203772338361456140e-01
-2.346999598680245214e+00
-6.423531449561507012e-01
3.061218636511212066e-01
-9.773287687690577208e-01
-8.593037874356750372e-01
-1.022395312328989281e+00
1.177717991849861923e+00
-9.668637180693002986e-02
1.032698375823349668e+00
6.562603094787261560e-01
1.128290939905956525e-01
-2.433293687374542616e-02
-8.218170490457360478e-01
1.123027128171351086e+00
-4.661530873834615063e-01
-1.305841778249343110e-01
1.297510653361071409e-01
5.493326428524410165e-03
1.398149347656161279e-01
1.158067182294321151e+00
1.075463700690353575e+00
-9.251182426258781621e-01
-1.126772844907152793e+00
1.254350824093701244e-01
7.197435571775898655e-01
-4.741943304616724197e-01
-3.108888231799742941e-01
6.195553258521805384e-01
-2.451385973901183124e-01
-7.182730263114128766e-01
-5.688221824368266955e-02
6.084512928829032274e-01
1.855912955497136252e-01
-5.151646096651218976e-01
1.129129760493057244e+00
-2.589410694343713959e-01
-1.169883465381677645e+00
4.088722813649340315e-01
7.325020966974604697e-01
-1.680579092712559897e+00
9.679832353397255229e-02
1.392928562057153818e-01
-1.439721892059945052e+00
-2.987134107928494098e-01
3.724210547313092090e-02
-8.294406906582437733e-01
5.810705091560917079e-01
-4.172996373996998853e-01
4.853402867762285355e-01
9.874674064272344343e-02
-7.333396611300537771e-01
4.112638411480602080e-02
-2.297796701910017059e-01
1.023086106467652856e+00
-4.259747144267312935e-01
-3.448495911868755259e-01
4.709125492310207162e-01
6.078849358661024826e-01
-1.590256813292736937e-01
5.718036976495812773e-01
-2.123125608675391351e-01
2.247529897825850220e+00
-2.156248338454080649e-01
-1.031126591770678003e+00
-9.416546258653492041e-01
-1.146380403157639810e-01
-1.136074154861572927e+00
1.278498004186681580e+00
1.463910377376461902e+00
1.299427496776255797e+00
-8.769486872374915309e-01
5.294648643302715119e-01
-6.128837407226421785e-01
1.481231918767287881e-01
-7.443942598407705669e-01
5.489743460179047352e-01
-4.445412042469988889e-01
-1.156202709381855875e+00
-1.237962197627019284e-01
-9.495939636893178104e-01
6.705150835556457078e-01
8.195668250377868835e-01
6.522506837921984713e-02
-1.983638605257027065e-01
-5.419136168214693239e-01
-4.978692824736374867e-02
1.734389448120508881e+00
-1.112205173091801669e+00
-1.170637605281516613e+00
1.284147768426713854e-01
3.797955086804096769e-01
-1.925300022785224829e+00
-2.969281140290521148e-01
1.661609901030407788e-01
6.280923262506681315e-01
-5.922663743267278513e-02
-4.164494776177435353e-01
7.172346338290951362e-01
7.401613805907290011e-01
7.699667456636332119e-01
-1.069194462673497492e+00
-1.422262060740979439e-01
1.797349002102136772e+00
1.869460515279040003e-01
-6.016974825356857792e-01
3.138330156681757854e-01
1.931324591641856991e-01
5.625601908685419206e-01
-3.885826409084271460e-01
7.974733170133018190e-01
3.683601714777743896e-01
5.573460554486503460e-01
3.218111010846045894e-01
-2.693073845625218454e-01
3.974962988098442729e-01
-5.870421828015306986e-02
4.318031485791369306e-01
-8.925670105524244891e-01
-1.035598263112883499e+00
-4.159155352666414618e-02
7.591701951431011341e-01
1.529466860762108915e+00
-9.706403190885031229e-01
4.677729972905261269e-01
-1.861057462074373614e-01
7.015576086837764791e-01
-1.288774747551095334e+00
6.640993659436140728e-01
1.219532930440176077e+00
-9.793182221194157711e-02
-1.640982018102576934e-02
-2.158971668659673160e+00
-2.574402345137045689e+00
-1.148411143649127109e+00
1.577170443428023372e+00
-9.049563198105758932e-01
3.851116443916524634e-01
-4.254423691826335618e-01
-9.586721013286430004e-01
1.464937963089982587e+00
1.183304720740792071e+00
-8.406231176784969561e-01
-5.226866467798603200e-01
-1.023594397460204641e+00
2.801894179531853046e-01
1.031604416590023110e+00
5.042247163023536038e-02
2.983496832166508961e-01
-8.032976261202610102e-01
5.004971147788889185e-01
-9.776670603979609186e-01
-1.475685386146171618e+00
-5.694035386121927278e-01
-2.901751252936062286e-01
3.332980118618372734e-01
1.127757926005909406e+00
-1.746196570209721299e+00
7.181470490064667533e-01
-1.487688356346915208e+00
-6.986530498500647113e-01
-1.128937591792051442e+00
5.564932522688592620e-01
5.332164043282364846e-02
-4.365232909302487196e-01
7.586892536854269453e-01
4.790865601396964157e-01
-1.016728120046471728e+00
-5.370441014522627787e-01
6.568563973066480211e-01
3.446698951490243523e-01
-1.157149393214632838e+00
-1.699160684916960484e+00
5.560357381426818124e-01
-1.918231269717874943e+00
-2.201470604946319520e-01
1.722334567569503205e+00
-1.328303260241960215e+00
1.050864358510854579e+00
-1.576314597657397787e+00
-1.308076750759391782e+00
-1.236533636149649285e+00
3.917360624792736168e-01
-1.674678971800097615e+00
-2.761653214917687560e-01
-2.188541498077484881e+00
-3.253303161108415109e-01
5.356192176300558078e-02
6.477597850618308506e-01
-5.530115721932956641e-01
-1.781430297383441053e+00
1.419731292970934922e+00
-2.587897614364665921e-01
-8.040493020613828090e-01
1.997550327943801163e-01
-1.077607995056252488e+00
2.897641010149278884e-01
4.734115324554590831e-01
-7.933872294850229379e-01
9.984233819926633391e-01
1.238555486632255676e+00
-9.892173265107947477e-01
1.855211646379866797e-01
5.646026829979706729e-01
1.176901761535389612e+00
7.943905685601245770e-01
7.733655381036408372e-01
-1.378033674314788515e+00
-1.318902267891265856e+00
-3.553952567208191748e-01
-8.753623100236525012e-01
1.558310780218239433e+00
1.615811513954952261e+00
-1.575345271976656747e+00
5.483040690015918983e-01
-1.143892792820114801e+00
-1.493940789620908927e-01
-1.034580575667351399e+00
-4.451602837678628188e-02
-8.860631797814515487e-01
-5.244203036977925780e-01
7.267556209910788212e-01
1.717667705767260022e+00
4.034873486617763794e-01
-1.437728196573458517e+00
-1.084040686481042126e+00
-7.354236138928964550e-01
6.774252380581367028e-01
-9.521094468884969686e-01
-1.008880180294177586e+00
-7.532425935451455556e-01
-1.744401980077846970e+00
2.084600952112089178e+00
-2.860021410894725280e-01
-4.152830006746766611e-01
-3.482777976092367167e-01
-7.560983348642499324e-01
5.973369135938735308e-01
-1.057259321294569343e+00
-6.466187142093428042e-01
-7.584775753899539730e-01
2.866871335586984593e-01
-1.033293572690500373e+00
-1.047663936414707120e+00
6.397492566915857770e-01
-4.553831598330131958e-01
-7.596319969762655999e-01
-1.648626533919794301e+00
1.039116498640286768e-01
5.146625702698933713e-01
-5.044091747325962771e-01
-3.118716705545070411e-01
-2.477147474772927183e-01
3.625521196503073695e-01
-6.942114615774768183e-01
1.015317478170565668e-01
-4.617489345396968980e-01
-5.961715886122124219e-01
1.176383068355894457e+00
1.064102402165357564e+00
1.435771801611918086e+00
2.147619214292757484e-01
9.536755705235830938e-01
-2.354739379104270891e-01
-1.137072720265078773e+00
-1.349706959939084738e+00
-5.989324456978273314e-01
8.484979363903544236e-01
2.492485495174354415e-01
9.204441643281144336e-02
7.726401915140207466e-03
1.039821644191709776e-01
-1.544832395959696125e+00
-1.954030874083321212e-01
-2.274471124983250964e-02
1.207882818928759594e+00
-6.061961998177644029e-01
-1.206755949006013129e+00
4.671614650821327430e-01
-4.327258618125892631e-01
4.658370391884550377e-01
-8.086876528473134762e-01
9.281096691794332720e-01
-1.136433453493571166e+00
-6.361800814707626595e-01
2.287080828196449978e-01
2.095608199513538494e+00
6.114134908992999717e-01
-1.269747159037177608e+00
-4.923727224167539496e-01
7.045181385063673529e-01
3.261115055094196413e-01
