1.844754359343110939e-01
-6.966514700142351080e-01
-3.057025884030203366e-01
2.663748061519517069e-02
1.785643260838145618e-01
-8.091629751641910007e-02
4.721914818774263778e-01
-5.421643338340108587e-01
4.559251753611077151e-01
2.346149415606056943e-01
-6.843264659767376301e-01
-3.984571909627033365e-02
-9.687422842084257857e-01
6.969355209602364765e-01
-4.202743439224280175e-01
4.343086409894370004e-01
9.240161525423395972e-04
9.926833681441254997e-02
-3.324475284890349158e-01
1.108319580458909659e+00
-8.856052881441154323e-01
-8.701865639251088469e-01
4.838005916070790557e-01
-4.824845631303619209e-01
8.807398762767432165e-02
5.393460058523509293e-01
4.642787780235366202e-01
-7.492563348694709635e-01
-8.061195584148996840e-01
2.099289487681788025e-01
1.255026181499913351e-01
-1.063950667096971170e+00
5.679874384628335049e-01
-8.242082504182015601e-01
4.001704717900920194e-01
-8.396670963597216986e-01
5.693929508354607094e-01
9.871097267022187483e-01
9.868188923440117666e-01
5.764043776315366241e-01
-7.040567596137137230e-01
-1.773794730084478077e-01
-8.262382959275236249e-01
-3.809059145540418245e-01
-4.501802624925151930e-01
5.471652178480939099e-01
-4.009670750109503023e-01
-2.078066922941748107e+00
7.893044831970739139e-01
-2.710369842386127215e-01
8.005124132125611691e-01
1.785513231657953892e-01
3.112756522639917867e-01
-3.026257663945529086e-01
7.249867915748831049e-01
-1.604830879173057556e-01
6.756873436841399627e-01
-1.556815308203716719e-01
-1.666758671388824387e-01
-4.613746892351013318e-01
4.920414463525134563e-01
5.789755843341950481e-01
-6.113083586707021011e-01
1.556332227699857851e-01
-6.453770647889819356e-01
5.434103193692844114e-01
2.190405479876307848e-01
5.184196319222983407e-01
-5.113186627689867425e-01
-1.371213365639274186e-02
-1.652594836510275167e+00
3.635518983982933272e-01
2.260054781878160779e-01
-1.945845629703135682e-01
-2.880457720373430508e-01
6.107909384327729896e-01
3.834000726709393403e-01
3.143850556841105703e-01
-8.601155700140816762e-01
7.107104171894844669e-01
-4.544426318842674783e-01
-1.674785582389323735e-02
7.849311959937922412e-01
-1.955962076774273306e-01
-5.878981874456918888e-01
-4.521552380268468729e-01
-9.007385392620815834e-01
-6.805742561282887015e-01
-6.163280337012568832e-01
-7.260524478939731075e-02
4.848758788874818482e-01
3.513173233334360712e-01
2.061460424844335781e-01
-1.627460419714983342e-01
2.812467891102433670e-01
4.461551852734315649e-01
-8.429257946288430947e-01
8.123696933514715779e-01
-9.511322549359039202e-01
-1.005199200122979475e+00
1.676603748779602887e-01
5.246024598717310417e-01
-8.917306653896280855e-01
-7.920691674388308234e-02
6.272687294608544906e-02
-6.627407146674438865e-01
-8.462036337287212051e-01
7.492956108424631001e-01
-1.210069216583167906e+00
-5.638035055375600901e-01
9.287022556587594124e-01
6.231332805586251578e-01
6.238007584067861711e-01
8.606494777669808638e-01
-5.232446014476778429e-02
-1.036338813273451454e+00
-8.795252153828156949e-01
1.311165659273686446e-01
4.907073125639282996e-01
9.242670858233109632e-01
-8.613497153754781088e-01
9.320183543758986389e-01
7.316637027928503123e-01
-4.957247161985455230e-01
3.005763333286050332e-02
-4.311303531241207354e-01
-2.777993654129979895e-01
-3.506246888027596542e-01
-1.390617725310814290e-01
7.791750140713864514e-01
9.601510251531256701e-01
2.678578800014866923e-01
3.750610320967185940e-01
9.865458897464068899e-02
3.465411659578260806e-01
8.935576221955697784e-01
7.432408255274250974e-01
-8.688246876849154976e-01
-7.538757235355131314e-01
-4.034840301561476439e-02
-9.318204831964234103e-01
2.411320467364286013e-01
-3.161625596192025323e-01
3.773031571812410223e-01
-4.876181558750455891e-01
-2.284628271207326811e-01
9.229217295279295019e-01
3.801353896859819281e-01
-8.824773980850416644e-01
3.272142180475490214e-01
8.306287384663761930e-01
-8.306160858842431827e-01
-5.888991618747005385e-02
-9.000333098778228180e-01
6.365848350839660164e-01
4.873024026130386988e-01
-8.942077769895875328e-01
1.401281339568612172e-01
-5.490246849491073888e-01
8.823984185986607498e-01
-7.862400416104400325e-01
-3.793098070625167129e-01
-7.781141620722749064e-01
1.765435547888579981e-01
1.966313122227401067e-01
2.729732022323876905e-01
-4.786496846711676412e-01
-9.342293296543122683e-01
3.653005732168810860e-01
8.772610944224104035e-01
1.223885766720894247e-01
-4.372254706000344021e-02
5.986259050250306579e-01
-5.616554010664632779e-01
1.384703226880994176e-01
-5.880647496367761295e-01
5.716762489716044060e-01
-3.745035512420313156e-02
4.693569999297735329e-01
4.694842651350777940e-01
2.022500323467266159e-01
9.333563772270296877e-01
2.122753851216566956e-01
5.229778085914101871e-01
-3.183030513934724248e-01
7.440005279776776281e-02
-4.399143286241503081e-01
