-5.395289532456269965e-01
8.914847808714978505e-01
6.536774920161640967e-01
1.643573026479061006e-01
-3.024860970035994967e+00
1.086107039866011648e-01
9.814877065120528599e-01
-2.260509300110880027e-01
-4.639572185206131127e-01
-5.492836322293578322e-01
-5.041806229360303870e-01
-4.684379449261720785e-01
-6.629134058675218988e-01
6.635251777910959603e-02
-1.580610557467743371e+00
-6.029397976807031601e-01
9.943147299842090003e-01
-1.272793429075838312e-01
-1.586748370791060569e+00
-4.222707326725176902e-01
-1.546420952487809475e-01
1.835225870407341531e-01
-3.546050014327489786e-01
1.110315430163518746e+00
-9.818349231856009496e-01
3.699038097358670618e-01
1.578047090799966412e+00
-5.124261857021412958e-02
-6.501904702003776793e-01
1.393932643228127377e-01
-2.212145771734570943e+00
1.341471049744685562e+00
-6.167145031884584405e-01
-8.882276637664628938e-01
-1.399803167521572522e+00
-2.073106240477434747e-01
6.001283414696561014e-01
2.041324488354009925e-01
5.042091644803269324e-01
5.530944256997833985e-01
3.226606542049502424e-03
8.569053595073354845e-01
1.603358109284920563e-01
-2.005260903435897468e+00
2.214901073077931937e+00
1.041793850228737606e+00
-2.424090238960423971e+00
-4.298905610498924834e-01
-8.711777933608247926e-01
3.449460475538382198e+00
-2.834067119475920382e-01
6.355930812799570617e-01
-7.140864402739250938e-01
-8.267903462468763065e-01
-7.237385222981299604e-01
-1.297981051858421608e+00
-1.347655814835735821e+00
-3.901064776925288413e+00
-8.399651547362803061e-01
3.823816623165335882e-01
-2.737074555103968798e-03
-1.195639316933045482e+00
-7.821346459479435742e-01
6.578226021029744963e-01
-1.210716937183932362e+00
-5.777363087181583978e-01
-1.615491789620400409e+00
1.007154372076144444e+00
6.749390341360279599e-01
-3.302462135354679584e-01
1.772951498218502175e+00
-3.507917445104919429e-01
-3.472249334822840261e+00
-1.175187735527028599e+00
3.409010394247312670e-01
-1.251527541525414566e-01
2.972667758916022196e-01
7.601890541753391073e-01
3.753880111667272645e-01
-3.471571367968411259e-01
1.352897116197334215e+00
-8.131250241711610593e-01
-9.750451183909784048e-01
9.088237067788824675e-01
1.113545014951844658e+00
8.813534164497740520e-01
5.769094057685435484e-01
-1.051514122565917919e+00
-6.729409323271378085e-01
6.160534019910881565e-01
9.653745357688309214e-01
2.284515197820770283e+00
1.601540429239044494e+00
2.325823724309784568e-01
-3.261694544332588985e-01
1.335369384077777166e+00
6.855724936638633027e-01
1.919669725040666020e+00
-2.035405005403005063e+00
1.144164427851750210e+00
8.353044925276310595e-01
-1.048265933314322051e+00
-2.367839895866078237e+00
1.134910003358826636e+00
-7.386708342359973312e-01
-1.031806650869585007e-01
1.421851094128402604e+00
-1.371516315884922510e-01
-1.483440129659264972e+00
1.297487134676881260e+00
-2.517860612933255471e+00
4.207222719274970046e-01
1.676127331334200180e-02
-1.119579953596826938e+00
-6.827192528203710475e-01
2.081191578527114283e-01
-7.731953983861837854e-01
7.715820448305846790e-01
1.813784794576073445e+00
8.775053548972975292e-01
1.811174706976344195e+00
8.748609355439593838e-01
1.827871135791352186e+00
2.718838850927178807e-01
-7.072800285918627861e-01
2.435645525706133352e+00
4.069832633471255345e-01
1.270846890564323317e+00
-2.387841918604391989e-01
7.679908555053812647e-01
7.138197547883967653e-01
4.865356552332378293e-02
1.269920135530080429e+00
-6.663620124019011826e-01
1.862270086878860642e+00
-2.028016553217644624e+00
1.590025529730546117e+00
-4.504266894601862692e-01
-2.425641235070866431e-01
1.082012848693419405e-01
-3.426631865376557506e+00
-2.452338503287815552e+00
3.540662824812587650e-01
6.621945896016656619e-01
4.832468593592657152e-03
-6.570911371752938823e-01
-6.256485519993282285e-01
-7.407200209246773692e-01
-9.477660796102236329e-01
3.889960655703005865e-01
7.225447151179851257e-01
-2.189387675254120147e+00
-4.944056281258435992e-01
8.056912921278385209e-01
-1.472166648998342320e-01
2.012738903887753672e+00
4.257664238202411577e-01
-1.222668947707251652e+00
5.053828697844203743e-01
-4.535741658966699674e+00
5.611635733228220735e-01
4.443598632259973535e-02
-6.974339946665332191e-01
-7.134345470146856716e-01
-8.559985462551766844e-04
2.764546975164446918e-01
-2.382714176163716890e-01
-6.535405598495429569e-01
1.597514717982712495e+00
-1.888641107628867277e-01
1.617258657987657999e+00
-4.498192106524224521e+00
1.308341768253266535e+00
-4.686332643277033028e-01
-3.045703306154444734e-01
-7.127541054498544026e-01
2.891193428244619446e-01
1.904896271029723753e-01
4.362776446100784522e-01
8.822536622754660884e-01
7.793171463907705432e-02
3.770058523741274259e-01
-2.781118257748280254e+00
-2.687079773801551164e-01
-4.385402985893337435e-01
-1.414397449404090068e+00
-1.015624263852702658e+00
