-9.658332267719941244e-01
2.464152156302126528e-01
-4.905336400716729939e-01
1.036348159831953719e+00
3.420211512304622836e-01
1.304434076765279005e-01
7.718308058761911283e-01
-3.627275210965993368e-01
1.561435005195899173e-02
-2.277268854207323834e-01
2.309789691740308459e+00
2.819140220278149034e-01
5.106991175295441110e-01
-2.179789283776545350e+00
-4.511747840844492763e-01
4.875332412449117636e-01
-3.374919811240336687e-01
2.854588146105545565e-01
5.334147977964353027e-01
-9.707733849354590605e-01
-4.738779950392831286e-01
-2.868006684077324397e-01
-1.111581647545977908e-01
1.222513884611875934e+00
1.205332292416788187e+00
7.894758926433498303e-01
-9.389596026079410906e-01
5.728829912676169922e-01
8.989823468548563401e-02
-1.002894756471179205e+00
1.459810659148391698e+00
5.664688979449443440e-02
1.294877013656964282e+00
6.648748060358767864e-01
-3.080899455314313196e-01
-3.758681932282846305e-01
-6.831021940410190174e-01
-1.060544107164097749e+00
-1.196860224314141963e+00
-2.353012930633215039e+00
-9.058335740485564669e-01
6.828789950400999675e-01
-1.733905153162819346e+00
-1.671415233656715349e-01
2.658005321000432852e-01
-8.502939095450497975e-01
-1.874548319212881786e+00
-3.968171891588556655e-01
9.209538438829545370e-02
-1.568968734406205545e+00
1.199286883667768588e+00
-2.758028608567243634e+00
-2.690713606749370879e+00
3.300807925621191408e-01
3.728161556218244632e-01
1.028802929807337563e-02
-1.306038872212047730e+00
-9.055050584545960568e-01
1.627542986455423613e+00
6.815312047476378421e-01
-1.290377618695708051e-01
8.020547569877560790e-01
-1.006145661654590517e+00
1.936910674666538490e-01
1.002965057393690795e+00
9.782024929769621568e-01
-3.220595685215168480e-01
-1.211244166971541913e+00
1.936801419801448820e-01
-1.886298770947365810e-01
9.207898937445657683e-02
3.673831058690561480e-01
8.632186279447120469e-01
-1.360983687351999261e-01
5.216414960642123955e-01
2.416675061991758189e-01
-3.595779414785012507e-01
-5.686947277907595799e-01
-2.937550668323054559e-01
-1.100123534786617563e-01
-7.701493391299019109e-01
2.857429487276311519e+00
6.018322841566072778e-01
2.656302795816996576e-01
-1.059284403405758468e+00
8.941351194682273240e-01
-1.200487577269759409e+00
1.010871553259217848e+00
3.551600544096245038e-02
3.657671284234152720e-02
-1.598976899235977189e+00
3.282530738333346854e-01
5.446797956721973755e-01
-4.929622938111835606e-01
1.160536233852789367e+00
2.000861146396499368e+00
-4.333889295872897507e-01
-5.995816324713736378e-01
1.165439087328411727e+00
-5.429183006002129552e-01
4.029880401827953817e-01
-2.249746992978938764e-01
8.842179012291478957e-01
2.180715373205674990e+00
-8.133493539373254366e-01
1.119141704842291585e+00
-1.581753860302618775e-01
-5.540871627376430242e-01
1.631731711033502230e-01
-7.512662865729172745e-01
4.010826764192078064e-01
-6.055709419007102579e-01
1.826329924390478032e+00
1.849541862659614511e+00
-5.989315823908842873e-01
-1.840949821730044345e-01
3.433357573370937610e-01
-6.774121685169540719e-01
1.629974237836088857e+00
4.473936286757817515e-01
-1.086078318984104119e+00
-2.797220765405175613e-01
-3.032060473220193897e-01
-2.014996695544545080e+00
3.590572289826470254e-01
-1.133013219206728150e+00
-9.133035384468717321e-01
-2.602321788255670398e-01
5.893538313712758381e-01
2.508708467356884353e-01
-1.412958264470645098e-01
-3.998863905216859527e-02
8.694289256005682809e-03
1.493202731355853796e+00
6.803088804732131400e-01
-8.851941432829593115e-01
6.512468086129099554e-01
-5.550140046716788289e-01
-4.211554779628932099e-01
5.754196551475452281e-01
7.997505775025858243e-01
2.010798759328089158e+00
5.568561375027820670e-01
7.563891153754798147e-01
-3.501401976491853585e-01
3.497334101050892374e-01
-8.030426587370265157e-01
-4.525939991272565632e-01
1.966018586918514055e+00
-1.290417909710945388e+00
2.969359508382615198e-01
-1.123782870314217419e+00
-1.094716513082225839e+00
2.974645366735353402e-01
-8.205042239905250279e-01
1.676887332149522347e+00
-3.602443039323167118e-01
-4.483321606292947625e-01
6.703797166134368712e-01
-1.087590074283175889e+00
1.087685680330420235e+00
6.747017551450386064e-01
-4.758570214002689203e-01
-8.206960720715313906e-01
-6.306808796696516950e-02
-2.233729857773545824e+00
1.257951289223563918e-01
3.860233925361602481e-01
-2.316888517326973762e-01
6.993740617578321217e-01
-1.964507067408904351e-01
-9.158272199783117351e-01
4.528227646272409146e-02
-6.005201664550163798e-01
3.238189712799757203e-01
7.886234322509224626e-01
-4.397980298729113890e-01
-6.831409371555039467e-01
1.917252606210845256e-01
2.450853057214129049e-01
-1.088414645823816557e-01
1.618446300780091440e-01
7.825231225097999399e-01
2.886065523400345167e+00
4.342304291243226366e-02
4.333366411577056487e-01
5.883539838571816283e-01
3.203239358118575852e-01
-2.354042949806557594e+00
-3.780695955295904076e-02
3.164214895785583681e-01
2.395594764449630709e+00
-5.649912933219699562e-01
-4.899620428705014352e-01
-2.448589674692654761e+00
7.099838103517114307e-01
-6.079738192790404838e-01
-1.307361661902247896e+00
-5.315464795119575481e-01
7.720639900228735142e-01
-1.376061160108398962e+00
1.028215322752709993e+00
2.581319263461984370e+00
-2.167321380038619572e-01
-9.142404222874918329e-02
6.345196919202444885e-01
-4.369242186268259553e-01
-5.673140773009035520e-01
-8.421404103916259043e-01
8.271213743377066052e-01
-3.973232293358981704e-02
2.501445205242877612e-02
4.722841657908085633e-01
1.171630957366512016e+00
-1.512337655230467481e+00
1.559088939997687939e+00
1.522759601669121388e+00
-1.096283729917783445e+00
-9.489567721042201365e-01
6.017825671040136770e-01
-1.985634583689573240e+00
-4.095417597271460708e-01
6.118117314859280453e-01
6.967498154079612149e-01
-1.500774856399017532e-01
-1.297643788367123019e+00
-7.203137810734993041e-01
-6.201906628657004594e-01
1.204040821081351353e-01
1.230549558449435477e+00
8.629497881712535623e-01
-8.499222279553094728e-01
8.073956210973824987e-01
5.282583338112236682e-01
-6.897191934996802637e-03
-7.330103854396581298e-01
-2.683158980033548691e-01
7.869873827127306098e-01
6.021790213734726782e-01
-8.613281457676030817e-01
-1.400072918556185320e+00
9.030891685365602939e-01
2.991124198255451505e-01
6.995577491271594006e-01
4.773370427394587612e-01
-4.714706689395963268e-01
3.387726657555957921e+00
1.232434499601354344e-01
-7.273081694683254383e-01
1.065462585507097604e-01
-1.160004683762333455e+00
-7.666166314070291810e-01
4.783062068520846921e-01
-1.218872318210254546e+00
-4.721033821256281904e-01
-1.427684182042566197e-01
-1.344637539170076224e+00
-6.475698191342033061e-01
-1.674059530394225725e-02
5.653225119171546575e-01
-1.274209876909773442e-01
9.949275937227687328e-01
6.578973113263147932e-01
1.240532019884009740e+00
1.147095365995857374e+00
