1.589166646837331331e+00
5.246837217290796218e-01
2.184053336893250208e+00
-9.423618968807346841e-01
1.795428676622931485e+00
-3.252337524591774054e-01
-6.778084994957438436e-01
5.132139233150954105e-01
1.911479290117897856e+00
8.708861999149496436e-01
9.432593992468174537e-01
-2.531478918593069949e+00
-6.042521899357452542e-01
-8.046698433116350468e-01
3.319359630015256135e-02
-5.586129250310909455e-01
2.637839023816038075e+00
-8.018589656038975777e-01
-1.007176958470812761e-01
8.931423339958279861e-01
6.018010426247258904e-01
-2.998638998083627549e-01
3.579536648867095439e-01
2.763171595270745295e-01
-8.960168903833191090e-01
-1.228264872338949099e+00
2.559939237301568582e+00
-1.362953209399971888e+00
-7.617366729878670417e-02
1.382980954545057539e+00
9.841861718457703412e-02
-7.958326841332142854e-01
-1.096932260855167485e+00
-1.518630128103012067e-01
-2.132880181421252352e+00
-1.051396763468289475e+00
-9.504210775347368134e-01
2.426230637307069948e-01
-2.556504449800085510e+00
2.050716105927865129e+00
-1.235360174310344838e+00
-4.903573402956107885e-01
-6.964289669787544490e-01
1.646535495187348985e+00
1.498886207076403299e+00
1.084430425968973655e+00
4.902916889160177094e-01
1.696977736178923335e+00
6.350146886758498699e-01
-3.751993251500314042e-01
1.466534397784154731e+00
1.485709209223231575e+00
1.086693413797656937e+00
2.051006570537128038e-01
-1.012398342191783929e+00
-9.133798192130638816e-01
4.743630215491346780e-01
-1.496713741555671939e+00
-1.602113026742205237e+00
-1.891195262846768088e+00
-6.081492717867935660e-01
-7.402392884376065574e-01
7.023895253465171074e-01
8.416306458887483632e-01
-3.023048151722448340e-01
1.314537544951693171e+00
-1.379192804262597383e+00
-1.230430507160822806e+00
-8.300696364161060936e-01
4.601391346701153573e-01
-7.515268071760262680e-01
-6.882130036629068026e-02
-3.825585874099986405e+00
1.253889665403751241e+00
-1.769559563602515428e+00
1.533906590437222217e+00
6.691118530197213143e-01
-1.083188668881327921e+00
-5.917019319832156343e-01
-7.105393889967865917e-01
8.036478874047042753e-01
1.646777600581187828e+00
9.465636560650989018e-02
-9.546739957433171275e-01
9.700904282621380936e-01
-1.039546610259945325e+00
-1.017738274058423320e+00
-3.287081330959591430e-01
4.875926502654011063e-01
-1.538914420817122153e+00
1.150067962295018065e+00
8.336598780306491152e-01
-5.678162742071066749e-01
-8.028243583645746639e-01
-1.528319308031510948e+00
-2.595594995611079092e+00
-1.815594520838985648e-01
-3.151871863994585299e-01
-3.130586353617036965e-01
-1.735693833306132694e+00
-6.205138905098717128e-01
-1.683169978813427781e+00
-2.925261569834211595e-01
-1.303383579251428337e+00
5.743083925504033349e-01
2.561585464185787142e+00
3.134979618388017975e-01
-1.526115738057157278e+00
-1.656362851571029637e-01
-1.253312296587733465e+00
2.625537155312402504e+00
1.724317537662396926e+00
1.865271426442326019e+00
-4.830707413354294877e-01
-2.252984725068563510e+00
8.203479422642598884e-01
-2.499821770501233775e+00
5.259226939720487159e-01
9.215300699298453191e-01
8.523566665574912049e-01
-1.454873035912531254e+00
2.776152694966742107e+00
-6.866591641056481177e-02
7.024248847363093184e-02
6.589391500220225240e-01
8.123622378381282205e-01
-1.489255620297360361e+00
5.276948417285842741e-01
-5.580316747317116688e-01
1.197201418355312796e+00
-1.324626237322623856e+00
-1.558707795974618726e+00
-1.294428856546588014e+00
8.520986671948825864e-01
1.884122467877970886e+00
-9.792624673097580779e-01
3.305703018343212340e-01
-1.342216330191659535e-01
2.160262797382033195e+00
1.985124780224191976e-01
-1.314748216565163386e+00
2.259479533787284389e+00
4.705359488070265384e-02
1.014115466688316092e+00
-1.907029609011669624e+00
-7.335677206930167893e-01
2.416398400800301716e-01
-2.565017904880400046e+00
-1.000861517114542826e-01
1.021764524449569445e+00
2.629405860089674141e-01
-3.953300791020586402e+00
-4.821969709987465880e-01
7.313277695008375545e-01
1.430566127043147728e-01
-1.235603619367104056e+00
1.267175093775525507e+00
-9.667078230038448350e-01
1.805826043629838118e+00
-1.165490086577728901e+00
1.290409983664048577e+00
-7.192226868659656880e-01
-1.090018872549022078e+00
-6.754701254758942452e-01
-1.237075760293688265e-01
-1.668677119117551566e+00
-3.752122169692753695e-01
1.526708993068099707e+00
1.558575129842694862e+00
-6.550441688649437655e-01
-1.417352787882453446e+00
3.119591682180408720e-01
1.047751854256844473e+00
3.099915879023986132e-01
-1.419227750785901465e+00
1.149537238096310698e+00
-1.407530730644189321e+00
1.946310943278608097e+00
-7.924863395190357984e-01
1.534970417260600462e+00
1.924467930263410009e+00
1.593748159213425497e+00
1.033436024326513047e+00
1.985968287102368945e+00
-1.964632180150539975e+00
4.764019869733443491e-01
2.372028769894995115e+00
4.927783372034083009e-01
-2.181486344497766350e+00
-9.409403666589979398e-01
-3.974003271722666986e-01
1.549522003400229053e+00
-3.326538876899775676e+00
-1.526564339795274172e+00
1.238626824198175935e+00
2.013633249647996948e+00
-1.684295231145386706e+00
-1.004895631733033534e+00
2.560317600775438684e+00
-9.671769948356966351e-01
-2.274245734395096974e-01
1.007212390511093236e+00
2.755614045913616361e-01
2.654795152742809972e+00
-8.338850180247072696e-01
1.214541467231814442e+00
-7.335687327803290803e-01
-1.367346531261013354e+00
-1.019519014271300650e+00
1.491319436711094015e+00
-3.670853174325392931e+00
-6.496722303101397644e-01
-1.708031094664274496e+00
-2.187673037783454344e+00
6.907916270284918392e-01
2.637070896763515915e-01
-2.024917943557065225e+00
1.104587497208170621e+00
2.907866579304670962e-01
1.936390751190870452e+00
1.301908475402846488e+00
2.158566328498898290e+00
6.765211063519791512e-01
-2.910346813024132118e+00
-2.380041388835136384e+00
-1.190566731751199647e+00
-7.590800924779743664e-01
-3.059010195192828907e-01
2.140386882411593472e+00
-4.158292260773034932e-01
3.578315436546302686e-01
1.859762750253234342e+00
6.853479723022992687e-01
9.785720496998154827e-01
1.082492004550448250e+00
-6.779173360705834650e-01
-2.388052384521149207e+00
1.819837842722820787e+00
2.607029026802558103e-01
2.762988978763814885e+00
-4.961239166864309103e-02
2.769947679492232417e+00
1.171733816888783419e+00
-1.668325884707950957e+00
1.428495193901101468e+00
-6.634216952202293127e-01
1.889613275641689683e+00
-1.011276522221459251e+00
9.928558647964377815e-02
-1.625445363192499215e+00
9.991146309280614368e-02
8.463279086718330513e-01
-1.683325528401628801e-01
1.271283936672642279e+00
3.360384916356793372e-01
-1.488268189186718438e+00
-1.210258773492809858e+00
-1.717986113749918387e+00
3.800004159593670106e-01
-2.976124604496904191e-01
2.692472808071871837e-01
-2.535277534056915583e-01
-1.361431338106320998e+00
-1.098958485727106638e+00
9.026281774377175049e-01
3.597380236965625477e-01
-4.945240061939292220e-01
-1.896980661112185107e+00
2.647305295238163048e+00
-6.707031022386851227e-01
-1.455729450660251389e-01
-3.485193569188684837e+00
-1.716034336397189053e+00
8.625070021007830157e-02
-6.446450745608511834e-01
-6.829893354515483850e-01
1.381180352725805971e+00
-2.126382055936395066e+00
-4.108491601938644155e-01
2.545635372549878372e+00
1.305399776269298373e+00
-4.155880806809634231e-01
1.549553225020502856e+00
-2.775688999236282761e+00
-1.557256736399128094e+00
2.128054665931947032e+00
-6.200592916574736435e-01
5.195742274585335441e-01
1.268671352719357381e+00
-1.563494396810364950e+00
1.468422295114085063e+00
-5.895233762225766672e-01
-3.950986504104497810e-01
1.424981007932860200e+00
-3.486824931723699894e-01
7.282149307851477626e-01
1.032068986726830451e+00
2.552456461047124314e+00
9.273164508517349747e-01
1.604991820658812740e+00
1.685149228552662137e+00
-2.216884043926076853e+00
1.192769362550689660e+00
3.655949005931786178e-01
-6.750886843592249775e-01
-2.935139366473665246e-01
2.506240647782832731e+00
-3.844714226228653775e-01
1.613081879874571634e-01
5.088828383611651018e-01
-6.585317877915464191e-01
2.758867584923109240e-01
1.719936046496221227e+00
3.969738254080529272e-01
1.639207154651148579e-01
-1.681133963551752153e+00
-1.976830326209860100e+00
1.342150131385973388e+00
-6.621907575139365232e-01
2.597400750201518616e+00
-8.932252141968928250e-01
-9.288736742937961921e-01
-1.360783078263630541e+00
1.168916525308086207e+00
1.124522286933568260e+00
1.789858716323641685e+00
9.468274299875863997e-01
-5.104988375759971220e-01
-1.514868862063621702e+00
4.367650485213486755e-01
3.958853648241352774e-01
-5.975460423375366092e-01
9.921613309502446132e-01
-1.897773721438833494e-01
-1.054258272448858946e+00
-2.062604498177131873e-01
3.316208607576422163e-02
-6.123355163248775934e-01
-8.374120785434062686e-01
1.647169975018533128e-01
-2.865671425727353006e-01
2.734423420950701455e+00
8.112736177063722964e-02
-1.559347311906712052e+00
2.108913862131636119e-01
-1.147455197674285943e+00
1.445006902198204379e+00
-1.277913219893291319e-01
-7.593126030272842053e-01
-1.898094748936107745e-02
1.387426220835770385e+00
2.599778091098291277e+00
-8.348751989621969738e-01
7.894652254857041918e-01
-1.299718404807305827e+00
-1.392929747248290884e+00
4.186976650601660355e-01
4.958730029215840940e-01
7.851793270292898308e-01
-8.820294210396315560e-01
5.903049751771749509e-01
5.976350835594175237e-01
9.069761247104429769e-03
1.011457467080368211e+00
-8.823897617817754169e-01
9.018513000638512800e-01
-2.403204546526816199e-01
6.575020647792972905e-01
-1.676073413032630910e+00
