8.029458444994697075e-01
3.638860171946538546e-01
-8.553356169253606422e-01
7.028091124541710477e-02
-5.444501722543428901e-01
6.389438381239229692e-01
5.644653905374985570e-01
-9.197680886011962986e-01
-1.079054860532361326e-01
8.852453672257558637e-01
6.232611408579136203e-01
1.278282376461002068e+00
-3.598920429176514224e-01
3.974184668839027545e-01
-5.194223248858728104e-01
-5.471773264721739860e-01
6.163248306317332670e-01
-9.228368222135433507e-01
-6.724273363325474762e-01
-5.929116969964903783e-02
-1.737971466642395657e-01
-9.433166546132637498e-01
4.006194596604967240e-01
-3.862690472501849326e-02
6.842055833138162013e-01
4.729642849170612728e-01
-5.217635339330775057e-01
-7.090469303891844266e-02
4.647607478878251763e-01
-3.803628756180987835e-02
2.087222821667751749e+00
-1.994087790723308551e+00
-8.925208258537487005e-01
1.571850250486984679e-01
-2.001363475001287917e-01
1.512156277162677531e+00
-9.078132636611029316e-01
1.448013258840809891e+00
5.830159420896358080e-01
-5.404350565552065722e-02
-7.537092285939295255e-01
1.108002677592202279e+00
7.275580810807602550e-02
3.177426252409245588e-01
-9.663833140172254366e-01
-2.316423721364243848e-01
3.218721935243823440e-01
6.312039647748146631e-01
-1.140020778567259141e+00
3.923595220543346640e-01
-4.090825452517352634e-01
-2.996837956979114814e-01
-6.647374935575627308e-01
-7.922294098668838380e-01
-5.640248034935029242e-01
5.819816183045101177e-01
-1.365714818239905259e+00
-4.427876691686287725e-01
6.703391541798808806e-02
3.689420543474940528e-01
-1.150797436137398766e-01
-1.901770991278864065e+00
1.358946148570458368e+00
1.011353465677257590e+00
-7.844656117983606070e-01
7.497294271510994701e-01
-9.226579533259327004e-02
-1.763142683018048551e-02
2.079430818168977457e-01
-1.885327874803644221e-01
-3.458966332302484403e-01
-1.157521687632738550e+00
-1.018984701376593582e+00
5.762254356390371646e-01
-3.363075477211599495e-01
8.706129249200271758e-01
-2.360938743609374946e+00
3.105758157146751852e-01
-6.390887968376668393e-01
-1.899247988636068030e+00
-7.149942948749821170e-02
-4.125579109371161346e-01
3.544581531642727878e-02
-8.634843744337876714e-01
-2.505033071879013418e-02
2.154845999295823766e+00
-3.372729528139761790e-01
4.516482884833246114e-01
4.855278536715014748e-01
-1.286807486497295594e-01
2.417035422593388105e+00
2.801533511042751945e-01
1.121836652158263170e-02
5.565254286396682792e-02
7.760614737407409702e-01
-1.392786620386522900e+00
-1.458858436295434879e-01
-1.245954234529258020e+00
5.939675266375152862e-01
2.581829296110577099e-01
-3.227856920356407255e-01
4.863082690027683563e-01
-3.561467992129090099e-02
8.888359838862078810e-01
1.908753391457675141e-01
-4.044782308912215907e-01
3.317667910395784014e-01
8.166409376573082746e-01
-4.233139300221632761e-01
2.698204024134439050e-01
-1.488918806958882401e-01
6.071321866820582613e-01
4.397667580189132952e-01
8.215648180256767130e-01
1.743290814241974740e+00
-1.072334663417143119e+00
-9.982952707148893268e-01
-1.997139118476649045e-01
9.429597273669996227e-01
3.179115158930513607e-02
-1.926409947862626759e-01
3.421620201714949405e-01
4.961495054551589012e-01
7.859741264439761288e-01
-1.397053813086186480e-01
-4.356167478979067198e-02
6.666757679141925852e-01
-2.116823777623364045e+00
4.720827017574374951e-01
3.575918245652834671e+00
3.435197628347789189e-01
7.178439876323335911e-01
-9.725309650137625717e-03
4.887272584572025513e-01
1.690599273335915975e-01
1.466203699873972477e+00
2.724826785941734109e-01
-4.264507482713726927e-01
8.892763619814565423e-01
5.523775853407544290e-01
-5.152969999955947511e-01
8.488950588219940085e-01
-2.413807750338393954e-02
-1.319439788076101960e+00
-6.822248010741396307e-01
-1.755029164548592924e+00
1.116462351162040179e+00
-3.719569546922721782e-03
1.497628983440977279e+00
3.568805352594489055e-01
1.965063862133038963e+00
-1.139747557622152185e-01
-7.540289956026648144e-02
8.667767629810756436e-01
5.605091993204533996e-01
7.967621956470866129e-02
-4.385506398234448322e-01
1.215122723517245706e+00
6.047681584768010987e-01
-7.060729459930314977e-02
-2.399964755760675139e-01
-2.602332974986786840e-01
6.420483364415226213e-02
2.119406790697445087e-02
8.999866847870028330e-01
1.180732470422182490e-01
-4.711096649186635177e-01
3.385634116391706971e-01
-2.300406375029378364e-02
-6.096730771938275728e-01
-1.914652088403600239e+00
1.641844571866871050e+00
4.844492795610727542e-01
1.953693889580260801e-01
3.243141373213771494e-01
4.792858195598079241e-01
-1.061189780311234676e+00
-5.178361708364751514e-01
6.510377054757304771e-01
-1.587168416074788091e+00
1.058169574558231574e+00
-3.729556323882498026e-01
-7.989474972657644170e-01
-1.038221142648184436e+00
4.090827350625198672e-02
9.607499235839765950e-01
-1.360488905405105697e+00
