-3.563195492682666998e-01
1.650798835315670510e-01
5.225352341470402839e-01
-1.804428086042632606e-01
-4.447942981087956160e-01
1.733747598200393591e-01
-2.117701885682399254e-01
3.891009899432839592e-01
3.730943303448940318e-01
4.858958734291066173e-02
6.868302736812672560e-01
-5.229331064487728886e-01
4.282821052140496354e-01
-1.644798317993797360e-02
1.724754218919867244e-01
-4.842025126539553082e-01
2.584214732074757159e-01
-1.313683121174763491e-01
-2.063927338232476039e-01
1.017159671182453318e+00
6.587982457781048629e-01
-1.630592406842706898e-01
6.981478926253877892e-01
-1.429702147373016485e+00
1.437361377066840307e-01
6.192236130472091871e-01
7.166097858606919058e-01
2.775648255789992525e-01
6.513040389411024478e-01
-1.270570480253366608e+00
-7.650722829549961856e-01
4.624427040155799640e-01
2.876847764233476101e-01
-1.013032621991883264e+00
-2.511994165963770675e-01
-1.532560187737897817e+00
5.438928091334536141e-01
-5.567514013891484703e-01
4.848755039367833586e-01
8.253412230079838485e-01
1.650307332572167884e-02
4.450814990152180961e-01
-7.711835805369087193e-01
3.984077286611013013e-01
-1.137014275529679042e+00
2.850251635735043809e-01
-1.050439711153334787e+00
1.632955631516273542e-01
4.737284856005601341e-01
-9.919412568909580230e-01
-6.899061918897217982e-01
2.616087325977476397e-01
4.493705019577093895e-01
5.022520362235716185e-02
-6.002248009378355897e-01
8.119831442339073280e-02
9.449235609355388643e-01
3.293886645729570128e-01
5.555051351820871064e-01
2.540440821230068869e-01
5.515745137485669747e-02
-2.741651457055288010e-01
-1.454640318574483393e+00
4.627074681966950043e-01
1.043725167919538621e-01
-4.290412552880437658e-01
-5.585960120177101418e-01
1.536488337608129251e-01
-4.957805357549533998e-01
3.187909957325490984e-01
1.109873244055967767e-01
-6.781105126451290044e-01
1.125529556336621440e+00
3.532364324385998677e-01
6.798315307662915474e-01
-3.107478231533093438e-01
1.435896495985320209e+00
-7.396850784833957082e-01
7.968498261403026417e-01
3.060359198366167655e-01
2.658797712493186083e-01
7.312880382723602191e-02
-1.817434695604260853e-01
-4.990880203441150353e-01
-7.076129417167545954e-01
8.167948467009011893e-02
-6.791555119960089870e-01
1.799970887732305902e-01
2.889723090168444530e-02
-7.650308051789591612e-01
-1.085766519600478874e+00
8.780304636731324219e-01
-8.068161476527120346e-01
4.616390996254050583e-01
-1.234347466102694524e+00
-5.804627043502602612e-01
3.482792191288407446e-01
-9.088662042321784540e-01
-1.542373783770149220e+00
-1.247834926220507124e-01
-4.289273302194214765e-01
-7.014333261233604011e-01
1.073830240308826234e-01
-4.632019304860496289e-02
1.846243885230778869e-01
-1.178412269822178352e-02
5.026847141459970247e-01
6.103333469519403032e-01
-5.200803395044982791e-01
1.040096991419856343e+00
-3.515313339336802456e-01
4.379161904084183377e-01
3.049536374141507133e-01
-4.029325830415584342e-01
6.623275577001733749e-01
-5.354015901437860769e-01
1.596663033267433640e-01
-2.755594065569664242e-01
6.514332405868920040e-01
8.589827778045119322e-01
6.932997400368726693e-01
9.856062410482693270e-01
1.011719790065527924e+00
-1.406255823087584900e-01
5.563375809813657646e-01
-6.032764067070147673e-01
-7.596970375703270273e-01
-4.102575271434347748e-01
-2.191042675669055972e-01
-7.723166992905537709e-02
-4.748842318176452748e-01
3.191331454939287937e-01
7.355330721912809455e-01
-1.488821789808053353e+00
-4.906463281333836579e-01
8.182560307077829664e-01
1.205754900900799065e+00
3.987141923768553475e-01
-3.936362262570389237e-01
-6.041470356074776227e-01
9.256575150072546831e-01
-9.605247288782987614e-01
-8.985909003563797848e-01
-8.210390578257386052e-01
5.597826013685519575e-02
5.260417434120111535e-01
-7.531755523630274951e-02
6.192171367622838485e-01
-6.426713825288867810e-01
-1.049222360834648260e+00
-4.649006180148634315e-01
-3.142267793542652399e-01
-8.540390908425821159e-01
1.081286875526459967e+00
-1.442561829450767608e+00
-3.457910268140019783e-01
-2.209754690821325862e-01
4.335325515539839580e-02
2.889399252703510612e-01
-7.657899711347211369e-01
9.840743939345074631e-01
3.090751292267716610e-01
1.809747640271527624e-01
2.884630020103529091e-02
-5.296289658809776313e-01
6.783830771041500507e-02
6.494080423436535687e-01
-1.902174867371379113e-02
8.152303356027673642e-01
1.827896380865257075e-02
-1.766077101273780370e+00
5.331961534956723980e-01
1.531952023357335269e-01
-6.383788309044874376e-01
-1.327958541922371838e+00
-1.435162857815527188e-02
-1.827689789200110659e-01
-5.337486535109201569e-01
-8.202515466549591405e-01
-7.297740799514933485e-01
1.454060976202563860e-01
7.393006627801419484e-01
-5.269762415389072086e-01
4.243973323298946831e-01
6.655649407355509473e-01
3.694685063828624383e-01
5.607330656131729318e-01
-2.775664454164230577e-01
2.783207865632207900e-01
3.946335507692487754e-01
8.814120414502474299e-02
-8.854566211465347836e-01
-8.145983947214438525e-02
-3.458303962682365840e-01
-7.977994493868812986e-01
1.427237718810493994e-01
2.420452117192260222e-01
6.592465364995735433e-01
-8.364997513472961499e-01
-7.343780424989245770e-01
-1.293165015989641731e+00
-7.372235379000452449e-01
-4.896252610099829372e-01
-4.397571384069127176e-01
-1.116836517707699095e+00
2.183900062038917067e-01
-3.641809269016129114e-01
2.081024892560833783e-01
-8.480518645878634132e-01
9.452405931254612703e-01
-6.936169778595173696e-01
-7.001057872348440680e-01
1.786456624408325478e-01
-7.548476981328899882e-01
-1.138602307608126196e+00
-7.364852503880807699e-01
-5.207331390104141811e-02
2.534278115292770139e-01
-4.199920475711676482e-01
-1.062467427376879936e+00
8.686048178152286359e-02
-4.597019563855684332e-01
3.077304574199697385e-01
-2.468062197539692693e-01
2.198260713412992506e-01
-1.640638690572872038e-01
7.622670495722557726e-01
-3.250303701621587993e-01
-1.497430534327963969e-01
-7.060484570457169484e-01
1.187807595522411691e-03
-6.453364719422783891e-01
7.747236448545340437e-01
-5.091259760680240110e-01
-7.602325582634542611e-01
2.911209516273750575e-01
1.604432786830090052e-03
-7.150229522261064563e-02
-6.331642850188464733e-01
6.960257202998640369e-02
-7.463476621192608462e-01
1.515296051602935012e+00
-1.080710065478960979e+00
-9.913997383496528926e-01
3.648925511539335975e-04
-1.491018380572813051e-01
1.869362582284017082e-01
7.245446967895534662e-01
1.175143181229986872e-01
-1.154050585591811062e+00
-5.188163719642028271e-01
7.120657144182293008e-01
-3.877402451704732300e-01
-9.731846815155307251e-01
6.253065391010017571e-01
-1.212488621406089262e+00
2.401999610620906556e-01
-5.302673647327016404e-01
5.424913369086403758e-01
-6.849945942823680856e-01
2.009103802061038835e-01
-1.280923054312701925e+00
3.375315498106440937e-01
1.196708692218270809e+00
-5.802848535269782282e-01
3.994976393461635578e-01
-3.910432885983904372e-01
-3.516389726873269672e-01
-1.765452792156321671e+00
-7.527731288041876745e-01
7.787573897814078494e-01
2.164324039203750494e-01
-4.549368213427300023e-01
-1.319624320714025911e+00
-1.158306740994477835e+00
-7.493083313525839007e-01
-1.282583955720259850e+00
1.312505271024638487e-01
3.866439955738802392e-01
1.005667952288971767e+00
1.227543831632520677e+00
-3.811696301504977624e-01
1.464381857297280654e+00
-7.729288494786203945e-01
3.215976382403827327e-01
5.889419559469328824e-01
2.926805373325080950e-01
9.390442109661667480e-03
-2.766415339215344549e-01
-7.994763982801865732e-01
8.068372903393605799e-02
5.563205145695382381e-01
5.881725366968678648e-01
3.209188165274199922e-01
5.942464185167751767e-01
3.195535669019906599e-01
5.713100274097817621e-01
-5.460760477954723635e-02
9.947698947955087023e-01
1.916638781294391358e-02
1.011401945374349604e-01
-7.555263932548789141e-01
-4.224435445542666645e-02
-1.310265483240571349e+00
2.863038651801702028e-01
6.177533480768602342e-02
-1.215768880763086646e+00
1.783854938568603388e-02
1.065839960897249306e+00
-8.793076475217678212e-01
1.200258012594496826e+00
1.130580099051488041e+00
-3.174352157776206829e-01
-5.089857661827176250e-01
-7.958793825279792955e-01
-1.033700300837581798e+00
-2.729126999470308790e-01
-4.869030901208062367e-01
-1.751931990563378727e-01
4.853266847048419153e-01
-1.519649343444036571e+00
-8.190822620373017227e-01
3.835495502917605215e-01
2.206468341668932354e-02
-3.984343104202708319e-01
-6.973792252621936472e-01
4.522086491651675089e-02
-4.410707978012018415e-04
1.023956241996588634e+00
-1.059277615053414001e+00
-7.998861824382340613e-01
1.529737523683016853e+00
7.625152148668939978e-02
-5.506861816731385417e-01
-2.259248375023452937e-01
8.977024152126014123e-01
-3.638584766650577174e-01
-6.575494452567106629e-01
-5.711109568755401433e-01
-4.351099233875332373e-01
-2.603693984056332789e-01
-9.543242420249117286e-01
-3.473472412772533879e-02
1.342837096494295501e+00
7.920042414221448723e-01
8.200553705809160432e-02
7.980957868928737486e-01
5.328187171121917531e-01
-1.609232816349298600e-02
7.747449429837213186e-01
5.311243245072482244e-01
-1.512814655070065240e-01
-4.192466920677497821e-01
6.770853901621625148e-01
-4.304115213020720532e-01
-9.617723517165208125e-02
-4.868059263632311673e-01
3.914873527862768321e-01
-4.405262972076923744e-01
-6.565371503531985953e-01
-2.923518371079534273e-01
-8.189447391310751279e-01
-1.761372880050071643e+00
-2.336706887515285214e-01
-3.219908500679069530e-01
-1.235794032396446473e+00
8.895027615645394459e-01
4.420176379961526791e-02
-1.323766009377369102e+00
