1.130348613391487511e+00
-1.805933493660382139e-01
-2.309619211429392305e-01
-5.606235581745616647e-01
7.955270606513382692e-01
7.797492698536080402e-01
-9.447747496778887699e-01
5.430422018408318507e-01
-9.693698699399075913e-01
4.383151163652528881e-01
1.015488763708858183e-01
-3.800391402961237897e-01
4.739914217869776181e-01
-4.858682148705441295e-02
1.685071363438852776e+00
1.596951367063271343e+00
6.531058907954049308e-01
-1.640809453106831794e-01
8.612818581184039646e-01
-1.955842572706469440e+00
1.032181609613354922e+00
-3.765462499412682851e-01
6.373851791225648711e-01
-4.107594812459643974e-01
6.501114502981646392e-01
-1.397517727468724935e+00
3.148960550792453406e-01
1.412893029374350462e+00
9.066130123153536280e-01
-1.226173588634939415e+00
7.033383844342375735e-01
1.138750745668368980e+00
1.307093781986108816e+00
5.290831113972314093e-01
-9.792413402581190418e-01
7.821792082743032060e-01
1.051908841624729529e+00
1.013610599855253369e+00
-3.093712781107870735e-01
-1.206869809164103247e+00
-7.112782152441449179e-01
-1.123003884425215759e-01
-4.020874829682106744e-01
8.310950268081068737e-01
6.361301206045275602e-01
-5.121666612103482619e-01
-2.613494885061162787e+00
3.974631721835490961e-01
-4.462385240671180031e-01
-1.860725032424175973e+00
7.284339893410922695e-01
-5.964850287236693749e-01
-8.724903841239982638e-01
-1.264355012433570513e+00
-7.936450782646444768e-01
1.267668002328060428e+00
-1.067198295457012225e-01
-9.579739408684582180e-01
-8.330791044909162668e-01
1.638554098997790032e+00
-4.951806523505166147e-01
-8.344908425967570431e-02
-1.075113069325556614e+00
-7.724361369950309975e-01
1.314457562676086377e+00
1.874383435001834297e-01
-2.830260297931681546e-01
4.805599309512879058e-01
-5.286421832129385434e-01
5.524123842772118431e-01
9.949967349106469960e-01
-4.710697950831322367e-01
4.841852204525969317e-01
4.747015546843157408e-01
5.070192023352229072e-01
1.501530273883119326e-01
-1.193130758186704998e+00
-5.119446199831915317e-02
1.707850840625827260e+00
-6.116573426633288291e-01
7.537175799502671136e-01
-2.606363064777353356e-01
7.006966151465150450e-01
4.177937373853470859e-01
1.940775821926710831e+00
2.131530809084073663e+00
-5.700912788581393720e-01
6.559545113192144505e-01
-2.403073222262106234e-01
1.204296881463871316e-01
-1.757518968261131964e-02
4.874347537725526314e-02
1.405641125425233229e+00
4.527922532814573908e-01
2.372019151001190096e+00
1.125437579105989183e+00
4.944477522834681560e-01
7.366511834133412373e-01
-1.216812290906466476e+00
1.356802279369295483e-01
-5.304210383832173026e-01
-3.867160874667710524e-01
-2.953405939864790497e-01
5.147018780743355393e-01
-1.516164840357163701e-01
3.348760363817397945e-01
5.799447014824664626e-01
-7.940200715421963373e-02
4.592899647249265582e-01
-3.303745413721514979e-01
3.950601954553226158e-01
-1.485609475565606852e+00
8.961046158518010118e-01
-5.241926171465188800e-01
-9.576331081085696084e-01
6.314153995300838540e-01
1.290103837332545966e+00
-9.242038636005120988e-01
-4.671506644738258190e-02
9.183988944512169184e-01
-8.935892272062634367e-01
-4.815652041404235861e-01
-1.272213374241095707e+00
2.786614839630019991e-01
-5.234516200882515236e-01
8.435627194526671424e-01
2.577428690072816497e+00
-2.176562834722699957e+00
6.491199667054855516e-01
-7.752310346866908564e-01
2.437402130865711225e-01
-1.250385936196546144e+00
8.803786901227710349e-01
8.479826363086642171e-01
-1.476660664106460574e-01
-6.977357192068217584e-02
1.326910182450224962e+00
2.280622361865970033e-02
9.851622680905071094e-01
5.268708978477935068e-01
-5.035650939622862143e-01
-9.755688814521729091e-01
9.149075601480453068e-01
-1.250693471110474686e+00
-6.108103561030086004e-01
1.066068889862361146e+00
1.042700233126123144e-02
4.077081112473583402e-01
1.006337800185864495e+00
-4.561570960642302719e-01
-1.230595575699739430e-01
-1.390280444970340090e+00
-1.341946965644331025e+00
-9.546952074332506477e-01
-1.210397406166164314e-01
-4.004683890556612336e-01
-9.941303146118229961e-02
-1.530063675807563639e+00
-1.651813059171939463e-02
7.941827748117253893e-01
-1.201312664088903581e+00
2.873222581458156344e-01
-6.086738326232454810e-01
-9.237568990811240166e-01
7.995451293656315184e-02
2.269691730623123876e-02
-5.747601530261559066e-01
6.912438518740757765e-01
7.889807508837755057e-01
-2.516955124002695499e-01
7.285489564462070966e-01
-1.146269560441551594e+00
7.629907191935403343e-01
-1.518205024100504064e-01
2.954395697833152035e-01
5.850538031054143273e-01
1.357437696234349511e+00
7.485329015579086920e-02
-2.048499144355130142e+00
3.293414901011912921e-01
-3.390191711135732144e-01
-3.003737050026031308e-01
1.844306054396570360e+00
-3.436611411147377781e-01
-8.296100390593573737e-01
1.088241272453059905e+00
8.662871891217739373e-01
-8.831456126365968551e-01
-4.363637292230429510e-01
-2.208561839893889989e+00
9.911142620275605886e-01
1.170310809679937503e-01
-6.969281094437114188e-01
7.647718612740186939e-02
1.267450259324521822e+00
-1.650759105443647123e-01
-6.018778030440550264e-01
-2.617974056537318628e+00
-3.619871356330244261e-01
1.342299240039351416e+00
-4.981896162354312874e-01
1.327636999900787762e+00
8.609242404834758222e-01
6.874202800167052985e-01
-1.387335428465140685e+00
-1.615075192617031696e+00
6.748881960491974474e-02
1.384757175235754145e+00
8.537879529030140136e-01
6.398611518392174902e-02
1.929894314814462053e-02
4.387301941147929429e-02
1.525738478022355127e-01
1.126851615417960639e+00
-1.371938680457042148e-01
-8.317286689475084094e-01
1.523295603437772039e-01
1.300454983437448198e-01
-7.752629969145355959e-01
-6.660873528022065448e-01
4.486861557329081540e-01
-1.849979804433532771e-01
-1.668148029358213491e-01
-6.971744008998165265e-01
1.889345878458376093e-01
-9.827009570768356905e-01
-5.233855372796416550e-01
-9.898253203465277039e-01
-1.768732325414056339e+00
4.278870274952477348e-02
7.506970120434801608e-01
-1.378129281637545944e-01
1.050568581158255022e+00
-1.077199429180041523e+00
-2.584230149955221711e-01
-9.896956768308804442e-01
-4.761677163296071380e-01
6.448261009561468970e-01
4.539377032221630359e-01
7.339352277576065564e-01
-6.752860079774334334e-01
9.514336796732000279e-01
1.303606362383466166e+00
2.403861671511655640e+00
-4.598845075534132576e-01
-8.588306457132377503e-01
2.252690833421266969e+00
8.743718716361965904e-02
2.850451755374308616e-01
-4.274939331265679154e-01
7.591023998995231059e-01
-5.321911607670678501e-01
-1.421565176677941356e+00
4.218118492119274365e-01
-1.249809606448597510e+00
1.219228427658530123e+00
7.321172632572554850e-02
3.551575297401947662e-01
1.306773283053113133e+00
6.348224028607422076e-01
-4.359495588088749263e-01
-4.712222402504220864e-01
-1.084119575060845886e+00
2.872717475879469351e-01
1.368034925417932257e+00
1.323162077754000077e+00
2.868298688822215059e-01
5.878111032464212737e-01
7.967925313075782112e-01
2.970725969670892641e-01
-7.452397504128661643e-01
1.818307652190372936e+00
4.048999582821358745e-01
1.391127384452278459e+00
-9.721491239140666041e-01
1.500981111228256948e+00
8.634591194551292093e-01
2.543544834691632284e-01
3.698086965448335595e-01
7.219189856021717144e-01
-3.085104818245077984e-01
-6.568150122427429682e-01
8.191205512065646843e-01
-1.735003152186185948e+00
-1.799924499483982199e-01
1.397804565490647022e+00
5.881655501241586648e-02
1.242804797546442352e-01
2.389602904169921826e-01
-1.106564521062375350e+00
-6.282203949827831480e-01
4.479684997868342844e-01
-9.205431308914946431e-02
-1.071600617540263922e+00
1.077528027238782715e-01
-5.457339053393865935e-01
-1.744702380661393493e+00
-8.807810830848499251e-01
6.842632578227099138e-01
-1.338079904458217895e+00
1.619034430829706439e+00
1.939836403673667609e-01
-1.219348936567523412e+00
6.832951376132536669e-01
-5.158605334233831163e-01
-7.464934408915346875e-01
9.749650730015079203e-01
-3.798407805772832102e-01
9.414993622923144567e-01
-8.849453781726828172e-01
-3.588331006383384536e-01
1.230692441691870087e+00
3.430205529979703516e-01
-1.470426750781465230e+00
-9.618762680203942761e-01
1.429788535536428151e-01
9.886150346838588066e-01
1.199481026974428932e+00
-2.444232180415563671e-01
-1.068815110206397412e+00
-4.748000998180793575e-01
-6.855390691078258047e-01
3.824669470798461868e-01
-1.025194908154106521e+00
-7.456769146138154669e-01
-1.788084725374612605e+00
-1.121642217163982158e+00
-1.225692000101047396e+00
1.414413805930778978e-01
-2.548647439179408947e-01
2.212623056002080424e-01
-2.162899113996607614e+00
-4.569782666104549307e-01
-6.508642165337759078e-01
-9.555991264120429207e-01
-1.924196580372651955e+00
4.313504443841787994e-01
2.883845230831858508e-01
-1.782258863743346189e-01
7.003429182195677338e-01
-1.931435470645262997e+00
1.870491723981644094e+00
1.672314595044887886e+00
-2.576342606682096581e-01
-8.469018409690703963e-01
9.094875953085500564e-01
-9.096378125563637784e-01
1.225584476749963958e+00
1.570088880537999998e+00
-1.706056213660095633e+00
-3.144185475485266612e-01
-3.326823380108449024e-01
2.044721395691138643e-01
-1.367431893072962090e+00
1.244063883120645198e+00
-3.145263569277244597e-01
-9.324836558942825038e-01
2.681077554029971388e-01
1.123176745866253157e+00
-7.414556057533314704e-01
-4.837950423742912176e-01
1.200108917389728358e+00
-3.201917341763707014e-01
3.675438361542204269e-01
-3.725567159813091833e-01
2.754657441506824234e-01
3.700015728007925997e-01
6.096796137173330354e-01
-2.840495802181616791e-01
