-7.124653072478460691e-01
3.166756934725140776e-02
-1.130759209351757111e-01
-5.338999289931658510e-01
-1.967602095388920613e-01
5.051074171386024103e-01
-1.141286739227173719e+00
-1.139721058817394939e+00
1.019319008067120391e+00
3.178584800993846660e-01
-6.575599487974631563e-01
-7.847522049383276466e-01
-1.412948939929713488e+00
-4.877235683437666225e-01
-9.198692265094343679e-01
-1.369412910452113330e+00
-4.390460329730895284e-01
-1.098180619441654904e-02
-4.873771800723654124e-01
5.934246916757401902e-01
9.347215751684445628e-01
1.215740754856636352e+00
3.385752489844103680e-02
5.006899118575014462e-01
5.326664968836540559e-02
1.052365945371390721e+00
-1.604634232588060816e-01
7.750389824077580370e-02
5.062980951784514794e-01
1.510648416379835601e-01
5.578980621651342675e-01
5.025003088121771100e-01
-8.372466146011647847e-01
-1.466008471171665883e+00
6.803329144471353951e-01
8.582898969878414164e-01
6.216911298546106135e-01
5.316119718100534297e-02
-5.467342034171067677e-01
1.907719498214445752e-01
1.361036716390085166e+00
-1.176920693757582237e+00
-1.162236463031598888e+00
1.364971102571274630e-01
-1.398160742557515435e-01
4.935080493853475359e-01
-2.919857984888944435e-01
-4.804710105821246025e-01
7.987422483859878131e-02
-6.396149152303288732e-01
-2.576823297419533754e-02
5.217787232713643197e-01
4.872062246876327496e-01
6.566024724089518649e-01
-1.264164103740625378e-01
-4.091940144625979547e-01
4.975055266968787526e-01
7.931630572340375718e-01
5.716111370570833294e-01
-1.137168626359863072e-01
-3.294912941450004462e-01
-1.410154963298706488e-01
1.314240657402285795e+00
-1.535814358029644333e-01
8.071577773555571600e-01
7.923080982177218567e-01
-4.723674779216463504e-02
3.293316015462973700e-01
-8.571695674000787690e-01
1.381371076828323829e+00
-2.352836871018220977e-01
-1.049863797721523051e-01
7.866184743472661722e-01
9.264788163232914320e-01
7.023429061272622176e-02
3.996076649984320883e-01
-1.759065205356647454e-01
-1.180382958847153496e+00
2.479449713561965862e-01
1.691474551701165896e-01
-1.198827656300118338e+00
-1.350782773034093109e+00
1.489812397378246889e+00
-1.109534671054384525e+00
7.180234431883610879e-01
1.366056736447758269e-01
-3.506785924580131386e-01
-1.112120220253403485e-01
8.666462373772837458e-01
-4.379015352841809094e-01
4.418426436131511759e-01
1.005036876722086303e-01
2.448954162675779089e-01
1.393888258713305905e+00
8.196556830709186281e-01
-5.247924306488919166e-01
8.009929588610046336e-01
-1.026256296114742117e+00
1.520797448291561604e+00
-2.100269626884593843e-01
3.642886065596057099e-01
1.745515067839900278e-02
3.136036356892511479e-01
1.201066398865613838e+00
-1.177770276809687600e-01
3.124325135798834419e-01
9.083358602769162626e-01
7.400887858544500375e-01
-5.366591296202987138e-01
-1.095821332152431049e+00
-8.562594427738116076e-01
4.650811479030741435e-01
9.651194861906890743e-02
7.699187853939460924e-01
-2.625806353300871310e-01
-1.848016832021317501e-01
7.665381037404501718e-01
4.548599975018275954e-01
1.446365668925482517e-02
4.823925598987449659e-01
-4.284111570865704044e-01
-7.930360963049188916e-01
-3.753700953455222922e-01
-1.447599946603449039e+00
-1.302207553106197846e+00
4.836859229854278963e-01
-1.336712096244549119e+00
3.549143983969433314e-01
3.305938725356353247e-01
5.189973381130398300e-01
-9.865915051866305241e-01
3.315385398201132205e-01
-1.224861748837072217e-01
-6.449533751843992135e-01
-8.354040802055568982e-01
-1.756984695796341978e+00
4.482930132293667103e-01
1.149465383762577453e+00
4.804687497822139330e-01
7.960090200047247322e-01
1.120389055541600953e+00
-2.806244228723026035e-01
-6.877068551704664801e-01
-3.828485751469276055e-01
7.151671834855611865e-01
3.780390253918319843e-01
-5.433461114003090842e-01
-1.640009511696585598e+00
-6.205771151002352770e-01
1.243792680034039533e+00
1.035810336225119421e+00
1.177430938870184463e+00
-7.902618475389741604e-02
1.165275290944103592e-01
-2.430350110248959417e-01
3.286968899341546901e-01
-3.571522362198841782e-01
9.368212544805070152e-01
-7.362140992474566770e-02
-3.724564708200173158e-01
6.125732407640519517e-01
-9.511470356241408242e-01
1.485861555043498372e-01
1.248746267665722387e-01
9.819385593499142528e-01
2.295238373910861440e-01
-7.843934612477905244e-01
5.010088677548386604e-01
2.653954552863450611e-01
-1.817418220724128064e+00
1.482430950128807323e+00
9.848837698812313857e-01
-6.096510806646425751e-01
1.168612103053110918e+00
5.053836813965614794e-02
8.992838743857705097e-01
-7.351985763595472179e-01
9.833146213712207206e-02
-2.175974710017259950e-01
-1.001520870445659073e-01
4.524516157025683660e-01
4.753246574075289388e-01
-3.114168957186174147e-01
-6.672185513499212517e-03
-5.855894626717786933e-01
2.035988806857123579e-01
3.597749297734292862e-03
7.531918715043450785e-01
-1.161236897755600239e+00
7.238751228704145557e-01
3.233034557493761896e-01
7.310956598083322433e-01
8.088330516746278231e-01
6.140441277463986047e-01
8.266604042712102918e-02
-5.248429585358899141e-01
-1.113924343214443669e+00
1.796430704981013537e+00
7.627060009718636957e-01
4.762108747699217437e-01
-3.839678508977832916e-01
6.941915340668967094e-01
-8.200535019502295242e-01
-4.842898546078447386e-01
8.662535414008183388e-01
4.221753280599014474e-02
5.207844292988816903e-01
-4.583663208415962309e-01
-4.690064871950764269e-01
-1.514410898297112729e-01
-1.623673271102804794e+00
7.964620769682477786e-01
-3.812311034904863338e-01
6.978147644075254341e-01
5.649140667275058814e-01
-9.670903035914160117e-01
-5.552129125889737615e-01
1.298735441663952717e+00
2.988942391864130022e-01
5.351806865957580150e-01
-4.878447969986885457e-01
-6.272242090022920324e-01
-2.464743562024012957e-01
-4.357531066742628134e-01
2.309806921689116499e-01
-5.866004402086266722e-01
9.868369161308466753e-01
-3.884829712204920238e-01
9.487927455809328503e-01
-3.608889661376901148e-01
5.564828864251729623e-01
-7.492997955668049270e-01
1.529436759624955011e-01
-1.836053661442696439e-01
6.649391291114890024e-01
3.167716756082713525e-01
-6.104525301177035068e-01
-3.387541904188015041e-01
1.638520774284766279e-01
8.052968055365772315e-01
-1.535911909591465507e+00
6.276853644109904318e-01
1.421503272464276435e+00
-7.604241725909091087e-01
7.035241125890445701e-01
2.488372213348193918e-01
2.312214391878112951e-01
-1.551479525397655990e-01
2.764308086186900160e-01
-7.462942564895295172e-01
-1.519056546465896496e+00
-1.648154520136648760e-01
-6.098677289350932229e-01
-1.180248653846369455e+00
1.056238300021715482e+00
1.414324704950255251e-01
-5.740894800913437512e-01
-3.930027174273977297e-01
8.013458394773066429e-01
4.371004986382740487e-01
1.075007735830458611e+00
5.869600428799480740e-01
-7.873540943515265900e-01
-7.198280176254315266e-02
1.018563814865409256e+00
-3.466354439586072367e-01
-9.213473938856074907e-01
4.696989260193569216e-01
1.005329417718173968e+00
7.814040369611190417e-01
1.947630184628442729e-01
-5.484200782337861346e-01
2.673747920491350571e-01
4.866090157992965515e-01
8.657914115871212513e-01
-5.843355301999682005e-01
-4.236081327892458614e-01
4.764662109802378920e-01
-1.311881852733430831e+00
1.496047134771504084e+00
-4.206634917972830179e-01
2.201103015746493918e-01
-9.199369842632324490e-01
-9.847384855577127061e-01
2.449877376972236509e-01
-3.337513811989820667e-01
-4.494509539112124807e-01
3.205535222193871547e-01
-2.916412924680418794e-01
6.420059109870248637e-01
8.572312511803336088e-01
3.733046692455561644e-01
-2.992764290169954156e-01
-9.725278494653002426e-01
-5.253380045770219553e-01
-1.555601090073606807e+00
-7.911211403962127298e-01
-5.444168245214737745e-01
6.985642241157623555e-01
-6.277868969394503340e-01
5.030946870621453293e-01
-4.998519174888696459e-01
5.084847767478936076e-01
1.178046076006775689e+00
-1.001995592271864854e+00
-1.171183231905758459e+00
-3.894575748731664566e-01
8.151271792004946004e-01
8.101997366679146440e-02
4.403821426525761917e-01
-1.170510291890661803e+00
7.116629253812516431e-01
8.074663407259802250e-02
-1.722397428064332270e-01
2.509363528148627620e-01
-9.469008427393775795e-01
1.015035958178784614e-01
7.960575342305831192e-01
-5.812441772841578924e-01
-1.956971838466809166e-01
1.162178495186995536e-01
1.016939957220784896e-01
1.218887185435553189e+00
4.191212251407130385e-01
1.390533522570461256e-01
-5.778703956712041290e-01
-1.055938688237752832e+00
-2.810968925815919839e-01
1.078216897617497949e+00
-2.481971120499436578e-01
9.803928327260961195e-01
6.796959873439246680e-01
1.984090033656571717e-01
-9.925137732836276649e-01
-6.087280984509689796e-01
-3.171708750509067976e-01
7.525564023172248707e-01
-5.747115313562992656e-01
2.581622124168335142e-01
-8.468523708458408628e-03
-5.424618609792626334e-01
-8.075652885619172272e-02
9.701844414718943099e-01
1.161239280609689839e+00
-2.443779377364131145e-01
2.955066656705985367e-02
8.585414731120617482e-01
-6.690115692599903907e-01
-1.657089844076602425e+00
-6.312080310438226149e-01
1.834877208116243441e-01
-1.057856788328029429e+00
-2.624532784257951334e-01
6.215720618568105760e-01
-1.404138519255014039e-01
4.640634443556543864e-01
2.604545127480790701e-01
3.663216558399302047e-01
-4.497652828388153945e-01
2.961476677415402214e-01
2.531683115086271751e-01
1.017682667402935115e+00
-1.462048703971421670e-01
-4.313497274269972870e-01
8.691968058607617287e-02
-1.718570267000666119e-01
1.521541149999774134e-01
-6.694627528652932202e-01
-8.120790492285454576e-01
