-2.770662047438457454e-01
1.072831236276016842e+00
7.641993281841641394e-01
1.611895623905843788e-01
3.806504844994507142e-02
1.598273801609560729e-01
-4.322391131895743643e-01
1.097841541171006741e+00
8.992159767859357611e-02
-6.143213203907441633e-01
4.562695784509045172e-02
4.137484268400406506e-01
7.147161571702265181e-01
7.239683577469777642e-01
3.532589137476777608e-01
1.677971060711679563e+00
-9.516417595243018557e-01
-2.519627524094321391e-02
8.669393130398707070e-01
-3.571523769390637648e-01
1.367074601662725319e+00
7.771649468965480256e-01
-1.106630346894821315e+00
-1.320848918806742045e+00
1.582078801701467086e+00
-1.416165765487822803e+00
5.107907035405442331e-01
-5.617097422625202952e-02
-1.400339915432347482e+00
4.535086732542451537e-01
3.534336873676283686e-01
1.262123503630457888e+00
1.699220188301922896e+00
3.879432337608319514e-01
7.686456624017120598e-01
-8.062016206251203521e-01
-7.544510696683526252e-01
-3.996932069574792856e-01
-9.461648890401337386e-01
1.617452169617599744e-01
-8.173826067710425469e-02
-1.070080806716231514e+00
-7.383727717583650207e-01
-1.381344142418035492e+00
-6.377270787010684838e-01
-2.512111228339929114e-02
-1.729143287549483876e-01
7.235895706693787899e-01
-8.682228325261021062e-02
-1.140245056584455297e+00
3.654342086569788428e-01
-6.627651019523744802e-01
3.315794790403970849e-01
-5.581865333617225255e-01
1.044481386684337348e-01
-1.152288764270369192e+00
-6.145617267074318657e-02
-1.576575599775065506e-01
9.880121798655091547e-01
-2.905988213993855318e-01
2.028656657758157178e-02
-1.199676792543123982e+00
-9.148126359989893208e-01
1.450331006408577261e-01
2.688117813156821745e-01
-5.759277357055123669e-01
-4.842657219776684840e-01
8.091561821201813665e-01
3.500384142866364567e-01
4.809283228853890313e-02
9.287949287752746974e-01
-6.330555720093770100e-01
4.646525844727527055e-01
-5.388327110310788814e-01
1.506603783579245626e-01
1.124090246623085765e+00
-3.253555025626706509e-01
-4.477879721770893218e-01
7.761089680706122484e-01
2.136915562027695836e-01
9.723035802554259588e-01
8.961389355408223567e-01
-1.250931388077775597e-01
2.093937694103939207e-01
-1.860240292452753630e-01
-4.732023660548715371e-01
-1.640516832749447929e-01
2.186152658980659025e-01
-1.040978540065564117e-01
5.502934935713584830e-01
1.183388395877014651e-02
-9.651489333400231629e-01
-2.052764082431909887e-02
-8.803789341388700285e-01
-8.856262866624515784e-01
-6.342602700247502723e-01
1.575910166536212076e+00
-7.881167080363546962e-01
-4.085841560428996044e-01
5.911515483616960331e-01
-1.051024775147125556e+00
-1.210746994473811955e-01
-7.484357164111617999e-01
3.215767542831777792e-01
-5.558484714695484108e-01
-6.076735789228242535e-01
4.772451269129321938e-01
-3.168160795367110372e-01
5.499935859427522722e-01
2.584745921764562415e-01
1.273812790774182746e+00
-1.601130882102260733e+00
-6.012457287095105407e-01
-1.547743392507781868e-01
-1.081123869189675735e-01
-1.468130039819119270e+00
7.246898561954316642e-02
2.935420958129575375e-01
1.251390802975037575e+00
4.934467632326411390e-01
-1.034200607813346995e-01
1.650889764037973828e-01
7.064932765362176292e-01
1.998220526947351861e-01
9.863504015989776885e-02
-4.221446777069619571e-01
-1.507349752767215723e+00
5.982792447456619644e-01
3.381280807418678425e-01
9.961495255075645261e-01
1.444465901088882953e+00
-5.531229573111203779e-01
-1.332521129162724582e+00
1.400029019418596032e+00
-7.819732460784469819e-01
-3.392441161477350309e-01
7.539466408659043495e-01
6.813093051794341104e-01
9.839494200410340286e-01
-1.564863041922742448e-01
-2.670194764345124039e-01
-8.107621193088676570e-01
-7.351033995360989337e-01
6.441899005644762255e-01
2.518163833353249670e-01
-1.641942595313838904e+00
1.130752466297775038e+00
1.239620853227336450e-01
9.171162379316473157e-01
1.464533019542936909e+00
-9.287490009980348127e-01
4.738523623392315587e-01
6.202840728266261205e-01
7.206139738784859139e-01
4.416583365829304664e-01
1.587219454144884745e+00
7.034301652995699206e-01
-4.835219836770302537e-01
3.583595054084035558e-01
-6.107122338499190173e-01
1.244865085226884993e+00
-5.377152052637602653e-01
1.119427616542107540e+00
1.603460511061882698e-01
-2.975225974455538713e-01
1.505467099830799516e+00
5.888268438712882524e-01
1.310784900808349196e+00
-7.552172841721283003e-01
1.797022854606487585e-01
-6.119590353988118014e-01
-1.057415569629327923e+00
-4.614900603222935604e-01
1.761566910297797106e+00
-3.846976872386365098e-01
1.931343373477350522e-01
4.549021559968958184e-01
8.222706841446307813e-01
-1.438689959809492380e-01
-9.566002899819603389e-01
-1.078101302550906609e-01
4.054418981230162866e-01
-4.365348097469954336e-01
-1.813922721224421997e+00
7.142638187599118504e-01
-4.279814763635024222e-01
-3.858329933383438659e-01
1.061719292647555823e+00
1.112407725421488136e+00
-9.486628291673332436e-01
1.313079771230269532e+00
3.103399934765890822e-01
-6.857671292071056968e-01
3.466152402180384673e-01
-1.672438759487903659e-01
-1.313905779212063418e-01
-5.833112188825156919e-01
6.404763953080114258e-02
5.842224935612055914e-01
-1.716497629461989360e-01
4.033677610331598551e-01
-6.409831475886994534e-01
-1.551940587416126505e+00
1.523305323851414095e-01
-7.758785358288114997e-01
-2.512677137148492390e-01
7.432430625282474557e-01
-1.500896816474866169e+00
1.907534535534431086e+00
1.348490103221779979e+00
1.445971124709707623e-01
-4.519779610646277312e-01
-7.715837125865571133e-01
-9.795973137211619330e-02
2.723259086226507697e-01
-3.968074858887932210e-01
5.741880892967707872e-01
-1.783227243512200966e-01
1.134198141125055681e+00
3.902375630029885079e-01
-3.795874473838820595e-01
-6.459666780320886259e-01
4.816403743909256074e-01
-7.759381929017067359e-02
5.145088324069333474e-01
4.804699060832494650e-01
1.885896280376215539e-01
6.452553937918341642e-01
1.059278081607741839e+00
2.154683583556968318e-01
-1.761855679495824556e-02
-1.039720609754205771e+00
3.996836768085505476e-01
8.069522329099950708e-01
-3.227795051060490805e-01
-7.236355049472121825e-01
-2.428847511289375372e-01
-7.006109124025501345e-01
2.211791601932410423e+00
3.334715855236092263e-01
1.617911458990592743e+00
-4.490929700844090711e-01
5.870457650757090473e-01
1.405630047610044508e+00
1.095195461883141652e+00
-5.525645205730155274e-01
4.929506892192276890e-01
-6.865125839223974458e-01
3.065917359308766021e-02
-1.215496018751450524e+00
-3.415234821497431517e-01
-5.125611029902282789e-01
-6.240680222517799303e-01
1.000354263256095333e+00
5.024558624970447696e-01
7.223175618415694776e-01
9.632646955683661361e-01
3.045900019431654893e-01
6.461549460151626567e-01
-1.071117283736426895e+00
1.554454188395350545e-01
-7.502100045707463249e-02
8.368807110466565113e-01
-1.724183310346441456e+00
1.247431156877131242e+00
