-1.572785016430528371e+00
-1.938333811200667056e-01
2.477552765855813299e-01
7.872668165916515970e-02
-4.643189079374563377e-01
2.435931295363579219e-01
7.915918000422779155e-01
-2.603480313295749582e+00
2.072235549863638004e-02
3.098789329498397027e-01
1.799156867657691894e-02
2.059864732774791651e+00
-6.858855101492635775e-01
-3.532645117033125781e-01
5.629143435114795091e-01
1.210875028421932315e-01
3.840626736483352954e-01
2.706721301215824771e-01
2.470554295514581361e-02
9.695996036624561221e-01
-1.640448939941220985e+00
-1.637225695476707488e+00
5.164605344664663367e-01
-9.165415604904549873e-01
-5.329796289167253454e-01
1.649061201240875407e+00
6.118563466199189449e-02
9.955355729937149789e-01
1.231626290224819842e-01
-1.045147810920655118e+00
2.301946039798092869e-01
-2.086849506160876055e-02
-4.897997975551137695e-01
2.873120763262914101e-01
-2.522586741636795304e-01
-4.232834829488989481e-01
1.631865706096708557e+00
1.031128176356836679e-01
1.194028659965365724e-01
-5.189770193543742360e-01
-6.044700083856979766e-01
6.749881875836865053e-01
-2.535844537003502097e+00
8.111967870817877735e-01
6.926159048041119481e-01
-5.185957728160716096e-01
1.438778372877467904e+00
-1.493994201760963536e+00
-6.983216689153433077e-01
2.602599803302155790e-01
-2.504507231129196043e-01
-9.284987394238790603e-01
4.235051379912033176e-02
4.322983419869535493e-01
4.081562703687403870e-02
1.154647805524677828e+00
-4.528336466668936300e-01
3.346628842818591965e-01
1.411203552044329790e+00
-1.191789533625645436e+00
1.041871920674148022e+00
4.685289886724615660e-01
-1.642770236323270350e+00
1.130171854878932347e+00
2.541236772610113714e-01
-3.926767664698428417e-01
-4.055483064753441225e-01
-2.789240830540120064e-01
-2.174488108109172424e-02
-9.929796598919526929e-01
-1.977593803642490322e-01
4.367548349282965314e-01
-1.629700119574289952e-02
5.471142193360196693e-01
4.315300087079155245e-01
-2.214626730844054814e-02
1.719237377782031118e+00
5.437467133892101012e-01
3.670184225262584921e-01
-1.009897588876282892e+00
3.932445360600752005e-01
3.993833080719238482e-01
-8.070920385026454369e-01
1.611519163590104109e-01
1.393010111651604710e-02
1.366376291104073326e+00
-3.526986394937745573e-01
1.727887463605094487e-01
6.508624476172711892e-01
7.520112411890870208e-01
1.267841305973210320e+00
1.465154892570418310e-01
7.900719503716047143e-02
-1.089167039155931188e-01
-5.118703400024934846e-02
3.232953488237007011e-01
1.528550219309514180e+00
-1.258525875940872396e-01
8.490996730736095621e-01
6.305764061309941659e-02
2.806684054725351318e-01
9.025524823836423849e-01
8.309496094068448135e-01
2.932699413675197986e-02
3.065438110425772189e-02
-6.269993820175944199e-01
-7.624065727604050213e-01
-5.680807584490473738e-01
-6.804291161813067479e-01
9.063464994046392942e-01
-1.776371496010093476e-01
-6.694398076957878141e-01
-4.816158598903867438e-01
-3.845526516688706486e-01
-2.348458865982769317e-01
4.743698889124521312e-01
-3.222425474249553390e-01
-7.523791951012592794e-01
-3.802768813291963479e-01
8.455931538407086556e-01
7.806465044383329444e-01
-3.927571168066754659e-01
7.107329275542495495e-02
-8.859665661411622040e-01
6.108427291962714722e-02
5.398443378417605576e-03
2.270220045304501832e-01
4.585106755712627102e-02
-8.639937694003801960e-02
-5.413327353386675478e-01
4.817621994427846999e-01
-1.687040685259026118e-01
-4.375552140236504406e-01
-1.127456476831605880e-01
1.900604582256071096e+00
-2.132535928339969744e-01
-3.643958898044786787e-01
4.819480481609255129e-01
-5.465240113141810463e-01
3.201545334835356194e-01
5.917740648727725095e-01
1.547900368989217901e-01
8.254533069543301682e-01
1.873049446727289791e+00
-1.182867477325549199e+00
-3.372537365126647702e-01
5.192332094771413553e-01
-1.974155895828005880e+00
-1.052737738733214856e+00
-2.263826850290447112e-01
-1.281398371926501245e-01
-5.796390635745857223e-01
-7.410062321999976165e-01
-1.086519221610987573e-01
-1.583699472976691780e+00
-3.417679083309849375e+00
1.127625991064040933e+00
1.780134300894709032e-02
2.589662683222484357e-02
2.828941732442391555e-01
8.749099240217197426e-01
-5.140832117910906218e-01
-6.596122484522163321e-01
-1.297887235786516102e+00
-7.910785655079641820e-01
1.091763929579406128e-01
-7.924291325172896361e-01
-5.130455772005293458e-01
-9.805739004001398085e-01
-3.453065159495786740e-01
6.934661255832242910e-01
-3.605177346490536228e-01
3.227987595292447498e-01
8.322566303014842237e-01
-1.178104599011403075e-01
5.235207773479048088e-01
1.229869068154866740e+00
-6.490800509193132006e-01
-2.060754570724387502e+00
2.403503491677115633e+00
-1.099637331133251905e-01
-7.787597124468125243e-01
-6.528249193619952706e-01
-7.937354177556006363e-01
1.513695567351353688e+00
-8.231972183531746090e-01
8.034759997572289425e-01
