5.180284641884739250e-01
7.961713475234719617e-01
8.216641548957566155e-01
1.896439431421334532e-01
-1.588891936662484572e-01
1.508923467182069711e+00
1.268289382297832502e-01
-5.423131181525143729e-01
7.253200586069774580e-01
9.738114460783484638e-01
-4.404401874766964431e-01
5.662541173682364981e-01
-1.568178930958880724e+00
-4.434236285047540860e-02
-7.270517959429617649e-01
9.896438229515568397e-01
1.342739297540124666e+00
-1.637092077105150104e-02
7.174465790712759583e-01
-4.320194290687345839e-01
-7.741385430745643947e-02
5.726339319050668397e-01
1.175379136221216259e+00
-1.656038859986654344e-01
1.163220430649473780e+00
7.876793362120237951e-01
-8.281723390419589714e-01
1.082874997202735612e+00
-1.341352699102059898e+00
7.631915115667107230e-01
1.073707453022274994e+00
6.010632995075746443e-01
7.525351411910585764e-01
1.813365627132147884e+00
2.029131688987911852e-02
-1.216740969874985812e+00
1.718489730321930142e-01
-1.443504955973019810e-01
-7.145189740813184809e-01
-1.267538002171180844e+00
-4.890862472547891637e-01
-7.477036462826256447e-01
1.878881699363364188e-01
8.131045234385509968e-01
7.764594285406550833e-01
-3.869185048596621712e-01
5.671629433051141866e-01
-5.383142508509298763e-01
1.021838987670570242e+00
-1.121476599298792259e-01
6.837927587856340583e-01
2.206975585592282907e-01
2.760426172786618060e-01
5.902240322187763955e-01
-8.106802636803962514e-01
8.691129342137146052e-01
2.516081307558526436e-01
8.381671637147553033e-01
5.153083922831265262e-01
-9.549481256060168288e-01
-6.347458802051487714e-01
-6.877894853741167713e-02
1.141431853226032356e+00
-4.703260737606992370e-01
-3.880347220260221275e-01
-1.219907603853081168e+00
-4.866189107810883763e-01
-7.701174125029988105e-01
-1.693867206465806907e+00
1.349945247581430197e+00
-4.772096882655687544e-01
-9.162252604288889657e-01
3.426498099649907259e-01
-5.766324025420703769e-01
-8.061279326406765033e-01
1.532658800287252321e+00
9.743340105811468810e-01
-2.609403202667047728e-01
-4.341520357733978930e-01
-1.951074464540506925e+00
-9.332208362666887247e-01
-1.345696620940124877e+00
-9.667405714521078997e-01
5.097129422999042703e-01
6.489103575771698607e-01
-2.346282669685242073e-01
2.718247972499026055e-01
8.674837558389678627e-01
-7.663889245234428715e-01
-4.842132117111362932e-01
3.931247329803844170e-02
8.912373852992667711e-01
-3.339573187772836849e-01
-3.542087210978100420e-01
3.287246805493425073e-01
9.655932459398433032e-01
-1.329006490775385352e+00
6.064545910896462777e-01
-1.735028147089071049e-01
6.316057394061673769e-01
-1.887299110329857671e-02
-4.418948848107361327e-01
7.005384336979307847e-01
1.506276371486720445e+00
-3.088132764595556412e-01
5.078081682479750336e-01
-3.472783452617962952e-01
2.031644589407333168e+00
-2.915616257456207228e-01
-9.690572870185734100e-01
1.525781136032469121e-01
-9.312514210042109886e-01
-7.679838016129728606e-01
-2.263728527143032965e-02
3.244977726037817645e-01
6.921848661083759846e-02
1.203217588577130570e+00
1.156618216820747058e+00
1.320370036849215944e+00
1.130923005745024135e+00
-7.495869116246911545e-01
-8.532695346116833668e-02
2.279558505752896924e-01
-2.846663951395083103e-01
7.095955638421883593e-01
1.602862808428758834e+00
1.812941057558326852e-01
-2.903930588854974904e-01
-1.730532850606973649e-01
-7.800744821341029089e-01
1.891662326932100013e+00
-4.101833494914389755e-01
6.291232851546917360e-01
-1.488591568623523154e+00
-1.002455801395544244e+00
-5.483632644644571563e-01
4.203970926436051969e-01
-3.148073721537555381e-01
1.397205184320781335e+00
-5.365419471063401780e-01
-1.048111628233421744e+00
8.287274367796985119e-01
5.975900197484628196e-01
8.213744175270938364e-01
-3.877825983463050741e-01
-1.092929330825414436e+00
-7.151219371549357717e-01
-7.395462687880025587e-01
7.439762787065382077e-02
-1.454387809864285952e+00
-1.090952097436098250e-01
-1.997606483377620146e+00
9.695622370031224957e-01
-2.869988233681053935e-01
6.576817050507586249e-01
-3.451629926554060646e-01
-1.069011293645472316e+00
1.278337413074193352e+00
1.415042482076674935e+00
-9.805517919267532356e-01
-3.134165703656587310e-01
7.579314088858143394e-01
-5.443339875731673105e-01
7.691125327660003341e-02
9.653376666820819851e-01
-4.022552242565726743e-01
7.712074150468774258e-02
1.936625721420496549e-01
-9.520647829385595617e-01
-9.287001358414851415e-01
6.220627459551071325e-01
9.346737478774178598e-01
-6.326728827663721244e-01
6.166335977309067573e-01
1.161809073787752888e+00
4.623151967896246273e-01
-3.663964964451337236e-01
1.334297259101432154e+00
4.039027142294734363e-01
3.300686923003002260e-01
-7.106533741571846585e-02
-9.408018882867807964e-01
-5.763305814824052353e-01
-4.085608885765980025e-01
-1.271057637489374503e-01
-4.125841472844312130e-01
2.023591880132440401e-01
-1.724625881493923263e+00
3.631556440420312115e-01
-8.673454551724314454e-01
7.493065501097490033e-02
4.165588210840522332e-01
-5.977818266483240217e-01
-4.501237437427080268e-02
2.225817681404034243e+00
-1.012027455143982957e+00
-1.344290097036640041e-01
5.615058238011957359e-01
7.280125560630562598e-01
5.028861672082098888e-01
1.225319018591692011e+00
8.057271540889896499e-01
-3.565772844234391115e-02
-8.069968173894594976e-01
-8.800168862357488075e-01
1.351092768755385531e+00
-3.969662565455893133e-01
1.791272959072849780e+00
8.807251191593639117e-01
-7.095377815578524094e-02
-7.296712276356895899e-01
-1.863629884236000844e+00
1.327019348563335033e+00
7.107947397598055606e-01
1.492976280868415273e+00
1.164310448624786387e+00
9.915313851948919233e-01
5.070035987064394067e-01
6.893143897744274939e-01
3.572141253604345090e-01
-3.795316266555516793e-01
-1.335829123831054677e+00
-1.736757137763212389e-01
4.707209198208168188e-01
-1.074274524058468572e+00
1.682796298145538549e-01
1.350434019960797150e+00
-8.765821580245958256e-01
-5.970501625857292938e-01
9.900970416852646894e-01
-1.522874701666782349e-01
5.219228473538004565e-01
1.642671807508941373e-01
-6.813066478285155769e-01
8.044645246420594198e-01
-1.554649164936997341e+00
3.747736317299509290e-01
2.586654769051290881e-01
-2.111461505681781481e-01
1.579553157083503356e-01
1.018753924849079784e+00
-7.019563972284686981e-01
3.592665660527818439e-01
-1.167952736680810677e-01
4.099054884105730046e-01
-1.559382807049654485e+00
3.074897266233189708e-02
-1.183775136766873848e+00
2.584957439452584715e+00
1.288163674878446630e+00
-5.439066090380909047e-02
7.014824017158000080e-02
7.981470884848412828e-01
-2.128033767967917600e-01
1.533140218532197396e-01
-4.143792168822979516e-01
-3.483925245566869000e-01
9.538742993000955961e-01
-9.385958910213477724e-01
2.688469164303942005e+00
-7.425305344933293972e-01
-4.214510906525358314e-01
2.214024992204323417e-01
1.213027638045324874e+00
1.217461251664284649e-01
-1.102153557980792620e+00
3.925109375906953302e-01
1.275265896074028182e+00
-3.558041789335839034e-01
-3.857019254020899873e-02
-6.126844770602444257e-01
-5.989182654100236869e-01
-1.361315486142374409e+00
-1.335089219794378002e+00
-1.347345036038415822e+00
2.962246252626543064e-01
-2.127966483493198169e+00
-5.953508658829969047e-01
-1.312345530533988613e+00
2.939032437494934480e-01
-7.030404171524445855e-01
2.193508383337205991e-03
6.131852840780411817e-01
6.414890764871654660e-01
-2.717577991207614785e-01
-1.673001703948379104e+00
1.657088642045898341e+00
-8.712521580331469284e-01
-8.373524743637970058e-01
-9.742830084611961983e-01
-1.262727908369676300e+00
-5.542928381475871191e-01
4.515148607242705503e-01
-9.418180848895524315e-02
3.075416305202482992e-01
-4.492441913630846884e-01
-1.569492050931645122e-01
-6.963244332204518994e-01
-1.116343936197057740e+00
-7.237889993081640938e-01
3.314484219377689111e-01
1.309646798809366519e+00
-5.499585279684192640e-01
5.838623403333061956e-01
1.039704234662082838e+00
-8.154473551641702178e-01
6.457678132901301105e-01
1.308217667658045480e+00
8.207691132858236926e-01
-1.317096635906182867e+00
-1.746540652220386347e-01
-4.140817382532487878e-01
-7.703205920255309369e-01
5.276195418489426636e-01
-2.272427824430784671e-01
2.012061401235882840e-01
-4.047868220021005881e-02
-1.078987147781575451e-01
7.041606002424456445e-01
1.392990401792012722e+00
-1.207517536136330616e+00
-2.767326901923524707e-01
3.042557902824013713e-02
-1.253117946693220519e+00
1.700830791633748673e-01
4.865919895536645612e-01
1.873741230895079157e+00
1.177692471479955927e+00
-1.202735308938218672e-03
-1.129141098891262907e+00
-1.379831814598629247e+00
1.041223470850376254e+00
2.519535769984361795e-01
1.515153151909918172e+00
5.071547656322837883e-01
4.343123516215294244e-01
-1.600632028696933884e-01
-3.920022299766249274e-01
8.307186660233079056e-01
9.719130563180973237e-01
6.303619656673951077e-01
7.527060233205224993e-01
1.785572175384465998e+00
-5.119218984746909396e-01
-1.250037398206672146e+00
-4.986977728820077282e-01
-8.317383352938327867e-01
-1.447903517958469277e-01
-3.286636910327775940e-01
7.820619166913348463e-01
1.018441721688657209e+00
1.127721324737746222e+00
7.667555312790362843e-01
-1.157442097938791714e-01
6.970260505326012490e-01
-2.841218208537810153e+00
-4.134438150143786017e-01
-1.744877422983497794e+00
-7.463583159329465477e-01
-1.408777982974699805e+00
-7.650251470367236406e-01
2.868882254283339206e-01
4.058676236652382086e-01
-1.123081174128105708e+00
-8.510824103032176291e-01
-2.414175784068047781e-01
-8.375479614541577744e-01
6.051425796491486375e-01
-1.041546450275514069e+00
