1.856643369646657771e+00
5.153884466991506264e-01
-1.224417751932622700e-01
-8.030219014607301586e-01
-1.095730414562668731e+00
-1.341317562093770732e+00
3.227252276673905351e-01
1.183779308725289026e+00
1.318412269881878984e-01
-9.324002936845021683e-01
-2.350639930060002936e+00
1.474205061485280188e+00
-4.302118932166482668e-01
-9.055878484939419160e-01
1.193071390674615984e+00
-8.692975582422213243e-01
1.815184172286862241e-01
-5.067661064034162388e-01
7.723932788354938017e-01
1.956957368207038694e+00
1.413388422719129345e+00
-6.928875689802409255e-02
-7.882151115017534959e-01
5.070012530679126606e-01
-5.048660590908181645e-01
-3.270971527698276482e-01
7.690669415605634607e-02
5.026460485137482781e-01
-1.371285476703895334e+00
8.713277794971960866e-01
-1.053952236479889448e+00
-9.486012767965981141e-01
5.240668485583854785e-01
2.969004232755880768e-01
1.447528445549847831e+00
1.852214071175956045e+00
-1.488055671286313109e+00
1.942804924751370121e+00
-6.848315241911653306e-01
1.674364685064581915e+00
1.981439441978030569e+00
-1.309204175978705642e+00
1.401352600223539246e+00
8.592357056003486759e-01
1.063197734480815670e+00
-2.996047965897294940e+00
3.181458483671601112e+00
-6.192583668973337119e-01
9.816553280738976595e-01
-2.841509010748365371e-01
4.267585232770137460e-01
-1.174990685888203990e+00
-7.922658154784363305e-01
-2.104184490093813586e+00
-8.976816317217469754e-01
-9.322683357496682754e-01
4.257977524269179748e-01
7.256305955951717346e-01
-2.904558981445995447e-01
6.515106661846585823e-01
-3.150493498823091210e-02
9.196749274932232154e-01
1.890115462991327488e-01
-9.485974962980794345e-01
5.439994100631108109e-01
-1.110507406857070833e+00
1.134034338745081527e+00
-1.303400228371391356e-01
-4.764828814572679150e-01
-4.591532451205553311e-01
-3.643981035211492081e-01
-3.506504595527928370e-01
-4.742238661500686736e-01
1.114328278150517271e+00
-4.219368473870952485e-01
-8.844665420543234013e-01
-6.241963322451152818e-01
1.239254372886827271e+00
-1.310383804905052019e+00
-6.204551642034729086e-01
-6.088459437946930342e-01
-7.085573341719328955e-01
6.106957327356770104e-01
-1.360940018679386521e+00
2.499727164191912487e-01
4.436999664796600351e-01
8.356463774400300082e-01
1.329091865743783074e-01
-1.413976939386026865e+00
1.146711422342560349e-01
1.067329621135734818e+00
5.352757030901435925e-02
1.184693592102606052e+00
-3.921062024985809136e-01
-2.219407395769498748e-02
-8.113450737371222798e-01
-1.494184410226250037e+00
-8.009393446817799633e-01
-1.884325017325918228e-01
6.195163321061182282e-01
-5.662642080058442051e-01
6.021746541976267242e-01
2.217464682627552641e-01
-1.767967589083878355e-01
-7.580768863408704483e-01
-6.263489180409124168e-01
-2.825136687717813011e+00
3.537814128009357795e-01
2.424637635107687039e-01
-9.473782448449374893e-02
-2.295594727543416314e-01
1.258531685291212510e+00
2.176852367979770886e+00
4.914162893058605652e-01
-1.472906094108190844e+00
2.228637994781118348e+00
3.771166297378936161e-01
4.793654435735236197e-01
-6.142050917999287707e-01
-1.634949703560881984e+00
3.506865744406039709e-01
-1.428564212345182050e+00
-1.736119526677558422e+00
-7.244076914751398366e-01
5.751623220948146042e-02
-1.200731703186615373e+00
2.994638605419717159e-01
-1.204628361456712593e+00
-1.072642285344141966e-01
8.557138383178058971e-02
-2.527743545955854140e-02
9.543583983748367139e-01
-4.633035063269355103e-01
-1.348400453814425859e+00
4.682424606082478125e-01
-5.229965612640380401e-01
6.143440968065424501e-01
-1.977683771149604697e+00
1.041354831186108942e+00
3.415485676769088735e-02
1.353213299977656270e+00
-1.026773980557269983e+00
2.606760624838747598e-01
3.177311274202688218e-01
1.320542387350964741e+00
2.212850333518077584e+00
2.157632550990125908e-01
1.137703447151300618e-01
1.099083810553414420e+00
-1.448071722781052451e+00
1.500191484937394570e-01
-5.957161971876951956e-01
-1.799215437458729694e+00
1.545719220780714442e+00
-1.032420069833251519e+00
9.151575375770018006e-01
-1.267153515973621580e+00
2.589459245545231991e-01
4.791376376969527784e-01
-3.512046491976426932e+00
-5.577067282962602235e-01
-5.083649003267057265e-02
1.835925622580432348e+00
-4.195165208334633022e-01
4.709152814130890263e-01
7.724746899472157979e-01
-3.835990789087354580e-01
3.760606043000099818e-01
1.357262246559681751e-01
8.174528269159300753e-02
6.537146611080156822e-01
-8.761971677469394537e-01
5.755952630789276103e-01
1.237538445241854079e+00
1.659385692280646030e+00
-8.161990979128293244e-02
1.369880668319059525e-01
-1.010839520901927469e-01
1.105847605619312723e+00
-1.497534849476833019e+00
-9.274309518872858593e-01
-8.793096409554723714e-01
1.275379307149048458e+00
1.520993726252527045e+00
-5.022546570881849526e-01
1.444152059165400459e+00
-6.626451745682678807e-01
-8.536663304054671331e-01
1.278574379816582507e+00
9.404719763475475336e-01
4.707581009044082276e-01
9.160255171354625414e-01
7.450250793533678140e-01
5.453899273141521453e-01
-1.399628866259011506e+00
1.204166520520484562e+00
1.769066423542227096e+00
-9.565136224708514767e-01
-1.349494801913000197e+00
1.223444979318323300e+00
2.846403485042589554e-01
-1.252541154017118574e-02
-1.881958073633987594e+00
4.470685493717293513e-01
1.964435977087951812e+00
4.712439011392982602e-01
1.277274941358557347e+00
1.973836491661510595e-01
1.737711955806736874e+00
-5.978266425395846184e-01
-9.021435114368814290e-02
2.137273998212555204e-01
1.983791611117145637e+00
-2.142610157361191536e+00
5.358765045261770776e-01
-9.009526379060770473e-01
-8.042014578724394624e-01
1.989663165786832888e+00
-6.797094477871872265e-01
2.615648689669470284e-01
-6.809703130125754900e-01
9.869428132832075429e-01
3.034505448475315337e-01
4.399253153576853093e-01
1.928092779670398382e-01
-3.741473026252697398e-01
-1.820140441632505324e+00
5.072961427870320561e-01
-8.949950519819369621e-01
-1.367956097188440800e+00
-5.300335688478025054e-01
-1.277928207420836237e+00
-1.074244548932739685e+00
1.454563770136991563e+00
4.807761170521624994e-01
-8.873802581889984609e-01
9.295307515965970380e-01
1.305573477739039978e+00
2.301545317750834929e-01
-1.047204123079559235e+00
4.022061298170752641e-01
2.829525619101360689e-01
7.787308837672741735e-01
-4.442927615620943516e-01
-5.614619034179672008e-01
-2.068900896465296402e+00
1.522515543348673117e-01
4.674256292606612240e-01
2.530253096375742583e+00
-2.029222394939957042e+00
-2.780975842425711386e-01
-9.963212503477323345e-01
8.788653124244768522e-01
1.661696458117651209e+00
-1.941098734371522472e-01
-1.547047712563062172e-01
-5.621895139846124767e-01
-2.010257632784382409e+00
-1.548099678775914645e-01
-2.583589908337136087e-01
7.467738650454661675e-01
1.921717073903510542e-01
2.667949118710689071e-01
3.562131880241855564e-01
7.592267690132117330e-01
-7.377582694699725829e-01
3.203212685095044865e-01
3.955360737905457835e-01
1.524804058021564712e+00
-4.512305036741033337e-01
-4.687941683956139416e-01
-1.228947057097826256e+00
1.287635551716643567e+00
-6.939803068251579887e-01
9.964338118578084380e-01
4.272132454708898464e-01
8.044883471858016444e-01
-6.762571821620796952e-02
-5.221066942204060091e-01
-9.768311092534543993e-01
1.309548433657059752e+00
1.613205728239050618e+00
1.170489770591705225e+00
1.536690638348880145e-01
3.588118284814791892e-01
-9.580321590365402651e-01
-1.561685081046938484e+00
2.466514256982005882e-01
1.191156192330580926e-01
-1.506495138362625941e+00
2.116771495349868637e+00
1.905548789033068902e+00
-1.662374668726253280e+00
-4.815153740387673187e-02
-8.765936475630381475e-01
-1.237278318514403175e-01
-8.243943145851205800e-01
2.008147919965363570e+00
2.945556232646628914e-01
4.756289277319404318e-01
-7.011098932511239390e-01
3.905378771954267081e-01
9.512015038733374617e-01
-1.644111272822492475e+00
-3.796534489634304510e-01
-3.353226749138779050e-01
5.592423307812623978e-01
2.354273698727777919e-01
-4.123686105573575733e-01
-1.314143765868600600e-01
1.622942932956657591e+00
-4.120793422873823553e-01
-6.845658213022741689e-01
1.036490727740315143e-01
-6.040225741846959595e-01
1.983617073572115697e+00
-1.312781291688053797e-01
-2.904377593181460826e-01
-4.833989781273201336e-01
4.839083107984549215e-01
-3.532960639139125503e-01
-1.014536925666058020e-01
-8.008609907070146638e-02
3.393690150562763547e-02
5.771383166259700381e-01
-1.555340269428442834e+00
-1.073134440853287463e+00
-6.395132958940914492e-01
-1.131724853434472378e+00
7.196345692921266579e-01
2.140754633998137368e+00
-1.271658666640586466e+00
5.958945797826381563e-03
1.928672173955293001e+00
-5.205589837195293557e-01
-1.626315747287174762e+00
8.478431601377118820e-01
7.506979836540242923e-01
-4.874635714501887040e-01
-4.969116966098605093e-02
2.122502187226362746e+00
-2.412558412934412200e+00
-9.543157142172293828e-01
5.250727640997689960e-01
-1.444912855427477050e+00
-2.677277805273055478e+00
-8.564996342890472958e-01
-9.437626334988448440e-02
-5.752053088404919245e-01
3.594446318392053308e-01
1.999160821860388015e+00
-4.437714995349070213e-01
1.298919856415275742e+00
2.876879536027086015e-01
-5.767517763075585835e-01
-1.685868072130695561e+00
-3.058085095614873072e-01
7.094420370652513297e-01
1.392143347251184160e+00
-1.744805430875672192e+00
5.662755005132971142e-01
-2.174995430423068421e-01
2.721568509897569488e-01
-1.424015554687299456e+00
4.631480143359705814e-01
-9.882263310637996456e-01
3.633516328799201167e-01
-7.747621579098836753e-01
-1.402831399411344604e+00
