9.040907901202024366e-01
-1.925043198560980051e-01
1.081287295783749602e+00
-5.757465548912823472e-01
-1.059073228799852551e+00
1.165663497377302571e+00
3.084082638205034033e-01
1.476323005332494276e+00
-1.894033789512047372e-01
3.539719781565683898e-02
-1.368702741647967569e+00
-3.016442554689503286e+00
4.486489917927134752e-02
1.436578589180382282e-01
1.150267182293443630e-01
-1.138459965831587928e+00
-1.886322029845549864e+00
-2.880775477275054897e-01
8.622024621129362743e-01
-5.607339921996880028e-01
1.077721974316497633e+00
-1.378854888853306537e+00
-6.266924145999690499e-01
1.269075742221412062e+00
1.190544218124568010e+00
-1.966234153452514621e-01
-9.916992121587400177e-01
-6.522964149125988209e-01
-2.656230235722311650e-01
-9.002886818319661977e-01
-7.529496308594241238e-01
2.630025305039769279e-01
-2.561642604627779374e+00
-1.711602164024164097e+00
7.978629681948383734e-01
-8.680618066448553272e-01
-6.908968472588721266e-01
3.322271166430301181e-01
1.343195945051678830e+00
1.002593795250491304e+00
-4.583627659008872590e-01
4.602083736319489971e-01
6.342256985735190977e-02
-7.902634863385404884e-01
-6.530996058833893336e-01
-5.230456342869962416e-01
1.532179678491859764e+00
-5.428543308312288040e-01
2.279464112132042475e-01
-5.567132163083361035e-02
5.471774247713500072e-01
1.265773935901260083e+00
-6.098421203416093395e-01
2.392343856286537895e-01
1.592892130974726261e-01
-1.527487141209227239e+00
1.411470896225523353e+00
-4.245701971004274267e-01
8.681560806791679408e-01
1.545585201602677650e+00
3.418682163864342205e-01
-2.948230265359295998e+00
1.128747565413598108e+00
5.589933738733844359e-01
-3.638911437088113154e-01
6.606029830143536064e-01
-3.203194124418894395e-01
-1.452761215342580847e+00
-1.113202799207458016e+00
5.645016223934291588e-01
6.580011888148895594e-01
2.155513147093724768e+00
-7.743722165495771081e-01
1.290001547412606753e+00
-2.311197656693534164e+00
-1.041251032504908691e+00
-4.467227968471855493e-02
4.495857032735327274e-02
2.855777872983298327e-01
4.967219762861101451e-01
4.403079660881148438e-02
-7.391866978165807511e-01
8.259791091172257183e-01
7.931488097925019076e-01
4.885920245965218456e-01
-8.631951945620111033e-01
-1.094477235434021090e+00
-1.325264354205976325e+00
4.544883226756985528e-01
-2.683511249605734506e-01
8.890731084446568122e-01
1.371112736500915474e+00
-1.932880280900398651e+00
2.992229096761938933e+00
-9.527258539780890656e-01
1.481634599614063630e+00
1.429494541252121387e+00
-3.438992310836078925e+00
3.532038471744159969e-01
8.537017655038871000e-01
-2.638758669257247891e-01
5.593257167201548530e-01
9.561754123543072525e-01
-6.778033349279377617e-02
1.787818505504655375e+00
-1.058589521733117877e-01
7.664224420343146438e-01
8.516479416987352558e-01
-1.058333629143536125e+00
3.883066797342237253e-01
-5.872888568613410243e-01
1.216608131443464691e+00
-1.664021092283266001e-01
-2.443331053704083988e+00
-2.023338778868304821e+00
6.107298558193584581e-01
9.955109316159910238e-01
-4.505148462758604699e-01
-3.833644180717029060e-01
-2.615247095025068802e+00
7.240048191867751726e-01
5.618165243488583149e-01
6.398659660318689602e-03
1.439359763714860518e+00
4.152939541702136417e-01
-3.866892071584928092e-01
-2.003652763660582536e+00
1.630393212847667472e+00
2.259968027725313133e-01
-2.076977254935517436e+00
-1.986666499596526636e-01
-4.758253271144308183e-02
5.227269154241260818e-01
3.828890691754098796e-01
-1.334300713596274335e+00
-2.315104955618063620e+00
-1.513483437151122546e+00
1.288171346267485307e+00
-1.448907505968909826e+00
5.765621062688816023e-01
7.496175772671533899e-01
-1.272867962906273798e+00
-6.201898144969651971e-01
1.842163228785548001e-01
-1.858646426208784508e+00
1.469674351251968325e+00
-1.433341552661824725e+00
1.028902478669569132e-01
3.899636582129790141e-01
-1.587853239200251565e+00
1.183952734963408027e+00
2.978570476948184942e-02
-1.967703500440823428e+00
-1.509750755160943481e+00
5.896132767475201764e-01
-1.336380415099836405e+00
-2.424312885785378846e+00
-1.300334731680443445e+00
8.001273963307262704e-01
5.506422033946767325e-01
-6.707401699658699368e-02
1.488102048377327735e+00
3.574051753665124509e-01
2.244700159759825286e+00
-1.137273207535171443e-01
2.323950043561011647e+00
-2.555179334452407414e+00
8.086511268463182356e-01
-1.021929917644439412e+00
1.510688990434293943e+00
-1.203183174726601079e+00
-7.099524326407253838e-01
1.039616003958932389e+00
1.518369453642672173e+00
-1.136746370667550243e+00
-2.424134668201224918e-01
-2.541444108553053693e-01
-8.442090261827923658e-01
-8.572429001781085578e-01
4.693215042981654928e-01
-1.637852442610804315e-01
-1.622129706199246346e+00
2.763373703615495725e+00
1.594555642395733663e+00
5.348121948654583901e-01
-1.958883101604642851e+00
-1.488259678020376064e+00
-1.932872348830513731e+00
-9.381437156395421306e-01
-2.847120532102137558e-01
3.259711136963270306e-01
1.422643223717706240e+00
-2.779091822963764558e-01
1.701272309142499939e+00
-1.193970215896771547e+00
3.065563146133442052e-01
-5.318915335419954760e-01
-6.342560176295642949e-01
-3.672650198472017791e-01
2.852712623570543560e-01
-1.863587990457798160e-01
1.352657320668712915e+00
-2.388928173440048597e-01
-5.757636438821860381e-01
-1.525309038329477618e+00
-8.009051572978189704e-01
7.920478065702857284e-01
8.988515543568236232e-01
-5.662750219677330499e-01
5.734073691121570615e-01
7.540555803131219204e-01
-1.770721151006292793e+00
-5.506515979046098241e-01
-1.000924947013103861e+00
5.241503105939263607e-01
4.694019869818040758e-01
-3.785477966958492591e-01
-4.077783406051707638e-01
5.577065227001093417e-02
-8.531584321942325966e-01
8.032652460210868428e-01
8.354338719646096090e-01
1.671363322876794566e+00
-6.552106197637364016e-01
-7.630457550359730501e-01
-8.520257996426897074e-02
1.433590184323975558e+00
-4.212309837242620425e-01
8.535884153760111559e-01
-6.095224981290655597e-01
-1.899583861131067253e-01
-1.368837643633434853e+00
-3.543710649089165665e-01
-2.355034527273251577e+00
2.066654575866599952e-02
-1.611504747726957287e+00
-4.379334414081765825e-01
-6.351938724526371427e-01
3.810569947371844624e-01
1.269887035874942560e+00
-1.344509229302407682e+00
-1.363799626340771454e+00
6.610136572431742907e-01
1.024564008426692041e+00
-1.047800686056786335e+00
-8.523743503728081761e-01
8.606180296401433338e-01
1.727921931528138222e+00
6.519024689975302378e-01
-9.438538523466248886e-01
3.611463883728422974e-01
-6.887531835884475040e-01
-1.088091141413609408e+00
-1.694216926951557012e+00
-1.156375856181239836e+00
-2.243865009940188698e-02
-1.068889883713960876e+00
7.966938270621389817e-01
-5.788358798934916116e-01
-1.541302696466336331e+00
-7.996487080384786506e-01
-5.717481163804685740e-02
-4.032185879407616524e-01
2.683404626360637590e-01
1.452914528411441697e-01
1.285995865662264981e+00
1.222264533926401997e+00
7.432097199131876275e-01
-1.315757739667534620e+00
-2.711365595198532152e-01
-2.641345551378915690e+00
8.571809634244806908e-01
-9.991615518851414413e-01
1.468629154141146698e+00
-4.807808952139746572e-01
6.880810132840845528e-01
-1.818683686081549400e+00
1.394167538453762623e+00
-5.896924803727242592e-01
3.435279742283630089e-01
1.279323408329319234e+00
1.349900599007117119e+00
1.386837729630019611e+00
-2.317282389474170645e-01
-2.377955688255696476e+00
-2.823964617566510515e+00
-9.278299586152809475e-01
-8.964456947112107166e-01
1.083771573606142402e+00
-2.071611229792207354e+00
-1.776151889437480813e+00
-8.495847842732729971e-01
-7.222699249183062165e-01
2.172045229978261105e+00
-6.788306887036197335e-01
5.733245739152940113e-01
4.222139104630310280e-01
2.114310913871755293e-01
1.505639919515758374e+00
1.574195136700712316e-01
-3.628966228468510913e-02
-6.125807568714074502e-01
1.955645563735768588e+00
-1.997394522417832441e-01
-5.465483847685714824e-01
-2.330088323285026242e+00
7.871961658515712612e-01
-1.110807538693076246e+00
-8.318407834952569191e-01
1.272983777050661347e-01
1.263197976245293286e-01
1.545500893411026144e+00
-8.477382755309945117e-02
5.541125207133261732e-01
-8.566092433321955690e-01
-1.053108600028259900e+00
1.316331238804453463e-01
1.732304426151463739e+00
1.071785927517200643e-01
-2.238147024407352692e+00
1.854813200763977932e+00
5.597986821207768804e-01
1.327548114608335661e+00
-9.034222220612394549e-01
-1.761093245716053080e+00
5.979534558750192463e-01
1.904823465712250918e-01
1.002183793256612221e+00
2.501747528914338714e-01
-8.569701122903922164e-02
-2.193805574660409319e-01
-4.036758930672346146e-01
-2.698287027316319975e+00
5.325718473047349466e-01
-3.740421570097987036e-01
-1.355610416449260169e+00
-1.612199719140261500e+00
8.020495752267889356e-03
-2.335378485915495794e-01
1.907975702185516376e+00
-9.405927086775128787e-02
1.039136330519390833e-01
1.985693057218715030e+00
-1.295108337064106996e-01
-1.246056687050446143e+00
-1.967440051562337755e-01
-2.870057160439453137e-01
1.390618247356064430e+00
1.040759226511774438e+00
2.511603382033361642e-01
-2.883573051305571289e-01
5.322427704382199920e-01
5.989009888076980426e-01
-1.380081652338005949e+00
-8.563625727695657330e-01
3.962627825040511143e-01
8.832223462241454159e-01
5.946818175060801792e-01
-2.961879513047502854e+00
1.834035514793591615e-02
-1.653430226951737358e+00
6.571594711722423821e-01
-1.117874306494426984e+00
-1.691096525551386343e+00
2.865725276830659585e-01
-1.822400495362352491e+00
-2.007065128840209434e-01
1.205169447174428754e+00
2.098788884359228946e-01
