-8.930518410523926587e-01
-4.702955036422474255e-01
-1.447433713855338810e+00
2.222130478325718417e-01
1.176224670724414834e+00
1.230608055746138296e+00
3.442881540540718710e-01
-6.397097685866779404e-01
-1.779377023112227729e-01
-9.320289792027808273e-01
1.974099874215137218e-01
7.583783336216620707e-01
1.387730618822829776e+00
8.443562033000905354e-01
-1.045483457772496738e+00
3.432304290929204527e-01
-1.906984145048168600e+00
-7.320278259558056499e-02
-3.149071414813251618e-02
1.622620277573561254e-01
-1.386521453451376784e+00
8.151126927550449430e-01
-2.995080916039490893e-01
1.630160770953665628e+00
-6.418835479808173705e-01
1.800686596823073415e-01
3.887947432231146916e-01
2.771391404947041309e-02
-8.762802243411484948e-01
1.834573992620981975e-01
-2.909386749663318561e-01
-8.114602116177551672e-01
-7.442597913062660719e-01
-7.339392055429971862e-01
-7.504846156700921700e-01
3.771029672372409602e-01
-1.801388423175621423e+00
-1.168041227700227447e+00
-9.771990748026766482e-01
1.469687996548656894e+00
-7.102179431951437527e-01
2.154891351114049503e+00
-1.901361351919514497e+00
-3.054206151704299543e-01
-3.997253320040142222e-02
4.583158723776943333e-01
-4.149247721339976991e-01
-4.540967752961202475e-01
-1.891987433092723991e+00
-3.067167931082999122e-01
-1.678249800857475105e+00
2.731248328120806090e-01
-5.448083912463714817e-01
-1.325524074433017452e+00
-9.056890835541244744e-01
2.414098437020976984e-02
3.640228689014914920e-01
-1.643642366778651220e-02
1.242059360520124445e+00
-3.607571911871044340e-02
4.497578032932378900e-01
-4.537635697051189965e-01
-1.522222344162582341e-01
6.886823150842675823e-01
-1.688022417347313064e+00
-1.459914424091392909e-02
-1.189958491936439877e+00
-1.815597710271085463e-01
-9.358151938142922344e-01
1.149879263984544098e+00
1.641472993164703409e+00
-9.916289507212280308e-01
-1.477192672552853470e+00
-4.094949527754956353e-01
-2.214902917552335371e+00
-1.114540205394401795e+00
1.403622617703501607e+00
-1.535843881956020507e+00
2.284059160520748311e-01
3.608858922084122178e-01
3.229966139770967803e-01
-4.748660997369610198e-02
8.736954021155660458e-03
-1.448300753945752861e+00
5.606018635166679642e-01
-2.511658480684624828e-01
6.738114516806282817e-01
-2.834534650899805941e-01
8.457832621071640355e-01
4.333820899047320929e-01
-1.048143172550242586e+00
7.999906142793565544e-02
1.783449046079243483e-01
-7.926390824631872611e-01
1.267923338912537501e+00
6.974535877370298398e-03
8.001631708444820745e-01
-5.215461718113916234e-01
1.372847939371522608e-01
8.614992246465866810e-01
-1.420334909032441528e+00
-6.436409255881514468e-02
1.364190071621527167e+00
-1.401876628632242827e+00
8.686761189796350369e-01
-5.036261750632383682e-01
-7.050686463022629580e-01
-6.748130000232088754e-02
3.767927999514582016e-01
-2.010169586777791340e-01
-9.155529871012868526e-01
9.500714982846403256e-02
7.553623492333174649e-01
-1.505711418522723610e+00
-1.882159647358852661e+00
4.676972070137025983e-01
-8.272103137350309554e-01
-1.466411339904733380e+00
-6.596057741137437147e-02
1.742176488585700234e-01
2.095826730241523439e-02
1.522605610683053445e+00
2.287535441083196730e+00
-5.490080735974567361e-02
-1.221599005913562852e+00
-1.684748406338637539e+00
8.957190992269370433e-01
1.909655842306033913e+00
-1.403182949460016093e+00
4.288229006167957325e-01
-3.098275893198750852e-01
4.144158313886209810e-01
-3.259804095187244233e-01
-1.173250395946458635e+00
-1.183817305449930135e+00
-4.433994825631807912e-01
-1.918457778115903789e+00
5.839198968548340307e-01
-5.669782689912700180e-02
1.334299240623449734e+00
-1.426798090535203456e-01
6.794254369577296115e-01
3.126468132661302524e-01
-7.819336603386501938e-01
-1.283458116478968680e+00
-1.572702870641589978e+00
1.098650669416092185e-01
2.031034147103278009e+00
-1.673839282738243672e-01
-1.845682351442362812e+00
1.361045887260146303e+00
-2.165727077459543015e-01
-5.072168733579669464e-01
9.110122085253806734e-01
5.568585491370717788e-01
1.862529452267762231e+00
-6.107529006348827449e-01
-2.721190434179427964e-01
-3.873313713884218301e-01
1.470082718277162304e+00
1.256843038827842651e+00
2.899003387309103119e-01
5.722736976216047378e-02
7.405227372360267957e-03
-4.501504253965059599e-01
-1.503316271195794140e+00
-4.318519303394689757e-02
5.272911075211069720e-01
-2.501306524563036149e-01
-2.585820360713134147e-02
3.202713913654750555e-01
1.240517516226423478e+00
5.130343201027705302e-02
-8.496159515648976646e-02
-9.065476224821065188e-01
1.078168098247042739e+00
-5.376918840112872022e-01
-9.090966573631847902e-02
2.803213139449408087e-01
-8.172446852720653965e-01
4.472327249996164156e-01
-4.139557897602279546e-01
9.021804486668426604e-01
-2.872622488799961293e-01
-7.626359408058694944e-01
1.362541019285345989e-01
2.724026283104771240e-01
1.119786046525685697e+00
2.371504275742214451e-01
-1.099633319630396899e+00
1.724394088049096885e+00
1.315038394121048615e-01
-3.334906515231526175e-02
-1.818227569570949109e+00
4.213300868152434209e-01
2.561510487878810305e-01
3.671735559766865498e-01
-1.548300841557234686e-01
8.612633625978385332e-01
-1.265058247347681908e+00
8.211949527567512508e-01
-8.641261639845770892e-01
7.481576102728216826e-01
7.863439109539820393e-01
1.371285516140341221e+00
-1.253332800746187248e+00
1.599207579851227579e-01
-8.071193774419336275e-01
4.621994826230574338e-03
9.518241735033126094e-01
1.201183039494690297e+00
7.596491655452877190e-01
-1.364496355601896305e+00
3.186445943390216473e-01
-9.963784980586593010e-01
1.135766658407807439e+00
-3.886483085181254848e-01
1.569735972643353294e+00
4.452363084983760322e-01
1.246548045433184093e+00
8.845589251788880114e-01
7.669078935655130325e-01
-1.305328649911210004e+00
-3.947746768635146397e-01
2.535730253982704241e-01
-1.708494800262313762e-01
1.351561771033240822e+00
6.198688679332290397e-01
1.444156082424056686e+00
2.544737751959431082e-01
-7.872600445517911050e-01
7.402408135333363726e-01
2.664200833218259290e-01
-1.539632317031352615e+00
-1.156589548929855438e+00
2.487311310542511533e-01
-7.325023879699257279e-01
9.966595813918223135e-01
-1.697866487898198384e+00
-9.137672780890238045e-01
1.333644839046152164e+00
-3.058546616201844315e-01
-7.398349758282788402e-01
-1.772271447791322896e-01
9.135979632012463103e-01
-8.067669788179646084e-03
7.828538029897299522e-01
-7.078402046071801124e-01
-3.345588703890791660e-01
-3.744090842948286091e-01
-2.144002038607977223e+00
9.764083717597235035e-01
-4.231860008263199080e-01
-1.725251077469760252e+00
2.208281538825309642e+00
4.580868618384608681e-01
1.563251247914953623e+00
-1.415896062766788477e+00
1.225081916839193541e+00
-5.793504739641033296e-01
9.865286490286373500e-01
-1.385204621301866945e+00
3.788999954420126381e-01
-7.220579840826433227e-01
4.421814816525764802e-01
9.038477417148284010e-01
6.204532434562560761e-01
-5.393862617351667943e-01
-1.808888864210400627e-01
-4.023129440241171029e-01
1.279584994179196744e-01
-5.829527125043453273e-01
-2.173567390467533667e+00
1.279507853890142099e+00
7.999939132233674366e-01
-1.425853033279691262e+00
2.623703193285539248e-01
-3.423325449368004314e-01
-1.854408090099751272e+00
-6.626785463686910016e-02
-1.915667809748993422e+00
8.344301493812338322e-01
-6.605575280658746440e-01
-1.464536373018812565e+00
5.260888864398740455e-02
5.608838126923925138e-01
-1.310650843678527355e+00
3.937885071373311008e-01
-1.828375830501446586e+00
1.964062422464600555e-02
3.013003447462454520e-01
-1.315397932800960623e+00
2.789050859319843201e-01
-1.054371846029140691e+00
-5.956006132064175507e-01
8.953745244747854937e-01
-3.586836158885380321e-01
-1.372211556531911736e+00
1.320576250805978458e-01
-7.212163194062792826e-01
4.789822103361356387e-01
-9.016884630519058641e-01
2.857340002278326296e-01
-7.108389429738024567e-01
-2.000983750185362453e+00
-1.150794815368678226e+00
-4.687496940440046833e-01
1.106765634185634450e+00
2.692551551038113375e-02
2.302275882400907081e-01
-9.756696784959060231e-01
-3.927663128481485161e-02
-3.368053944282733969e-02
-1.585198145458596164e+00
6.288031798148918661e-01
-4.944677512751114445e-01
5.600123372229188767e-01
-1.138121589702744352e+00
-6.884369538133138233e-01
1.141581693963083177e+00
1.037864374881918295e+00
-5.427860754408427857e-01
1.897058488226308626e+00
1.440628169545599802e+00
6.941742419809612263e-01
2.325656449195883657e-01
-2.465416070839407947e-01
-2.207835707318003826e-01
-5.830857820319454987e-01
4.109003231684718038e-01
-1.706582755698412113e+00
5.866025952901484652e-01
-3.550351562434009289e-01
-4.812562928827676667e-02
-7.884407752845370432e-01
1.274544526168606584e+00
-1.291507442026879504e+00
1.030002077202364363e+00
-8.470468475933635721e-01
2.181275951743916197e-02
-1.022251003567157035e+00
1.923559177469067016e+00
-1.126368779978637741e-01
-1.434546338394320220e+00
-1.771376766203149877e+00
-9.159913727131945294e-01
1.077216142981677116e+00
-4.055372470106561877e-01
1.761532579406626109e-01
8.031361710089132133e-01
-2.805402869269135180e-01
-5.920261393951420370e-01
5.620164671505857301e-01
4.228555593630028975e-02
-3.467776753368208564e-01
-7.897239956111411496e-01
-6.094901756488528832e-01
-8.543576849739045187e-01
-1.019141942812153534e+00
-1.567880790979164773e-03
-1.067635610562689852e+00
-1.027482594624920198e+00
9.059372628630807389e-01
2.489782927115386235e-01
-3.153740363859677820e-01
8.291124625908897761e-01
-4.172649521366817993e-01
1.283531701412562454e+00
-3.553055681408559541e-01
