-2.399269589833597227e-01
-6.925476403880317378e-01
3.174697200995352797e-01
-2.114430504924637855e-01
-3.739237826394866682e-01
-1.813410950432933766e-02
-1.968376109240195460e+00
1.222111399885069671e+00
2.787722992082090068e-01
-1.445344337591834449e+00
-5.463752513909303499e-01
5.033986544748112468e-01
-2.620813702977041193e-01
1.683375143571338439e-01
5.632236677892032972e-01
-1.387973360814223067e+00
-1.062818994195482425e-01
-1.549267440210609026e+00
-7.186475683187066865e-01
-7.727323905638467938e-01
5.811438815329097451e-01
5.467765357417253558e-01
-6.918216071708004344e-01
-6.309413588378511850e-01
-1.209427406914751923e+00
-4.305644001753744510e-02
7.670999690934661164e-01
1.676656143264493859e-01
-1.633901370560716382e+00
-1.836508971767150944e-01
1.134028247928969169e+00
-1.390880175138402119e+00
1.593283353767937616e+00
-9.810014762968172208e-02
6.173857690298574230e-01
6.264540590463884007e-01
-1.050043427978021082e+00
-1.233574991725842895e-02
-6.205326717639221279e-01
1.044150042508534604e+00
4.807072630206598030e-01
1.747294310603671741e-01
7.074587348370908746e-01
1.030583309622026711e+00
1.303732334524015934e+00
4.567311395591431289e-01
9.068921252077803974e-01
3.868540862284036153e-01
-3.080689015017396559e-01
2.003357213723472030e-01
-4.705577440486213292e-01
3.954407125754770269e-01
5.928855422724783886e-02
-2.585904906255582780e-01
1.392948387086861306e+00
-1.127720506642797549e+00
-6.717520382706119175e-01
-2.433417398542711663e+00
2.142889021715927711e-01
-6.412683057458473668e-01
-7.375304794563670718e-01
-1.123672951234256923e+00
-5.688664463716243125e-01
-2.370459711217407062e+00
1.475913285260479713e+00
6.776737420879181961e-01
-4.016211526924351460e-01
8.578962602251629654e-01
-3.119995859564168028e-01
-7.246128370935149832e-01
8.829470969349243470e-01
-1.046803490438066087e+00
-1.095778781531211582e-01
-8.483283825150814139e-02
3.476658094902574936e-01
-6.061844397803969331e-01
-1.609168350971083017e-01
1.394115378813965744e+00
3.232366762395120219e-01
-3.954627623625369126e-01
-9.088637593139143878e-01
-1.420517010192226648e+00
-5.726492605249366985e-01
-8.428276437175118430e-01
5.451712302828402024e-01
-1.157682777132719998e-01
-2.514819223098127554e-01
-7.445872349505160415e-01
-3.272581988789002860e-01
-1.042475911476177242e+00
9.220927745924326624e-01
-1.334944632099158035e+00
2.194940288463687605e-01
2.044152810923975050e+00
2.513569113082317341e-01
3.249571985845094435e-01
7.153582147660556556e-01
1.674430573469126049e+00
3.814308847378239387e-01
-7.825140890590760456e-01
1.407511038764914790e+00
5.551842728500531177e-01
-1.675285287064623707e-01
-9.673276710681882884e-01
-7.127952016937191271e-01
5.255331767492263939e-01
-1.988096480487288042e-01
1.123974054084302537e-01
1.070150376449394147e-02
3.611105684562067042e-01
6.219419105988394092e-02
7.595363642008261529e-01
-1.569666429611414671e+00
1.782183453774355275e+00
4.799370739373713945e-01
2.317837809447618747e-01
4.590355131339443617e-01
-8.289086071210742812e-01
1.025344936780558047e+00
2.029348464855759704e-01
-4.447494657980824995e-01
-8.342320996823809898e-01
1.317170654538895480e+00
1.671301635838629673e+00
-3.663519320177526239e-01
-1.625960501781380296e+00
2.706001187239389649e-01
-1.608483302436172213e+00
-1.615702826046256924e-01
8.315997524729502599e-01
-1.038910221313139370e+00
3.146778844373389061e-01
2.367329083073801688e-01
-8.477719878756326821e-01
6.998794996843142879e-01
-4.757766985233855550e-01
9.541131071754523907e-01
-1.566087623688749542e+00
-6.398377828374406384e-01
2.345489970287494286e-01
1.218053344706722774e+00
-3.631090971139336321e-02
-4.621542575514528961e-01
-4.500894419548734926e-01
-2.118155837165763000e-01
-3.716594657586310690e-01
4.640479098448506701e-01
-6.482266587630858279e-01
1.105336866176293231e+00
4.645997962580917795e-01
3.313922113366722377e-01
-6.206630243837314431e-01
7.010561481594876354e-02
-1.078424855538800076e+00
-3.670420662244088805e-01
-1.312074427096990847e+00
5.506813418257525683e-01
1.167823819085912929e+00
-6.499056201639577535e-02
3.717151946490652170e-01
-2.899098264973336558e-01
-5.239237686938621463e-01
3.398048716302537464e-01
5.965513177005127288e-02
-1.365841480745791259e+00
2.206128951471266197e-01
4.483170412256546888e-01
9.185913643310704702e-01
3.066219000900116676e-01
-6.728757921378921703e-01
-9.640073838262712691e-01
-3.773358877927128763e-01
2.131205522021292209e-01
-6.381633585021658783e-01
-6.014697977073454327e-01
9.152276661963613114e-01
7.466633862341165440e-01
2.171623432796142561e-01
1.018867395666611664e-02
2.803279311401069562e-01
-1.568351583649259418e+00
8.170121538520412896e-01
1.445177576604935510e+00
8.462991664698809036e-01
-5.338496875899474414e-01
2.438865995330551650e-01
-5.853948639843914448e-01
9.703607651956834834e-01
2.454882713495059043e-01
-5.961015336165697009e-01
-2.423198837484345503e-01
-1.826079866249265660e+00
-1.318143444885550297e-01
4.419904132415079789e-02
4.134648484038956906e-01
-6.119196773288256841e-01
1.527863351020372074e+00
-4.661530391618686209e-01
-2.845682050611286207e-01
-2.236038585023542025e-01
1.311199819688003698e+00
4.758261670282657452e-01
-1.075246223086475439e+00
-4.904963658551536598e-02
1.667100146571142805e+00
4.540688386051704162e-02
-2.035737302711955465e-01
1.336142650988347835e+00
1.122303054995998028e+00
1.241299067292228830e+00
-1.715532643782374356e+00
6.064775086880055399e-01
-1.016980301487982130e+00
1.063736604049479867e-01
3.973772046345588338e-01
2.384606737674431487e-02
3.547054671127268244e-01
4.984607502117973099e-01
-2.560856388060464561e-01
7.891375149890204888e-02
-4.773786968310973489e-01
-1.337343536511822251e+00
1.335688100010228974e+00
4.589259776092737275e-01
-9.201885727959249195e-01
4.004852622009851260e-01
-7.703901829626651487e-01
-1.167171389743565380e-03
-1.244466575667814295e-01
-8.740555423751055208e-01
1.210461749475533644e+00
-8.216209386214793353e-01
1.414061621061103891e+00
-4.191890241069412548e-01
1.342588333377854992e+00
-3.128516169440486716e-01
-2.078842815817962819e-01
-1.767641318480250856e+00
8.602788193638211123e-01
-7.375791040760834028e-01
-9.387135383609554462e-02
9.840103199589392835e-01
-3.903948439601232501e-01
8.340900366901479179e-01
-6.049198685120753538e-01
-4.179205578810759603e-01
8.605318682740727976e-01
8.349211386256147893e-01
-9.155515942128505946e-01
-1.457931439687055963e+00
1.152883953230269265e-01
5.218878912277460369e-01
-4.200640575268511645e-01
-6.148403036230641883e-01
5.759964011921895333e-01
-1.295141043163767103e+00
4.527303933425370630e-01
-7.316665221254434748e-01
-2.567750399044201326e-01
-3.888910724699462529e-01
-1.288826021013264489e+00
-3.992561566449013277e-01
1.011023760403650940e+00
3.793867835761649543e-02
-1.400611807758544103e+00
3.586336722045313508e-01
5.780709580887415378e-01
2.739214554011536462e-01
2.403015388381397610e-01
-5.163051457073275508e-01
1.568244170257499182e+00
8.823169621451200095e-01
8.160683480724309491e-03
1.155810525687555046e+00
-3.651508318152801857e-01
8.608833331643043207e-01
-2.313331905828933388e-01
-9.560734207052172806e-01
3.550971621012916080e-01
9.410205821259380876e-01
-5.139152782589272439e-01
4.947876110659800153e-01
-4.712724217581326647e-02
2.202010333518992502e-01
-9.613426398837443543e-03
-3.287641570223575616e-01
-7.444747336192125697e-01
-1.251478124623420563e+00
1.273995695603369893e-01
1.307509233463072684e+00
-7.839229466147223935e-01
-5.366557902500218580e-01
-4.155014234218703528e-01
9.052277672779914797e-01
1.084368261493702384e-01
-6.886274787915268314e-02
8.319444311722561380e-01
1.123938425763745114e-01
-3.167422052808431809e-01
1.044561723282596111e+00
7.488338187875936969e-01
-1.157388750876587658e+00
-1.607645212249436684e-01
6.226742765702676374e-01
-9.743813114460528890e-01
5.099215976133981698e-01
1.224869646748918850e+00
1.193073377397796397e-01
2.741728060733086836e-01
-1.545399199540551660e-01
5.078734339443053969e-01
3.819017175689344290e-01
5.131612880395358678e-01
-1.821705962948751534e+00
-1.074873213618551260e+00
-5.763011432759854169e-02
-1.356297259339561245e+00
-1.345249757596659546e+00
-6.880200412937587107e-01
5.899844192266803788e-02
1.118602079287098539e+00
-1.400477685287227825e+00
-5.721010845266455425e-02
2.391174962435312912e-01
-1.155177585790690742e+00
2.607423603275350055e-01
1.318634380093974601e+00
-6.341843845632341159e-01
7.618451059401104564e-01
3.513500295471012613e-01
-1.540951083248240039e+00
9.783072953687420581e-01
1.789394354513469398e+00
-8.407379030134720654e-01
-1.267106338984929081e-01
5.930742102611037680e-02
-5.288173428841247414e-01
1.077891357572728914e+00
-1.796000150445151156e-02
-1.745605353472332033e-01
-5.315155918317784334e-01
-6.082305699793462139e-01
2.365880059998958784e-01
5.271690637273446223e-01
2.005469164817885730e-01
1.301393487740301613e-01
-6.660365361536533246e-01
3.016255115822246147e-01
8.325135903931457637e-01
-2.091902586214714269e-02
1.293350231047376842e-01
7.247346545084085156e-02
1.024367717410252787e+00
-9.787913014341949047e-01
1.116688915879716415e+00
-8.136963108528167954e-01
-6.261286234747148738e-02
1.811421751806325142e+00
-2.661023623068434762e-01
-9.868419500297286318e-01
1.214439703190920650e+00
1.452213247073474767e+00
-6.904980975214427552e-01
8.030400524981360366e-01
-7.506498405329906642e-01
-2.003037985835405821e-01
5.859565786593745607e-01
2.045329413811542985e-01
-1.261328552268925929e+00
