-1.448718389698961495e+00
-7.650918163426929652e-01
-1.158708152518217016e+00
5.608837780321271893e-01
2.251852568089887541e+00
-4.807683145053653906e-01
1.498558576480190752e+00
7.596525796650871465e-01
1.154934526370494208e+00
1.889835719746323361e-01
-1.380112687550459682e+00
2.638109072094157348e+00
5.003076121249874220e-01
1.331078695509259502e+00
1.060957053559757002e+00
-1.864909392014293843e+00
-2.954733213895903710e-01
-1.826952164676164392e-01
-1.053344794519394112e+00
-1.709585562848138673e+00
4.801001048824955486e-01
1.336211491289210906e-01
6.479213074529251992e-01
2.194593311291326010e-01
2.170049470634886735e+00
1.836750805813712528e+00
-2.159611265842453776e+00
3.999784553743744309e-01
-8.807157257754508750e-01
8.092525991399325269e-01
9.632316396191783481e-01
-2.761504451815954830e-01
4.457156880784571840e-01
5.475133126828983787e-01
1.202197543824546244e+00
-1.584826881726714709e-01
-2.761112115982041981e+00
-2.481834540052671123e+00
-2.242194457879100433e+00
-2.121227983623764413e+00
3.309540704118993926e-01
-1.363114608356666313e+00
1.030204565051739962e-02
-1.631639136304086080e-01
9.025907678273206169e-01
-5.246833464780809031e-01
1.478067094764256462e+00
-1.124882202102869821e-01
8.241030133227377208e-01
-9.530231843662378965e-02
-7.817942273750478899e-01
1.644992101039491006e+00
5.573487170203467178e-01
7.254568659053434176e-02
1.233194329811012624e+00
2.023446260915695127e+00
-8.973707762266170951e-01
-6.406082475986278890e-01
-3.877726586733678538e-01
9.750218124210068282e-01
-1.006716041859774258e+00
4.537738295072843986e-01
-2.025312253752374225e+00
-1.509427856504228949e+00
-1.837279331228793611e+00
-2.579363068639931811e+00
5.365626970074536262e-01
-4.368594598336617563e-01
4.635736972758687235e-01
-1.731362078794065340e+00
1.222717570902834172e+00
-4.570173530509014093e-01
3.579612029939415185e-01
-2.772204285012630498e-01
1.730692745530024945e+00
3.646673837469261992e-01
1.422239381656041690e+00
-1.124975143240153130e+00
-5.696861889506935617e-01
5.492809922968953096e-01
-1.392395825024949518e+00
-3.578306286517667356e+00
2.787348089471092027e+00
-2.929053996800995652e+00
-5.760574165062437579e-01
2.489294907839611770e-01
5.721080993414084936e-01
1.624885389148486237e+00
-1.313220287028343591e+00
7.044823175331973442e-01
1.695961683977989631e+00
-1.194477063694920460e+00
-9.501655514410963788e-01
-8.614097269217608766e-01
1.198790166389933187e+00
4.532920562529993092e+00
-8.144375266199077590e-01
4.282180142903688203e-01
7.853011909195842799e-01
-1.492762116495689462e+00
1.462096710464950267e+00
2.334229454323091257e-01
-1.786876747406719534e+00
8.283682543235739715e-01
1.828153516546392243e+00
-2.900240901973918817e+00
8.120113989735141757e+00
-6.326941998319977056e-01
5.082728145190097413e-01
1.406141258596714794e+00
1.967649183699771709e-01
-2.762722636204693050e+00
-4.977273092530527521e-01
-1.254114479924062442e+00
-2.728060863700362493e+00
-1.206569366426772927e+00
1.252245507459170071e+00
-4.600115208112258158e-01
8.692066036103854865e-01
-8.419980303902365737e-01
-9.896857312388991357e-01
-1.087695629827800436e+00
-3.987326429237227909e-01
7.769814687431508826e-01
-5.935164490253546088e-01
-3.256100963497266854e+00
-1.818878539182057844e-02
1.297034546135624522e+00
-7.135882793449515038e-01
8.094858809083221862e-01
6.984134988886934181e-01
9.652538539936933448e-01
6.694958462646054542e-01
3.279234306550350642e+00
-1.263450090979172602e+00
1.177453185530266788e+00
-3.975372726104887677e-01
4.917958270245152974e-01
1.496422423250788558e+00
9.470882775580072854e-01
2.316212686396274534e-01
-2.081768165736002540e+00
2.385160243586408324e-01
1.828300127310666101e-01
1.305387526525951580e+00
-7.303399879472316503e-02
-3.438138628137271446e+00
-1.175312856021312191e+00
3.083595750026890681e-01
5.012810601409356526e-01
1.397676568528282814e+00
3.269488729831782070e-01
1.104398233140488017e+00
9.336984729977593211e-01
1.232490209825381600e+00
1.271298266842452618e+00
3.123948196797742938e+00
-1.281813784843408355e+00
-1.132821146721207928e-01
1.751449176858757006e+00
2.485992396324467446e+00
-7.259286886023779140e-01
7.157205024850343822e-01
-1.223215599605981918e+00
1.528667388284258966e+00
2.571659123770272615e+00
-9.424382219991390697e-01
-6.644381477225340671e-01
-4.535691790983744087e-01
1.332725157196708921e+00
3.390438400394376828e+00
1.117063746718966577e+00
-2.446517535662048326e-01
-1.716245103011612594e+00
7.349354986535313605e-01
8.352895098289683240e-01
-5.561151812923281756e-01
7.955688541891621224e-01
8.211322910764692340e-01
6.391462703060036832e-01
-1.223885625929512333e+00
-3.605528573662186709e-01
-7.303158032295874458e-01
-1.399733006304748617e-01
6.532763113094832708e-01
3.303770074223671971e-01
-2.839114808757312147e+00
