1.763126120382453310e+00
-6.652031315829322056e-01
-2.130893874844326685e+00
1.307804562370353807e+00
-1.837011409727037803e+00
-1.343943984278634263e+00
3.442423793381119701e-01
6.318194235876364862e-02
-2.153118045281148252e-01
-8.048251506409196399e-01
-2.620864232471187272e-01
2.299816742865359309e-01
-2.873640500062573100e-01
6.186450887753576211e-01
1.221969161679209659e+00
4.918271448117705891e-01
7.894084060408637082e-01
-6.406603187461279436e-01
-1.133673112185861420e+00
-6.467317692624342529e-01
5.780094169715024321e-01
-7.047084695255428910e-01
2.331015870371562215e+00
9.131326661214861362e-01
-6.019246589262087221e-01
-9.955624448046210273e-02
-1.419470060364344643e+00
1.822057243862069686e-01
1.265956979758737111e+00
9.427102759148843214e-01
-4.746311012727862377e-01
2.963996570082960691e-02
4.754317163460711759e-01
-8.809052083648174492e-01
-9.551453161669118952e-01
1.659034321468581430e+00
7.406118492198910941e-01
5.057314182844696582e-02
1.376033743718386049e+00
4.018870732993115591e-01
1.056843147183511578e+00
8.516175871034716849e-01
-8.967655740507337603e-01
3.366214444543453865e-01
8.644081517749258037e-01
6.188269483956967409e-01
-1.484452216163902438e+00
-1.749588598449444810e+00
-7.866677360820889531e-01
-6.611554999635552710e-01
4.619255471024595883e-01
-1.001069007728466742e+00
-1.668795008111092937e+00
3.507717308709922266e-01
-1.010063259140071334e+00
-4.554718781918414283e-01
8.450872008204417529e-01
-1.122895946306280562e-01
-9.616570670217778893e-01
5.286818452270485302e-01
-2.731445189401562890e-01
1.334920609786082846e+00
1.340831185670618098e+00
-1.756328723545499848e+00
2.291571068086027119e-01
7.006067761122365400e-01
-2.158556361212773667e-01
-3.724061126980814374e-01
1.074674684754112652e+00
1.311544161024427169e+00
1.257292615762192756e-01
9.153896766943761532e-02
1.300642356794500687e+00
-3.288502506588434349e-01
7.796201967529688970e-01
4.692312088861817082e-02
8.071902187521495797e-01
4.196189298363187659e-01
1.462975548982319296e+00
-6.803898012700599907e-01
2.566441868853520658e-01
-5.539946349688719129e-01
-5.943179672125709079e-01
-1.347506667494779320e+00
4.434621973655054061e-01
4.272889175197353007e-01
-1.664734857019816161e+00
-1.998745428018257608e-01
-4.351266720348754835e-01
1.253848753765911317e+00
1.064234833178658857e+00
-1.300939293663361029e+00
2.214390985510054088e-01
-3.002187317884893458e-01
2.873890983443753155e-01
5.959399942806994366e-01
-9.215692635808432343e-01
-1.292949507863586645e+00
-4.510552846902390889e-02
7.181538204196364905e-01
-5.041240593117661817e-01
9.925511067866050752e-01
4.206224340076816781e-01
1.419499931054414077e+00
1.146975489102172313e-01
9.353324341173214762e-01
1.071178089495554486e+00
2.116806909647968304e-01
1.423530056187316539e-02
-3.931142528137304692e-02
-7.690251924896115976e-02
-3.525684253750198116e-01
-9.137922468445632829e-01
7.961797884647542345e-01
1.936017037035844823e-01
-1.030484120825789329e+00
1.282748215099904332e+00
1.675153864917541924e+00
-1.062640320811902628e+00
-8.078930333580589540e-01
-1.031067006957103960e+00
8.711280788796622598e-01
-1.524181018922983188e-01
3.647799873854915553e-01
4.959905880851070981e-01
1.316553477706080000e-01
-1.244789404211260830e+00
6.475921918241938080e-01
-4.786682539756593191e-01
8.756726840231637832e-02
6.029773465287738832e-01
7.636815863148921357e-01
-1.057659766386088940e+00
-8.918162615019774586e-01
1.076528706442343886e+00
-4.622477952989619276e-01
4.873383560808800530e-01
-9.549319814952850205e-01
-5.162447213769383314e-02
-1.457781096343401805e-01
3.894264094346991389e-01
-2.820796393451552864e-01
7.753892741311471104e-01
-9.435543444035868754e-01
-6.599617832399409245e-01
-6.471375619997925543e-01
7.434689546457432519e-01
-4.178702904566312104e-01
3.041801216968161303e-01
-8.565151161212976039e-01
1.186279216289167548e+00
-3.398382575684394391e-01
1.150830485506927348e+00
1.810301259932660001e+00
7.049002931841452657e-01
1.540574377836606834e-01
-6.557595878011766022e-01
-4.588019694896317002e-01
1.550574404213770352e+00
7.712107973740836009e-01
-6.543329594171330976e-01
-9.505241856927535427e-01
1.490137083376440463e-01
-1.015715475712479110e+00
1.661156476816305849e+00
-4.178800485079507410e-01
-4.334987495608764174e-01
-4.331900927147410707e-01
-1.605899273647907410e+00
-2.879544602060826186e-01
-3.818770581703917477e-01
7.565569479743016190e-01
-1.281087654214813742e+00
6.171652685223871782e-01
2.049427109928287360e-01
-1.490265127915537113e-01
-9.642559770657252449e-02
-8.174783409644380550e-01
1.467320879112619936e-02
4.635317760579328317e-01
8.634979042806352201e-01
1.972224117739643512e-01
-1.397085660918231387e+00
4.614529697687776988e-01
-4.358707366794046384e-02
-1.652013051821711986e+00
-3.034141231541422068e-02
1.642749847232439775e-01
1.300787539048493813e-01
-7.358315433717824705e-01
-3.535730265211793899e-01
1.467873756492595216e+00
-9.534561818090009355e-02
5.920955099212050765e-01
-7.611528172639092649e-01
-1.348823137559053364e+00
-7.952191523623166614e-01
1.943603598104440833e-01
1.583616215079946266e-01
-2.619752559717051371e-02
-7.499575204537196615e-01
4.809556756806334099e-01
-3.452501043111944057e-01
-1.064176941411440813e+00
-8.615536213768789642e-01
-2.407870092148217678e-02
7.969238455001658172e-01
6.824813198399592995e-01
-6.949534677817588157e-01
6.230662713515031648e-01
-2.267841062386249662e-01
1.443017781365802055e+00
-2.498197022113740062e-01
-9.962451724192125102e-01
-1.188881171019482430e-01
-2.802929906139985938e-01
1.043681051166069240e+00
1.903792369312767185e+00
9.989095055095618125e-01
-1.706389734839457856e-02
-4.202718197656226673e-01
-1.035429019799783079e+00
-6.681353883446348174e-01
2.795110640556712767e-01
7.242810295127222187e-01
-4.704703863130803576e-01
1.835878042102828456e+00
-1.546244430760063571e+00
-9.858150400768846966e-01
-4.036772842329384714e-01
-1.196693462254133422e+00
-2.408484445962958409e-01
-9.231745984761439150e-01
6.923956258986299073e-01
-1.662979786140307725e+00
-3.201541930383292045e-02
6.488647663864475224e-01
1.046220853311676136e+00
-2.144750946967610705e-02
6.133853292624090736e-01
7.161416344300131076e-01
-6.424590327938071166e-01
3.925777523176449124e-01
1.874252527976639215e-01
-1.109854341053786664e+00
-1.991165784524553950e-01
-1.362699207421793179e+00
-3.763445858198213867e-01
-6.057699213848188879e-01
-1.353805889488192804e+00
-4.668407998593374075e-01
7.560061731541483088e-01
-5.181863877732482138e-01
-4.126506389431716659e-01
-8.413983390107090399e-01
-7.671012222948818682e-01
-1.125503106060876668e+00
1.284130230235903891e+00
-9.101589915248007312e-01
1.133134453311513967e+00
-3.527843758421962961e-01
6.460468980113465154e-01
-3.339908641541491918e-01
-2.001069747727074466e-02
-1.589366981508375964e+00
-9.340003442293970393e-02
1.576222780667447587e+00
1.346466659181013270e+00
1.054125213229991420e+00
3.694335614122963296e-01
-5.590957295643336766e-03
9.035316784460837303e-01
-1.929480906322915690e-01
5.536269466879183143e-02
1.374685632573532379e-01
-5.791260903386391545e-01
1.355135906226513809e+00
-4.799525504197762471e-01
4.351074377655281822e-01
1.106471175634746285e+00
6.453424346291561919e-01
2.926121882862064982e-01
-3.546632004002847616e-04
-3.172495353317223987e-01
1.828781194348937933e-01
-1.701653382133913261e+00
-8.500300556760271853e-01
5.755179641841177141e-01
-3.789756410233486861e-01
-1.047013849398042984e-01
2.706149838497964866e-01
3.573715502239521724e-01
7.503026265874131184e-02
1.871249695901972543e-01
-2.363585497248379963e-02
-5.300907581610743158e-01
1.017377121096574522e+00
-2.069988023535111743e-01
9.187805411914304332e-02
2.814936532705408084e-02
-1.484413671555314007e+00
-1.571122202640298782e-01
1.002959753698552170e+00
-5.892258932150359341e-01
-1.013415804728480030e+00
-8.775757932943621942e-01
-3.234323259248441107e-01
-1.393382707390832032e+00
5.784565576325341463e-02
-6.586787880414692875e-01
-1.745265155933613421e+00
5.359266005288307877e-01
-1.166648256845313592e+00
2.270119899065747848e-02
-7.316532902043025866e-01
9.619124035609830647e-01
-2.366813141535056009e-01
-1.232844316006653118e+00
1.752997916533010625e-01
3.834296269365577992e-01
7.166445405452968043e-01
-1.262878934677132747e+00
9.450116859287895910e-01
3.817243398261973009e-01
-7.156256068554566196e-01
5.673843611968996947e-02
-1.770194880670901694e-01
4.339393712062497022e-01
1.393777070612844948e+00
-4.106356575909131390e-03
2.893771266874701209e-01
1.327608719283794869e+00
6.206804479282483911e-01
-4.710448509707761966e-01
2.823595930044017210e-01
-1.876139193551483508e+00
-3.312906747039227606e-01
1.220452209204974103e+00
4.214099048104293921e-01
1.516755530648356554e-01
1.519375808961766827e+00
5.012805886939586397e-01
1.544564631538859922e+00
-3.392302517430878517e-01
-1.000963480023372293e-03
-6.809870973307476927e-01
-5.282146742032243214e-01
-1.041430246932461667e+00
-1.231588271663459189e+00
-9.736585150159494662e-01
1.768851813296710818e+00
1.076294048703486439e+00
8.276501759080057141e-02
-8.408137403800231002e-01
1.459931616811854516e-01
5.260124935993113482e-01
6.014598297727156151e-01
1.103667491635216269e+00
3.999825211835864591e-01
-1.431152469496900226e+00
-3.276717962099964243e-01
2.284977744905901387e-01
-9.514053254778588320e-01
-1.399877970162565655e+00
-1.397766558047012886e+00
4.068975328406330139e-01
-2.824843685609418342e-02
1.683974391149520411e+00
1.060203954998074072e-01
