-4.676410064273535117e-01
7.517093256097076015e-01
7.758497828026837961e-01
-1.419436822683544097e-01
4.686571786056403788e-01
2.580926625129194019e-01
1.093836357455550967e-01
-6.741005663051822250e-01
7.471273377912535096e-02
-7.386289886387760184e-01
6.148173037639932392e-01
-3.746491408115479871e-01
-9.485793261308357316e-01
4.765814328133829991e-01
8.408337681503961214e-01
4.364627876411857343e-01
9.984267134818269884e-01
-1.574561495142243750e-01
9.261986604465364259e-01
-3.567896375903263362e-01
3.260496079296033578e-01
-9.806467807663721281e-01
-4.279426063524045531e-01
5.092208996366109908e-02
-6.142400320330629881e-01
6.508773177703492951e-01
-4.023042201030035958e-01
7.731837747830103691e-01
-3.946216483173454748e-01
6.252115439395005136e-01
-5.178570946265905750e-01
7.015126180806416922e-01
2.389883005055541965e-01
-7.630602565303652440e-01
-5.114433616224944856e-01
2.660040461339698847e-01
1.297904024895897290e-01
-6.853281798059500662e-01
-2.251720462250207389e-01
8.118592210918016416e-01
4.441101610392854671e-01
8.292016096468806108e-01
3.257434585682388306e-01
3.721204922612764143e-01
-9.393622763964573075e-01
-5.018604553061578599e-01
-1.830042540951135610e-01
-8.261631986059941868e-01
9.108440269434706638e-01
-1.262566789442098880e-02
-4.085216896751742155e-02
-5.842068918288187973e-01
7.402129488258504253e-01
9.223779296785605819e-01
-3.896213287853158569e-01
4.295857917968648465e-02
-9.927416693334725206e-01
7.176669797428683051e-01
-3.069845601241063537e-01
-9.831025159683992598e-02
-2.188740765919572340e-02
-2.898020369017717535e-02
8.235013858940420928e-01
-4.175001813083236701e-01
5.950152255962470882e-01
1.328331596733790310e+00
-3.645122181617006518e-01
-8.355086424029865011e-01
-6.151456361208813561e-01
9.554503628693189476e-01
5.045127721410497257e-01
-8.259701182736756131e-01
-2.306458605559369435e-01
-2.785631840869220444e-01
9.657814938513404890e-01
4.227196743980760063e-02
6.657345140659471916e-01
1.258963535110724230e-01
-4.681933506358841313e-01
2.849263813620739327e-01
-3.379902845291795632e-01
-7.357155811266591350e-02
-3.896783410907691536e-01
-2.554623259099881860e-01
-7.620268375302940989e-01
-8.171942936917937494e-01
-8.456825759553159294e-01
8.548088094227415112e-01
-1.502040777721923293e-01
-8.178944245309549554e-01
6.098271575138778378e-01
1.216064087272903105e-01
-1.258917884388496500e+00
-1.469305080490307946e-01
-6.928124422043091535e-01
2.069704098334732567e-01
-8.877262501403855310e-01
-6.170818143603988837e-01
3.665855273232313527e-01
-1.219911483848523659e-01
6.033145582077936719e-01
-3.283991934579719718e-01
8.878723147645679603e-01
-4.181177465265402127e-01
1.635771915443182678e-01
4.519139699166299096e-01
-2.290011443479191833e-01
8.715856495849205743e-01
-2.642461944203322588e-02
-8.047790742401290665e-01
-9.060221164703192720e-01
-6.535501277147532928e-01
7.100406654075468449e-01
-8.702866583603494632e-01
-2.310199026440380443e-01
8.789502941432824068e-01
-3.439030855890832239e-01
4.921927082045765012e-01
-2.887912315717733325e-01
-5.148717188074056761e-01
3.316781787605305176e-01
-5.130378372547677035e-01
-3.287387032018576072e-01
6.631853401341227805e-01
-3.549356541448802638e-01
1.432027193772811735e+00
7.516302445480815830e-01
-7.540355425275693246e-01
-2.648196964183746616e-01
4.011073267873361825e-01
-3.960333629940753220e-01
-9.459167295632342487e-01
8.308327180313834770e-01
2.490234028446700609e-01
-9.406205216118199708e-01
3.715324189959323675e-01
1.743376625684742720e-01
-8.297560556330358938e-01
7.724548770881998205e-01
2.502386683487483054e-01
4.031836275224274235e-01
-3.076395595426584806e-01
8.391011023127514790e-01
1.254166307678579173e-01
1.624266547197268373e-01
-4.839499885399737300e-01
-6.472386978510196176e-01
6.751899918079651286e-02
-4.417929050681834724e-01
-1.805853013729221690e-01
-2.019853256906884997e-01
3.234621206222401124e-01
9.971398600645056121e-01
-9.290759575354354816e-01
-6.054297227309766161e-01
-7.748855014741655722e-01
5.321513406010548453e-01
4.880626153841192139e-01
-7.451520408477385615e-02
-5.557990601295783595e-01
7.718414060398912646e-01
5.012581994562144150e-01
4.586475631654911567e-01
3.504341415883702182e-02
6.494470986711107230e-01
1.710458396540849302e-01
6.251521057025621886e-02
9.101945103461170916e-01
-9.490714576198255870e-01
-3.097548552827777968e-01
8.340921502766200923e-01
-6.831874068226353458e-01
-3.534442613457854931e-01
-2.655922863213047158e-01
-1.275954543900077232e+00
-7.262336694583224617e-01
4.105567257278399662e-01
-1.334342772228536145e-01
-9.080870069090267727e-01
9.308874922916947625e-01
-2.322021791007322644e-01
-8.921199088902616037e-01
9.407435101151824242e-01
-6.355571583126347068e-01
4.545106815442163661e-01
-4.027196602610214615e-01
-5.926660342408985871e-01
6.653360379302933336e-02
-9.128467488213498626e-02
1.269344693794645096e-01
3.916580212153981666e-01
7.898080680882180182e-01
3.280063250935849606e-01
7.892475469701873969e-01
8.125430324956944839e-01
4.616728221423684886e-01
-2.073607229678655628e-01
-7.061114871526648074e-01
-9.437030099162329044e-01
-6.321059708934174681e-01
-4.031611136552704089e-01
8.461892074172865374e-01
-7.069269417284274049e-02
8.140198271012036857e-01
-6.705617750042258685e-02
-8.437490481507583517e-01
-4.436990280534380826e-01
1.416499438635849817e-01
-6.803870099966711216e-01
-8.231321501175947741e-01
6.878904414229660702e-01
-8.242941681500398632e-01
9.070843722434471790e-01
7.409505103996998354e-01
-9.293661307866389887e-01
-7.806228740196730076e-01
-6.320170581015847056e-01
-2.649445310281901556e-01
-6.763335406400694527e-02
-9.090462639149441415e-01
1.791704677777630206e-01
-1.557995330584076576e-01
1.121187894210273761e-02
-6.828932420957993799e-01
-1.341868182811007948e-01
-7.531761810954247238e-01
7.104774331096170847e-01
-9.786104748925918972e-01
4.624328425972781265e-01
-6.285249017835292662e-02
1.132205408364324040e-01
-7.182290265934303530e-01
1.053430582539343074e-01
8.266163958815535562e-01
5.415606960385708213e-01
8.645820758333531142e-01
-1.489513676309457413e-01
-9.603168635226859706e-01
-9.685518409840747633e-01
-1.206988647037905427e-01
1.390223618426913443e-01
9.405889565270719732e-01
-8.608284423172365418e-01
-3.145220231491443474e-01
5.606261114698928294e-01
-1.693572302856272138e-02
-1.833270829898716592e-01
-9.579938235735883101e-01
-6.571617213479459263e-01
5.006796221248572820e-01
-6.493610296110519098e-01
6.596002345293348057e-01
-3.912485232629199228e-01
7.637662126504292104e-01
5.496268793673144692e-01
6.032760553586447028e-01
-8.218946468196690613e-01
9.295868716388360209e-01
7.369294803368648950e-01
6.189088851712734041e-01
-5.238469305796220610e-01
8.745566979530140783e-02
-2.517991814152760188e-01
6.867705905165346625e-01
-4.263224562787368832e-01
