9.575559875167186652e-01
1.270557149066360858e-01
-3.998338377381466802e-01
-1.883667589431831102e-01
-1.317613664620942426e-01
-5.088452929230395938e-01
5.782208070832676183e-01
8.253636058814690923e-02
-5.031834356794133711e-01
-6.819536502333007899e-01
5.391159778305301686e-02
-7.599180047258036197e-01
-3.878648039138032910e-01
1.003919204687528932e+00
-6.795193978900602172e-01
-1.113633338013048757e+00
-4.690273714378465075e-01
6.405400505117930798e-01
3.978195141763432030e-01
2.217711901032797250e-01
1.453387661578854906e-01
-2.818831370406886805e-01
1.819849647256557845e-01
8.520336285132383836e-01
-1.092345539785128494e+00
-1.250805185822406740e-01
1.631948154763699921e-01
2.767683706808264921e-01
6.150004640718861326e-01
1.119370058293146730e+00
4.665683369245440248e-01
-6.012257769536226704e-01
-9.962740322557714912e-01
5.511612387939421875e-01
5.029057816513204937e-01
-1.813223113171416323e-01
6.240527313401432741e-01
7.249092930296887616e-01
8.315036622188446414e-01
-7.868184455088019780e-01
1.073634741701807283e+00
-1.376108286383583845e-01
2.596217911576615966e-01
1.403932481153861711e-01
9.946081252369778913e-02
-8.252605099288179424e-01
1.019432014676268095e+00
-2.829998847861369127e-01
5.388875425040755562e-01
4.503322678188478867e-02
-1.052318082814537314e+00
7.077830457696504540e-01
5.311070880487106516e-01
-9.343845843820625108e-01
-5.136704454408776988e-01
8.412511679262195674e-01
4.643114262053745223e-01
2.291449618398702093e-01
-5.492198646309417454e-01
1.087506269175617435e+00
-6.866274063055486376e-01
-8.090063146510508840e-01
-8.578795201970408346e-01
-5.953718713696304343e-01
5.938989688012455415e-02
-1.013285233576106892e+00
-8.403376301330900411e-02
4.560322055759238880e-01
-4.955421051042839808e-01
-5.671359305646659354e-01
2.488001857054218946e-01
1.576948315287342306e-01
2.678495110294119019e-01
7.649451663065323093e-01
-5.548050927124655862e-01
1.168257279861822706e+00
6.837734305040660265e-01
5.058863765081242914e-01
-7.956145880566878326e-01
5.928217596688004631e-01
6.446679989666859178e-02
-7.768262397025103017e-01
1.033935749848507779e+00
2.670379559288336702e-01
-1.144963473184271496e+00
-3.571184791841462980e-01
3.675724286498428528e-01
-9.390230913461887763e-01
1.789797915626986924e-01
1.483262164736399935e+00
4.587637890535020690e-01
-7.524486869349944484e-01
1.078225051919203370e+00
8.770490851496706153e-01
2.655282214702252286e-02
4.053699179537333941e-01
7.082819976327674460e-01
5.524965070973659742e-01
-1.067323975806958813e+00
1.201879363228706588e+00
-8.971042973866527603e-01
1.232181392108934848e+00
9.854218381221668821e-01
-1.040699881870025545e-01
5.072108722983383888e-01
-9.935991132771341272e-01
1.203904104692244736e+00
-3.053664358537718226e-01
-6.251514015101049537e-01
8.184671025158058999e-01
-4.005975929520524947e-02
4.719696305733220298e-02
8.456261098828672385e-01
7.076109962308790857e-01
2.509419304336089063e-01
-6.475097743550332074e-01
-1.558028402817607794e-01
6.397007184257048618e-01
-3.133659644280735734e-01
-9.778187305290002573e-01
-7.988425385937283352e-01
3.799379884086082071e-01
8.743711007746899355e-01
-2.388198240972573549e-02
-1.108815393860200782e+00
-8.171391570634111146e-01
1.080781985488578290e+00
-2.662150449979927558e-01
1.482317049036717405e-01
1.361854846082322656e-01
1.752034089611903545e-02
2.531826475861733150e-01
5.145161653278573777e-01
-2.374598253670914816e-01
-4.027788039621822413e-01
8.637528072673306134e-02
-1.468375856594263063e+00
3.235332347847444390e-01
5.508626731538972532e-01
-8.270573103352613087e-01
2.864252137360127071e-01
-8.494966664328325034e-01
-2.209144631995295094e-01
-1.771939942955099712e-01
-1.091859010193608315e+00
-3.419231548404653154e-01
-8.882719287973340760e-01
2.630894768821510632e-01
1.034843545872618176e+00
2.466445539618145055e-01
4.973355451378535380e-02
-5.111197183744586869e-01
-5.158565231262992601e-01
-9.201251301864376009e-01
3.614191819227822733e-01
8.888050978255912504e-01
-1.395698250639556548e-01
-1.008994709357822483e-01
-1.017041549536830569e+00
-1.003917735421350654e+00
1.533235406354838126e-01
-9.601491404630362325e-01
7.150426864993262299e-01
-8.484376637464494664e-01
-1.605395380121816373e+00
3.104602731188430553e-01
1.024163455916800913e+00
-1.366190620861390759e+00
-1.867474133450890972e-01
-2.798253369566962023e-01
-7.239972265215276481e-01
-7.808667096561405785e-01
-4.244345036829267892e-01
-3.132051645381869753e-01
-6.016642587688187938e-01
1.491184237285860137e+00
-3.181566305269108996e-01
7.415437050120101681e-01
-1.086926928135706127e+00
-9.724611335928947664e-01
1.918293410744365823e-01
-1.132824200644549917e+00
-1.002521694375118511e+00
-9.614334096666110607e-01
3.007747792031802425e-01
6.052971525194384972e-01
-5.025186480904846320e-01
-1.301299339963746804e-01
2.519936474014794481e-02
3.649072585269312330e-01
-1.262637681562462921e+00
-3.491010887545195063e-01
-6.295028321112552949e-02
-8.386856734125659463e-01
-8.404864865175731836e-01
-6.034226398893480225e-02
-3.148553536257845398e-01
5.571388500016712930e-01
4.020844316621879910e-01
2.110801281770799398e-01
7.210173709088230076e-02
-2.772790320924603535e-01
1.392138605420228381e-01
-3.531893637582784740e-01
-4.739427665135512724e-01
-1.207674137165292816e+00
1.302720077888511518e+00
3.356628898937892846e-01
-5.519487947622236934e-01
-6.629406133321801287e-01
6.818725574145854118e-01
6.630533310672055425e-01
1.301783934174978397e+00
5.927296333416391949e-01
-5.260058317705125219e-01
1.276187701798201790e-01
-1.143067979454484018e+00
1.312862239139345188e+00
4.894304564496533283e-01
-5.500235198228724531e-01
8.806645454264556694e-01
8.048007198603750467e-01
2.029132341293436725e-02
-1.958266653771633115e-01
8.843351457275300254e-01
-5.929962459102311456e-01
-8.198773722196135705e-02
1.430661835835013995e-01
-6.682139042510604199e-01
2.157671731555159400e-01
-5.953181799097989613e-01
-1.631107976424257811e-02
8.833218658222991015e-01
-3.232226720298577716e-01
-6.789751247792454869e-01
2.143957564481093758e-01
-1.013102825871210921e+00
3.007102384705327425e-01
-5.134576268713230141e-01
-6.549440615115604825e-01
1.180392875629163507e+00
-2.977299506781211913e-01
-5.877978474464602421e-01
2.350122082424125070e-01
-4.910146645672637811e-01
-1.153760339009195501e+00
-5.077420461945586494e-01
6.000984355273455417e-01
8.246453068938449649e-01
6.797765460865043408e-02
-7.178771947528161945e-01
8.557751299750157581e-02
-8.084931355282779508e-01
5.626109295321484183e-01
6.261049446421116382e-01
3.553145892124693894e-01
-4.894205977714669031e-01
8.073855442484263456e-01
-1.153896415520796470e+00
-1.253042214062533022e-02
1.167321861372302427e+00
-1.042309186455370407e+00
-5.050598868690380217e-01
6.615976020265007529e-01
7.665282078308410796e-01
-9.775660298192065945e-01
5.768456534849143447e-01
-1.005953255785671407e+00
-3.682428901989823755e-01
2.531893932910510014e-01
-3.089316948224173909e-01
-2.575709368848831948e-01
-5.916316744534280136e-01
-4.445198059035274096e-01
-1.566143711741564970e-01
1.949414038600974161e-02
2.723167639361149250e-01
-8.381912885167961402e-01
-1.024476102937180944e+00
-7.357146456147196645e-01
-4.057688753123219749e-01
1.533760052625345871e-01
1.043414134693892326e+00
-6.154774463237513427e-01
4.452155011612750068e-01
-7.060405997236497422e-01
3.488558620465980198e-01
-3.431203100785606974e-01
7.699078905315307475e-01
-2.789500295262305474e-01
-8.910507532106061168e-01
-3.937439306161246155e-01
9.917333804346242232e-01
3.813036329717588990e-01
8.669777738779718135e-01
-5.409274248985453948e-01
-1.097690476326728559e+00
5.246548722158781430e-01
9.268704482525600419e-01
1.496336481643581184e-01
-3.330514490029592989e-01
7.656247956445276781e-01
7.277989190328731928e-01
-9.092260167231923651e-01
-9.763375057144836333e-01
-6.842732048925819210e-01
-4.474102887398618833e-01
-9.135869723568074141e-02
5.115810739169428523e-01
-7.240171039299510003e-01
2.792495157321270849e-01
7.693363833844183430e-01
3.444994021545829677e-01
2.374107973702237473e-01
1.757940347463541331e-01
-2.267668469999233327e-01
7.134565734232317658e-02
-5.569578625036216701e-01
-2.894144466801940041e-01
-6.723603622337092078e-01
9.729794127947878624e-02
3.596010242826908621e-01
8.295554797711551798e-01
5.444842803572731427e-01
-6.696545209693757217e-01
2.689209937044108045e-01
-1.928950477111593953e-01
7.166891028702947475e-01
-3.398446259067829933e-01
4.026732193192361087e-01
-4.205062736006786039e-01
2.907248967176655485e-01
-7.426314434174915435e-01
1.057562603282338420e+00
4.067493236465959394e-01
4.567031213543099044e-01
6.104982010547048699e-01
-4.408941867989845109e-01
-3.187162036974203749e-01
-1.961404250603961119e-01
5.042139071350193458e-01
-1.526797975577522948e-01
8.387768455366695353e-01
-1.482850618537054355e-02
2.287413951657223388e-01
-5.718724741868740358e-01
5.643274191605652801e-01
-9.318048985204465673e-01
-8.081100096622959583e-01
-1.206366216176244288e+00
-9.983798849507241613e-01
3.641360978235254620e-01
5.759044134896051936e-01
-4.798805437201327795e-01
3.029498206217503542e-01
-7.429100886339830012e-01
2.575509908011621163e-01
-1.499255006887482145e-01
7.195053964773430177e-01
-5.165475397018584047e-01
-1.073400379293329987e+00
-5.873103837477200440e-01
-5.467744569571406643e-01
-4.636813126001613217e-01
-9.473918428583353313e-01
7.186692015382469823e-01
-1.012307638372047291e+00
8.148281079229621193e-01
-1.430157619210422060e-01
