-5.964242464931595045e-01
1.116875188664021579e+00
1.069433478907428625e-01
7.905125414557129249e-02
-3.484761349482780046e-01
-7.249785013337103345e-01
-7.578142576477641112e-01
-2.546607251441511746e-02
8.587792758334671372e-01
7.597363421561027508e-01
1.119279395840913294e+00
-1.130899907074530253e+00
2.021797939417530887e-01
-5.310287428251413422e-01
-2.954971958513178953e-01
9.096673676838186173e-01
3.399548139774971611e-01
8.370582899119560771e-01
-1.061482446388771539e+00
-1.993030108398758937e+00
-4.727382726090088028e-01
5.548833667609724962e-01
1.351647937439544700e+00
3.927920209076263963e-02
8.473524279193275777e-03
2.552073436211521607e-01
1.125037455592417635e+00
-6.417453793661120898e-01
-4.808435489775282345e-01
-5.691826340932579775e-01
5.412768426953094014e-01
1.313996075846494804e+00
8.709636784234293660e-01
1.591126220020069759e+00
3.396030709329115327e-01
6.009322372799159873e-02
-6.151774323936568534e-01
-3.033842407573728583e-01
-9.223109605671289679e-02
-4.466666926271666282e-01
3.648099736519218594e-01
2.136494611177235381e+00
8.364598175700291849e-01
4.807083206957745158e-01
-1.400685681194330234e-01
-2.189630445424845806e-01
7.186941627025456025e-01
-1.302845103154301132e+00
1.251790298390818845e-01
-8.891001072160852337e-01
-6.688337928108642472e-02
5.542015446944231760e-02
1.232725569224116358e+00
1.128119805697703759e+00
-2.397953175051473484e-01
-9.005357325688110315e-01
-1.872965620904786799e-01
8.990688860876223654e-01
2.982473773958446706e-01
8.643134297670523880e-01
-6.185317721136518454e-01
7.310662030221140029e-01
6.903974605957716726e-01
1.710908285698611309e-01
-3.907099554185641255e-01
-2.383882102799709524e-01
-4.855854982123668506e-01
3.467946526595143686e-01
-7.696229943853863387e-02
1.254275890563929741e+00
-6.374586945983070629e-01
-1.925212334039129725e-01
-1.109283548726966329e+00
-8.009291607797449641e-01
-2.458738639833227824e-01
9.774496355943809722e-02
-2.888867693454119090e-01
9.815308849125665702e-01
-8.969737799679833312e-01
8.656578580439075465e-02
6.043881218984509252e-01
7.947613597542488861e-01
-1.034697218807323904e-01
5.241730047092421074e-01
5.551132386718847789e-01
-9.543921509709890616e-01
6.577887051917943317e-01
7.699681036137695500e-01
-6.662519753714162274e-01
1.184328460586884235e+00
8.952894068207407630e-01
5.136577163617777053e-01
-2.017220580743172564e-01
1.576040771309134669e+00
-4.391716601455697422e-01
4.397155143498870378e-01
-8.922547781864927086e-02
6.667106347928447585e-01
-2.128065535300506794e-01
1.889732940969517161e+00
-2.674239130186668034e-01
1.782561819862375774e-02
-3.998383378029028434e-01
7.165332684082652559e-01
-1.152073711281601298e+00
-1.472119731551663202e-01
-1.000142603844673461e+00
4.798628908278100846e-01
-2.657747920931756713e-01
-2.269075333980242748e-01
-9.185560660528560017e-01
-1.163444788782522082e-01
-1.077029464720530516e+00
9.778711889782502054e-01
9.322916135574090823e-01
3.798906741626480454e-01
-9.941075809294335208e-01
5.699258768458287383e-01
5.371707723914498356e-02
-1.039504791607810841e+00
1.002555471432347717e-01
1.328694654747111792e-01
-8.975708797890504798e-01
-1.069211053536986145e-01
4.421536764750443327e-01
-3.075797490738557682e-01
3.792501340271640098e-01
-1.778595716910953972e-01
4.365763345984087218e-01
-1.550339144637207234e+00
1.601078169582414779e+00
6.730257815008156008e-01
1.032251211515359257e-01
3.259897609778512617e-01
-1.665492832615806662e-01
-1.114724002126937785e+00
-6.382200432963980319e-01
-1.541791746770496907e+00
-3.051063962515832562e-01
1.882789496101066273e+00
9.903157371944470988e-01
-8.961092115569708749e-01
-4.111274797472005416e-01
-6.858851879813339103e-01
9.148110798945834343e-01
-9.151132724466315427e-01
-1.236558493370254697e+00
-8.636906281601478552e-01
-4.013873306629153759e-01
-3.930713782513773902e-01
7.432577342925483777e-01
8.222273651636230474e-01
3.554663371766380586e-01
-3.817791767605148712e-01
9.786112938647000270e-01
-4.574569447580060233e-01
-2.858738925609419779e-01
-9.068859409408196182e-02
-1.098678055580407209e+00
1.323978320102944473e+00
1.812379206957394961e+00
-9.923391377064204599e-01
2.498446603732498716e-01
8.817330167888847159e-01
1.362369793945732988e-01
2.650201811464799051e-01
6.820665154578892109e-02
9.495052458870768819e-02
-3.633266312118179076e-01
-8.454504632001500486e-01
3.850802451194396681e-01
4.299357073470054802e-01
-2.507518020911558843e-01
-4.262425785690209246e-01
6.478698915982779027e-01
-3.194978812857824924e-01
4.949942451988457170e-01
-2.115137554960212218e-01
-9.502629003743880975e-01
5.117354992107870926e-01
-1.377003974609898318e-01
9.728662251852706611e-01
3.063480375619634377e-02
-1.428162138772646639e+00
5.920007727130918163e-01
1.133183951454376448e+00
-3.530315357103759322e-01
-9.876881960197952948e-01
3.823644396802721168e-01
-5.358377386217052507e-01
6.740607777951324042e-01
-3.009349967565846939e-02
1.728435894788199256e+00
-3.344568751415852303e-01
8.087872718398201322e-01
-1.685119617367927036e+00
1.649288309903385485e+00
1.058322797680818217e-01
-9.749786982818624548e-01
-7.488031341783636385e-01
-2.404402469529352826e-01
8.263981948160571689e-02
-3.143654435803110436e-01
7.235736318297948666e-02
7.772790992919528241e-01
8.371327510206838518e-01
-6.496678565663304150e-01
-5.347969773721565900e-01
3.633658263779402375e-01
6.863891526870111726e-01
-8.385424234267974120e-01
-8.842081477085186880e-02
-4.744616147329061562e-01
-8.040998209117642403e-01
-7.886035439293112015e-01
-3.535866226321248695e-01
1.322981580530327994e+00
4.612337470103862191e-01
2.950660929959706968e-01
9.465965771839862652e-01
2.153007035050723772e+00
-4.322865876308865651e-01
4.632618387460628595e-01
-3.082411810765267046e-01
3.343346832637391075e-01
-9.037348324376809350e-01
-7.927149367895585108e-01
-5.779260648425762481e-01
3.535794155473265254e-01
-7.114632915739493857e-01
-1.260137573530165367e-01
-6.598528594980792583e-01
-1.040190899447486661e+00
-1.067610721675508190e+00
8.940285243837268192e-01
-6.309368713898386161e-02
1.418755557344484053e-01
1.308157527487833427e+00
1.254044326654623065e+00
-5.110118803735171911e-01
-4.355953653556434713e-01
8.291492477318130883e-01
-1.227253625646854418e-01
1.104209009949422837e+00
8.167331680316421150e-02
-3.564749391974395554e-01
5.875266481210366099e-01
8.648869643252992123e-01
-1.611783283769429032e-01
4.004770815975464138e-01
4.391538704956510220e-01
4.543369549885110659e-01
-1.268018164742174658e+00
1.649110381285210092e-01
-8.391474702061125779e-01
-1.980615712165716413e+00
-8.474117419880484725e-01
1.254754027484112910e+00
-7.316828054014965499e-01
-2.931509155824165158e-01
-9.307763515116966868e-01
1.407248379690287932e-01
-9.285316890412665947e-01
8.673519960889219949e-01
4.909639370800104596e-01
1.564294253462678252e+00
-1.009452676370940605e+00
-1.178949649710708591e+00
-6.308812542713039262e-01
-9.212959486003554632e-01
3.835363420820930291e-01
-1.517796097995732785e-01
4.052108807460589879e-01
1.905454515238465263e-01
-7.823706791762159440e-01
6.168039183671890635e-01
-2.876667662196386033e-02
-1.699684478867800608e-01
2.732210876522159770e-01
5.597500770293393213e-01
6.383257129249179096e-01
1.259104547291685638e-01
1.166873865290268819e+00
1.060746310180388452e+00
4.705721154478628154e-01
-1.612257685769323823e-01
-4.525795478370144842e-01
3.787543898057519343e-01
-4.179902861862012653e-01
1.579694038146747914e+00
-4.677498535546115166e-01
4.749257949533908785e-01
-6.847267244998194169e-01
-2.917209801093024191e-01
-6.112881249619299684e-01
-4.024617992705128988e-01
-2.174469777512764157e-01
8.632053209354314527e-01
1.251320095727692649e-01
-3.248235337293472469e-01
4.675049322342610114e-02
1.402149550526833099e+00
-5.717327337752688976e-01
6.882926667123331899e-02
6.020655556856353563e-01
-7.554479208310142802e-02
-1.311556829122255408e-02
2.407586357425888224e+00
1.155472526937809441e+00
5.179737882301105323e-01
-7.267686648905792302e-01
-4.780821743710841898e-01
-4.460763930858245296e-01
8.196132327801970430e-01
8.821414547336497991e-01
1.961142388813962301e-01
-9.206184415243534591e-01
5.371306387947200056e-01
-9.101211709119256810e-01
-4.027769220323411670e-01
1.213100735831862842e+00
1.146382723254796954e+00
4.422471110792340898e-01
-6.152863110212147824e-02
-7.399149006552907526e-01
4.891235144811023061e-01
-1.889388436263077509e-01
1.532475265051129187e-01
-4.234558841945621627e-02
-6.783965279969808027e-01
-2.215734017290620361e-01
-7.056273720844538633e-03
1.016272848958436725e+00
1.467830856902433867e+00
2.653476654537537671e-01
1.060086357630880993e+00
-5.261301618854057338e-01
1.900960583657358705e-01
1.582321596613885384e-01
-1.138237076221934929e+00
1.365495260919594500e+00
9.335899543820269653e-01
-1.279343157181069168e+00
4.713903492455043254e-01
-2.009899351046851301e-01
-3.508292821924281490e-01
1.351277360807823680e+00
-6.604925958106767636e-01
-8.622401011109858127e-01
-7.691770419602296238e-01
4.322339300881389290e-01
9.189856488832237602e-01
4.877948352538383214e-01
-1.356871273866388616e+00
-6.550364358114959540e-01
-1.423791660369704060e+00
-3.495113263904445211e-02
-2.660745808695519354e-04
1.006454367914120684e+00
2.050081420480733274e-01
2.667073629510047783e-01
5.339888466067344019e-01
-2.244556230155802523e-01
-2.052001014604460660e-01
-3.924657469289929979e-01
-1.122224353829605892e-01
-8.644033772460619769e-01
8.106652846435269399e-02
3.537966313357468473e-02
